min,µS/cm
0.0,-23.912959743250607
0.0016666666666667052,-23.912666376639468
0.0033333333333334103,-23.912359040189703
0.004999999999999893,-23.912028420675558
0.006666666666666599,-23.911646578419788
0.00835000000000008,-23.91120420019664
0.010016666666666563,-23.91070594261899
0.011683333333333268,-23.910189058589836
0.013349999999999973,-23.909714084076562
0.015016666666666678,-23.90934155504654
0.016683333333333383,-23.909132007467157
0.01835000000000009,-23.909113381015654
0.02001666666666657,-23.909271705853413
0.021683333333333277,-23.909574385690306
0.023349999999999982,-23.9099515713332
0.025016666666666687,-23.910338070201846
0.026683333333333392,-23.910664033103114
0.028350000000000097,-23.910878237295375
0.03001666666666658,-23.910952743101376
0.031683333333333286,-23.910887550521124
0.03334999999999999,-23.91070594261899
0.035016666666666696,-23.9104405156851
0.036699999999999955,-23.91013783584821
0.03836666666666666,-23.90984446923707
0.040033333333333365,-23.909588355528932
0.04170000000000007,-23.90940209101392
0.043366666666666775,-23.909290332304916
0.04503333333333326,-23.90924376617616
0.046699999999999964,-23.909253079401914
0.04836666666666667,-23.90928567569204
0.050033333333333374,-23.909332241820792
0.05170000000000008,-23.909364838110918
0.05336666666666656,-23.909374151336667
0.05503333333333327,-23.909360181498045
0.05669999999999997,-23.909322928595042
0.05836666666666668,-23.90927636246629
0.06003333333333338,-23.90923445295041
0.06170000000000009,-23.909206513273162
0.06336666666666657,-23.90919720004741
0.06503333333333328,-23.909211169886035
0.06671666666666676,-23.909239109563288
0.06838333333333324,-23.909271705853413
0.07004999999999995,-23.90930430214354
0.07171666666666665,-23.909322928595042
0.07338333333333336,-23.909322928595042
0.07505000000000006,-23.909290332304916
0.07671666666666677,-23.909229796337538
0.07838333333333325,-23.909150633918657
0.08004999999999995,-23.909048188435403
0.08171666666666666,-23.908941086339272
0.08338333333333336,-23.90883398424314
0.08505000000000007,-23.90874550859851
0.08671666666666655,-23.908675659405382
0.08838333333333326,-23.90862909327663
0.09004999999999996,-23.908605810212254
0.09171666666666667,-23.908605810212254
0.09338333333333337,-23.908624436663754
0.09505000000000008,-23.908661689566756
0.09673333333333334,-23.908703599082635
0.09840000000000004,-23.908759478437137
0.10006666666666675,-23.908829327630265
0.10173333333333345,-23.90890383343627
0.10339999999999994,-23.908992309080897
0.10506666666666664,-23.909085441338405
0.10673333333333335,-23.90917857359591
0.10840000000000005,-23.909262392627664
0.11006666666666676,-23.909327585207915
0.11173333333333324,-23.909364838110918
0.11339999999999995,-23.909364838110918
0.11506666666666665,-23.909332241820792
0.11673333333333336,-23.909267049240537
0.11840000000000006,-23.90916926037016
0.12006666666666677,-23.909057501661152
0.12173333333333325,-23.908936429726396
0.12339999999999995,-23.90881535779164
0.12508333333333344,-23.908708255695508
0.12674999999999992,-23.908615123438004
0.12841666666666662,-23.908540617632
0.13008333333333333,-23.908489394890374
0.13175000000000003,-23.908456798600245
0.13341666666666674,-23.90843351553587
0.13508333333333344,-23.908419545697242
0.13674999999999993,-23.908410232471493
0.13841666666666663,-23.908400919245743
0.14008333333333334,-23.908396262632866
0.14175000000000004,-23.908400919245743
0.14341666666666675,-23.90841488908437
0.14508333333333323,-23.90843351553587
0.14674999999999994,-23.90846145521312
0.14841666666666664,-23.908484738277497
0.15008333333333335,-23.908508021341873
0.15175000000000005,-23.908517334567623
0.15341666666666676,-23.90851267795475
0.15510000000000002,-23.908494051503247
0.15676666666666672,-23.90846145521312
0.15843333333333343,-23.908410232471493
0.16010000000000013,-23.90835435311699
0.16176666666666661,-23.908284503923863
0.16343333333333332,-23.908219311343608
0.16510000000000002,-23.908154118763356
0.16676666666666673,-23.908093582795978
0.16843333333333343,-23.90804236005435
0.17009999999999992,-23.90800045053847
0.17176666666666662,-23.907967854248344
0.17343333333333333,-23.907944571183968
0.17510000000000003,-23.907921288119592
0.17676666666666674,-23.907898005055216
0.17843333333333322,-23.90787472199084
0.18009999999999993,-23.90785609553934
0.18176666666666663,-23.907842125700714
0.18343333333333334,-23.907837469087838
0.1851166666666666,-23.907846782313587
0.1867833333333333,-23.907870065377963
0.18845,-23.907902661668093
0.1901166666666667,-23.90793991457109
0.19178333333333342,-23.907977167474094
0.19345000000000012,-23.90800045053847
0.1951166666666666,-23.908009763764223
0.1967833333333333,-23.90800045053847
0.19845000000000002,-23.907967854248344
0.20011666666666672,-23.907916631506716
0.20178333333333343,-23.907851438926464
0.2034499999999999,-23.90777693312046
0.2051166666666666,-23.907702427314454
0.20678333333333332,-23.907637234734203
0.20845000000000002,-23.9075813553797
0.21011666666666673,-23.907534789250946
0.21178333333333343,-23.90750219296082
0.21344999999999992,-23.907478909896444
0.2151333333333334,-23.907460283444944
0.2168000000000001,-23.907446313606318
0.2184666666666666,-23.90743234376769
0.2201333333333333,-23.907423030541942
0.2218,-23.907418373929065
0.2234666666666667,-23.90743234376769
0.2251333333333334,-23.907464940057817
0.2268000000000001,-23.907516162799446
0.2284666666666666,-23.9075813553797
0.2301333333333333,-23.90766051779858
0.2318,-23.907739680217457
0.2334666666666667,-23.90781884263634
0.23513333333333342,-23.90789334844234
0.2367999999999999,-23.907949227796845
0.2384666666666666,-23.907995793925597
0.2401333333333333,-23.9080330468286
0.24180000000000001,-23.9080702997316
0.24348333333333327,-23.9081075526346
0.24514999999999998,-23.908154118763356
0.24681666666666668,-23.908214654730735
0.2484833333333334,-23.908293817149612
0.2501500000000001,-23.90838229279424
0.2518166666666668,-23.908484738277497
0.2534833333333333,-23.908591840373628
0.25515,-23.90868962924401
0.2568166666666667,-23.908773448275763
0.2584833333333334,-23.90882467101739
0.2601500000000001,-23.908838640856015
0.2618166666666666,-23.90880604456589
0.2634833333333333,-23.90872688214701
0.26515,-23.90858718376075
0.2668166666666667,-23.908391606019993
0.2684833333333334,-23.908121522473227
0.2701499999999999,-23.907762963281833
0.2718166666666668,-23.907301958607185
0.2735000000000001,-23.906715225384904
0.27516666666666656,-23.90597482393774
0.27683333333333326,-23.905057471201317
0.27849999999999997,-23.903939884111256
0.2801666666666667,-23.90260343621606
0.2818333333333334,-23.90102018783848
0.2835000000000001,-23.899180825752754
0.2851666666666668,-23.89706206689452
0.2868333333333333,-23.894659254650893
0.2885,-23.8919491059575
0.2901666666666667,-23.88891299436284
0.2918333333333334,-23.885536950028285
0.2935000000000001,-23.881797689889463
0.2951666666666666,-23.87765796104337
0.2968333333333333,-23.873099137038505
0.2985,-23.868083964971866
0.3001666666666667,-23.862589161779074
0.3018333333333334,-23.856582131170008
0.30351666666666666,-23.850034933467413
0.30518333333333336,-23.842919628994036
0.30685000000000007,-23.835208278072628
0.30851666666666655,-23.826854314574437
0.3101833333333335,-23.817829798822213
0.31184999999999996,-23.808083508074322
0.31351666666666667,-23.797582846040644
0.31518333333333337,-23.786290559818173
0.3168500000000001,-23.774183366342534
0.3185166666666668,-23.761233325936473
0.32018333333333326,-23.747421812148495
0.32184999999999997,-23.732739511752847
0.3235166666666667,-23.717181768136648
0.3251833333333334,-23.700739268074155
0.3268500000000001,-23.683402698339616
0.32851666666666657,-23.665167402320154
0.3301833333333333,-23.646019410177143
0.33186666666666675,-23.62594475207196
0.33353333333333324,-23.6049248015531
0.33519999999999994,-23.58293627555619
0.33686666666666665,-23.559969860855475
0.33853333333333335,-23.536016244225213
0.34020000000000006,-23.51106145582677
0.34186666666666676,-23.485119465498776
0.34353333333333347,-23.458194929854105
0.34519999999999995,-23.430301818731383
0.34686666666666666,-23.40146807180786
0.34853333333333336,-23.37170300230929
0.35020000000000007,-23.341039206525796
0.35186666666666677,-23.30949531090888
0.35353333333333326,-23.277099255135795
0.35519999999999996,-23.24389294872242
0.35686666666666667,-23.209918301184622
0.35853333333333337,-23.17522187865117
0.3602000000000001,-23.1398688737023
0.36188333333333333,-23.103929135531153
0.36355000000000004,-23.06746785671798
0.36521666666666674,-23.03055954306878
0.36688333333333323,-22.993288013615313
0.36855000000000016,-22.95571846093783
0.37021666666666664,-22.91792073422946
0.37188333333333334,-22.879969339296206
0.37355000000000005,-22.841920155492573
0.37521666666666675,-22.803847688624565
0.37688333333333346,-22.76580781804668
0.37854999999999994,-22.72788436279068
0.38021666666666665,-22.69014251543681
0.38188333333333335,-22.65267075162971
0.38355000000000006,-22.615543577175377
0.38521666666666676,-22.578854124331315
0.38688333333333325,-22.542672242290653
0.38854999999999995,-22.5070724368594
0.39023333333333343,-22.47211524400493
0.3918999999999999,-22.437865856307496
0.3935666666666666,-22.404370839895854
0.3952333333333333,-22.371681417511628
0.39690000000000003,-22.339867438347948
0.39856666666666674,-22.308984781759317
0.4002333333333332,-22.27910795355174
0.40190000000000015,-22.250316116144095
0.40356666666666663,-22.22269308856814
0.40523333333333333,-22.196318033242747
0.40690000000000004,-22.1712701125868
0.4085833333333333,-22.14761451918055
0.41025,-22.12541178899138
0.4119166666666667,-22.10470383153516
0.4135833333333334,-22.085518586489147
0.4152500000000001,-22.067879336917716
0.4169166666666666,-22.051795396046618
0.4185833333333333,-22.037271420488725
0.42025,-22.02430741024404
0.4219166666666667,-22.01290802192544
0.4235833333333334,-22.003068598920045
0.4252499999999999,-21.99478914122786
0.4269166666666666,-21.988078962074628
0.4285833333333333,-21.98293806146036
0.43025,-21.97937109599792
0.4319166666666667,-21.977368752461565
0.43358333333333343,-21.97693103085129
0.43525000000000014,-21.978025334876975
0.4369166666666666,-21.980637694699986
0.4385833333333333,-21.98474017064308
0.44025000000000003,-21.99029085319037
0.44191666666666674,-21.997252489438864
0.44358333333333344,-22.005597139711305
0.4452499999999999,-22.015273581266065
0.4469333333333334,-22.02624921781302
0.4486000000000001,-22.03848213983629
0.4502666666666666,-22.051935094432874
0.4519333333333333,-22.06656151547402
0.4536,-22.082319493443855
0.4552666666666667,-22.099162462213616
0.4569333333333334,-22.11704385565456
0.4585999999999999,-22.135907794412184
0.4602666666666668,-22.15569839913198
0.4619333333333333,-22.176345820620817
0.4636,-22.197798836137075
0.4652666666666667,-22.219992253100497
0.4669333333333334,-22.24287950538233
0.4686000000000001,-22.266418683466696
0.4702666666666666,-22.29056787783772
0.4719333333333333,-22.315299148818152
0.4736,-22.34057058689211
0.4752666666666667,-22.366344939156598
0.47693333333333343,-22.392575639482857
0.4786166666666667,-22.419216121742135
0.4802833333333334,-22.446201193354185
0.4819500000000001,-22.47346566173875
0.4836166666666666,-22.500944334315577
0.4852833333333333,-22.528576675117286
0.48695,-22.5563021481765
0.4886166666666667,-22.584064874138715
0.4902833333333334,-22.611822943488054
0.4919499999999999,-22.63953444670864
0.4936166666666668,-22.667171444123223
0.4952833333333333,-22.69470133944168
0.49695,-22.722110162825373
0.4986166666666667,-22.74936531798419
0.5002833333333332,-22.77644817846662
0.5019500000000001,-22.803335461208288
0.5036166666666666,-22.83001319637057
0.5052999999999999,-22.856458100889093
0.5069666666666668,-22.8826608615381
0.5086333333333333,-22.908612165091846
0.5103,-22.934307354937452
0.5119666666666667,-22.95973711784917
0.5136333333333334,-22.984892140601247
0.5153000000000001,-23.009758453355058
0.5169666666666666,-23.034317429659104
0.5186333333333335,-23.058536473223256
0.5203,-23.08238298775739
0.5219666666666667,-23.10582437697138
0.5236333333333334,-23.128832701187967
0.5252999999999999,-23.151375364117033
0.5269666666666668,-23.17343839591995
0.5286333333333333,-23.195012483370963
0.5303,-23.2160929698572
0.5319666666666667,-23.23668916860441
0.5336333333333334,-23.256805736225473
0.5353000000000001,-23.27646595578476
0.5369666666666666,-23.295679140508025
0.5386500000000001,-23.314459260233892
0.5403166666666668,-23.332820284800984
0.5419833333333333,-23.350762214209308
0.5436500000000002,-23.368280391845982
0.5453166666666667,-23.385370161098134
0.5469833333333334,-23.402026865352887
0.5486500000000001,-23.418255161223122
0.5503166666666666,-23.43404573548308
0.5519833333333335,-23.449417214584265
0.55365,-23.464374255139553
0.5553166666666667,-23.4789261703747
0.5569833333333334,-23.49308693012832
0.5586499999999999,-23.506861191013297
0.5603166666666668,-23.520253609642506
0.5619833333333333,-23.53326418601594
0.56365,-23.545897576746484
0.5653166666666667,-23.55814446860838
0.5669833333333334,-23.57000486160163
0.5686666666666667,-23.58148341233911
0.5703333333333334,-23.592580120820823
0.5720000000000001,-23.603294987046763
0.5736666666666668,-23.613641980855558
0.5753333333333333,-23.62363041547296
0.5770000000000002,-23.63326960412472
0.5786666666666667,-23.64257351664946
0.5803333333333334,-23.651551466272934
0.5820000000000001,-23.66021276622089
0.5836666666666666,-23.66857138633196
0.5853333333333335,-23.67664129644476
0.587,-23.68442715317217
0.5886666666666667,-23.691947582965692
0.5903333333333334,-23.6992258688897
0.5920000000000001,-23.706271324169947
0.5936666666666668,-23.713102575257935
0.5953333333333333,-23.71973824860516
0.5970166666666665,-23.72617368759875
0.5986833333333335,-23.732418205464455
0.6003499999999999,-23.738462488976523
0.6020166666666666,-23.744297224909207
0.6036833333333333,-23.749908443423877
0.60535,-23.755291487907662
0.6070166666666668,-23.760441701747684
0.6086833333333332,-23.76535442833107
0.6103500000000002,-23.770048294109316
0.6120166666666667,-23.7745279556953
0.6136833333333334,-23.778812039540526
0.6153500000000001,-23.782923828709368
0.6170166666666665,-23.786877293040455
0.6186833333333335,-23.79070037221103
0.62035,-23.794397722833974
0.6220166666666667,-23.797974001522164
0.6236833333333334,-23.801443178114223
0.6253666666666666,-23.804795939384398
0.6270333333333333,-23.808032285332693
0.6287,-23.811147559346235
0.6303666666666667,-23.814141761425017
0.6320333333333334,-23.817019548181918
0.6336999999999999,-23.819785576229815
0.6353666666666669,-23.82244450218158
0.6370333333333333,-23.825005639262965
0.6387,-23.82746898747397
0.6403666666666668,-23.829843860040345
0.6420333333333332,-23.832130256962092
0.6437000000000002,-23.834328178239208
0.6453666666666666,-23.836437623871696
0.6470333333333333,-23.838467907085302
0.6487,-23.840409714654278
0.6503666666666665,-23.842267703191503
0.6520333333333335,-23.84404187269697
0.6537,-23.845741536396435
0.6553666666666667,-23.847366694289896
0.6570500000000001,-23.848917346377352
0.6587166666666666,-23.850407462497433
0.6603833333333333,-23.851832386037255
0.66205,-23.853196773609703
0.6637166666666667,-23.85450528182765
0.6653833333333334,-23.85575791069109
0.6670499999999999,-23.8569593168129
0.6687166666666668,-23.858104843580215
0.6703833333333333,-23.859208460831645
0.67205,-23.860274825180078
0.6737166666666667,-23.861313249851257
0.6753833333333332,-23.86233770468381
0.6770500000000002,-23.863352846290613
0.6787166666666666,-23.864358674671667
0.6803833333333333,-23.865359846439844
0.68205,-23.86633773514365
0.6837166666666668,-23.867287684170197
0.6854,-23.868191067067997
0.6870666666666667,-23.869043227224164
0.6887333333333334,-23.86983019480008
0.6904000000000001,-23.87055662640862
0.6920666666666666,-23.871217865436904
0.6937333333333333,-23.87182322511069
0.6954,-23.872391331881467
0.6970666666666667,-23.872922185749246
0.6987333333333334,-23.873429756552646
0.7003999999999999,-23.873932670743173
0.7020666666666668,-23.87442627170795
0.7037333333333333,-23.874919872672724
0.7054,-23.875418130250377
0.7070666666666667,-23.875911731215155
0.7087333333333332,-23.876400675567055
0.7104166666666667,-23.876889619918956
0.7120833333333334,-23.877369251045106
0.7137499999999999,-23.877848882171254
0.7154166666666668,-23.878328513297404
0.7170833333333333,-23.878803487810682
0.71875,-23.879278462323956
0.7204166666666667,-23.87974412361148
0.7220833333333334,-23.880191158447502
0.7237500000000001,-23.880619566832028
0.7254166666666666,-23.88101537892642
0.7270833333333335,-23.88137859473069
0.72875,-23.881709214244832
0.7304166666666667,-23.882007237468848
0.7320833333333334,-23.882281977628487
0.7337499999999999,-23.882542747949504
0.7354166666666668,-23.88278954843189
0.7370833333333333,-23.883036348914278
0.73875,-23.883283149396668
0.7404166666666667,-23.883539263104804
0.7420833333333332,-23.883795376812945
0.7437666666666667,-23.88405149052108
0.7454333333333334,-23.884302947616344
0.7470999999999999,-23.884545091485858
0.7487666666666668,-23.88476860890387
0.7504333333333333,-23.88497349987038
0.7521,-23.885164420998265
0.7537666666666667,-23.885341372287524
0.7554333333333334,-23.885518323576786
0.7571000000000001,-23.885695274866045
0.7587666666666666,-23.885890852606803
0.7604333333333335,-23.88610971341194
0.7621,-23.886342544055704
0.7637666666666667,-23.886594001150968
0.7654333333333334,-23.88685477147198
0.7670999999999999,-23.887110885180117
0.7687666666666668,-23.887357685662508
0.7704333333333333,-23.887576546467642
0.7721,-23.887772124208404
0.7737833333333335,-23.887935105659036
0.77545,-23.888065490819546
0.7771166666666667,-23.888172592915677
0.7787833333333334,-23.88825641194743
0.7804500000000001,-23.88832626114056
0.7821166666666668,-23.88839145372081
0.7837833333333333,-23.888456646301066
0.7854500000000002,-23.888526495494194
0.7871166666666667,-23.8886010013002
0.7887833333333334,-23.888684820331953
0.7904500000000001,-23.888782609202334
0.7921166666666666,-23.888889711298464
0.7937833333333335,-23.88902009645897
0.79545,-23.889164451458104
0.7971166666666667,-23.889336746134486
0.7987833333333334,-23.889532323875247
0.8004666666666667,-23.88975118468038
0.8021333333333334,-23.889984015324146
0.8038000000000001,-23.890221502580783
0.8054666666666666,-23.89044967661167
0.8071333333333335,-23.890659224191054
0.8088,-23.890836175480317
0.8104666666666667,-23.89098053047945
0.8121333333333334,-23.89108763257558
0.8138000000000001,-23.89116213838158
0.8154666666666668,-23.89121336112321
0.8171333333333333,-23.891250614026212
0.8188000000000002,-23.891292523542088
0.8204666666666667,-23.891343746283717
0.8221333333333334,-23.89140893886397
0.8238000000000001,-23.8914974145086
0.8254666666666666,-23.891609173217606
0.8271333333333335,-23.891730245152363
0.8288,-23.89185131708712
0.8304666666666667,-23.891972389021877
0.8321500000000002,-23.89207483450513
0.8338166666666667,-23.892158653536885
0.8354833333333334,-23.892219189504264
0.8371500000000001,-23.892265755633016
0.8388166666666665,-23.89229835192314
0.8404833333333335,-23.892335604826144
0.84215,-23.892382170954896
0.8438166666666667,-23.892442706922274
0.8454833333333334,-23.892521869341156
0.8471500000000001,-23.89261500159866
0.8488166666666668,-23.892717447081914
0.8504833333333333,-23.89282920579092
0.8521500000000002,-23.89293630788705
0.8538166666666667,-23.893038753370305
0.8554833333333334,-23.89312257240206
0.8571500000000001,-23.89319242159519
0.8588166666666666,-23.893243644336817
0.8604833333333335,-23.893276240626946
0.8621666666666667,-23.893294867078446
0.8638333333333332,-23.893304180304195
0.8655000000000002,-23.893304180304195
0.8671666666666666,-23.893304180304195
0.8688333333333333,-23.893308836917072
0.8705,-23.89331815014282
0.8721666666666668,-23.893341433207198
0.8738333333333335,-23.8933786861102
0.8755,-23.89342990885183
0.8771666666666669,-23.893499758044957
0.8788333333333334,-23.893597546915338
0.8805000000000001,-23.89371861885009
0.8821666666666668,-23.893862973849224
0.8838333333333332,-23.89402595529986
0.8855000000000002,-23.894188936750492
0.8871666666666667,-23.89434726158825
0.8888333333333334,-23.894482303361634
0.8905000000000001,-23.89458474884489
0.8921833333333333,-23.894649941425143
0.89385,-23.894668567876643
0.8955166666666667,-23.894654598038017
0.8971833333333332,-23.894603375296388
0.8988500000000001,-23.894538182716136
0.9005166666666666,-23.89447299013588
0.9021833333333333,-23.894412454168503
0.90385,-23.894375201265504
0.9055166666666667,-23.894370544652627
0.9071833333333335,-23.894393827717003
0.9088499999999999,-23.894454363684382
0.9105166666666669,-23.894538182716136
0.9121833333333333,-23.894635971586517
0.91385,-23.894743073682648
0.9155166666666668,-23.8948455191659
0.9171833333333332,-23.894938651423406
0.9188500000000002,-23.89502247045516
0.9205333333333334,-23.89510163287404
0.9221999999999999,-23.89517148206717
0.9238666666666668,-23.895245987873174
0.9255333333333333,-23.895311180453426
0.9272,-23.895381029646554
0.9288666666666667,-23.89544622222681
0.9305333333333332,-23.895506758194188
0.9322000000000001,-23.89555332432294
0.9338666666666666,-23.895590577225942
0.9355333333333333,-23.895618516903195
0.9372,-23.895632486741818
0.9388666666666667,-23.895637143354694
0.9405333333333334,-23.895637143354694
0.9421999999999999,-23.895632486741818
0.9438666666666669,-23.895627830128944
0.9455333333333333,-23.895618516903195
0.9472,-23.89560920367744
0.9488666666666667,-23.895595233838815
0.95055,-23.895581264000192
0.9522166666666667,-23.895557980935816
0.9538833333333334,-23.895525384645687
0.9555499999999999,-23.89548347512981
0.9572166666666668,-23.89544622222681
0.9588833333333333,-23.895418282549556
0.96055,-23.89540431271093
0.9622166666666667,-23.895418282549556
0.9638833333333334,-23.895469505291185
0.9655500000000001,-23.895557980935816
0.9672166666666666,-23.895674396257697
0.9688833333333335,-23.895814094643953
0.97055,-23.895963106255962
0.9722166666666667,-23.896098148029342
0.9738833333333334,-23.89620990673835
0.9755499999999999,-23.896289069157227
0.9772166666666668,-23.89632632206023
0.9789000000000001,-23.89632632206023
0.9805666666666667,-23.896284412544354
0.9822333333333334,-23.896223876576975
0.9839,-23.896144714158094
0.9855666666666667,-23.896070208352093
0.9872333333333334,-23.896009672384714
0.9889,-23.895967762868835
0.9905666666666667,-23.89595379303021
0.9922333333333334,-23.895967762868835
0.9939,-23.896005015771838
0.9955666666666667,-23.89606089512634
0.9972333333333334,-23.896121431093718
0.9989,-23.896186623673973
1.0005666666666666,-23.8962564728671
1.0022333333333333,-23.89631700883448
1.0039,-23.896382201414735
1.0055666666666667,-23.896442737382113
1.00725,-23.896507929962365
1.0089166666666667,-23.896568465929743
1.0105833333333334,-23.896624345284245
1.01225,-23.896675568025874
1.0139166666666668,-23.896712820928876
1.0155833333333333,-23.896736103993252
1.01725,-23.89675007383188
1.0189166666666667,-23.896759387057628
1.0205833333333334,-23.896759387057628
1.02225,-23.896759387057628
1.0239166666666668,-23.896764043670505
1.0255833333333333,-23.896778013509127
1.02725,-23.89679663996063
1.0289166666666667,-23.89681526641213
1.0305833333333334,-23.896838549476506
1.0322500000000001,-23.896861832540882
1.0339166666666668,-23.896871145766635
1.0355833333333333,-23.89686648915376
1.03725,-23.89684786270226
1.0389333333333335,-23.896819923025006
1.0406,-23.896782670122004
1.0422666666666667,-23.89675007383188
1.0439333333333334,-23.896736103993252
1.0456,-23.89674076060613
1.0472666666666668,-23.896778013509127
1.0489333333333333,-23.89684786270226
1.0506,-23.896936338346887
1.0522666666666667,-23.897038783830144
1.0539333333333334,-23.897141229313398
1.0556,-23.897234361570902
1.0572666666666668,-23.89730421076403
1.0589333333333333,-23.89734612027991
1.0606,-23.89735543350566
1.0622666666666667,-23.89733680705416
1.0639333333333334,-23.89729489753828
1.0656,-23.89723901818378
1.0672833333333334,-23.897173825603524
1.06895,-23.897108633023272
1.0706166666666668,-23.897052753668767
1.0722833333333335,-23.897006187540015
1.07395,-23.89697359124989
1.0756166666666667,-23.89695496479839
1.0772833333333334,-23.896950308185513
1.07895,-23.896959621411263
1.0806166666666668,-23.896978247862766
1.0822833333333335,-23.89701084415289
1.08395,-23.897057410281644
1.0856166666666667,-23.8971226028619
1.0872833333333334,-23.897201765280776
1.08895,-23.897290240925408
1.0906166666666668,-23.89739268640866
1.0922833333333335,-23.897485818666166
1.09395,-23.89756963769792
1.0956166666666667,-23.897634830278175
1.0973,-23.8976674265683
1.0989666666666666,-23.897672083181178
1.1006333333333334,-23.8976488001168
1.1023,-23.89760223398805
1.1039666666666668,-23.89755101124642
1.1056333333333335,-23.897495131891915
1.1073,-23.89745322237604
1.1089666666666667,-23.89743459592454
1.1106333333333334,-23.89743459592454
1.1123,-23.89746253560179
1.1139666666666668,-23.89750910173054
1.1156333333333335,-23.897564981085047
1.1173,-23.89762086043955
1.1189666666666667,-23.8976674265683
1.1206333333333334,-23.897695366245554
1.1223,-23.89770933608418
1.1239666666666668,-23.897700022858427
1.1256333333333335,-23.897686053019804
1.1273166666666667,-23.897672083181178
1.1289833333333334,-23.897662769955424
1.1306500000000002,-23.897672083181178
1.1323166666666666,-23.897700022858427
1.1339833333333333,-23.897751245600055
1.13565,-23.89781643818031
1.1373166666666668,-23.897900257212065
1.1389833333333335,-23.89798407624382
1.1406500000000002,-23.898072551888447
1.1423166666666666,-23.8981563709202
1.1439833333333334,-23.898230876726206
1.14565,-23.898291412693585
1.1473166666666668,-23.898342635435213
1.1489833333333335,-23.898379888338212
1.15065,-23.898403171402588
1.1523166666666667,-23.89841248462834
1.1539833333333334,-23.898417141241215
1.15565,-23.89841248462834
1.1573333333333333,-23.89839385817684
1.159,-23.898370575112462
1.1606666666666667,-23.898337978822337
1.1623333333333334,-23.898300725919334
1.1640000000000001,-23.89826812962921
1.1656666666666666,-23.898235533339083
1.1673333333333333,-23.898221563500456
1.169,-23.898221563500456
1.1706666666666667,-23.898244846564832
1.1723333333333334,-23.898286756080708
1.1740000000000002,-23.898337978822337
1.1756666666666666,-23.898389201563965
1.1773333333333333,-23.898426454466968
1.179,-23.898445080918467
1.1806666666666668,-23.89844042430559
1.1823333333333335,-23.898407828015465
1.1840000000000002,-23.898351948660963
1.1856833333333334,-23.898282099467835
1.1873500000000001,-23.898202937048953
1.1890166666666668,-23.89812843124295
1.1906833333333333,-23.898072551888447
1.19235,-23.898035298985445
1.1940166666666667,-23.898021329146818
1.1956833333333334,-23.898035298985445
1.1973500000000001,-23.898072551888447
1.1990166666666666,-23.898123774630076
1.2006833333333333,-23.898174997371704
1.20235,-23.898221563500456
1.2040166666666667,-23.89825881640346
1.2056833333333334,-23.898286756080708
1.2073500000000001,-23.898300725919334
1.2090166666666666,-23.898310039145084
1.2106833333333333,-23.89832400898371
1.21235,-23.898337978822337
1.2140166666666667,-23.898351948660963
1.2157,-23.89837523172534
1.2173666666666667,-23.89839385817684
1.2190333333333334,-23.898407828015465
1.2207000000000001,-23.898417141241215
1.2223666666666668,-23.898417141241215
1.2240333333333333,-23.898403171402588
1.2257,-23.89838454495109
1.2273666666666667,-23.898356605273836
1.2290333333333334,-23.89832400898371
1.2307000000000001,-23.898282099467835
1.2323666666666668,-23.898244846564832
1.2340333333333333,-23.89820759366183
1.2357,-23.898174997371704
1.2373666666666667,-23.898142401081575
1.2390333333333334,-23.898105148178573
1.2407000000000001,-23.898072551888447
1.2423666666666666,-23.89803995559832
1.2440333333333333,-23.89800270269532
1.2457166666666668,-23.897970106405193
1.2473833333333333,-23.897946823340817
1.24905,-23.897946823340817
1.2507166666666667,-23.897965449792316
1.2523833333333334,-23.898016672533945
1.25405,-23.898095834952823
1.2557166666666668,-23.898202937048953
1.2573833333333333,-23.898319352370837
1.25905,-23.89844042430559
1.2607166666666667,-23.898552183014598
1.2623833333333334,-23.89864065865923
1.2640500000000001,-23.89870585123948
1.2657166666666668,-23.898738447529606
1.2673833333333333,-23.898743104142483
1.26905,-23.898724477690983
1.2707166666666667,-23.898691881400854
1.2723833333333334,-23.89864997188498
1.2740666666666667,-23.898617375594853
1.2757333333333334,-23.898594092530477
1.2774,-23.8985894359176
1.2790666666666668,-23.89859874914335
1.2807333333333335,-23.898622032207726
1.2824,-23.89865462849785
1.2840666666666667,-23.89868722478798
1.2857333333333334,-23.898719821078107
1.2874,-23.89874776075536
1.2890666666666668,-23.89877570043261
1.2907333333333333,-23.89880364010986
1.2924,-23.898840893012864
1.2940666666666667,-23.898887459141616
1.2957333333333334,-23.898943338496117
1.2974,-23.899003874463496
1.2990666666666668,-23.899059753818
1.3007333333333333,-23.899110976559626
1.3024166666666668,-23.89913891623688
1.3040833333333335,-23.89914822946263
1.30575,-23.899134259624002
1.3074166666666667,-23.899101663333877
1.3090833333333334,-23.899055097205125
1.31075,-23.898999217850623
1.3124166666666668,-23.898947995108994
1.3140833333333335,-23.898906085593115
1.31575,-23.89887348930299
1.3174166666666667,-23.89885486285149
1.3190833333333334,-23.898845549625737
1.32075,-23.898845549625737
1.3224166666666668,-23.898845549625737
1.3240833333333335,-23.898840893012864
1.32575,-23.898831579787114
1.3274166666666667,-23.89881295333561
1.3290833333333334,-23.898789670271235
1.33075,-23.89877570043261
1.3324333333333334,-23.89877570043261
1.3341,-23.898789670271235
1.3357666666666668,-23.898831579787114
1.3374333333333335,-23.898892115754492
1.3391,-23.89897127817337
1.3407666666666667,-23.899055097205125
1.3424333333333334,-23.899134259624002
1.3441,-23.899199452204257
1.3457666666666668,-23.899241361720133
1.3474333333333335,-23.89925533155876
1.3491,-23.899241361720133
1.3507666666666667,-23.899199452204257
1.3524333333333334,-23.89914822946263
1.3541,-23.899083036882377
1.3557666666666668,-23.899017844302122
1.3574333333333335,-23.89896196494762
1.3591,-23.89892005543174
1.3607666666666667,-23.898887459141616
1.3624500000000002,-23.89887348930299
1.3641166666666666,-23.898868832690116
1.3657833333333333,-23.898868832690116
1.36745,-23.89887348930299
1.3691166666666668,-23.898887459141616
1.3707833333333335,-23.898906085593115
1.3724500000000002,-23.898934025270368
1.3741166666666667,-23.89898059139912
1.3757833333333334,-23.899045783979375
1.37745,-23.899124946398253
1.3791166666666668,-23.899213422042884
1.3807833333333335,-23.89930189768751
1.38245,-23.899385716719266
1.3841166666666667,-23.89944159607377
1.3857833333333334,-23.899474192363897
1.38745,-23.899474192363897
1.3891166666666668,-23.899446252686644
1.3907833333333335,-23.899399686557892
1.3924666666666667,-23.89933449397764
1.3941333333333334,-23.899269301397386
1.3958000000000002,-23.899208765430007
1.3974666666666666,-23.89915754268838
1.3991333333333333,-23.899124946398253
1.4008,-23.899106319946753
1.4024666666666668,-23.899101663333877
1.4041333333333335,-23.899106319946753
1.4058000000000002,-23.899110976559626
1.4074666666666666,-23.899106319946753
1.4091333333333333,-23.899097006721
1.4108,-23.89908769349525
1.4124666666666668,-23.899073723656624
1.4141333333333335,-23.899064410430874
1.4158000000000002,-23.899073723656624
1.4174666666666667,-23.899097006721
1.4191333333333334,-23.89913891623688
1.4208166666666668,-23.899190138978508
1.4224833333333333,-23.89924601833301
1.42415,-23.89930189768751
1.4258166666666667,-23.899348463816263
1.4274833333333334,-23.899385716719266
1.4291500000000001,-23.899399686557892
1.4308166666666666,-23.89939502994502
1.4324833333333333,-23.89937174688064
1.43415,-23.89933449397764
1.4358166666666667,-23.899287927848885
1.4374833333333334,-23.899241361720133
1.4391500000000002,-23.89919479559138
1.4408166666666666,-23.89915754268838
1.4424833333333333,-23.899124946398253
1.44415,-23.899101663333877
1.4458166666666667,-23.899083036882377
1.4474833333333335,-23.89906906704375
1.4491500000000002,-23.899055097205125
1.4508333333333334,-23.899045783979375
1.4525000000000001,-23.899041127366498
1.4541666666666668,-23.899045783979375
1.4558333333333333,-23.89906906704375
1.4575,-23.899110976559626
1.4591666666666667,-23.899171512527005
1.4608333333333334,-23.899250674945886
1.4625000000000001,-23.89933449397764
1.4641666666666668,-23.899418313009395
1.4658333333333333,-23.899488162202523
1.4675,-23.899534728331275
1.4691666666666667,-23.899553354782775
1.4708333333333334,-23.89953938494415
1.4725000000000001,-23.899497475428273
1.4741666666666668,-23.899432282848018
1.4758333333333333,-23.89935312042914
1.4775,-23.899269301397386
1.4791666666666667,-23.899190138978508
1.48085,-23.899120289785376
1.4825166666666667,-23.89906906704375
1.4841833333333334,-23.89903181414075
1.4858500000000001,-23.899008531076372
1.4875166666666668,-23.898994561237746
1.4891833333333333,-23.898985248011996
1.49085,-23.898975934786247
1.4925166666666667,-23.898966621560493
1.4941833333333334,-23.89896196494762
1.4958500000000001,-23.898966621560493
1.4975166666666668,-23.89898059139912
1.4991833333333333,-23.899013187689246
1.50085,-23.899050440592248
1.5025166666666667,-23.899097006721
1.5041833333333334,-23.89913891623688
1.5058500000000001,-23.89916685591413
1.5075166666666668,-23.899180825752754
1.5092,-23.89917616913988
1.5108666666666668,-23.89914822946263
1.5125333333333335,-23.899101663333877
1.5142,-23.899045783979375
1.5158666666666667,-23.89898990462487
1.5175333333333334,-23.898938681883244
1.5192,-23.898892115754492
1.5208666666666668,-23.89886417607724
1.5225333333333335,-23.898845549625737
1.5242,-23.898831579787114
1.5258666666666667,-23.898831579787114
1.5275333333333334,-23.898826923174237
1.5292000000000001,-23.898817609948487
1.5308666666666668,-23.89880364010986
1.5325333333333333,-23.89878501365836
1.5342,-23.89876638720686
1.5358666666666667,-23.898752417368232
1.5375333333333334,-23.89875707398111
1.5392166666666667,-23.89877570043261
1.5408833333333334,-23.89882226656136
1.54255,-23.89888280252874
1.5442166666666668,-23.898957308334744
1.5458833333333335,-23.899036470753625
1.54755,-23.899101663333877
1.5492166666666667,-23.899152886075505
1.5508833333333334,-23.899180825752754
1.55255,-23.899180825752754
1.5542166666666668,-23.899152886075505
1.5558833333333335,-23.899106319946753
1.55755,-23.899045783979375
1.5592166666666667,-23.89897127817337
1.5608833333333334,-23.898901428980242
1.56255,-23.898836236399987
1.5642166666666668,-23.89878501365836
1.5658833333333335,-23.898738447529606
1.56755,-23.89870585123948
1.5692333333333335,-23.898682568175104
1.5709000000000002,-23.89865928511073
1.5725666666666667,-23.898645315272102
1.5742333333333334,-23.898631345433476
1.5759,-23.898626688820602
1.5775666666666668,-23.898631345433476
1.5792333333333335,-23.89865462849785
1.5809,-23.89869653801373
1.5825666666666667,-23.89874776075536
1.5842333333333334,-23.898808296722738
1.5859,-23.89887348930299
1.5875666666666668,-23.898924712044618
1.5892333333333335,-23.89896196494762
1.5909,-23.89898059139912
1.5925666666666667,-23.89897127817337
1.5942333333333334,-23.898943338496117
1.5959166666666667,-23.898892115754492
1.5975833333333334,-23.898831579787114
1.59925,-23.898771043819735
1.6009166666666668,-23.898710507852357
1.6025833333333335,-23.89865928511073
1.6042500000000002,-23.898622032207726
1.6059166666666667,-23.898603405756226
1.6075833333333334,-23.898594092530477
1.60925,-23.89859874914335
1.6109166666666668,-23.898612718981976
1.6125833333333335,-23.898626688820602
1.6142500000000002,-23.89864065865923
1.6159166666666667,-23.89865928511073
1.6175833333333334,-23.898682568175104
1.61925,-23.898710507852357
1.6209166666666668,-23.898743104142483
1.6225833333333335,-23.898789670271235
1.62425,-23.898845549625737
1.6259166666666667,-23.898906085593115
1.6276000000000002,-23.898966621560493
1.6292666666666666,-23.899027157527872
1.6309333333333333,-23.899073723656624
1.6326,-23.899106319946753
1.6342666666666668,-23.899124946398253
1.6359333333333335,-23.899124946398253
1.6376000000000002,-23.899110976559626
1.6392666666666666,-23.899083036882377
1.6409333333333334,-23.899050440592248
1.6426,-23.899013187689246
1.6442666666666668,-23.89898059139912
1.6459333333333335,-23.898943338496117
1.6476000000000002,-23.89891539881887
1.6492666666666667,-23.898887459141616
1.6509333333333334,-23.898859519464363
1.6526,-23.898831579787114
1.6542666666666668,-23.89880364010986
1.65595,-23.89878501365836
1.6576166666666667,-23.898771043819735
1.6592833333333334,-23.89877570043261
1.6609500000000001,-23.89880364010986
1.6626166666666669,-23.89885486285149
1.6642833333333333,-23.898934025270368
1.66595,-23.899027157527872
1.6676166666666667,-23.89912960301113
1.6692833333333335,-23.89922739188151
1.6709500000000002,-23.899306554300388
1.6726166666666666,-23.89936243365489
1.6742833333333333,-23.899385716719266
1.67595,-23.89937174688064
1.6776166666666668,-23.89933449397764
1.6792833333333335,-23.899269301397386
1.6809500000000002,-23.89918548236563
1.6826166666666666,-23.899101663333877
1.6842833333333334,-23.899017844302122
1.6859666666666668,-23.898943338496117
1.6876333333333333,-23.89888280252874
1.6893,-23.898840893012864
1.6909666666666667,-23.898817609948487
1.6926333333333334,-23.89880364010986
1.6943000000000001,-23.898798983496985
1.6959666666666668,-23.89880364010986
1.6976333333333333,-23.89881295333561
1.6993,-23.898826923174237
1.7009666666666667,-23.898845549625737
1.7026333333333334,-23.898878145915866
1.7043000000000001,-23.89892005543174
1.7059666666666669,-23.898966621560493
1.7076333333333333,-23.899017844302122
1.7093,-23.89906906704375
1.7109666666666667,-23.899115633172503
1.7126333333333335,-23.899143572849756
1.7143000000000002,-23.89915754268838
1.7159833333333334,-23.89914822946263
1.7176500000000001,-23.899124946398253
1.7193166666666668,-23.899083036882377
1.7209833333333333,-23.899036470753625
1.72265,-23.89898059139912
1.7243166666666667,-23.89892936865749
1.7259833333333334,-23.898887459141616
1.7276500000000001,-23.898850206238613
1.7293166666666668,-23.898826923174237
1.7309833333333333,-23.898808296722738
1.73265,-23.898789670271235
1.7343166666666667,-23.898771043819735
1.7359833333333334,-23.898743104142483
1.7376500000000001,-23.898710507852357
1.7393166666666668,-23.89867791156223
1.7409833333333333,-23.898645315272102
1.74265,-23.898626688820602
1.7443333333333335,-23.898631345433476
1.746,-23.89865928511073
1.7476666666666667,-23.89871516446523
1.7493333333333334,-23.898789670271235
1.7510000000000001,-23.898878145915866
1.7526666666666668,-23.89897127817337
1.7543333333333335,-23.899050440592248
1.756,-23.899110976559626
1.7576666666666667,-23.89914822946263
1.7593333333333334,-23.89915754268838
1.7610000000000001,-23.899143572849756
1.7626666666666668,-23.899106319946753
1.7643333333333333,-23.899055097205125
1.766,-23.898994561237746
1.7676666666666667,-23.898938681883244
1.7693333333333334,-23.89888280252874
1.7710000000000001,-23.898840893012864
1.7726666666666668,-23.89880364010986
1.77435,-23.898780357045485
1.7760166666666668,-23.898761730593982
1.7776833333333335,-23.89874776075536
1.77935,-23.898738447529606
1.7810166666666667,-23.898733790916733
1.7826833333333334,-23.898743104142483
1.78435,-23.89876638720686
1.7860166666666668,-23.89880364010986
1.7876833333333335,-23.898845549625737
1.78935,-23.898892115754492
1.7910166666666667,-23.898934025270368
1.7926833333333334,-23.898957308334744
1.7943500000000001,-23.89896196494762
1.7960166666666668,-23.898943338496117
1.7976833333333335,-23.898901428980242
1.79935,-23.898840893012864
1.8010166666666667,-23.898771043819735
1.8026833333333334,-23.898701194626607
1.8043666666666667,-23.898631345433476
1.8060333333333334,-23.89858012269185
1.8077,-23.898542869788848
1.8093666666666668,-23.89852889995022
1.8110333333333335,-23.8985335565631
1.8127,-23.898556839627474
1.8143666666666667,-23.89859874914335
1.8160333333333334,-23.89865462849785
1.8177,-23.898733790916733
1.8193666666666668,-23.898836236399987
1.8210333333333335,-23.89898059139912
1.8227,-23.899171512527005
1.8243666666666667,-23.899422969622268
1.8260333333333334,-23.899748932523536
1.8277,-23.900144744617933
1.8293666666666668,-23.900601092679707
1.8310333333333335,-23.901099350257358
1.8327,-23.901611577673634
1.8343833333333335,-23.902109835251284
1.8360500000000002,-23.902561526700186
1.8377166666666667,-23.90293871234308
1.8393833333333334,-23.903218109115596
1.84105,-23.90337643395335
1.8427166666666668,-23.90341834346923
1.8443833333333335,-23.903343837663225
1.8460500000000002,-23.90316222976109
1.8477166666666667,-23.9028968028272
1.8493833333333334,-23.90256618331306
1.85105,-23.902198310895916
1.8527166666666668,-23.90181181202727
1.8543833333333335,-23.9014299697715
1.8560500000000002,-23.901062097354355
1.8577166666666667,-23.900717508001588
1.8593833333333334,-23.900410171551822
1.86105,-23.900135431392183
1.8627333333333334,-23.899907257361296
1.8644,-23.89972564945916
1.8660666666666668,-23.899585951072904
1.8677333333333335,-23.899497475428273
1.8694000000000002,-23.899446252686644
1.8710666666666667,-23.899422969622268
1.8727333333333334,-23.899418313009395
1.8744,-23.89941365639652
1.8760666666666668,-23.899399686557892
1.8777333333333335,-23.89936243365489
1.8794000000000002,-23.899306554300388
1.8810666666666667,-23.899222735268633
1.8827333333333334,-23.899120289785376
1.8844,-23.899008531076372
1.8860666666666668,-23.898901428980242
1.88775,-23.89879432688411
1.8894166666666667,-23.898710507852357
1.8910833333333334,-23.898645315272102
1.8927500000000002,-23.8986080623691
1.8944166666666669,-23.8985894359176
1.8960833333333333,-23.8985894359176
1.89775,-23.89859874914335
1.8994166666666668,-23.898617375594853
1.9010833333333335,-23.898631345433476
1.9027500000000002,-23.89864065865923
1.9044166666666669,-23.89864997188498
1.9060833333333334,-23.89865928511073
1.90775,-23.898668598336478
1.9094166666666668,-23.898682568175104
1.9110833333333335,-23.89870585123948
1.9127500000000002,-23.898733790916733
1.9144166666666667,-23.898771043819735
1.9160833333333334,-23.89880364010986
1.91775,-23.898840893012864
1.9194166666666668,-23.898868832690116
1.9210833333333335,-23.898892115754492
1.9227666666666667,-23.898901428980242
1.9244333333333334,-23.898896772367365
1.9261000000000001,-23.898878145915866
1.9277666666666669,-23.898850206238613
1.9294333333333333,-23.898817609948487
1.9311,-23.89877570043261
1.9327666666666667,-23.898729134303856
1.9344333333333334,-23.89867791156223
1.9361000000000002,-23.898631345433476
1.9377666666666669,-23.89858012269185
1.9394333333333333,-23.89852889995022
1.9411,-23.898477677208593
1.9427666666666668,-23.898435767692717
1.9444333333333335,-23.898398514789715
1.9461000000000002,-23.898379888338212
1.9477666666666669,-23.89838454495109
1.9494333333333334,-23.898417141241215
1.9511166666666668,-23.89847302059572
1.9527833333333335,-23.89854752640172
1.95445,-23.898636002046352
1.9561166666666667,-23.898719821078107
1.9577833333333334,-23.898789670271235
1.9594500000000001,-23.898831579787114
1.9611166666666668,-23.898850206238613
1.9627833333333333,-23.898831579787114
1.96445,-23.898780357045485
1.9661166666666667,-23.89870585123948
1.9677833333333334,-23.898612718981976
1.9694500000000001,-23.898514930111595
1.9711166666666669,-23.898417141241215
1.9727833333333333,-23.89833332220946
1.97445,-23.89826812962921
1.9761166666666667,-23.898221563500456
1.9778,-23.89819828043608
1.9794666666666667,-23.898193623823204
1.9811333333333334,-23.89820759366183
1.9828000000000001,-23.89822622011333
1.9844666666666668,-23.898254159790582
1.9861333333333335,-23.898286756080708
1.9878,-23.89832400898371
1.9894666666666667,-23.898361261886713
1.9911333333333334,-23.898403171402588
1.9928000000000001,-23.898445080918467
1.9944666666666668,-23.89849164704722
1.9961333333333335,-23.89852889995022
1.9978,-23.898556839627474
1.9994666666666667,-23.898570809466097
2.001133333333333,-23.898575466078974
2.0028,-23.898561496240347
2.0044666666666666,-23.89853821317597
2.0061333333333335,-23.898505616885846
2.0078,-23.89847302059572
2.0094833333333333,-23.898445080918467
2.01115,-23.89842179785409
2.0128166666666667,-23.898407828015465
2.0144833333333336,-23.898403171402588
2.01615,-23.898403171402588
2.0178166666666666,-23.898398514789715
2.0194833333333335,-23.89839385817684
2.02115,-23.898370575112462
2.022816666666667,-23.898337978822337
2.0244833333333334,-23.898291412693585
2.02615,-23.898235533339083
2.027816666666667,-23.898184310597454
2.0294833333333333,-23.89815171430733
2.0311500000000002,-23.898142401081575
2.0328166666666667,-23.898161027533078
2.0344833333333336,-23.898212250274703
2.03615,-23.898291412693585
2.0378166666666666,-23.898379888338212
2.0395000000000003,-23.89847302059572
2.041166666666667,-23.898556839627474
2.0428333333333333,-23.898612718981976
2.0445,-23.89864065865923
2.0461666666666667,-23.898636002046352
2.0478333333333336,-23.898594092530477
2.0495,-23.898524243337345
2.0511666666666666,-23.898435767692717
2.0528333333333335,-23.898337978822337
2.0545,-23.898240189951956
2.056166666666667,-23.89814705769445
2.0578333333333334,-23.898067895275574
2.0595,-23.89801201592107
2.061166666666667,-23.897974763018066
2.0628333333333333,-23.89795147995369
2.0645000000000002,-23.89795147995369
2.0661666666666667,-23.897970106405193
2.0678333333333336,-23.89800270269532
2.069516666666667,-23.89804926882407
2.0711833333333334,-23.89810980479145
2.0728500000000003,-23.898179653984577
2.074516666666667,-23.89825881640346
2.0761833333333333,-23.89833332220946
2.07785,-23.898403171402588
2.0795166666666667,-23.898459050757094
2.0811833333333336,-23.89849164704722
2.08285,-23.898496303660096
2.0845166666666666,-23.89848233382147
2.0861833333333335,-23.89844042430559
2.08785,-23.89838454495109
2.089516666666667,-23.898328665596587
2.0911833333333334,-23.89827278624208
2.0928500000000003,-23.89822622011333
2.094516666666667,-23.89819828043608
2.0961833333333333,-23.898184310597454
2.0978666666666665,-23.898188967210327
2.0995333333333335,-23.89820759366183
2.1012,-23.898221563500456
2.102866666666667,-23.898235533339083
2.1045333333333334,-23.898240189951956
2.1062000000000003,-23.898230876726206
2.1078666666666668,-23.89820759366183
2.1095333333333333,-23.898174997371704
2.1112,-23.89814705769445
2.1128666666666667,-23.898133087855825
2.1145333333333336,-23.898133087855825
2.1162,-23.898161027533078
2.1178666666666666,-23.89820759366183
2.1195333333333335,-23.89827278624208
2.1212,-23.898347292048086
2.122866666666667,-23.898417141241215
2.1245333333333334,-23.898477677208593
2.1262000000000003,-23.898519586724472
2.1278833333333336,-23.89853821317597
2.12955,-23.8985335565631
2.131216666666667,-23.898505616885846
2.1328833333333335,-23.898459050757094
2.13455,-23.898403171402588
2.136216666666667,-23.898337978822337
2.1378833333333334,-23.89827278624208
2.1395500000000003,-23.89821690688758
2.1412166666666668,-23.89816568414595
2.1428833333333333,-23.89812843124295
2.14455,-23.898095834952823
2.1462166666666667,-23.898077208501324
2.1478833333333336,-23.898072551888447
2.14955,-23.898081865114197
2.1512166666666666,-23.89810980479145
2.1528833333333335,-23.89815171430733
2.15455,-23.898221563500456
2.156216666666667,-23.89830538253221
2.1579,-23.898403171402588
2.1595666666666666,-23.898505616885846
2.1612333333333336,-23.898594092530477
2.1629,-23.898663941723605
2.164566666666667,-23.898710507852357
2.1662333333333335,-23.898719821078107
2.1679,-23.898701194626607
2.169566666666667,-23.89865462849785
2.1712333333333333,-23.898584779304723
2.1729000000000003,-23.898510273498722
2.1745666666666668,-23.898435767692717
2.1762333333333332,-23.89837523172534
2.1779,-23.898328665596587
2.1795666666666667,-23.89830538253221
2.1812333333333336,-23.89830538253221
2.182916666666667,-23.898319352370837
2.1845833333333333,-23.898342635435213
2.1862500000000002,-23.89836591849959
2.1879166666666667,-23.898389201563965
2.1895833333333337,-23.898403171402588
2.19125,-23.89841248462834
2.1929166666666666,-23.898417141241215
2.1945833333333336,-23.898426454466968
2.19625,-23.898445080918467
2.197916666666667,-23.89847302059572
2.1995833333333334,-23.898514930111595
2.20125,-23.898561496240347
2.202916666666667,-23.8986080623691
2.2045833333333333,-23.89865462849785
2.2062500000000003,-23.898691881400854
2.2079166666666667,-23.89871516446523
2.2095833333333332,-23.898729134303856
2.21125,-23.898724477690983
2.2129166666666666,-23.898710507852357
2.2145833333333336,-23.898682568175104
2.216266666666667,-23.89864997188498
2.2179333333333333,-23.898612718981976
2.2196000000000002,-23.898575466078974
2.2212666666666667,-23.8985335565631
2.2229333333333336,-23.89849164704722
2.2246,-23.898449737531344
2.2262666666666666,-23.898407828015465
2.2279333333333335,-23.898370575112462
2.2296,-23.89833332220946
2.231266666666667,-23.898300725919334
2.2329333333333334,-23.898286756080708
2.2346,-23.898296069306458
2.236266666666667,-23.89833332220946
2.2379333333333333,-23.898398514789715
2.2396000000000003,-23.898486990434343
2.2412666666666667,-23.898594092530477
2.2429333333333332,-23.898701194626607
2.244616666666667,-23.89880364010986
2.2462833333333334,-23.89888280252874
2.24795,-23.898934025270368
2.249616666666667,-23.898947995108994
2.2512833333333333,-23.898924712044618
2.2529500000000002,-23.89887348930299
2.2546166666666667,-23.89879432688411
2.2562833333333336,-23.89870585123948
2.25795,-23.898617375594853
2.2596166666666666,-23.8985335565631
2.2612833333333335,-23.89847302059572
2.26295,-23.898435767692717
2.264616666666667,-23.89842179785409
2.2662833333333334,-23.898426454466968
2.26795,-23.898449737531344
2.269616666666667,-23.89847302059572
2.2713,-23.89850096027297
2.2729666666666666,-23.89852889995022
2.2746333333333335,-23.898552183014598
2.2763,-23.89858012269185
2.277966666666667,-23.898612718981976
2.2796333333333334,-23.89864997188498
2.2813000000000003,-23.898691881400854
2.282966666666667,-23.898738447529606
2.2846333333333333,-23.898780357045485
2.2863,-23.898817609948487
2.2879666666666667,-23.898840893012864
2.2896333333333336,-23.89885486285149
2.2913,-23.89885486285149
2.2929666666666666,-23.898845549625737
2.2946333333333335,-23.898826923174237
2.2963,-23.898808296722738
2.297966666666667,-23.898789670271235
2.2996333333333334,-23.898771043819735
2.3013,-23.89875707398111
2.302966666666667,-23.89874776075536
2.30465,-23.898733790916733
2.3063166666666666,-23.89871516446523
2.3079833333333335,-23.898691881400854
2.30965,-23.89865928511073
2.311316666666667,-23.898617375594853
2.3129833333333334,-23.898575466078974
2.3146500000000003,-23.8985335565631
2.316316666666667,-23.898505616885846
2.3179833333333333,-23.89850096027297
2.31965,-23.898519586724472
2.3213166666666667,-23.898566152853224
2.3229833333333336,-23.89864065865923
2.32465,-23.898724477690983
2.3263166666666666,-23.89881295333561
2.3279833333333335,-23.898892115754492
2.32965,-23.89895265172187
2.331316666666667,-23.898985248011996
2.333,-23.898985248011996
2.3346666666666667,-23.898957308334744
2.3363333333333336,-23.898896772367365
2.338,-23.898817609948487
2.3396666666666666,-23.898724477690983
2.3413333333333335,-23.898631345433476
2.343,-23.898542869788848
2.344666666666667,-23.89847302059572
2.3463333333333334,-23.89842179785409
2.3480000000000003,-23.89839385817684
2.349666666666667,-23.898389201563965
2.3513333333333333,-23.898398514789715
2.353,-23.898426454466968
2.3546666666666667,-23.898463707369967
2.3563333333333336,-23.898510273498722
2.358,-23.898566152853224
2.3596666666666666,-23.898631345433476
2.3613333333333335,-23.89870585123948
2.3630166666666668,-23.89877570043261
2.3646833333333332,-23.898845549625737
2.36635,-23.898896772367365
2.3680166666666667,-23.898934025270368
2.3696833333333336,-23.898943338496117
2.37135,-23.898934025270368
2.373016666666667,-23.898901428980242
2.3746833333333335,-23.89885486285149
2.37635,-23.898798983496985
2.378016666666667,-23.898743104142483
2.3796833333333334,-23.89869653801373
2.3813500000000003,-23.89865928511073
2.383016666666667,-23.898636002046352
2.3846833333333333,-23.898626688820602
2.38635,-23.898626688820602
2.3880166666666667,-23.898626688820602
2.3896833333333336,-23.898626688820602
2.39135,-23.898617375594853
2.3930333333333333,-23.8985894359176
2.3947000000000003,-23.898552183014598
2.3963666666666668,-23.898505616885846
2.3980333333333332,-23.898459050757094
2.3997,-23.89842179785409
2.4013666666666666,-23.898398514789715
2.4030333333333336,-23.898398514789715
2.4047,-23.898417141241215
2.406366666666667,-23.898449737531344
2.4080333333333335,-23.898496303660096
2.4097,-23.89853821317597
2.411366666666667,-23.898570809466097
2.4130333333333334,-23.8985894359176
2.4147000000000003,-23.8985894359176
2.4163666666666668,-23.898566152853224
2.4180333333333333,-23.89852889995022
2.4197,-23.898477677208593
2.4213666666666667,-23.898417141241215
2.42305,-23.898351948660963
2.424716666666667,-23.898291412693585
2.4263833333333333,-23.898235533339083
2.4280500000000003,-23.898184310597454
2.4297166666666667,-23.898137744468702
2.4313833333333332,-23.898105148178573
2.43305,-23.898077208501324
2.4347166666666666,-23.898053925436948
2.4363833333333336,-23.89804926882407
2.43805,-23.898053925436948
2.439716666666667,-23.898081865114197
2.4413833333333335,-23.898133087855825
2.44305,-23.898202937048953
2.444716666666667,-23.898286756080708
2.4463833333333334,-23.898379888338212
2.4480500000000003,-23.898463707369967
2.4497166666666668,-23.89853821317597
2.4514,-23.89858012269185
2.453066666666667,-23.89859874914335
2.4547333333333334,-23.89858012269185
2.4564,-23.8985335565631
2.458066666666667,-23.898463707369967
2.4597333333333333,-23.89838454495109
2.4614000000000003,-23.89830538253221
2.4630666666666667,-23.898230876726206
2.4647333333333337,-23.898174997371704
2.4664,-23.898137744468702
2.4680666666666666,-23.8981191180172
2.4697333333333336,-23.898123774630076
2.4714,-23.898137744468702
2.473066666666667,-23.89815171430733
2.4747333333333335,-23.89816568414595
2.4764,-23.89816568414595
2.4780833333333336,-23.8981563709202
2.47975,-23.898142401081575
2.4814166666666666,-23.898123774630076
2.4830833333333335,-23.898114461404326
2.48475,-23.89810980479145
2.486416666666667,-23.898123774630076
2.4880833333333334,-23.89814705769445
2.48975,-23.898184310597454
2.491416666666667,-23.898221563500456
2.4930833333333333,-23.898254159790582
2.4947500000000002,-23.898282099467835
2.4964166666666667,-23.898300725919334
2.4980833333333337,-23.898300725919334
2.49975,-23.898291412693585
2.5014166666666666,-23.898263473016332
2.5030833333333335,-23.898230876726206
2.50475,-23.898193623823204
2.506416666666667,-23.89815171430733
2.5080833333333334,-23.898114461404326
2.50975,-23.898072551888447
2.5114333333333336,-23.898035298985445
2.5131,-23.897998046082442
2.5147666666666666,-23.897960793179443
2.5164333333333335,-23.89793285350219
2.5181,-23.897904913824938
2.519766666666667,-23.89789560059919
2.5214333333333334,-23.897900257212065
2.5231000000000003,-23.897928196889314
2.524766666666667,-23.897988732856692
2.5264333333333333,-23.898067895275574
2.5281000000000002,-23.898170340758828
2.5297666666666667,-23.89827278624208
2.5314333333333336,-23.89836591849959
2.5331,-23.89844042430559
2.5347666666666666,-23.89848233382147
2.5364333333333335,-23.89849164704722
2.5381,-23.898459050757094
2.5397833333333333,-23.898398514789715
2.54145,-23.898310039145084
2.5431166666666667,-23.898212250274703
2.5447833333333336,-23.898114461404326
2.54645,-23.89803064237257
2.5481166666666666,-23.897965449792316
2.5497833333333335,-23.897928196889314
2.55145,-23.897909570437815
2.553116666666667,-23.897918883663564
2.5547833333333334,-23.897937510115064
2.5564500000000003,-23.897960793179443
2.558116666666667,-23.89798407624382
2.5597833333333333,-23.89800270269532
2.5614500000000002,-23.898016672533945
2.5631166666666667,-23.89803064237257
2.5647833333333336,-23.89804926882407
2.56645,-23.898077208501324
2.5681166666666666,-23.89810980479145
2.5698000000000003,-23.8981563709202
2.571466666666667,-23.898202937048953
2.5731333333333333,-23.898249503177706
2.5748,-23.898291412693585
2.5764666666666667,-23.89832400898371
2.5781333333333336,-23.898342635435213
2.5798,-23.898351948660963
2.5814666666666666,-23.898347292048086
2.5831333333333335,-23.89833332220946
2.5848,-23.89831469575796
2.586466666666667,-23.898296069306458
2.5881333333333334,-23.89827278624208
2.5898000000000003,-23.898249503177706
2.591466666666667,-23.898230876726206
2.5931333333333333,-23.898212250274703
2.5948,-23.898188967210327
2.5964666666666667,-23.898161027533078
2.59815,-23.89812843124295
2.599816666666667,-23.898095834952823
2.6014833333333334,-23.898067895275574
2.6031500000000003,-23.89804926882407
2.604816666666667,-23.89804926882407
2.6064833333333333,-23.898077208501324
2.60815,-23.898133087855825
2.6098166666666667,-23.898212250274703
2.6114833333333336,-23.898310039145084
2.61315,-23.898407828015465
2.614816666666667,-23.89850096027297
2.6164833333333335,-23.898575466078974
2.61815,-23.898617375594853
2.619816666666667,-23.898631345433476
2.6214833333333334,-23.898612718981976
2.6231500000000003,-23.898561496240347
2.624816666666667,-23.898496303660096
2.6264833333333333,-23.89842179785409
2.628166666666667,-23.898351948660963
2.6298333333333335,-23.898286756080708
2.6315,-23.898240189951956
2.633166666666667,-23.898212250274703
2.6348333333333334,-23.89819828043608
2.6365000000000003,-23.898202937048953
2.6381666666666668,-23.898212250274703
2.6398333333333333,-23.89822622011333
2.6415,-23.898244846564832
2.6431666666666667,-23.898263473016332
2.6448333333333336,-23.898296069306458
2.6465,-23.89833332220946
2.648166666666667,-23.898389201563965
2.6498333333333335,-23.898454394144217
2.6515,-23.89852889995022
2.653166666666667,-23.8986080623691
2.6548333333333334,-23.898673254949355
2.6565000000000003,-23.898719821078107
2.6581833333333336,-23.898743104142483
2.65985,-23.898743104142483
2.661516666666667,-23.89871516446523
2.6631833333333335,-23.898663941723605
2.66485,-23.8986080623691
2.666516666666667,-23.89854752640172
2.6681833333333334,-23.898496303660096
2.6698500000000003,-23.898454394144217
2.6715166666666668,-23.89843111107984
2.6731833333333332,-23.89842179785409
2.67485,-23.89842179785409
2.6765166666666667,-23.89842179785409
2.6781833333333336,-23.89842179785409
2.67985,-23.898417141241215
2.681516666666667,-23.898403171402588
2.6831833333333335,-23.898389201563965
2.68485,-23.898370575112462
2.6865333333333337,-23.89836591849959
2.6882,-23.898370575112462
2.6898666666666666,-23.898398514789715
2.6915333333333336,-23.898445080918467
2.6932,-23.898510273498722
2.694866666666667,-23.898575466078974
2.6965333333333334,-23.898645315272102
2.6982,-23.89870585123948
2.699866666666667,-23.898752417368232
2.7015333333333333,-23.89877570043261
2.7032000000000003,-23.89877570043261
2.7048666666666668,-23.89875707398111
2.7065333333333337,-23.898719821078107
2.7082,-23.898673254949355
2.7098666666666666,-23.898617375594853
2.7115333333333336,-23.898566152853224
2.7132,-23.898514930111595
2.714866666666667,-23.89847302059572
2.7165500000000002,-23.898435767692717
2.7182166666666667,-23.898403171402588
2.7198833333333337,-23.898379888338212
2.72155,-23.898361261886713
2.7232166666666666,-23.898347292048086
2.7248833333333335,-23.898347292048086
2.72655,-23.89836591849959
2.728216666666667,-23.898403171402588
2.7298833333333334,-23.898463707369967
2.73155,-23.898542869788848
2.733216666666667,-23.898636002046352
2.7348833333333333,-23.898729134303856
2.7365500000000003,-23.898817609948487
2.7382166666666667,-23.898887459141616
2.7398833333333337,-23.898924712044618
2.74155,-23.898934025270368
2.7432166666666666,-23.89891074220599
2.7448833333333336,-23.89885486285149
2.746566666666667,-23.89878501365836
2.7482333333333333,-23.898701194626607
2.7499000000000002,-23.898617375594853
2.7515666666666667,-23.898542869788848
2.7532333333333336,-23.89848233382147
2.7549,-23.898445080918467
2.7565666666666666,-23.898426454466968
2.7582333333333335,-23.898426454466968
2.7599,-23.898435767692717
2.761566666666667,-23.898445080918467
2.7632333333333334,-23.898454394144217
2.7649,-23.898463707369967
2.766566666666667,-23.898468363982843
2.7682333333333333,-23.898477677208593
2.7699000000000003,-23.89849164704722
2.7715666666666667,-23.898519586724472
2.77325,-23.898556839627474
2.774916666666667,-23.898603405756226
2.7765833333333334,-23.89865462849785
2.7782500000000003,-23.898701194626607
2.779916666666667,-23.898738447529606
2.7815833333333333,-23.898761730593982
2.7832500000000002,-23.89876638720686
2.7849166666666667,-23.898752417368232
2.7865833333333336,-23.898729134303856
2.78825,-23.898691881400854
2.7899166666666666,-23.898645315272102
2.7915833333333335,-23.898603405756226
2.79325,-23.898561496240347
2.794916666666667,-23.898524243337345
2.7965833333333334,-23.898496303660096
2.7982500000000003,-23.89847302059572
2.799916666666667,-23.898459050757094
2.8015833333333333,-23.898445080918467
2.8032500000000002,-23.898435767692717
2.8049333333333335,-23.898426454466968
2.8066,-23.89842179785409
2.808266666666667,-23.898426454466968
2.8099333333333334,-23.898445080918467
2.8116000000000003,-23.898477677208593
2.813266666666667,-23.8985335565631
2.8149333333333333,-23.8986080623691
2.8166,-23.898691881400854
2.8182666666666667,-23.898780357045485
2.8199333333333336,-23.89886417607724
2.8216,-23.898924712044618
2.8232666666666666,-23.898966621560493
2.8249333333333335,-23.898975934786247
2.8266,-23.89896196494762
2.828266666666667,-23.89891539881887
2.8299333333333334,-23.89885486285149
2.8316000000000003,-23.898780357045485
2.833266666666667,-23.898701194626607
2.83495,-23.898631345433476
2.836616666666667,-23.898575466078974
2.8382833333333335,-23.89852889995022
2.83995,-23.89850096027297
2.841616666666667,-23.89848233382147
2.8432833333333334,-23.898468363982843
2.8449500000000003,-23.898463707369967
2.846616666666667,-23.898468363982843
2.8482833333333333,-23.89847302059572
2.84995,-23.89849164704722
2.8516166666666667,-23.898514930111595
2.8532833333333336,-23.898556839627474
2.85495,-23.898603405756226
2.8566166666666666,-23.89865462849785
2.8582833333333335,-23.89870585123948
2.85995,-23.89874776075536
2.861616666666667,-23.898771043819735
2.8632833333333334,-23.898780357045485
2.8649666666666667,-23.89876638720686
2.8666333333333336,-23.898733790916733
2.8683,-23.898691881400854
2.869966666666667,-23.89864065865923
2.8716333333333335,-23.898584779304723
2.8733,-23.89853821317597
2.874966666666667,-23.89850096027297
2.8766333333333334,-23.898477677208593
2.8783000000000003,-23.898463707369967
2.879966666666667,-23.898463707369967
2.8816333333333333,-23.89847302059572
2.8833,-23.898486990434343
2.8849666666666667,-23.898505616885846
2.8866333333333336,-23.898519586724472
2.8883,-23.898542869788848
2.889966666666667,-23.898570809466097
2.8916333333333335,-23.8986080623691
2.8933166666666668,-23.898663941723605
2.8949833333333337,-23.898733790916733
2.89665,-23.89882226656136
2.8983166666666667,-23.89891539881887
2.8999833333333336,-23.899008531076372
2.90165,-23.899097006721
2.903316666666667,-23.899162199301255
2.9049833333333335,-23.899208765430007
2.90665,-23.899222735268633
2.908316666666667,-23.89920410881713
2.9099833333333334,-23.89916685591413
2.9116500000000003,-23.899101663333877
2.9133166666666668,-23.899022500915
2.9149833333333333,-23.898934025270368
2.91665,-23.898845549625737
2.9183166666666667,-23.89875707398111
2.9199833333333336,-23.898682568175104
2.921666666666667,-23.898612718981976
2.9233333333333333,-23.898552183014598
2.9250000000000003,-23.898496303660096
2.9266666666666667,-23.898445080918467
2.9283333333333337,-23.898398514789715
2.93,-23.89836591849959
2.9316666666666666,-23.898342635435213
2.9333333333333336,-23.898342635435213
2.935,-23.898361261886713
2.936666666666667,-23.898403171402588
2.9383333333333335,-23.898463707369967
2.94,-23.89852889995022
2.941666666666667,-23.89859874914335
2.9433333333333334,-23.89864997188498
2.9450000000000003,-23.898682568175104
2.9466666666666668,-23.898682568175104
2.9483333333333337,-23.89865462849785
2.95,-23.89859874914335
2.9516833333333334,-23.898519586724472
2.95335,-23.898426454466968
2.955016666666667,-23.898337978822337
2.9566833333333333,-23.89825881640346
2.9583500000000003,-23.898193623823204
2.9600166666666667,-23.89815171430733
2.9616833333333337,-23.89812843124295
2.96335,-23.8981191180172
2.9650166666666666,-23.898123774630076
2.9666833333333336,-23.898123774630076
2.96835,-23.89812843124295
2.970016666666667,-23.898123774630076
2.9716833333333335,-23.898123774630076
2.97335,-23.89812843124295
2.975016666666667,-23.898142401081575
2.9766833333333333,-23.898174997371704
2.9783500000000003,-23.89822622011333
2.9800166666666668,-23.898286756080708
2.9817,-23.898356605273836
2.983366666666667,-23.898426454466968
2.9850333333333334,-23.89848233382147
2.9867000000000004,-23.898519586724472
2.988366666666667,-23.8985335565631
2.9900333333333333,-23.898524243337345
2.9917000000000002,-23.89849164704722
2.9933666666666667,-23.89844042430559
2.9950333333333337,-23.89838454495109
2.9967,-23.89832400898371
2.9983666666666666,-23.898263473016332
3.0000333333333336,-23.89821690688758
3.0017,-23.898174997371704
3.003366666666667,-23.898142401081575
3.0050333333333334,-23.898114461404326
3.0067,-23.898086521727073
3.008366666666667,-23.89805858204982
3.0100333333333333,-23.89803064237257
3.0117166666666666,-23.89800270269532
3.0133833333333335,-23.897988732856692
3.01505,-23.897988732856692
3.016716666666667,-23.89801201592107
3.0183833333333334,-23.89805858204982
3.0200500000000003,-23.89812843124295
3.021716666666667,-23.898212250274703
3.0233833333333333,-23.898300725919334
3.0250500000000002,-23.898379888338212
3.0267166666666667,-23.898445080918467
3.0283833333333336,-23.89848233382147
3.03005,-23.898486990434343
3.0317166666666666,-23.898463707369967
3.0333833333333335,-23.898407828015465
3.03505,-23.898337978822337
3.036716666666667,-23.898254159790582
3.0383833333333334,-23.898170340758828
3.0400666666666667,-23.898095834952823
3.0417333333333336,-23.89803064237257
3.0434,-23.897988732856692
3.045066666666667,-23.897960793179443
3.0467333333333335,-23.897946823340817
3.0484,-23.89794216672794
3.050066666666667,-23.897946823340817
3.0517333333333334,-23.89795147995369
3.0534000000000003,-23.897960793179443
3.055066666666667,-23.897979419630943
3.0567333333333333,-23.89801201592107
3.0584000000000002,-23.898053925436948
3.0600666666666667,-23.89810980479145
3.0617333333333336,-23.898174997371704
3.0634,-23.898235533339083
3.0650666666666666,-23.898291412693585
3.0667500000000003,-23.89833332220946
3.068416666666667,-23.898351948660963
3.0700833333333333,-23.898347292048086
3.07175,-23.898319352370837
3.0734166666666667,-23.89827744285496
3.0750833333333336,-23.89822622011333
3.07675,-23.898170340758828
3.078416666666667,-23.8981191180172
3.0800833333333335,-23.898072551888447
3.08175,-23.898044612211198
3.083416666666667,-23.89803064237257
3.0850833333333334,-23.898021329146818
3.0867500000000003,-23.898025985759695
3.088416666666667,-23.898025985759695
3.0900833333333333,-23.898025985759695
3.09175,-23.898021329146818
3.0934166666666667,-23.89801201592107
3.0950833333333336,-23.898007359308195
3.09675,-23.898007359308195
3.0984166666666666,-23.898025985759695
3.1001000000000003,-23.898063238662697
3.101766666666667,-23.89812843124295
3.1034333333333333,-23.898212250274703
3.1051,-23.898310039145084
3.1067666666666667,-23.898407828015465
3.1084333333333336,-23.898505616885846
3.1101,-23.8985894359176
3.111766666666667,-23.898645315272102
3.1134333333333335,-23.89867791156223
3.1151,-23.898682568175104
3.116766666666667,-23.898663941723605
3.1184333333333334,-23.898617375594853
3.1201000000000003,-23.898561496240347
3.121766666666667,-23.89849164704722
3.1234333333333333,-23.898417141241215
3.1251,-23.898347292048086
3.1267666666666667,-23.898282099467835
3.12845,-23.898221563500456
3.130116666666667,-23.89816568414595
3.1317833333333334,-23.8981191180172
3.1334500000000003,-23.898086521727073
3.1351166666666668,-23.898063238662697
3.1367833333333337,-23.89805858204982
3.13845,-23.898077208501324
3.1401166666666667,-23.898123774630076
3.1417833333333336,-23.898184310597454
3.14345,-23.89825881640346
3.145116666666667,-23.898337978822337
3.1467833333333335,-23.898407828015465
3.14845,-23.898459050757094
3.150116666666667,-23.898486990434343
3.1517833333333334,-23.89848233382147
3.1534500000000003,-23.898449737531344
3.155116666666667,-23.89839385817684
3.1567833333333333,-23.898328665596587
3.158466666666667,-23.89825881640346
3.1601333333333335,-23.898188967210327
3.1618,-23.898137744468702
3.163466666666667,-23.8981004915657
3.1651333333333334,-23.898086521727073
3.1668000000000003,-23.898086521727073
3.1684666666666668,-23.8981004915657
3.1701333333333337,-23.898123774630076
3.1718,-23.898142401081575
3.1734666666666667,-23.898161027533078
3.1751333333333336,-23.89816568414595
3.1768,-23.898170340758828
3.178466666666667,-23.898170340758828
3.1801333333333335,-23.898170340758828
3.1818,-23.898179653984577
3.183466666666667,-23.89819828043608
3.1851333333333334,-23.898235533339083
3.1868166666666666,-23.89827744285496
3.1884833333333336,-23.898328665596587
3.19015,-23.89837523172534
3.191816666666667,-23.898417141241215
3.1934833333333335,-23.898449737531344
3.19515,-23.898463707369967
3.196816666666667,-23.898468363982843
3.1984833333333333,-23.898449737531344
3.2001500000000003,-23.898426454466968
3.2018166666666668,-23.898389201563965
3.2034833333333337,-23.898347292048086
3.20515,-23.898300725919334
3.2068166666666666,-23.89825881640346
3.2084833333333336,-23.898221563500456
3.21015,-23.898179653984577
3.211816666666667,-23.898142401081575
3.2134833333333335,-23.898105148178573
3.21515,-23.898072551888447
3.2168333333333337,-23.89804926882407
3.2185,-23.898035298985445
3.2201666666666666,-23.89803995559832
3.2218333333333335,-23.898063238662697
3.2235,-23.898114461404326
3.225166666666667,-23.898184310597454
3.2268333333333334,-23.89825881640346
3.2285000000000004,-23.898337978822337
3.230166666666667,-23.898398514789715
3.2318333333333333,-23.89844042430559
3.2335000000000003,-23.898454394144217
3.2351666666666667,-23.89843111107984
3.2368333333333337,-23.898379888338212
3.2385,-23.89830538253221
3.2401666666666666,-23.89821690688758
3.2418333333333336,-23.898123774630076
3.2435,-23.898035298985445
3.245166666666667,-23.897956136566567
3.2468500000000002,-23.897900257212065
3.2485166666666667,-23.897867660921936
3.2501833333333336,-23.897858347696186
3.25185,-23.897863004309063
3.2535166666666666,-23.89787697414769
3.2551833333333335,-23.897900257212065
3.25685,-23.897918883663564
3.258516666666667,-23.897937510115064
3.2601833333333334,-23.89795147995369
3.2618500000000004,-23.897970106405193
3.263516666666667,-23.89798407624382
3.2651833333333333,-23.898007359308195
3.2668500000000003,-23.89803064237257
3.2685166666666667,-23.89805858204982
3.2701833333333337,-23.898081865114197
3.27185,-23.8981004915657
3.2735166666666666,-23.89810980479145
3.2752000000000003,-23.89810980479145
3.276866666666667,-23.8981004915657
3.2785333333333333,-23.898081865114197
3.2802000000000002,-23.89805858204982
3.2818666666666667,-23.89803064237257
3.2835333333333336,-23.898007359308195
3.2852,-23.897979419630943
3.2868666666666666,-23.89795147995369
3.2885333333333335,-23.897928196889314
3.2902,-23.897900257212065
3.291866666666667,-23.897867660921936
3.2935333333333334,-23.897830408018933
3.2952000000000004,-23.897788498503058
3.296866666666667,-23.89774658898718
3.2985333333333333,-23.897704679471303
3.3002000000000002,-23.897672083181178
3.3018666666666667,-23.89765811334255
3.3035333333333337,-23.897672083181178
3.305216666666667,-23.89771864930993
3.3068833333333334,-23.897797811728807
3.3085500000000003,-23.897900257212065
3.310216666666667,-23.898021329146818
3.3118833333333333,-23.898142401081575
3.31355,-23.898254159790582
3.3152166666666667,-23.898337978822337
3.3168833333333336,-23.898389201563965
3.31855,-23.898403171402588
3.320216666666667,-23.898379888338212
3.3218833333333335,-23.89832400898371
3.32355,-23.898240189951956
3.325216666666667,-23.89814705769445
3.3268833333333334,-23.898044612211198
3.3285500000000003,-23.89795147995369
3.330216666666667,-23.897867660921936
3.3318833333333333,-23.897807124954557
3.3335500000000002,-23.897760558825805
3.3352333333333335,-23.897732619148556
3.3369,-23.897723305922803
3.338566666666667,-23.897723305922803
3.3402333333333334,-23.897741932374306
3.3419000000000003,-23.89776521543868
3.343566666666667,-23.897802468341684
3.3452333333333333,-23.89785369108331
3.3469,-23.897909570437815
3.3485666666666667,-23.897965449792316
3.3502333333333336,-23.898016672533945
3.351916666666667,-23.89805858204982
3.3535833333333334,-23.898077208501324
3.3552500000000003,-23.898072551888447
3.3569166666666668,-23.89804926882407
3.3585833333333337,-23.89800270269532
3.36025,-23.897946823340817
3.3619166666666667,-23.897881630760562
3.3635833333333336,-23.897821094793184
3.36525,-23.89776521543868
3.366916666666667,-23.897723305922803
3.3685833333333335,-23.897695366245554
3.37025,-23.89767673979405
3.371916666666667,-23.897672083181178
3.3735833333333334,-23.8976674265683
3.3752500000000003,-23.897662769955424
3.376916666666667,-23.8976488001168
3.3785833333333337,-23.89762086043955
3.38025,-23.897583607536546
3.3819166666666667,-23.89754169802067
3.3835833333333336,-23.89750444511767
3.38525,-23.897481162053293
3.386916666666667,-23.897476505440416
3.3885833333333335,-23.897499788504792
3.3902666666666668,-23.89754169802067
3.3919333333333337,-23.897606890600922
3.3936,-23.897672083181178
3.3952666666666667,-23.89773727576143
3.3969333333333336,-23.897793155115934
3.3986,-23.897821094793184
3.400266666666667,-23.897830408018933
3.4019333333333335,-23.897807124954557
3.4036,-23.89776521543868
3.405266666666667,-23.897704679471303
3.4069333333333334,-23.8976301736653
3.4086000000000003,-23.89755101124642
3.410266666666667,-23.897476505440416
3.4119333333333337,-23.897406656247288
3.4136,-23.897350776892786
3.4152666666666667,-23.89730421076403
3.4169333333333336,-23.89726695786103
3.4186,-23.89723901818378
3.420266666666667,-23.897225048345152
3.4219333333333335,-23.897215735119403
3.4236166666666668,-23.89722970495803
3.4252833333333337,-23.89725764463528
3.42695,-23.89730421076403
3.4286166666666666,-23.897369403344285
3.4302833333333336,-23.897448565763163
3.43195,-23.897532384794918
3.433616666666667,-23.897606890600922
3.4352833333333335,-23.8976674265683
3.43695,-23.897700022858427
3.438616666666667,-23.897704679471303
3.4402833333333334,-23.89767673979405
3.4419500000000003,-23.8976301736653
3.4436166666666668,-23.897564981085047
3.4452833333333337,-23.897490475279042
3.44695,-23.897415969473037
3.4486166666666667,-23.89735543350566
3.4503000000000004,-23.897308867376907
3.451966666666667,-23.897280927699654
3.4536333333333333,-23.89727627108678
3.4553000000000003,-23.897280927699654
3.4569666666666667,-23.897299554151157
3.4586333333333337,-23.897313523989784
3.4603,-23.89732749382841
3.4619666666666666,-23.89732749382841
3.4636333333333336,-23.897322837215533
3.4653,-23.897308867376907
3.466966666666667,-23.897299554151157
3.4686333333333335,-23.897299554151157
3.4703000000000004,-23.897313523989784
3.471966666666667,-23.89734612027991
3.4736333333333334,-23.897397343021538
3.4753000000000003,-23.897457878988916
3.4769666666666668,-23.897523071569168
3.4786333333333337,-23.897583607536546
3.480316666666667,-23.897634830278175
3.4819833333333334,-23.8976674265683
3.4836500000000004,-23.897686053019804
3.485316666666667,-23.897681396406927
3.4869833333333333,-23.897662769955424
3.4886500000000003,-23.8976301736653
3.4903166666666667,-23.897583607536546
3.4919833333333337,-23.897527728182045
3.49365,-23.89747184882754
3.4953166666666666,-23.89741131286016
3.4969833333333336,-23.89735543350566
3.49865,-23.89729489753828
3.500316666666667,-23.897243674796655
3.5019833333333334,-23.897192452055027
3.5036500000000004,-23.897155199152024
3.505316666666667,-23.89713191608765
3.5069833333333333,-23.89713191608765
3.5086500000000003,-23.8971598557649
3.5103333333333335,-23.897215735119403
3.512,-23.89729489753828
3.513666666666667,-23.897388029795785
3.5153333333333334,-23.897490475279042
3.5170000000000003,-23.89757895092367
3.518666666666667,-23.897644143503925
3.5203333333333333,-23.897681396406927
3.5220000000000002,-23.897681396406927
3.5236666666666667,-23.8976488001168
3.5253333333333337,-23.897583607536546
3.527,-23.897499788504792
3.5286666666666666,-23.897406656247288
3.5303333333333335,-23.897318180602657
3.532,-23.897243674796655
3.533666666666667,-23.897183138829277
3.5353333333333334,-23.897150542539148
3.5370000000000004,-23.897141229313398
3.538666666666667,-23.897150542539148
3.54035,-23.89716916899065
3.542016666666667,-23.897192452055027
3.5436833333333335,-23.897215735119403
3.54535,-23.897234361570902
3.547016666666667,-23.89724833140953
3.5486833333333334,-23.89725764463528
3.5503500000000003,-23.89727627108678
3.552016666666667,-23.897299554151157
3.5536833333333333,-23.89732749382841
3.5553500000000002,-23.897360090118536
3.5570166666666667,-23.897397343021538
3.5586833333333336,-23.89743459592454
3.56035,-23.89746253560179
3.562016666666667,-23.897481162053293
3.5636833333333335,-23.897495131891915
3.56535,-23.897495131891915
3.567016666666667,-23.897485818666166
3.5686833333333334,-23.89747184882754
3.5703666666666667,-23.89745322237604
3.5720333333333336,-23.897429939311664
3.5737,-23.897406656247288
3.575366666666667,-23.89738337318291
3.5770333333333335,-23.89736474673141
3.5787,-23.897341463667033
3.580366666666667,-23.897313523989784
3.5820333333333334,-23.89728558431253
3.5837000000000003,-23.897252988022405
3.585366666666667,-23.897215735119403
3.5870333333333333,-23.897183138829277
3.5887000000000002,-23.8971598557649
3.5903666666666667,-23.897155199152024
3.5920333333333336,-23.8971784822164
3.5937,-23.897225048345152
3.595366666666667,-23.897299554151157
3.5970333333333335,-23.897388029795785
3.5987,-23.897476505440416
3.6003833333333337,-23.89756032447217
3.60205,-23.897625517052425
3.6037166666666667,-23.89765811334255
3.6053833333333336,-23.897662769955424
3.60705,-23.8976301736653
3.608716666666667,-23.897574294310797
3.6103833333333335,-23.897495131891915
3.61205,-23.89740199963441
3.613716666666667,-23.897313523989784
3.6153833333333334,-23.897234361570902
3.6170500000000003,-23.89716916899065
3.618716666666667,-23.8971226028619
3.6203833333333333,-23.897103976410396
3.62205,-23.897103976410396
3.6237166666666667,-23.897117946249022
3.6253833333333336,-23.897145885926275
3.62705,-23.89718779544215
3.6287333333333334,-23.897234361570902
3.6304000000000003,-23.897290240925408
3.6320666666666668,-23.89735543350566
3.6337333333333337,-23.897420626085914
3.6354,-23.897490475279042
3.6370666666666667,-23.897555667859294
3.6387333333333336,-23.8976115472138
3.6404,-23.8976488001168
3.642066666666667,-23.897672083181178
3.6437333333333335,-23.89767673979405
3.6454,-23.897662769955424
3.647066666666667,-23.897634830278175
3.6487333333333334,-23.897597577375173
3.6504166666666666,-23.89756032447217
3.652066666666667,-23.897532384794918
3.65375,-23.89750910173054
3.655416666666667,-23.897499788504792
3.6570833333333335,-23.89750444511767
3.6587500000000004,-23.89751375834342
3.660416666666667,-23.897523071569168
3.6620833333333334,-23.897532384794918
3.6637500000000003,-23.897532384794918
3.6654166666666668,-23.897518414956295
3.6670833333333337,-23.897495131891915
3.66875,-23.89746253560179
3.6704166666666667,-23.897429939311664
3.6720833333333336,-23.897406656247288
3.67375,-23.897406656247288
3.675416666666667,-23.897425282698787
3.6770833333333335,-23.89747184882754
3.67875,-23.897532384794918
3.680416666666667,-23.8976115472138
3.6820833333333334,-23.897690709632677
3.6837500000000003,-23.89776521543868
3.685416666666667,-23.89782575140606
3.6871,-23.897858347696186
3.688766666666667,-23.897872317534812
3.6904333333333335,-23.89785369108331
3.6921000000000004,-23.89781643818031
3.693766666666667,-23.897760558825805
3.6954333333333333,-23.897686053019804
3.6971000000000003,-23.8976115472138
3.6987666666666668,-23.89754169802067
3.7004333333333337,-23.897476505440416
3.7021,-23.897425282698787
3.7037666666666667,-23.89739268640866
3.7054333333333336,-23.897374059957162
3.7071,-23.897374059957162
3.708766666666667,-23.897388029795785
3.7104333333333335,-23.897425282698787
3.7121000000000004,-23.897476505440416
3.713766666666667,-23.89755101124642
3.7154333333333334,-23.897639486891048
3.7171166666666666,-23.89774658898718
3.7187833333333336,-23.897849034470436
3.72045,-23.89795147995369
3.722116666666667,-23.89803064237257
3.7237833333333334,-23.898086521727073
3.7254500000000004,-23.89810980479145
3.727116666666667,-23.898105148178573
3.7287833333333333,-23.898067895275574
3.7304500000000003,-23.898016672533945
3.7321166666666667,-23.897956136566567
3.7337833333333337,-23.89789560059919
3.73545,-23.89784437785756
3.7371166666666666,-23.897811781567434
3.7387833333333336,-23.897793155115934
3.74045,-23.897793155115934
3.742116666666667,-23.897802468341684
3.7437833333333335,-23.897821094793184
3.7454666666666667,-23.897830408018933
3.7471333333333336,-23.89783506463181
3.7488,-23.897830408018933
3.750466666666667,-23.89781643818031
3.7521333333333335,-23.897793155115934
3.7538,-23.89777452866443
3.755466666666667,-23.89776521543868
3.7571333333333334,-23.89776521543868
3.7588000000000004,-23.89778384189018
3.760466666666667,-23.897811781567434
3.7621333333333333,-23.897849034470436
3.7638000000000003,-23.89789094398631
3.7654666666666667,-23.89792354027644
3.7671333333333337,-23.89795147995369
3.7688,-23.897960793179443
3.7704666666666666,-23.897956136566567
3.7721333333333336,-23.897937510115064
3.7738,-23.897909570437815
3.775466666666667,-23.897881630760562
3.7771500000000002,-23.897858347696186
3.7788166666666667,-23.897849034470436
3.7804833333333336,-23.897863004309063
3.78215,-23.897909570437815
3.783816666666667,-23.89798407624382
3.7854833333333335,-23.898086521727073
3.78715,-23.898212250274703
3.788816666666667,-23.898361261886713
3.7904833333333334,-23.89852889995022
3.7921500000000004,-23.898710507852357
3.793816666666667,-23.898906085593115
3.7954833333333333,-23.899115633172503
3.7971500000000002,-23.89933449397764
3.7988166666666667,-23.89955801139565
3.8004833333333337,-23.899772215587912
3.80215,-23.899967793328674
3.803816666666667,-23.900130774779306
3.8055000000000003,-23.900247190101187
3.807166666666667,-23.900307726068565
3.8088333333333337,-23.900307726068565
3.8105,-23.900247190101187
3.8121666666666667,-23.900130774779306
3.8138333333333336,-23.899977106554424
3.8155,-23.89979549865229
3.817166666666667,-23.899604577524403
3.8188333333333335,-23.899418313009395
3.8205,-23.899241361720133
3.822166666666667,-23.89908769349525
3.8238333333333334,-23.89895265172187
3.8255000000000003,-23.898836236399987
3.827166666666667,-23.898733790916733
3.8288333333333333,-23.898636002046352
3.8305000000000002,-23.89853821317597
3.8321666666666667,-23.898445080918467
3.8338333333333336,-23.898347292048086
3.835516666666667,-23.89825881640346
3.8371833333333334,-23.898184310597454
3.8388500000000003,-23.8981191180172
3.840516666666667,-23.898077208501324
3.8421833333333337,-23.89804926882407
3.84385,-23.89803064237257
3.8455166666666667,-23.898016672533945
3.8471833333333336,-23.897998046082442
3.84885,-23.897970106405193
3.850516666666667,-23.897937510115064
3.8521833333333335,-23.89789094398631
3.85385,-23.897839721244686
3.855516666666667,-23.897779185277308
3.8571833333333334,-23.897723305922803
3.8588500000000003,-23.897662769955424
3.860516666666667,-23.8976115472138
3.8621833333333333,-23.897564981085047
3.863866666666667,-23.897527728182045
3.8655333333333335,-23.897490475279042
3.8672,-23.897457878988916
3.868866666666667,-23.897420626085914
3.8705333333333334,-23.897374059957162
3.8722000000000003,-23.897332150441283
3.873866666666667,-23.89728558431253
3.8755333333333337,-23.89724833140953
3.8772,-23.89722970495803
3.8788666666666667,-23.89722970495803
3.8805333333333336,-23.89725764463528
3.8822,-23.897313523989784
3.883866666666667,-23.897388029795785
3.8855333333333335,-23.89747184882754
3.8872,-23.89756032447217
3.888866666666667,-23.8976301736653
3.8905333333333334,-23.897681396406927
3.8922000000000003,-23.897695366245554
3.8938833333333336,-23.897681396406927
3.89555,-23.897634830278175
3.897216666666667,-23.897564981085047
3.8988833333333335,-23.897481162053293
3.9005500000000004,-23.89739268640866
3.902216666666667,-23.897308867376907
3.9038833333333334,-23.897243674796655
3.9055500000000003,-23.8971971086679
3.907216666666667,-23.897173825603524
3.9088833333333337,-23.89716916899065
3.91055,-23.8971784822164
3.9122166666666667,-23.8971971086679
3.9138833333333336,-23.897220391732276
3.91555,-23.897243674796655
3.917216666666667,-23.89727627108678
3.9188833333333335,-23.897313523989784
3.92055,-23.89735543350566
3.922216666666667,-23.897406656247288
3.9239,-23.89745322237604
3.9255666666666666,-23.897499788504792
3.9272333333333336,-23.897537041407794
3.9289,-23.89756032447217
3.930566666666667,-23.89756963769792
3.9322333333333335,-23.897555667859294
3.9339000000000004,-23.897527728182045
3.935566666666667,-23.897495131891915
3.9372333333333334,-23.89745322237604
3.9389000000000003,-23.897415969473037
3.9405666666666668,-23.89738337318291
3.9422333333333337,-23.89735543350566
3.9439,-23.897341463667033
3.9455666666666667,-23.89733680705416
3.9472500000000004,-23.897332150441283
3.9489,-23.897332150441283
3.9505833333333333,-23.89732749382841
3.9522500000000003,-23.897318180602657
3.9539166666666667,-23.897299554151157
3.9555833333333337,-23.897280927699654
3.95725,-23.897262301248155
3.9589166666666666,-23.89725764463528
3.9605833333333336,-23.89726695786103
3.96225,-23.89729489753828
3.963916666666667,-23.89734612027991
3.9655833333333335,-23.89741131286016
3.9672500000000004,-23.897485818666166
3.968916666666667,-23.89756032447217
3.9705833333333334,-23.897625517052425
3.9722500000000003,-23.897672083181178
3.9739166666666668,-23.897700022858427
3.9755833333333337,-23.89770933608418
3.97725,-23.897690709632677
3.9789166666666667,-23.897653456729675
3.9805833333333336,-23.897606890600922
3.982266666666667,-23.89755101124642
3.9839333333333338,-23.897495131891915
3.9856000000000007,-23.89744390915029
3.9872666666666667,-23.897406656247288
3.9889333333333337,-23.897378716570035
3.9906000000000006,-23.89736474673141
3.9922666666666675,-23.89735543350566
3.9939333333333336,-23.89735543350566
3.9956000000000005,-23.897360090118536
3.9972666666666674,-23.897369403344285
3.9989333333333335,-23.89739268640866
