min,µS/cm
0.0,-23.90973271052806
0.0016666666666667052,-23.90965820472206
0.0033333333333334103,-23.909546446013053
0.004999999999999893,-23.909369494723794
0.006666666666666599,-23.90910872440278
0.008333333333333304,-23.908764135050014
0.010000000000000009,-23.908377636181367
0.011683333333333268,-23.908014420377096
0.013349999999999973,-23.907744336830334
0.015016666666666678,-23.907637234734203
0.016683333333333383,-23.907730366991707
0.01835000000000009,-23.908019076989973
0.02001666666666657,-23.90847076843887
0.021683333333333277,-23.90902024875815
0.023349999999999982,-23.90957904230318
0.025016666666666687,-23.910077299880832
0.026683333333333392,-23.910454485523726
0.028350000000000097,-23.910668689715987
0.03001666666666658,-23.910719912457616
0.031683333333333286,-23.910617466974358
0.03334999999999999,-23.910407919394974
0.035016666666666696,-23.910133179235334
0.0366833333333334,-23.909853782462818
0.038350000000000106,-23.909602325367555
0.04001666666666659,-23.909416060852546
0.04170000000000007,-23.909308958756416
0.043366666666666775,-23.909281019079163
0.04503333333333326,-23.909313615369292
0.046699999999999964,-23.909388121175294
0.04836666666666667,-23.9094812534328
0.050033333333333374,-23.90956972907743
0.05170000000000008,-23.909648891496307
0.05336666666666656,-23.909704770850812
0.05503333333333327,-23.909746680366688
0.05669999999999997,-23.90976530681819
0.05836666666666668,-23.90977462004394
0.06003333333333338,-23.90977462004394
0.06170000000000009,-23.90976530681819
0.06336666666666657,-23.909746680366688
0.06503333333333328,-23.90972339730231
0.06671666666666676,-23.909681487786436
0.06838333333333324,-23.909634921657684
0.07004999999999995,-23.90957904230318
0.07171666666666665,-23.909513849722927
0.07338333333333336,-23.90945331375555
0.07505000000000006,-23.909388121175294
0.07671666666666677,-23.909332241820792
0.07838333333333325,-23.90928567569204
0.08004999999999995,-23.90924376617616
0.08171666666666666,-23.909211169886035
0.08338333333333336,-23.90918788682166
0.08505000000000007,-23.909173916983033
0.08671666666666655,-23.909173916983033
0.08838333333333326,-23.909192543434536
0.09004999999999996,-23.90922513972466
0.09171666666666667,-23.90928567569204
0.09338333333333337,-23.909374151336667
0.09505000000000008,-23.909476596819925
0.09671666666666678,-23.909593012141805
0.09838333333333327,-23.909709427463685
0.10006666666666675,-23.909811872946943
0.10173333333333345,-23.90989103536582
0.10339999999999994,-23.9099329448817
0.10506666666666664,-23.909946914720326
0.10673333333333335,-23.90992363165595
0.10840000000000005,-23.90987240891432
0.11006666666666676,-23.909802559721193
0.11173333333333324,-23.909728053915188
0.11339999999999995,-23.90965820472206
0.11506666666666665,-23.90959766875468
0.11673333333333336,-23.90955110262593
0.11840000000000006,-23.9095185063358
0.12006666666666677,-23.9094998798843
0.12173333333333325,-23.90949056665855
0.12339999999999995,-23.909495223271424
0.12506666666666666,-23.909504536497177
0.12673333333333336,-23.909532476174427
0.12840000000000007,-23.909565072464556
0.13008333333333333,-23.90961629520618
0.13175000000000003,-23.90966751794781
0.13341666666666674,-23.90972339730231
0.13508333333333344,-23.909769963431064
0.13674999999999993,-23.909802559721193
0.13841666666666663,-23.909816529559816
0.14008333333333334,-23.909811872946943
0.14175000000000004,-23.909788589882567
0.14341666666666675,-23.909746680366688
0.14508333333333323,-23.909700114237936
0.14674999999999994,-23.909653548109183
0.14841666666666664,-23.909611638593308
0.15008333333333335,-23.909574385690306
0.15175000000000005,-23.909546446013053
0.15341666666666676,-23.909527819561553
0.15510000000000002,-23.909513849722927
0.15676666666666672,-23.9094998798843
0.15843333333333343,-23.9094812534328
0.16010000000000013,-23.909457970368422
0.16176666666666661,-23.909434687304046
0.16343333333333332,-23.90941140423967
0.16510000000000002,-23.909397434401047
0.16676666666666673,-23.90939277778817
0.16843333333333343,-23.909406747626797
0.17009999999999992,-23.909430030691173
0.17176666666666662,-23.909467283594175
0.17343333333333333,-23.90950919311005
0.17510000000000003,-23.909546446013053
0.17676666666666674,-23.90956972907743
0.17843333333333322,-23.90957904230318
0.18009999999999993,-23.909565072464556
0.18176666666666663,-23.909523162948677
0.18343333333333334,-23.9094626269813
0.18510000000000004,-23.90938346456242
0.18676666666666675,-23.909299645530666
0.18845,-23.909211169886035
0.1901166666666667,-23.90912735085428
0.19178333333333342,-23.909052845048276
0.19345000000000012,-23.908987652468024
0.1951166666666666,-23.908931773113522
0.1967833333333333,-23.908885206984767
0.19845000000000002,-23.908857267307518
0.20011666666666672,-23.908847954081768
0.20178333333333343,-23.908857267307518
0.2034499999999999,-23.908889863597643
0.2051166666666666,-23.908945742952145
0.20678333333333332,-23.9090109355324
0.20845000000000002,-23.909085441338405
0.21011666666666673,-23.909150633918657
0.21178333333333343,-23.909211169886035
0.21344999999999992,-23.909253079401914
0.21511666666666662,-23.909281019079163
0.21678333333333333,-23.90929498891779
0.2184666666666666,-23.909299645530666
0.2201333333333333,-23.909308958756416
0.2218,-23.909327585207915
0.2234666666666667,-23.909364838110918
0.2251333333333334,-23.909425374078296
0.2268000000000001,-23.909504536497177
0.2284666666666666,-23.90960698198043
0.2301333333333333,-23.909709427463685
0.2318,-23.909811872946943
0.2334666666666667,-23.90990034859157
0.23513333333333342,-23.909956227946076
0.2367999999999999,-23.909974854397575
0.2384666666666666,-23.909937601494573
0.2401333333333333,-23.90983515601132
0.24180000000000001,-23.909648891496307
0.24346666666666672,-23.909364838110918
0.24513333333333343,-23.9089550561779
0.24681666666666668,-23.908391606019993
0.2484833333333334,-23.90765120457283
0.2501500000000001,-23.906705912159154
0.2518166666666668,-23.90552313248884
0.2534833333333333,-23.90407492588464
0.25515,-23.9023333526693
0.2568166666666667,-23.900270473165563
0.2584833333333334,-23.89785369108331
0.2601500000000001,-23.895050410132413
0.2618166666666666,-23.891828034022744
0.2634833333333333,-23.8881493098513
0.26515,-23.883981641327953
0.2668166666666667,-23.87928311893683
0.2684833333333334,-23.874016489774927
0.2701499999999999,-23.868153814164994
0.2718166666666668,-23.861648525978275
0.2734833333333333,-23.854477342150396
0.27515,-23.846593696552606
0.27683333333333326,-23.837955679669026
0.27849999999999997,-23.8285167253709
0.2801666666666667,-23.818225610916606
0.2818333333333334,-23.80701714372589
0.2835000000000001,-23.79483544444425
0.2851666666666668,-23.781633946942925
0.2868333333333333,-23.767366085093173
0.2885,-23.751994605991985
0.2901666666666667,-23.735491569962115
0.2918333333333334,-23.717843007164934
0.2935000000000001,-23.69903029114894
0.2951666666666666,-23.67905807852701
0.2968333333333333,-23.65792171268627
0.2985,-23.63561188040097
0.3001666666666667,-23.612128581671104
0.3018333333333334,-23.587462503270928
0.3034999999999999,-23.56160433197469
0.30518333333333336,-23.534554067782384
0.30685000000000007,-23.506302397468268
0.30851666666666655,-23.47684932103234
0.3101833333333335,-23.446204151700346
0.31184999999999996,-23.414371546085167
0.31351666666666667,-23.381365474025422
0.31518333333333337,-23.34720456197262
0.3168500000000001,-23.311912092991133
0.3185166666666668,-23.275529976596836
0.32018333333333326,-23.23810943553136
0.32184999999999997,-23.199711005762087
0.3235166666666667,-23.160413849707886
0.3251833333333334,-23.120315756239144
0.3268500000000001,-23.079509857613367
0.32851666666666657,-23.03810325592668
0.3301833333333333,-22.996203053275217
0.33185,-22.953911695142235
0.3335166666666667,-22.91132697039811
0.3351833333333334,-22.868551324526106
0.33686666666666665,-22.825677889783716
0.33853333333333335,-22.782799798428453
0.34020000000000006,-22.740014839330694
0.34186666666666676,-22.697434771199447
0.34353333333333347,-22.65515738290509
0.34519999999999995,-22.613303746382382
0.34686666666666666,-22.5719902769532
0.34853333333333336,-22.53133338993943
0.35020000000000007,-22.49143087421145
0.35186666666666677,-22.452385175252513
0.35353333333333326,-22.414280112094378
0.35519999999999996,-22.377199503768793
0.35686666666666667,-22.34121785608177
0.35853333333333337,-22.306418988065058
0.3602000000000001,-22.272882062137537
0.36186666666666656,-22.240700210556714
0.36355000000000004,-22.209966565580093
0.36521666666666674,-22.18077891607805
0.36688333333333323,-22.153244364146722
0.36855000000000016,-22.127446728817862
0.37021666666666664,-22.10347914234897
0.37188333333333334,-22.081402140707432
0.37355000000000005,-22.06127625986062
0.37521666666666675,-22.04313409609866
0.37688333333333346,-22.026994275873058
0.37854999999999994,-22.01286145579669
0.38021666666666665,-22.000730979256673
0.38188333333333335,-21.99059818964014
0.38355000000000006,-21.982453773721332
0.38521666666666676,-21.976279105048757
0.38688333333333325,-21.972069527009534
0.38854999999999995,-21.969806413152163
0.39021666666666666,-21.969461823799396
0.39188333333333336,-21.971012475886855
0.3935666666666666,-21.97442577312441
0.3952333333333333,-21.979664462609062
0.39690000000000003,-21.986681978212054
0.39856666666666674,-21.99543175380464
0.4002333333333332,-22.00586256664519
0.40190000000000015,-22.017927850604956
0.40356666666666663,-22.03156706971655
0.40523333333333333,-22.046724344625474
0.40690000000000004,-22.063339139364352
0.40856666666666674,-22.081355574578676
0.41023333333333345,-22.1007084576882
0.41189999999999993,-22.121318626274036
0.41356666666666664,-22.143120887755938
0.41523333333333334,-22.16602676648927
0.41690000000000005,-22.189952443442284
0.41856666666666675,-22.2148187561961
0.42023333333333324,-22.240541885718955
0.42189999999999994,-22.26705198281773
0.4235833333333334,-22.294274541686416
0.4252499999999999,-22.32215833958339
0.4269166666666666,-22.350642840541266
0.4285833333333333,-22.379672165205548
0.43025,-22.40919043422173
0.4319166666666667,-22.439132455009563
0.43358333333333343,-22.46943303498879
0.43525000000000014,-22.500022324966277
0.4369166666666666,-22.530825819136027
0.4385833333333333,-22.561769011692036
0.44025000000000003,-22.5927773968283
0.44191666666666674,-22.623790438577434
0.44358333333333344,-22.654742944359192
0.4452499999999999,-22.685574378206198
0.44691666666666663,-22.71623817398969
0.44858333333333333,-22.746687765580923
0.45025000000000004,-22.77688590007689
0.45191666666666674,-22.806786011348844
0.4536,-22.836369472945282
0.4552666666666667,-22.865613001801826
0.4569333333333334,-22.8945119413056
0.4585999999999999,-22.923061634843734
0.4602666666666668,-22.95126208241622
0.4619333333333333,-22.979122597248818
0.4636,-23.006638522728643
0.4652666666666667,-23.03380054562995
0.4669333333333334,-23.06058072627549
0.4686000000000001,-23.08695578160088
0.4702666666666666,-23.112869832251626
0.4719333333333333,-23.138290281937593
0.4736,-23.163165907917154
0.4752666666666667,-23.187459457287314
0.47693333333333343,-23.21114764698369
0.4785999999999999,-23.234211850554782
0.4802666666666666,-23.25665206800059
0.4819333333333333,-23.278482269159742
0.4836166666666666,-23.29972108048374
0.4852833333333333,-23.320382471811204
0.48695,-23.340499039432267
0.4886166666666667,-23.36008475318555
0.4902833333333334,-23.37915358290968
0.49195,-23.397710185217537
0.4936166666666667,-23.41576852994774
0.4952833333333333,-23.43332861710029
0.49695,-23.450404416513816
0.4986166666666667,-23.466995928188318
0.5002833333333333,-23.48311712196242
0.50195,-23.498781967674745
0.5036166666666667,-23.514013748389676
0.5052833333333333,-23.528821777332958
0.50695,-23.543224680956094
0.5086166666666667,-23.557241085710583
0.5102833333333333,-23.570875648209302
0.5119666666666667,-23.584137681678
0.5136333333333334,-23.59701787289093
0.5153,-23.609502252009467
0.5169666666666667,-23.621567535969227
0.5186333333333334,-23.633199754931592
0.5203,-23.644370969219306
0.5219666666666667,-23.65505323915512
0.5236333333333334,-23.665232594900406
0.5253,-23.674899723229416
0.5269666666666667,-23.68405462414215
0.5286333333333334,-23.69271592409011
0.5303,-23.700906906137664
0.5319666666666667,-23.70867879302645
0.5336333333333334,-23.716068837659467
0.5353,-23.72312826277834
0.5369666666666667,-23.72990363451182
0.5386333333333334,-23.736422892537163
0.5403166666666667,-23.742713976531622
0.5419833333333334,-23.748786199720943
0.5436500000000001,-23.754648875330876
0.5453166666666667,-23.760292690135675
0.5469833333333334,-23.765717644135336
0.54865,-23.770923737329863
0.5503166666666667,-23.7759016564935
0.5519833333333334,-23.780656058239124
0.55365,-23.785200912405365
0.5553166666666667,-23.789550188830844
0.5569833333333334,-23.793713200741315
0.55865,-23.79771323120115
0.5603166666666667,-23.801559593436103
0.5619833333333334,-23.805270913897672
0.56365,-23.80885184919874
0.5653166666666667,-23.812311712565045
0.5669833333333334,-23.815655160609474
0.56865,-23.818886849944892
0.5703166666666667,-23.82200212395843
0.5720000000000001,-23.825010295875842
0.5736666666666667,-23.827906709084242
0.5753333333333334,-23.83069136358364
0.5770000000000001,-23.833359602761156
0.5786666666666667,-23.835906770003916
0.5803333333333334,-23.83833286531192
0.5820000000000001,-23.840637888685166
0.5836666666666667,-23.842831153349408
0.5853333333333334,-23.844921972530393
0.5870000000000001,-23.84691034622812
0.5886666666666667,-23.84880558766835
0.5903333333333334,-23.850626323302567
0.5920000000000001,-23.85236789651791
0.5936666666666667,-23.854034963927248
0.5953333333333334,-23.855636838756332
0.597,-23.85716886439229
0.5986666666666667,-23.858631040835114
0.60035,-23.860023368084814
0.6020166666666666,-23.861345846141383
0.6036833333333333,-23.862598475004827
0.60535,-23.86379056790089
0.6070166666666666,-23.8649360946682
0.6086833333333334,-23.866039711919633
0.6103500000000001,-23.86711073288094
0.6120166666666667,-23.868163127390744
0.6136833333333334,-23.869192238836174
0.6153500000000001,-23.870198067217228
0.6170166666666667,-23.87117595592103
0.6186833333333334,-23.872116591721827
0.6203500000000001,-23.87301531800675
0.6220166666666667,-23.873862821550045
0.6236833333333334,-23.87464978912596
0.6253500000000001,-23.87538553396025
0.6270166666666667,-23.87606074282716
0.6286833333333334,-23.876694042178194
0.6303666666666667,-23.877285432013352
0.6320333333333333,-23.87785353878413
0.6337,-23.878407675716286
0.6353666666666667,-23.878952499422688
0.6370333333333333,-23.879506636354844
0.6387,-23.880060773286996
0.6403666666666668,-23.88063353667065
0.6420333333333333,-23.881220269892932
0.6437,-23.881825629566716
0.6453666666666666,-23.882444959079123
0.64705,-23.883068945204407
0.6487166666666667,-23.883692931329687
0.6503833333333333,-23.884302947616344
0.65205,-23.884880367612876
0.6537166666666667,-23.885411221480656
0.6553833333333333,-23.88588619599393
0.65705,-23.886295977926952
0.6587166666666667,-23.886654537118346
0.6603833333333333,-23.88697118679386
0.66205,-23.88725524017925
0.6637166666666667,-23.887525323726017
0.6653833333333333,-23.88780472049853
0.66705,-23.888102743722545
0.6687166666666667,-23.888428706623813
0.6703833333333333,-23.888777952589457
0.67205,-23.889141168393728
0.6737166666666667,-23.889513697423745
0.6753833333333333,-23.889867600002265
0.67705,-23.89019356290353
0.6787166666666667,-23.890477616288923
0.6803833333333333,-23.890719760158433
0.68205,-23.890915337899195
0.6837333333333334,-23.891073662736954
0.6854,-23.891208704510337
0.6870666666666667,-23.89132046321934
0.6887333333333334,-23.89141825208972
0.6904,-23.891520697572975
0.6920666666666667,-23.891618486443356
0.6937333333333333,-23.891716275313737
0.6954,-23.89180940757124
0.6970666666666667,-23.891897883215872
0.6987333333333333,-23.89197704563475
0.7004,-23.892046894827878
0.7020666666666667,-23.892098117569507
0.7037333333333333,-23.892140027085386
0.7054,-23.89217262337551
0.7070666666666667,-23.892200563052764
0.7087333333333333,-23.892228502730013
0.7104,-23.892265755633016
0.7120666666666667,-23.892307665148895
0.7137333333333333,-23.892372857729146
0.7154166666666667,-23.8924566767609
0.7170666666666667,-23.892568435469908
0.71875,-23.892717447081914
0.7204166666666667,-23.8928897417583
0.7220833333333334,-23.893089976111934
0.72375,-23.893304180304195
0.7254166666666667,-23.893518384496456
0.7270833333333334,-23.893713962237218
0.72875,-23.893890913526477
0.7304166666666667,-23.89402595529986
0.7320833333333334,-23.89412374417024
0.73375,-23.894188936750492
0.7354166666666667,-23.894221533040618
0.7370833333333334,-23.89424015949212
0.73875,-23.89424947271787
0.7404166666666667,-23.894268099169373
0.7420833333333333,-23.894305352072372
0.7437666666666667,-23.894361231426878
0.7454333333333334,-23.89443573723288
0.7471,-23.89453352610326
0.7487666666666667,-23.89464062819939
0.7504333333333334,-23.894757043521274
0.7521,-23.894868802230278
0.7537666666666667,-23.894980560939285
0.7554333333333334,-23.895092319648292
0.7571,-23.895199421744422
0.7587666666666667,-23.895306523840553
0.7604333333333334,-23.895418282549556
0.7621,-23.895525384645687
0.7637666666666667,-23.895637143354694
0.7654333333333334,-23.895739588837948
0.7671,-23.89584669093408
0.7687666666666667,-23.89594447980446
0.7704333333333334,-23.896037612061964
0.7721,-23.896121431093718
0.7737666666666667,-23.8962005935126
0.7754333333333334,-23.896270442705728
0.7771166666666667,-23.896330978673106
0.7787833333333334,-23.896377544801858
0.7804500000000001,-23.89641479770486
0.7821166666666667,-23.896438080769236
0.7837833333333334,-23.896452050607863
0.7854500000000001,-23.896452050607863
0.7871166666666667,-23.896442737382113
0.7887833333333334,-23.896438080769236
0.79045,-23.896447393994986
0.7921166666666667,-23.896479990285112
0.7937833333333334,-23.896549839478244
0.79545,-23.896656941574374
0.7971166666666667,-23.89679663996063
0.7987833333333334,-23.896959621411263
0.80045,-23.89713657270052
0.8021166666666667,-23.897308867376907
0.8037833333333334,-23.89745322237604
0.80545,-23.897564981085047
0.8071333333333334,-23.8976301736653
0.8088000000000001,-23.89765811334255
0.8104666666666667,-23.897644143503925
0.8121333333333334,-23.89760223398805
0.8138000000000001,-23.89755101124642
0.8154666666666667,-23.897499788504792
0.8171333333333334,-23.897467192214666
0.8188000000000001,-23.89746253560179
0.8204666666666667,-23.897485818666166
0.8221333333333334,-23.897537041407794
0.8238000000000001,-23.8976115472138
0.8254666666666667,-23.897700022858427
0.8271333333333334,-23.897802468341684
0.8288000000000001,-23.897904913824938
0.8304666666666667,-23.898007359308195
0.8321333333333334,-23.89810980479145
0.8338,-23.898202937048953
0.8354833333333334,-23.898291412693585
0.8371500000000001,-23.89837523172534
0.8388166666666667,-23.898449737531344
0.8404833333333334,-23.898519586724472
0.8421500000000001,-23.8985894359176
0.8438166666666667,-23.89865928511073
0.8454833333333334,-23.898738447529606
0.8471500000000001,-23.898826923174237
0.8488166666666667,-23.89892936865749
0.8504833333333334,-23.899041127366498
0.8521500000000001,-23.899152886075505
0.8538166666666667,-23.899269301397386
0.8554833333333334,-23.89937174688064
0.8571500000000001,-23.899455565912394
0.8588166666666667,-23.899506788654023
0.8604833333333334,-23.899525415105526
0.8621500000000001,-23.8995114452669
0.8638166666666667,-23.899474192363897
0.8655,-23.899422969622268
0.8671666666666668,-23.89937174688064
0.8688333333333333,-23.899339150590514
0.8705,-23.899320524139014
0.8721666666666668,-23.899329837364764
0.8738333333333334,-23.89935312042914
0.8755000000000001,-23.899385716719266
0.8771666666666668,-23.899422969622268
0.8788333333333334,-23.89945090929952
0.8805000000000001,-23.89946022252527
0.8821666666666667,-23.89945090929952
0.8838333333333334,-23.89941365639652
0.8855000000000001,-23.899357777042017
0.8871666666666667,-23.899283271236012
0.8888333333333334,-23.89920410881713
0.8905000000000001,-23.899120289785376
0.8921666666666667,-23.899045783979375
0.8938333333333334,-23.89898059139912
0.8955166666666667,-23.898934025270368
0.8971833333333333,-23.898906085593115
0.89885,-23.898896772367365
0.9005166666666667,-23.89891539881887
0.9021833333333333,-23.898957308334744
0.90385,-23.899017844302122
0.9055166666666667,-23.899101663333877
0.9071833333333333,-23.899199452204257
0.90885,-23.89930189768751
0.9105166666666668,-23.899390373332142
0.9121833333333333,-23.899464879138147
0.91385,-23.899506788654023
0.9155166666666668,-23.899525415105526
0.9171833333333334,-23.8995114452669
0.9188500000000001,-23.899474192363897
0.9205166666666668,-23.899422969622268
0.9221833333333334,-23.899367090267766
0.9238666666666667,-23.899320524139014
0.9255333333333334,-23.899283271236012
0.9272,-23.899269301397386
0.9288666666666667,-23.899269301397386
0.9305333333333333,-23.899278614623135
0.9322,-23.89929258446176
0.9338666666666667,-23.899306554300388
0.9355333333333333,-23.899311210913265
0.9372,-23.899306554300388
0.9388666666666667,-23.89929724107464
0.9405333333333333,-23.89929258446176
0.9422,-23.89929258446176
0.9438666666666667,-23.89930189768751
0.9455333333333333,-23.899325180751887
0.9472,-23.89936243365489
0.9488833333333334,-23.89940434317077
0.95055,-23.899455565912394
0.9522166666666667,-23.899497475428273
0.9538833333333334,-23.899534728331275
0.95555,-23.899553354782775
0.9572166666666667,-23.89955801139565
0.9588833333333334,-23.8995486981699
0.96055,-23.89952075849265
0.9622166666666667,-23.89947884897677
0.9638833333333334,-23.899432282848018
0.96555,-23.899381060106393
0.9672166666666667,-23.899329837364764
0.9688833333333334,-23.899283271236012
0.97055,-23.89924601833301
0.9722166666666667,-23.899222735268633
0.9738833333333334,-23.899218078655757
0.97555,-23.89923670510726
0.9772166666666667,-23.899278614623135
0.9788833333333333,-23.899348463816263
0.98055,-23.89944159607377
0.9822333333333334,-23.899553354782775
0.9839,-23.899665113491782
0.9855666666666667,-23.899767558975036
0.9872333333333334,-23.899846721393917
0.9889,-23.899897944135542
0.9905666666666667,-23.899916570587045
0.9922333333333334,-23.899897944135542
0.9939,-23.899856034619667
0.9955666666666667,-23.89979549865229
0.9972333333333334,-23.899730306072033
0.9989,-23.89966977010466
1.0005666666666666,-23.899623203975903
1.0022333333333333,-23.899595264298654
1.0039,-23.899590607685777
1.0055666666666667,-23.899595264298654
1.0072333333333334,-23.89961854736303
1.0089000000000001,-23.89964648704028
1.0105666666666666,-23.89967908333041
1.01225,-23.899711679620534
1.0139166666666668,-23.899748932523536
1.0155833333333333,-23.89978618542654
1.01725,-23.899828094942414
1.0189166666666667,-23.899870004458293
1.0205833333333334,-23.89991191397417
1.02225,-23.899953823490048
1.0239166666666668,-23.899986419780173
1.0255833333333333,-23.9000190160703
1.02725,-23.90005161236043
1.0289166666666667,-23.900070238811928
1.0305833333333334,-23.900088865263427
1.0322500000000001,-23.90009817848918
1.0339166666666668,-23.900102835102054
1.0355833333333333,-23.900102835102054
1.03725,-23.90009817848918
1.0389333333333335,-23.900084208650554
1.0406,-23.90006558219905
1.0422666666666667,-23.900042299134675
1.0439333333333334,-23.900014359457426
1.0456,-23.899981763167297
1.0472666666666668,-23.89995848010292
1.0489333333333333,-23.89993985365142
1.0506,-23.899944510264298
1.0522666666666667,-23.899977106554424
1.0539333333333334,-23.900037642521802
1.0556,-23.900121461553557
1.0572666666666668,-23.900228563649687
1.0589333333333333,-23.90034032235869
1.0606,-23.90044742445482
1.0622666666666667,-23.900535900099452
1.0639333333333334,-23.90059643606683
1.0656,-23.900624375744083
1.0672666666666668,-23.900624375744083
1.0689333333333333,-23.900591779453954
1.0706166666666668,-23.90054055671233
1.0722833333333335,-23.900484677357824
1.07395,-23.900428798003322
1.0756166666666667,-23.90038223187457
1.0772833333333334,-23.900354292197317
1.07895,-23.90034032235869
1.0806166666666668,-23.90034032235869
1.0822833333333335,-23.900349635584444
1.08395,-23.90037291864882
1.0856166666666667,-23.900410171551822
1.0872833333333334,-23.900452081067698
1.08895,-23.900503303809327
1.0906166666666668,-23.90055918316383
1.0922833333333335,-23.900624375744083
1.09395,-23.900684911711462
1.0956166666666667,-23.900736134453087
1.0972833333333334,-23.900778043968966
1.09895,-23.900801327033342
1.1006333333333334,-23.900805983646215
1.1023,-23.900792013807592
1.1039666666666668,-23.90076407413034
1.1056333333333335,-23.900726821227337
1.1073,-23.900680255098585
1.1089666666666667,-23.900638345582706
1.1106333333333334,-23.900601092679707
1.1123,-23.900573153002455
1.1139666666666668,-23.90055918316383
1.1156333333333335,-23.900545213325202
1.1173,-23.90054055671233
1.1189666666666667,-23.900535900099452
1.1206333333333334,-23.900531243486576
1.1223,-23.900535900099452
1.1239666666666668,-23.900545213325202
1.1256333333333335,-23.900568496389578
1.1273,-23.900610405905457
1.1289666666666667,-23.90066628525996
1.1306500000000002,-23.900736134453087
1.1323166666666666,-23.90081529687197
1.1339833333333333,-23.900894459290846
1.13565,-23.9009596518711
1.1373166666666668,-23.901010874612727
1.1389833333333335,-23.901043470902856
1.1406500000000002,-23.901052784128606
1.1423166666666666,-23.901043470902856
1.1439833333333334,-23.90102018783848
1.14565,-23.90098759154835
1.1473166666666668,-23.900950338645348
1.1489833333333335,-23.9009223989681
1.15065,-23.900899115903723
1.1523166666666667,-23.900885146065097
1.1539833333333334,-23.90088048945222
1.15565,-23.90088980267797
1.1573166666666668,-23.900899115903723
1.1589833333333335,-23.9009223989681
1.1606666666666667,-23.900954995258225
1.1623333333333334,-23.901001561386977
1.1640000000000001,-23.901062097354355
1.1656666666666666,-23.90113660316036
1.1673333333333333,-23.901211108966365
1.169,-23.901285614772366
1.1706666666666667,-23.90134149412687
1.1723333333333334,-23.901378747029874
1.1740000000000002,-23.901383403642747
1.1756666666666666,-23.90136012057837
1.1773333333333333,-23.901308897836742
1.179,-23.901239048643614
1.1806666666666668,-23.90115522961186
1.1823333333333335,-23.90107606719298
1.1840000000000002,-23.901006217999853
1.1856666666666666,-23.900950338645348
1.1873333333333334,-23.900913085742346
1.1890166666666668,-23.900899115903723
1.1906833333333333,-23.900899115903723
1.19235,-23.900913085742346
1.1940166666666667,-23.90093171219385
1.1956833333333334,-23.900950338645348
1.1973500000000001,-23.9009782783226
1.1990166666666666,-23.901010874612727
1.2006833333333333,-23.901052784128606
1.20235,-23.901104006870234
1.2040166666666667,-23.90115522961186
1.2056833333333334,-23.901215765579238
1.2073500000000001,-23.90127164493374
1.2090166666666666,-23.901318211062495
1.2106833333333333,-23.90135080735262
1.21235,-23.90136943380412
1.2140166666666667,-23.90136943380412
1.2157,-23.90135080735262
1.2173666666666667,-23.901318211062495
1.2190333333333334,-23.90127164493374
1.2207000000000001,-23.901220422192115
1.2223666666666668,-23.901169199450486
1.2240333333333333,-23.901122633321734
1.2257,-23.90108538041873
1.2273666666666667,-23.90105744074148
1.2290333333333334,-23.90103881428998
1.2307000000000001,-23.901034157677103
1.2323666666666668,-23.90103881428998
1.2340333333333333,-23.901052784128606
1.2357,-23.90108538041873
1.2373666666666667,-23.901131946547483
1.2390333333333334,-23.901192482514862
1.2407000000000001,-23.901266988320867
1.2423666666666666,-23.90135080735262
1.2440333333333333,-23.9014299697715
1.2457166666666668,-23.901499818964627
1.2473833333333333,-23.901555698319132
1.24905,-23.901588294609258
1.2507166666666667,-23.901597607835008
1.2523833333333334,-23.90158363799638
1.25405,-23.901551041706256
1.2557166666666668,-23.901504475577504
1.2573833333333333,-23.901453252835875
1.25905,-23.90140203009425
1.2607166666666667,-23.901355463965494
1.2623833333333334,-23.90132286767537
1.2640500000000001,-23.90130424122387
1.2657166666666668,-23.901299584610992
1.2673833333333333,-23.901308897836742
1.26905,-23.901332180901118
1.2707166666666667,-23.901374090416997
1.2723833333333334,-23.9014299697715
1.2740500000000001,-23.901495162351754
1.2757166666666668,-23.901574324770632
1.2774,-23.901653487189513
1.2790666666666668,-23.90172333638264
1.2807333333333335,-23.901779215737143
1.2824,-23.901816468640146
1.2840666666666667,-23.901830438478772
1.2857333333333334,-23.901816468640146
1.2874,-23.90178387235002
1.2890666666666668,-23.90174196283414
1.2907333333333333,-23.901690740092512
1.2924,-23.90163486073801
1.2940666666666667,-23.901588294609258
1.2957333333333334,-23.901551041706256
1.2974,-23.901523102029003
1.2990666666666668,-23.901504475577504
1.3007333333333333,-23.901490505738877
1.3024,-23.90147653590025
1.3040666666666667,-23.901462566061625
1.3057333333333334,-23.901448596223002
1.3074166666666667,-23.901434626384376
1.3090833333333334,-23.9014299697715
1.31075,-23.90143928299725
1.3124166666666668,-23.9014672226745
1.3140833333333335,-23.90151844541613
1.31575,-23.901588294609258
1.3174166666666667,-23.901672113641013
1.3190833333333334,-23.901755932672767
1.32075,-23.901835095091645
1.3224166666666668,-23.9019002876719
1.3240833333333335,-23.901937540574902
1.32575,-23.901946853800652
1.3274166666666667,-23.901932883962026
1.3290833333333334,-23.90189097444615
1.33075,-23.901835095091645
1.3324166666666668,-23.901769902511393
1.3340833333333333,-23.901709366544015
1.3357666666666668,-23.901648830576637
1.3374333333333335,-23.901602264447884
1.3391,-23.90156966815776
1.3407666666666667,-23.90154638509338
1.3424333333333334,-23.901532415254756
1.3441,-23.901532415254756
1.3457666666666668,-23.901551041706256
1.3474333333333335,-23.90158363799638
1.3491,-23.90163486073801
1.3507666666666667,-23.90169539670539
1.3524333333333334,-23.901755932672767
1.3541,-23.901816468640146
1.3557666666666668,-23.901867691381774
1.3574333333333335,-23.901895631059023
1.3591,-23.9019002876719
1.3607666666666667,-23.901881661220397
1.3624333333333334,-23.901844408317398
1.3641,-23.901797842188643
1.3657833333333333,-23.90174196283414
1.36745,-23.901690740092512
1.3691166666666668,-23.901648830576637
1.3707833333333335,-23.901620890899384
1.3724500000000002,-23.901606921060758
1.3741166666666667,-23.901602264447884
1.3757833333333334,-23.901611577673634
1.37745,-23.901620890899384
1.3791166666666668,-23.90163486073801
1.3807833333333335,-23.90164417396376
1.38245,-23.901658143802386
1.3841166666666667,-23.90167677025389
1.3857833333333334,-23.901700053318265
1.38745,-23.901737306221268
1.3891166666666668,-23.901779215737143
1.3907833333333335,-23.901835095091645
1.39245,-23.90189097444615
1.3941166666666667,-23.901942197187775
1.3958000000000002,-23.901993419929404
1.3974666666666666,-23.902030672832407
1.3991333333333333,-23.902053955896783
1.4008,-23.902063269122532
1.4024666666666668,-23.902053955896783
1.4041333333333335,-23.902035329445283
1.4058000000000002,-23.902002733155154
1.4074666666666666,-23.901970136865028
1.4091333333333333,-23.901928227349153
1.4108,-23.90189097444615
1.4124666666666668,-23.901853721543148
1.4141333333333335,-23.90181181202727
1.4158000000000002,-23.901774559124267
1.4174666666666667,-23.901737306221268
1.4191333333333334,-23.901714023156888
1.4208,-23.901700053318265
1.4224666666666668,-23.901709366544015
1.42415,-23.901737306221268
1.4258166666666667,-23.901779215737143
1.4274833333333334,-23.901830438478772
1.4291500000000001,-23.901881661220397
1.4308166666666666,-23.901923570736276
1.4324833333333333,-23.901946853800652
1.43415,-23.90195151041353
1.4358166666666667,-23.901928227349153
1.4374833333333334,-23.901881661220397
1.4391500000000002,-23.901816468640146
1.4408166666666666,-23.90174196283414
1.4424833333333333,-23.901662800415263
1.44415,-23.901592951222135
1.4458166666666667,-23.90153707186763
1.4474833333333335,-23.901495162351754
1.4491500000000002,-23.901471879287378
1.4508166666666666,-23.9014672226745
1.4524833333333333,-23.90147653590025
1.4541666666666668,-23.901495162351754
1.4558333333333333,-23.901532415254756
1.4575,-23.90157898138351
1.4591666666666667,-23.90163486073801
1.4608333333333334,-23.90169539670539
1.4625000000000001,-23.901755932672767
1.4641666666666668,-23.901807155414396
1.4658333333333333,-23.90184906493027
1.4675,-23.901867691381774
1.4691666666666667,-23.901872347994647
1.4708333333333334,-23.90185837815602
1.4725000000000001,-23.901830438478772
1.4741666666666668,-23.901797842188643
1.4758333333333333,-23.901760589285644
1.4775,-23.90172333638264
1.4791666666666667,-23.90169539670539
1.4808333333333334,-23.901672113641013
1.4825000000000002,-23.901653487189513
1.4841833333333334,-23.901639517350887
1.4858500000000001,-23.901620890899384
1.4875166666666668,-23.901592951222135
1.4891833333333333,-23.901565011544882
1.49085,-23.90152775864188
1.4925166666666667,-23.901495162351754
1.4941833333333334,-23.90147653590025
1.4958500000000001,-23.901471879287378
1.4975166666666668,-23.901495162351754
1.4991833333333333,-23.90154638509338
1.50085,-23.90161623428651
1.5025166666666667,-23.901690740092512
1.5041833333333334,-23.901765245898517
1.5058500000000001,-23.901825781865895
1.5075166666666668,-23.90185837815602
1.5091833333333333,-23.901863034768898
1.51085,-23.901835095091645
1.5125333333333335,-23.901779215737143
1.5142,-23.90170470993114
1.5158666666666667,-23.90161623428651
1.5175333333333334,-23.90152775864188
1.5192,-23.901448596223002
1.5208666666666668,-23.901383403642747
1.5225333333333335,-23.901332180901118
1.5242,-23.901299584610992
1.5258666666666667,-23.901285614772366
1.5275333333333334,-23.901285614772366
1.5292000000000001,-23.901299584610992
1.5308666666666668,-23.901332180901118
1.5325333333333333,-23.901383403642747
1.5342,-23.901443939610125
1.5358666666666667,-23.901513788803253
1.53755,-23.90157898138351
1.5392000000000001,-23.90163486073801
1.5408833333333334,-23.901672113641013
1.54255,-23.90168608347964
1.5442166666666668,-23.901672113641013
1.5458833333333335,-23.90163486073801
1.54755,-23.90158363799638
1.5492166666666667,-23.90151844541613
1.5508833333333334,-23.901448596223002
1.55255,-23.901388060255623
1.5542166666666668,-23.901336837513995
1.5558833333333335,-23.901299584610992
1.55755,-23.901280958159493
1.5592166666666667,-23.901276301546616
1.5608833333333334,-23.901276301546616
1.56255,-23.901280958159493
1.5642166666666668,-23.901285614772366
1.5658833333333335,-23.901280958159493
1.56755,-23.901280958159493
1.5692166666666667,-23.901276301546616
1.5709000000000002,-23.901285614772366
1.5725666666666667,-23.90130424122387
1.5742333333333334,-23.901336837513995
1.5759,-23.901374090416997
1.5775666666666668,-23.90142065654575
1.5792333333333335,-23.9014672226745
1.5809,-23.901504475577504
1.5825666666666667,-23.901523102029003
1.5842333333333334,-23.90152775864188
1.5859,-23.90150913219038
1.5875666666666668,-23.9014672226745
1.5892333333333335,-23.901406686707123
1.5909,-23.901332180901118
1.5925666666666667,-23.901248361869364
1.5942333333333334,-23.901159886224736
1.5959,-23.90107606719298
1.5975666666666668,-23.901001561386977
1.5992333333333335,-23.900945682032475
1.6009,-23.900908429129473
1.6025833333333335,-23.900894459290846
1.6042500000000002,-23.900913085742346
1.6059166666666667,-23.9009596518711
1.6075833333333334,-23.901034157677103
1.60925,-23.901122633321734
1.6109166666666668,-23.901215765579238
1.6125833333333335,-23.90130424122387
1.6142500000000002,-23.90136943380412
1.6159166666666667,-23.901406686707123
1.6175833333333334,-23.90141134332
1.61925,-23.901388060255623
1.6209166666666668,-23.90134149412687
1.6225833333333335,-23.901276301546616
1.62425,-23.901211108966365
1.6259166666666667,-23.90115522961186
1.6275833333333334,-23.901113320095984
1.62925,-23.901090037031608
1.6309333333333333,-23.90108538041873
1.6326,-23.901099350257358
1.6342666666666668,-23.901117976708857
1.6359333333333335,-23.90114591638611
1.6376000000000002,-23.901169199450486
1.6392666666666666,-23.901187825901985
1.6409333333333334,-23.90120179574061
1.6426,-23.901215765579238
1.6442666666666668,-23.90123439203074
1.6459333333333335,-23.901257675095117
1.6476000000000002,-23.90129492799812
1.6492666666666667,-23.901336837513995
1.6509333333333334,-23.901388060255623
1.6526,-23.901443939610125
1.6542666666666668,-23.901495162351754
1.6559333333333335,-23.901541728480506
1.6576000000000002,-23.901574324770632
1.6592833333333334,-23.901592951222135
1.6609500000000001,-23.901592951222135
1.6626166666666669,-23.90157898138351
1.6642833333333333,-23.901551041706256
1.66595,-23.901513788803253
1.6676166666666667,-23.9014672226745
1.6692833333333335,-23.901415999932873
1.6709500000000002,-23.90136012057837
1.6726166666666666,-23.90130424122387
1.6742833333333333,-23.90125301848224
1.67595,-23.901211108966365
1.6776166666666668,-23.901192482514862
1.6792833333333335,-23.90120179574061
1.6809500000000002,-23.901248361869364
1.6826166666666666,-23.90132286767537
1.6842833333333334,-23.9014299697715
1.68595,-23.90154638509338
1.6876166666666668,-23.901667457028136
1.6893,-23.901765245898517
1.6909666666666667,-23.901835095091645
1.6926333333333334,-23.901867691381774
1.6943000000000001,-23.901863034768898
1.6959666666666668,-23.90182112525302
1.6976333333333333,-23.901755932672767
1.6993,-23.90167677025389
1.7009666666666667,-23.901592951222135
1.7026333333333334,-23.90152775864188
1.7043000000000001,-23.90147653590025
1.7059666666666669,-23.90145790944875
1.7076333333333333,-23.90145790944875
1.7093,-23.901485849126004
1.7109666666666667,-23.901532415254756
1.7126333333333335,-23.901588294609258
1.7143000000000002,-23.901658143802386
1.7159666666666666,-23.901727992995514
1.7176333333333333,-23.901807155414396
1.7193166666666668,-23.901881661220397
1.7209833333333333,-23.90195151041353
1.72265,-23.902012046380907
1.7243166666666667,-23.902053955896783
1.7259833333333334,-23.902081895574035
1.7276500000000001,-23.90209586541266
1.7293166666666668,-23.90209586541266
1.7309833333333333,-23.90208655218691
1.73265,-23.902072582348282
1.7343166666666667,-23.902063269122532
1.7359833333333334,-23.90205861250966
1.7376500000000001,-23.90205861250966
1.7393166666666668,-23.90206792573541
1.7409833333333333,-23.902072582348282
1.74265,-23.902081895574035
1.7443166666666667,-23.90207723896116
1.7459833333333334,-23.90206792573541
1.7476500000000001,-23.902039986058156
1.7493333333333334,-23.90200738976803
1.7510000000000001,-23.901970136865028
1.7526666666666668,-23.901942197187775
1.7543333333333335,-23.901932883962026
1.756,-23.901942197187775
1.7576666666666667,-23.901984106703654
1.7593333333333334,-23.902049299283906
1.7610000000000001,-23.90212380508991
1.7626666666666668,-23.902202967508792
1.7643333333333333,-23.902268160089044
1.766,-23.902314726217796
1.7676666666666667,-23.902328696056422
1.7693333333333334,-23.902314726217796
1.7710000000000001,-23.902268160089044
1.7726666666666668,-23.902202967508792
1.7743333333333333,-23.902128461702787
1.776,-23.902049299283906
1.7776833333333335,-23.901974793477905
1.77935,-23.90190960089765
1.7810166666666667,-23.901863034768898
1.7826833333333334,-23.90183975170452
1.78435,-23.901830438478772
1.7860166666666668,-23.90183975170452
1.7876833333333335,-23.901872347994647
1.78935,-23.901923570736276
1.7910166666666667,-23.901993419929404
1.7926833333333334,-23.902072582348282
1.7943500000000001,-23.902161057992913
1.7960166666666668,-23.90224022041179
1.7976833333333335,-23.902305412992046
1.79935,-23.90234266589505
1.8010166666666667,-23.902351979120798
1.8026833333333334,-23.9023333526693
1.8043500000000001,-23.90228212992767
1.8060166666666668,-23.902212280734542
1.8077,-23.90213311831566
1.8093666666666668,-23.90205861250966
1.8110333333333335,-23.901993419929404
1.8127,-23.901942197187775
1.8143666666666667,-23.901904944284773
1.8160333333333334,-23.901886317833274
1.8177,-23.901877004607524
1.8193666666666668,-23.901867691381774
1.8210333333333335,-23.901853721543148
1.8227,-23.901830438478772
1.8243666666666667,-23.90180249880152
1.8260333333333334,-23.901765245898517
1.8277,-23.901737306221268
1.8293666666666668,-23.901714023156888
1.8310333333333335,-23.901709366544015
1.8327,-23.901718679769765
1.8343833333333335,-23.90174196283414
1.8360500000000002,-23.901774559124267
1.8377166666666667,-23.901807155414396
1.8393833333333334,-23.90183975170452
1.84105,-23.90185837815602
1.8427166666666668,-23.901867691381774
1.8443833333333335,-23.901853721543148
1.8460500000000002,-23.90182112525302
1.8477166666666667,-23.901769902511393
1.8493833333333334,-23.90170470993114
1.85105,-23.901630204125134
1.8527166666666668,-23.901551041706256
1.8543833333333335,-23.90147653590025
1.8560500000000002,-23.90140203009425
1.8577166666666667,-23.901346150739744
1.8593833333333334,-23.901299584610992
1.86105,-23.901280958159493
1.8627166666666668,-23.901285614772366
1.8643833333333335,-23.901318211062495
1.8660666666666668,-23.901378747029874
1.8677333333333335,-23.901462566061625
1.8694000000000002,-23.901551041706256
1.8710666666666667,-23.901639517350887
1.8727333333333334,-23.901714023156888
1.8744,-23.901760589285644
1.8760666666666668,-23.901769902511393
1.8777333333333335,-23.901746619447017
1.8794000000000002,-23.90168608347964
1.8810666666666667,-23.901602264447884
1.8827333333333334,-23.90150913219038
1.8844,-23.90141134332
1.8860666666666668,-23.901327524288245
1.8877333333333335,-23.90126233170799
1.8894000000000002,-23.901225078804988
1.8910666666666667,-23.901211108966365
1.8927333333333334,-23.901215765579238
1.8944,-23.901229735417864
1.8960833333333333,-23.901248361869364
1.89775,-23.90126233170799
1.8994166666666668,-23.90127164493374
1.9010833333333335,-23.901276301546616
1.9027500000000002,-23.901280958159493
1.9044166666666669,-23.901290271385243
1.9060833333333334,-23.901308897836742
1.90775,-23.901332180901118
1.9094166666666668,-23.901355463965494
1.9110833333333335,-23.901383403642747
1.9127500000000002,-23.901406686707123
1.9144166666666667,-23.901425313158626
1.9160833333333334,-23.901434626384376
1.91775,-23.9014299697715
1.9194166666666668,-23.901415999932873
1.9210833333333335,-23.901383403642747
1.9227500000000002,-23.901346150739744
1.9244166666666667,-23.901290271385243
1.9261000000000001,-23.901229735417864
1.9277666666666669,-23.90116454283761
1.9294333333333333,-23.901090037031608
1.9311,-23.901015531225603
1.9327666666666667,-23.9009410254196
1.9344333333333334,-23.90088048945222
1.9361000000000002,-23.900843236549218
1.9377666666666669,-23.900833923323468
1.9394333333333333,-23.900857206387844
1.9411,-23.900917742355222
1.9427666666666668,-23.901006217999853
1.9444333333333335,-23.901117976708857
1.9461000000000002,-23.901225078804988
1.9477666666666669,-23.90132286767537
1.9494333333333334,-23.901388060255623
1.9511,-23.901415999932873
1.9527666666666668,-23.901397373481373
1.95445,-23.90134149412687
1.9561166666666667,-23.901257675095117
1.9577833333333334,-23.90115522961186
1.9594500000000001,-23.901052784128606
1.9611166666666668,-23.900964308483974
1.9627833333333333,-23.900899115903723
1.96445,-23.90086186300072
1.9661166666666667,-23.90085254977497
1.9677833333333334,-23.90086186300072
1.9694500000000001,-23.900894459290846
1.9711166666666669,-23.900936368806725
1.9727833333333333,-23.9009782783226
1.97445,-23.901024844451353
1.9761166666666667,-23.90107606719298
1.9777833333333334,-23.901122633321734
1.9794500000000002,-23.90116454283761
1.9811166666666669,-23.901206452353488
1.9827833333333333,-23.901239048643614
1.9844666666666668,-23.90126233170799
1.9861333333333335,-23.90127164493374
1.9878,-23.90127164493374
1.9894666666666667,-23.901266988320867
1.9911333333333334,-23.901248361869364
1.9928000000000001,-23.901225078804988
1.9944666666666668,-23.90119713912774
1.9961333333333335,-23.901169199450486
1.9978,-23.901141259773233
1.9994666666666667,-23.901108663483107
2.001133333333333,-23.90107606719298
2.0028,-23.90103881428998
2.0044666666666666,-23.901001561386977
2.0061333333333335,-23.9009596518711
2.0078,-23.900917742355222
2.009466666666667,-23.90088048945222
2.0111333333333334,-23.90085254977497
2.0128166666666667,-23.900843236549218
2.0144833333333336,-23.900857206387844
2.01615,-23.900894459290846
2.0178166666666666,-23.900954995258225
2.0194833333333335,-23.90102950106423
2.02115,-23.901113320095984
2.022816666666667,-23.901183169289112
2.0244833333333334,-23.90123439203074
2.02615,-23.901257675095117
2.027816666666667,-23.901248361869364
2.0294833333333333,-23.901206452353488
2.0311500000000002,-23.90113660316036
2.0328166666666667,-23.90104812751573
2.0344833333333336,-23.900954995258225
2.03615,-23.900866519613594
2.0378166666666666,-23.900792013807592
2.0394833333333335,-23.900740791065964
2.04115,-23.90071285138871
2.0428333333333333,-23.900717508001588
2.0445,-23.900740791065964
2.0461666666666667,-23.900787357194716
2.0478333333333336,-23.900847893162094
2.0495,-23.900917742355222
2.0511666666666666,-23.900992248161227
2.0528333333333335,-23.901066753967232
2.0545,-23.901131946547483
2.056166666666667,-23.901178512676235
2.0578333333333334,-23.90120179574061
2.0595,-23.90120179574061
2.061166666666667,-23.901183169289112
2.0628333333333333,-23.90114591638611
2.0645000000000002,-23.901099350257358
2.0661666666666667,-23.901052784128606
2.0678333333333336,-23.901015531225603
2.0695,-23.90098759154835
2.0711666666666666,-23.90096896509685
2.0728500000000003,-23.90096896509685
2.074516666666667,-23.900973621709724
2.0761833333333333,-23.9009782783226
2.07785,-23.900973621709724
2.0795166666666667,-23.900954995258225
2.0811833333333336,-23.900927055580972
2.08285,-23.90088980267797
2.0845166666666666,-23.900843236549218
2.0861833333333335,-23.900805983646215
2.08785,-23.90078270058184
2.089516666666667,-23.90078270058184
2.0911833333333334,-23.900801327033342
2.0928500000000003,-23.900838579936345
2.094516666666667,-23.90088980267797
2.0961833333333333,-23.900950338645348
2.09785,-23.9009969047741
2.0995166666666667,-23.901034157677103
2.1012,-23.901052784128606
2.102866666666667,-23.90104812751573
2.1045333333333334,-23.90102018783848
2.1062000000000003,-23.900973621709724
2.1078666666666668,-23.900917742355222
2.1095333333333333,-23.90085254977497
2.1112,-23.900787357194716
2.1128666666666667,-23.900726821227337
2.1145333333333336,-23.90067559848571
2.1162,-23.900633688969833
2.1178666666666666,-23.900610405905457
2.1195333333333335,-23.900610405905457
2.1212,-23.900629032356957
2.122866666666667,-23.900680255098585
2.1245333333333334,-23.900759417517463
2.1262166666666666,-23.90085254977497
2.1278833333333336,-23.9009596518711
2.12955,-23.901062097354355
2.131216666666667,-23.90114591638611
2.1328833333333335,-23.90120179574061
2.13455,-23.901220422192115
2.136216666666667,-23.901206452353488
2.1378833333333334,-23.901159886224736
2.1395500000000003,-23.901090037031608
2.1412166666666668,-23.901015531225603
2.1428833333333333,-23.900936368806725
2.14455,-23.900875832839347
2.1462166666666667,-23.900833923323468
2.1478833333333336,-23.90081529687197
2.14955,-23.90081529687197
2.1512166666666666,-23.90082926671059
2.1528833333333335,-23.900847893162094
2.15455,-23.90086186300072
2.156216666666667,-23.90087117622647
2.1578833333333334,-23.90087117622647
2.1595500000000003,-23.90087117622647
2.1612333333333336,-23.900866519613594
2.1629,-23.900866519613594
2.164566666666667,-23.900875832839347
2.1662333333333335,-23.90088980267797
2.1679,-23.900913085742346
2.169566666666667,-23.9009410254196
2.1712333333333333,-23.90096896509685
2.1729000000000003,-23.9009969047741
2.1745666666666668,-23.901010874612727
2.1762333333333332,-23.901015531225603
2.1779,-23.901010874612727
2.1795666666666667,-23.90098759154835
2.1812333333333336,-23.900950338645348
2.1829,-23.900908429129473
2.184566666666667,-23.90086186300072
2.1862333333333335,-23.900810640259092
2.1879,-23.900759417517463
2.189566666666667,-23.900708194775838
2.19125,-23.90066628525996
2.1929166666666666,-23.900638345582706
2.1945833333333336,-23.900624375744083
2.19625,-23.900638345582706
2.197916666666667,-23.900680255098585
2.1995833333333334,-23.90075476090459
2.20125,-23.90085254977497
2.202916666666667,-23.90096896509685
2.2045833333333333,-23.90108538041873
2.2062500000000003,-23.901187825901985
2.2079166666666667,-23.901257675095117
2.2095833333333332,-23.90129492799812
2.21125,-23.901285614772366
2.2129166666666666,-23.90124370525649
2.2145833333333336,-23.901169199450486
2.21625,-23.90107606719298
2.2179333333333333,-23.9009782783226
2.2196000000000002,-23.90088980267797
2.2212666666666667,-23.90081529687197
2.2229333333333336,-23.900759417517463
2.2246,-23.90072216461446
2.2262666666666666,-23.90070353816296
2.2279333333333335,-23.90069422493721
2.2296,-23.90069422493721
2.231266666666667,-23.90070353816296
2.2329333333333334,-23.90072216461446
2.2346,-23.90074544767884
2.236266666666667,-23.90078270058184
2.2379333333333333,-23.900824610097718
2.2396000000000003,-23.900875832839347
2.2412666666666667,-23.9009223989681
2.2429333333333332,-23.900964308483974
2.2446,-23.900992248161227
2.2462833333333334,-23.901001561386977
2.24795,-23.900992248161227
2.249616666666667,-23.900964308483974
2.2512833333333333,-23.9009223989681
2.2529500000000002,-23.90087117622647
2.2546166666666667,-23.90081995348484
2.2562833333333336,-23.90077338735609
2.25795,-23.900736134453087
2.2596166666666666,-23.900708194775838
2.2612833333333335,-23.900689568324335
2.26295,-23.900670941872836
2.264616666666667,-23.900652315421333
2.2662833333333334,-23.900629032356957
2.26795,-23.900610405905457
2.269616666666667,-23.90059643606683
2.2712833333333333,-23.900601092679707
2.2729500000000002,-23.900624375744083
2.2746166666666667,-23.900670941872836
2.2763,-23.900736134453087
2.27795,-23.90081529687197
2.2796333333333334,-23.900894459290846
2.2813000000000003,-23.900964308483974
2.282966666666667,-23.901015531225603
2.2846333333333333,-23.901034157677103
2.2863,-23.901024844451353
2.2879666666666667,-23.90098759154835
2.2896333333333336,-23.9009223989681
2.2913,-23.900847893162094
2.2929666666666666,-23.90077338735609
2.2946333333333335,-23.90070353816296
2.2963,-23.900652315421333
2.297966666666667,-23.90061506251833
2.2996333333333334,-23.900601092679707
2.3013,-23.900601092679707
2.302966666666667,-23.900610405905457
2.3046333333333333,-23.900633688969833
2.3063166666666666,-23.90066628525996
2.3079833333333335,-23.900708194775838
2.30965,-23.900759417517463
2.311316666666667,-23.90081995348484
2.3129833333333334,-23.900885146065097
2.3146500000000003,-23.9009410254196
2.316316666666667,-23.9009782783226
2.3179833333333333,-23.901001561386977
2.31965,-23.900992248161227
2.3213166666666667,-23.900964308483974
2.3229833333333336,-23.900917742355222
2.32465,-23.90085254977497
2.3263166666666666,-23.900787357194716
2.3279833333333335,-23.900717508001588
2.32965,-23.900661628647086
2.331316666666667,-23.900619719131207
2.3329833333333334,-23.90058712284108
2.33465,-23.900568496389578
2.3363333333333336,-23.900563839776705
2.338,-23.90055918316383
2.3396666666666666,-23.90055918316383
2.3413333333333335,-23.900563839776705
2.343,-23.900568496389578
2.344666666666667,-23.900582466228204
2.3463333333333334,-23.900601092679707
2.3480000000000003,-23.900629032356957
2.349666666666667,-23.90066628525996
2.3513333333333333,-23.900708194775838
2.353,-23.90075476090459
2.3546666666666667,-23.900796670420466
2.3563333333333336,-23.900824610097718
2.358,-23.900843236549218
2.3596666666666666,-23.900843236549218
2.3613333333333335,-23.90081995348484
2.363,-23.900787357194716
2.364666666666667,-23.900736134453087
2.36635,-23.900680255098585
2.3680166666666667,-23.900624375744083
2.3696833333333336,-23.900568496389578
2.37135,-23.900517273647953
2.373016666666667,-23.900475364132074
2.3746833333333335,-23.90043811122907
2.37635,-23.900410171551822
2.378016666666667,-23.90039154510032
2.3796833333333334,-23.90039154510032
2.3813500000000003,-23.900410171551822
2.383016666666667,-23.90044742445482
2.3846833333333333,-23.900503303809327
2.38635,-23.90057780961533
2.3880166666666667,-23.90065697203421
2.3896833333333336,-23.900731477840214
2.39135,-23.900792013807592
2.3930166666666666,-23.900833923323468
2.3946833333333335,-23.90085254977497
2.3963666666666668,-23.900838579936345
2.3980333333333332,-23.900805983646215
2.3997,-23.900750104291713
2.4013666666666666,-23.900680255098585
2.4030333333333336,-23.90060574929258
2.4047,-23.900535900099452
2.406366666666667,-23.900475364132074
2.4080333333333335,-23.900424141390445
2.4097,-23.90039154510032
2.411366666666667,-23.900368262035943
2.4130333333333334,-23.900354292197317
2.4147000000000003,-23.900349635584444
2.4163666666666668,-23.900354292197317
2.4180333333333333,-23.900368262035943
2.4197,-23.90039154510032
2.4213666666666667,-23.900424141390445
2.42305,-23.900461394293448
2.424716666666667,-23.90049864719645
2.4263833333333333,-23.900535900099452
2.4280500000000003,-23.900563839776705
2.4297166666666667,-23.900582466228204
2.4313833333333332,-23.90058712284108
2.43305,-23.90057780961533
2.4347166666666666,-23.90055918316383
2.4363833333333336,-23.900531243486576
2.43805,-23.900493990583577
2.439716666666667,-23.900456737680575
2.4413833333333335,-23.900414828164696
2.44305,-23.90037291864882
2.444716666666667,-23.90033100913294
2.4463833333333334,-23.90029375622994
2.4480500000000003,-23.900261159939813
2.4497166666666668,-23.900228563649687
2.4513833333333332,-23.90020528058531
2.45305,-23.900191310746685
2.4547333333333334,-23.900191310746685
2.4564,-23.900219250423937
2.458066666666667,-23.900270473165563
2.4597333333333333,-23.90034032235869
2.4614000000000003,-23.900424141390445
2.4630666666666667,-23.9005079604222
2.4647333333333337,-23.90058712284108
2.4664,-23.90064765880846
2.4680666666666666,-23.90067559848571
2.4697333333333336,-23.900670941872836
2.4714,-23.900633688969833
2.473066666666667,-23.900568496389578
2.4747333333333335,-23.900484677357824
2.4764,-23.900396201713196
2.478066666666667,-23.90031238268144
2.4797333333333333,-23.900242533488314
2.4814000000000003,-23.900191310746685
2.4830666666666668,-23.90015871445656
2.48475,-23.900140088005056
2.486416666666667,-23.900135431392183
2.4880833333333334,-23.900144744617933
2.48975,-23.90015871445656
2.491416666666667,-23.900181997520935
2.4930833333333333,-23.90021459381106
2.4947500000000002,-23.900256503326936
2.4964166666666667,-23.900298412842815
2.4980833333333337,-23.90034032235869
2.49975,-23.900377575261693
2.5014166666666666,-23.900405514938946
2.5030833333333335,-23.900414828164696
2.50475,-23.90040085832607
2.506416666666667,-23.900377575261693
2.5080833333333334,-23.900335665745818
2.50975,-23.90028444300419
2.511416666666667,-23.90023322026256
2.5130833333333333,-23.900186654133808
2.5147666666666666,-23.900149401230806
2.5164333333333335,-23.90011680494068
2.5181,-23.90009817848918
2.519766666666667,-23.900084208650554
2.5214333333333334,-23.900079552037678
2.5231000000000003,-23.900070238811928
2.524766666666667,-23.90006558219905
2.5264333333333333,-23.90006092558618
2.5281000000000002,-23.90006558219905
2.5297666666666667,-23.900079552037678
2.5314333333333336,-23.900112148327803
2.5331,-23.90015871445656
2.5347666666666666,-23.900219250423937
2.5364333333333335,-23.90029375622994
2.5381,-23.900368262035943
2.539766666666667,-23.9004334546162
2.5414333333333334,-23.900484677357824
2.5431166666666667,-23.900517273647953
2.5447833333333336,-23.900526586873703
2.54645,-23.900512617035076
2.5481166666666666,-23.90048002074495
2.5497833333333335,-23.90043811122907
2.55145,-23.90039154510032
2.553116666666667,-23.900344978971567
2.5547833333333334,-23.900298412842815
2.5564500000000003,-23.90026581655269
2.558116666666667,-23.90023322026256
2.5597833333333333,-23.900209937198184
2.5614500000000002,-23.900186654133808
2.5631166666666667,-23.90017734090806
2.5647833333333336,-23.90017734090806
2.56645,-23.900200623972434
2.5681166666666666,-23.900242533488314
2.5697833333333335,-23.900307726068565
2.57145,-23.90039154510032
2.5731333333333333,-23.900475364132074
2.5748,-23.90055918316383
2.5764666666666667,-23.900619719131207
2.5781333333333336,-23.900661628647086
2.5798,-23.900670941872836
2.5814666666666666,-23.90065697203421
2.5831333333333335,-23.90061506251833
2.5848,-23.90055918316383
2.586466666666667,-23.900493990583577
2.5881333333333334,-23.9004334546162
2.5898000000000003,-23.90038223187457
2.591466666666667,-23.900344978971567
2.5931333333333333,-23.900326352520068
2.5948,-23.90032169590719
2.5964666666666667,-23.900326352520068
2.5981333333333336,-23.900335665745818
2.5998,-23.900354292197317
2.6014833333333334,-23.900377575261693
2.6031500000000003,-23.900405514938946
2.604816666666667,-23.900442767841948
2.6064833333333333,-23.9004893339707
2.60815,-23.90054055671233
2.6098166666666667,-23.90059643606683
2.6114833333333336,-23.90064765880846
2.61315,-23.90069422493721
2.614816666666667,-23.900726821227337
2.6164833333333335,-23.90074544767884
2.61815,-23.900750104291713
2.619816666666667,-23.900736134453087
2.6214833333333334,-23.90070353816296
2.6231500000000003,-23.90066628525996
2.624816666666667,-23.900624375744083
2.6264833333333333,-23.900582466228204
2.62815,-23.90054055671233
2.6298166666666667,-23.90049864719645
2.6314833333333336,-23.900466050906324
2.633166666666667,-23.9004334546162
2.6348333333333334,-23.900405514938946
2.6365000000000003,-23.900377575261693
2.6381666666666668,-23.900363605423067
2.6398333333333333,-23.900368262035943
2.6415,-23.90039154510032
2.6431666666666667,-23.9004334546162
2.6448333333333336,-23.90049864719645
2.6465,-23.900568496389578
2.648166666666667,-23.900643002195583
2.6498333333333335,-23.900708194775838
2.6515,-23.90075476090459
2.653166666666667,-23.900778043968966
2.6548333333333334,-23.900768730743216
2.6565000000000003,-23.900736134453087
2.658166666666667,-23.90067559848571
2.6598333333333333,-23.90060574929258
2.661516666666667,-23.900526586873703
2.6631833333333335,-23.90044742445482
2.66485,-23.900377575261693
2.666516666666667,-23.90032169590719
2.6681833333333334,-23.900279786391312
2.6698500000000003,-23.900251846714063
2.6715166666666668,-23.900242533488314
2.6731833333333332,-23.900247190101187
2.67485,-23.90026581655269
2.6765166666666667,-23.900307726068565
2.6781833333333336,-23.900358948810194
2.67985,-23.900428798003322
2.681516666666667,-23.900503303809327
2.6831833333333335,-23.90057780961533
2.68485,-23.900638345582706
2.686516666666667,-23.900684911711462
2.6881833333333334,-23.90070353816296
2.6898666666666666,-23.900698881550085
2.6915333333333336,-23.900670941872836
2.6932,-23.900629032356957
2.694866666666667,-23.90057780961533
2.6965333333333334,-23.900526586873703
2.6982,-23.900484677357824
2.699866666666667,-23.900456737680575
2.7015333333333333,-23.90043811122907
2.7032000000000003,-23.9004334546162
2.7048666666666668,-23.90043811122907
2.7065333333333337,-23.90044742445482
2.7082,-23.90044742445482
2.7098666666666666,-23.90044742445482
2.7115333333333336,-23.900442767841948
2.7132,-23.9004334546162
2.714866666666667,-23.9004334546162
2.7165500000000002,-23.90044742445482
2.7182166666666667,-23.90048002074495
2.7198833333333337,-23.900526586873703
2.72155,-23.90058712284108
2.7232166666666666,-23.90065697203421
2.7248833333333335,-23.90072216461446
2.72655,-23.90077338735609
2.728216666666667,-23.900810640259092
2.7298833333333334,-23.900824610097718
2.73155,-23.900810640259092
2.733216666666667,-23.900778043968966
2.7348833333333333,-23.900726821227337
2.7365500000000003,-23.90066628525996
2.7382166666666667,-23.900601092679707
2.7398833333333337,-23.900545213325202
2.74155,-23.900493990583577
2.7432166666666666,-23.900461394293448
2.7448833333333336,-23.900442767841948
2.74655,-23.900442767841948
2.748216666666667,-23.900461394293448
2.7499000000000002,-23.900503303809327
2.7515666666666667,-23.900568496389578
2.7532333333333336,-23.90064765880846
2.7549,-23.900740791065964
2.7565666666666666,-23.90082926671059
2.7582333333333335,-23.900903772516596
2.7599,-23.900954995258225
2.761566666666667,-23.900982934935477
2.7632333333333334,-23.9009782783226
2.7649,-23.900950338645348
2.766566666666667,-23.900899115903723
2.7682333333333333,-23.900838579936345
2.7699000000000003,-23.900778043968966
2.7715666666666667,-23.90072216461446
2.7732333333333337,-23.900680255098585
2.7749,-23.900661628647086
2.7765666666666666,-23.900652315421333
2.7782333333333336,-23.900661628647086
2.779916666666667,-23.900680255098585
2.7815833333333333,-23.900698881550085
2.7832500000000002,-23.90071285138871
2.7849166666666667,-23.900726821227337
2.7865833333333336,-23.900736134453087
2.78825,-23.900750104291713
2.7899166666666666,-23.90076407413034
2.7915833333333335,-23.900787357194716
2.79325,-23.900824610097718
2.794916666666667,-23.900866519613594
2.7965833333333334,-23.900917742355222
2.7982500000000003,-23.900964308483974
2.799916666666667,-23.901006217999853
2.8015833333333333,-23.901034157677103
2.8032500000000002,-23.90104812751573
2.8049166666666667,-23.901043470902856
2.8065833333333337,-23.90102018783848
2.808266666666667,-23.900982934935477
2.8099333333333334,-23.90093171219385
2.8116000000000003,-23.900875832839347
2.813266666666667,-23.90081529687197
2.8149333333333333,-23.90075476090459
2.8166,-23.90069422493721
2.8182666666666667,-23.900633688969833
2.8199333333333336,-23.900582466228204
2.8216,-23.90054055671233
2.8232666666666666,-23.900517273647953
2.8249333333333335,-23.900517273647953
2.8266,-23.900545213325202
2.828266666666667,-23.900601092679707
2.8299333333333334,-23.90067559848571
2.8316000000000003,-23.900759417517463
2.833266666666667,-23.900838579936345
2.8349333333333333,-23.900903772516596
2.836616666666667,-23.900945682032475
2.8382833333333335,-23.900950338645348
2.83995,-23.9009223989681
2.841616666666667,-23.90086186300072
2.8432833333333334,-23.90078270058184
2.8449500000000003,-23.900689568324335
2.846616666666667,-23.90059643606683
2.8482833333333333,-23.900521930260826
2.84995,-23.900461394293448
2.8516166666666667,-23.900428798003322
2.8532833333333336,-23.900414828164696
2.85495,-23.900419484777572
2.8566166666666666,-23.90043811122907
2.8582833333333335,-23.900466050906324
2.85995,-23.90049864719645
2.861616666666667,-23.900535900099452
2.8632833333333334,-23.900573153002455
2.8649500000000003,-23.90061506251833
2.866616666666667,-23.900661628647086
2.8683,-23.90070353816296
2.869966666666667,-23.900740791065964
2.8716333333333335,-23.90077338735609
2.8733,-23.900796670420466
2.874966666666667,-23.900805983646215
2.8766333333333334,-23.900810640259092
2.8783000000000003,-23.900805983646215
2.879966666666667,-23.900796670420466
2.8816333333333333,-23.90077338735609
2.8833,-23.90074544767884
2.8849666666666667,-23.90071285138871
2.8866333333333336,-23.900670941872836
2.8883,-23.900619719131207
2.889966666666667,-23.900563839776705
2.8916333333333335,-23.9005079604222
2.8933,-23.90044742445482
2.894966666666667,-23.90040085832607
2.89665,-23.900363605423067
2.8983166666666667,-23.900349635584444
2.8999833333333336,-23.900363605423067
2.90165,-23.900410171551822
2.903316666666667,-23.900475364132074
2.9049833333333335,-23.90055918316383
2.90665,-23.90064765880846
2.908316666666667,-23.900726821227337
2.9099833333333334,-23.90078270058184
2.9116500000000003,-23.900810640259092
2.9133166666666668,-23.900805983646215
2.9149833333333333,-23.900759417517463
2.91665,-23.900689568324335
2.9183166666666667,-23.90059643606683
2.9199833333333336,-23.90049864719645
2.92165,-23.90040085832607
2.923316666666667,-23.90032169590719
2.9249833333333335,-23.900261159939813
2.9266666666666667,-23.900219250423937
2.9283333333333337,-23.90020528058531
2.93,-23.900209937198184
2.9316666666666666,-23.900228563649687
2.9333333333333336,-23.900270473165563
2.935,-23.90032169590719
2.936666666666667,-23.900386888487446
2.9383333333333335,-23.900466050906324
2.94,-23.90054055671233
2.941666666666667,-23.90061506251833
2.9433333333333334,-23.900670941872836
2.9450000000000003,-23.900708194775838
2.9466666666666668,-23.900717508001588
2.9483333333333337,-23.90070353816296
2.95,-23.90066628525996
2.9516666666666667,-23.900619719131207
2.9533333333333336,-23.900568496389578
2.955016666666667,-23.900517273647953
2.9566833333333333,-23.900484677357824
2.9583500000000003,-23.900466050906324
2.9600166666666667,-23.900456737680575
2.9616833333333337,-23.900456737680575
2.96335,-23.900456737680575
2.9650166666666666,-23.900452081067698
2.9666833333333336,-23.9004334546162
2.96835,-23.900396201713196
2.970016666666667,-23.900354292197317
2.9716833333333335,-23.900307726068565
2.97335,-23.900270473165563
2.975016666666667,-23.900251846714063
2.9766833333333333,-23.900261159939813
2.9783500000000003,-23.900298412842815
2.9800166666666668,-23.900354292197317
2.9816833333333337,-23.900428798003322
2.98335,-23.9005079604222
2.9850333333333334,-23.90057780961533
2.9867000000000004,-23.900629032356957
2.988366666666667,-23.900652315421333
2.9900333333333333,-23.90064765880846
2.9917000000000002,-23.90060574929258
2.9933666666666667,-23.90054055671233
2.9950333333333337,-23.900452081067698
2.9967,-23.900358948810194
2.9983666666666666,-23.90026581655269
