min,µS/cm
0.0,-24.049337964527933
0.0016666666666667052,-24.04929139839918
0.0033333333333334103,-24.049235519044675
0.004999999999999893,-24.049170326464424
0.006666666666666599,-24.049081850819793
0.008333333333333304,-24.048974748723662
0.010000000000000009,-24.048844363563155
0.011666666666666714,-24.0487046651769
0.01333333333333342,-24.048564966790643
0.014999999999999902,-24.048443894855886
0.016666666666666607,-24.04835076259838
0.018333333333333313,-24.048304196469626
0.020000000000000018,-24.048304196469626
0.021666666666666723,-24.048346105985505
0.023333333333333428,-24.04842061179151
0.02499999999999991,-24.048513744049014
0.026666666666666616,-24.04860687630652
0.028350000000000097,-24.04869535195115
0.03001666666666658,-24.0487605445314
0.031683333333333286,-24.04880245404728
0.03334999999999999,-24.048816423885903
0.035016666666666696,-24.04882108049878
0.0366833333333334,-24.04881176727303
0.038350000000000106,-24.04881176727303
0.04001666666666659,-24.048825737111656
0.041683333333333294,-24.048872303240408
0.04335,-24.048951465659286
0.045016666666666705,-24.049067880981166
0.04668333333333341,-24.049216892593176
0.04834999999999989,-24.04939850049531
0.0500166666666666,-24.04959407823607
0.0516833333333333,-24.049794312589707
0.05335000000000001,-24.049989890330465
0.055016666666666714,-24.05016218500685
0.05668333333333342,-24.050301883393107
0.05836666666666668,-24.050399672263488
0.06003333333333338,-24.05044623839224
0.06170000000000009,-24.050450895005117
0.06336666666666657,-24.050404328876365
0.06503333333333328,-24.050325166457483
0.06669999999999998,-24.05021340774848
0.06836666666666669,-24.05008302258797
0.07003333333333339,-24.04993866758884
0.0717000000000001,-24.049794312589707
0.07336666666666658,-24.049649957590574
0.07503333333333329,-24.049510259204315
0.07669999999999999,-24.049379874043808
0.0783666666666667,-24.049268115334804
0.0800333333333334,-24.049165669851547
0.0817000000000001,-24.049081850819793
0.08336666666666659,-24.049021314852414
0.0850333333333333,-24.04897940533654
0.08671666666666655,-24.048960778885036
0.08838333333333326,-24.048960778885036
0.09004999999999996,-24.04897940533654
0.09171666666666667,-24.04901665823954
0.09338333333333337,-24.049063224368293
0.09505000000000008,-24.049128416948545
0.09671666666666678,-24.049198266141676
0.09838333333333327,-24.049268115334804
0.10004999999999997,-24.049337964527933
0.10171666666666668,-24.04939850049531
0.10338333333333338,-24.049449723236936
0.10505000000000009,-24.049482319527065
0.10671666666666657,-24.049496289365692
0.10838333333333328,-24.04948697613994
0.11004999999999998,-24.04945903646269
0.11171666666666669,-24.04941712694681
0.11338333333333339,-24.049356590979432
0.1150500000000001,-24.04929139839918
0.11673333333333336,-24.049226205818925
0.11840000000000006,-24.049161013238674
0.12006666666666677,-24.04910513388417
0.12173333333333325,-24.049058567755417
0.12339999999999995,-24.04902597146529
0.12506666666666666,-24.049002688400915
0.12673333333333336,-24.048993375175165
0.12840000000000007,-24.048993375175165
0.13006666666666677,-24.049002688400915
0.13173333333333326,-24.04901665823954
0.13339999999999996,-24.04903528469104
0.13506666666666667,-24.049053911142543
0.13673333333333337,-24.049072537594043
0.13840000000000008,-24.049091164045542
0.14006666666666656,-24.04910513388417
0.14173333333333327,-24.049114447109922
0.14341666666666675,-24.049119103722795
0.14508333333333323,-24.049114447109922
0.14674999999999994,-24.04910513388417
0.14841666666666664,-24.04908650743267
0.15008333333333335,-24.049063224368293
0.15175000000000005,-24.04903528469104
0.15341666666666676,-24.048998031788038
0.15508333333333346,-24.048965435497912
0.15674999999999994,-24.04892818259491
0.15841666666666665,-24.048895586304784
0.16008333333333336,-24.048858333401782
0.16175000000000006,-24.048825737111656
0.16341666666666677,-24.048797797434403
0.16508333333333325,-24.04876985775715
0.16674999999999995,-24.048746574692775
0.16841666666666666,-24.04873260485415
0.17008333333333336,-24.0487232916284
0.17175000000000007,-24.0487232916284
0.17341666666666655,-24.04873260485415
0.17508333333333326,-24.04875123130565
0.17676666666666674,-24.048779170982904
0.17843333333333322,-24.04880245404728
0.18009999999999993,-24.04883039372453
0.18176666666666663,-24.048849020176032
0.18343333333333334,-24.04886299001466
0.18510000000000004,-24.04886299001466
0.18676666666666675,-24.048858333401782
0.18843333333333345,-24.048844363563155
0.19009999999999994,-24.048835050337406
0.19176666666666664,-24.048849020176032
0.19343333333333335,-24.048895586304784
0.19510000000000005,-24.049002688400915
0.19676666666666676,-24.049198266141676
0.19843333333333324,-24.04950560259144
0.20009999999999994,-24.049943324201713
0.20176666666666665,-24.050525400811118
0.20343333333333335,-24.05125183241966
0.2051166666666666,-24.052108649188703
0.20678333333333332,-24.05306325482813
0.20845000000000002,-24.05407373982206
0.21011666666666673,-24.055093538041735
0.21178333333333343,-24.056062113519786
0.21344999999999992,-24.056914273675957
0.21511666666666662,-24.057603452381493
0.21678333333333333,-24.05808774012052
0.21845000000000003,-24.058339197215783
0.22011666666666674,-24.058353167054406
0.22178333333333344,-24.058134306249272
0.22344999999999993,-24.057710554477623
0.22511666666666663,-24.057114508029592
0.22678333333333334,-24.05640204625968
0.22845000000000004,-24.055615078683765
0.23011666666666675,-24.05479551481772
0.23178333333333323,-24.053985264177427
0.2334666666666667,-24.05321692305301
0.23513333333333342,-24.0525044612831
0.2367999999999999,-24.051871161932066
0.2384666666666666,-24.051312368387038
0.2401333333333333,-24.050832737260887
0.24180000000000001,-24.050422955327864
0.24346666666666672,-24.05007370936222
0.24513333333333343,-24.04978034275108
0.24680000000000013,-24.04953354226869
0.2484666666666666,-24.049323994689306
0.2501333333333333,-24.049137730174298
0.2518,-24.04897940533654
0.25346666666666673,-24.048839706950282
0.25513333333333343,-24.048718635015526
0.2567999999999999,-24.048611532919395
0.2584666666666666,-24.048523057274764
0.2601333333333333,-24.048453208081636
0.26180000000000003,-24.048406641952884
0.26346666666666674,-24.048383358888508
0.26515,-24.048383358888508
0.2668166666666667,-24.048411298565757
0.2684833333333334,-24.048467177920262
0.2701499999999999,-24.04855565356489
0.2718166666666668,-24.048667412273897
0.2734833333333333,-24.04880245404728
0.27515,-24.048956122272163
0.2768166666666667,-24.04912376033567
0.2784833333333334,-24.049296055012054
0.2801500000000001,-24.049463693075563
0.2818166666666666,-24.049617361300445
0.2834833333333333,-24.04974308984808
0.28515,-24.049836222105583
0.2868166666666667,-24.049892101460085
0.2884833333333334,-24.049910727911588
0.2901499999999999,-24.04988744484721
0.2918333333333334,-24.04984087871846
0.2935000000000001,-24.04977102952533
0.2951666666666666,-24.04969186710645
0.2968333333333333,-24.0496266745262
0.2985,-24.049580108397446
0.3001666666666667,-24.04957545178457
0.3018333333333334,-24.049612704687572
0.3034999999999999,-24.049705836945076
0.3051666666666668,-24.049864161782835
0.3068333333333333,-24.050087679200846
0.3085,-24.05038104581199
0.3101666666666667,-24.050744261616256
0.3118333333333334,-24.051168013387905
0.3135000000000001,-24.051647644514055
0.3151666666666666,-24.052164528543205
0.3168333333333333,-24.05270935224961
0.3185,-24.05325883256889
0.3201666666666667,-24.053785029823793
0.32184999999999997,-24.054264660949944
0.3235166666666667,-24.05466978627009
0.3251833333333334,-24.054986435945604
0.3268500000000001,-24.055200640137866
0.32851666666666657,-24.055298429008246
0.3301833333333333,-24.05528445916962
0.33185,-24.055172700460616
0.3335166666666667,-24.054967809494105
0.3351833333333334,-24.054702382560215
0.3368500000000001,-24.054390389497573
0.3385166666666668,-24.054055113370556
0.3401833333333333,-24.053719837243538
0.34185,-24.053407844180896
0.3435166666666667,-24.05311913418263
0.3451833333333334,-24.052867677087367
0.3468500000000001,-24.052658129507982
0.3485166666666666,-24.052476521605847
0.3501833333333333,-24.052318196768088
0.35186666666666677,-24.05217849838183
0.35353333333333326,-24.052038799995575
0.35519999999999996,-24.051894444996442
0.35686666666666667,-24.05173146354581
0.35853333333333337,-24.051540542417925
0.3602000000000001,-24.051330994838537
0.36186666666666656,-24.0510935075819
0.3635333333333335,-24.050842050486636
0.36519999999999997,-24.050585936778496
0.3668666666666667,-24.05032982307036
0.3685333333333334,-24.050087679200846
0.3702000000000001,-24.04986881839571
0.3718666666666668,-24.049677897267824
0.3735333333333333,-24.04952422904294
0.3752,-24.04939850049531
0.37688333333333346,-24.049305368237807
0.3785333333333334,-24.04924483227043
0.3802000000000001,-24.049207579367426
0.38188333333333335,-24.049198266141676
0.38355000000000006,-24.049207579367426
0.38521666666666676,-24.04924483227043
0.38688333333333325,-24.049296055012054
0.38854999999999995,-24.049375217430935
0.39021666666666666,-24.049482319527065
0.39188333333333336,-24.049612704687572
0.39355000000000007,-24.049766372912455
0.39521666666666655,-24.049943324201713
0.3968833333333335,-24.0501342453296
0.39854999999999996,-24.05032982307036
0.40021666666666667,-24.050520744198245
0.40188333333333337,-24.050697695487504
0.4035500000000001,-24.050846707099513
0.4052166666666668,-24.050963122421393
0.40688333333333326,-24.05103297161452
0.40854999999999997,-24.051060911291774
0.4102166666666667,-24.05104228484027
0.41189999999999993,-24.050981748872893
0.41356666666666664,-24.050883960002512
0.41523333333333334,-24.050753574842005
0.41690000000000005,-24.050599906617123
0.41856666666666675,-24.050432268553614
0.42023333333333324,-24.050259973877232
0.42189999999999994,-24.050092335813723
0.42356666666666665,-24.049929354363087
0.42523333333333335,-24.049784999363954
0.42690000000000006,-24.049659270816324
0.42856666666666676,-24.04955682533307
0.43023333333333347,-24.04947766291419
0.43189999999999995,-24.049421783559687
0.43358333333333343,-24.049384530656685
0.43525000000000014,-24.04936590420518
0.4369166666666666,-24.04936124759231
0.4385833333333333,-24.049375217430935
0.44025000000000003,-24.049403157108184
0.44191666666666674,-24.049440410011186
0.44358333333333344,-24.04948697613994
0.4452499999999999,-24.049538198881567
0.44691666666666663,-24.049589421623196
0.44858333333333333,-24.04964064436482
0.45025000000000004,-24.0496825538807
0.45191666666666674,-24.049719806783703
0.4535833333333332,-24.049738433235202
0.45525000000000015,-24.04975240307383
0.45691666666666664,-24.04975240307383
0.45858333333333334,-24.04974308984808
0.46025000000000005,-24.049729120009452
0.46191666666666675,-24.049710493557953
0.46358333333333346,-24.049687210493577
0.46524999999999994,-24.0496639274292
0.46691666666666665,-24.04964064436482
0.46858333333333335,-24.049612704687572
0.4702666666666666,-24.04958476501032
0.4719333333333333,-24.049552168720194
0.4736,-24.04952422904294
0.4752666666666667,-24.04948697613994
0.47693333333333343,-24.049454379849813
0.4785999999999999,-24.04942644017256
0.4802666666666666,-24.049403157108184
0.4819333333333333,-24.04938918726956
0.48360000000000003,-24.04938918726956
0.48526666666666673,-24.04939850049531
0.4869333333333332,-24.049421783559687
0.48860000000000015,-24.049454379849813
0.49026666666666663,-24.049496289365692
0.49193333333333333,-24.049547512107317
0.49360000000000004,-24.049608048074695
0.4952833333333333,-24.04967324065495
0.49695,-24.049747746460955
0.4986166666666667,-24.049826908879833
0.5002833333333333,-24.049910727911588
0.50195,-24.049999203556215
0.5036166666666667,-24.050087679200846
0.5052833333333333,-24.05018081145835
0.50695,-24.05026928710298
0.5086166666666667,-24.050353106134736
0.5102833333333333,-24.05043692516649
0.51195,-24.050511430972495
0.5136166666666667,-24.050576623552747
0.5152833333333333,-24.050632502907252
0.51695,-24.050679069036004
0.5186166666666667,-24.050707008713253
0.5202833333333333,-24.050725635164756
0.5219666666666667,-24.050725635164756
0.5236166666666667,-24.050716321939003
0.5252833333333333,-24.050697695487504
0.52695,-24.05066975581025
0.5286333333333334,-24.050632502907252
0.5303,-24.05059525000425
0.5319666666666667,-24.050557997101247
0.5336333333333334,-24.050525400811118
0.5353,-24.050492804520992
0.5369666666666667,-24.050460208230866
0.5386333333333334,-24.05043692516649
0.5403,-24.050413642102114
0.5419666666666667,-24.05039501565061
0.5436333333333334,-24.05038104581199
0.5453,-24.050367075973362
0.5469666666666667,-24.050353106134736
0.5486333333333333,-24.050343792908986
0.5503,-24.050334479683233
0.5519666666666667,-24.050325166457483
0.5536333333333333,-24.050315853231734
0.5553,-24.050306540005984
0.5569666666666667,-24.050297226780234
0.55865,-24.050283256941608
0.5603166666666667,-24.050264630490105
0.5619833333333334,-24.050246004038605
0.56365,-24.050227377587102
0.5653166666666667,-24.050208751135603
0.5669833333333334,-24.050190124684104
0.56865,-24.050176154845477
0.5703166666666667,-24.050166841619724
0.5719833333333334,-24.05016218500685
0.57365,-24.05016218500685
0.5753166666666667,-24.05016218500685
0.5769833333333334,-24.050166841619724
0.57865,-24.0501714982326
0.5803166666666667,-24.050166841619724
0.5819833333333334,-24.05016218500685
0.58365,-24.0501528717811
0.5853166666666667,-24.050138901942475
0.5869833333333334,-24.050120275490972
0.5886666666666667,-24.050101649039473
0.5903333333333334,-24.050087679200846
0.5920000000000001,-24.050078365975097
0.5936666666666667,-24.05007370936222
0.5953333333333334,-24.050078365975097
0.597,-24.050092335813723
0.5986666666666667,-24.0501156188781
0.6003333333333334,-24.050148215168225
0.602,-24.050185468071227
0.6036666666666667,-24.05023203419998
0.6053333333333334,-24.05027860032873
0.607,-24.05032982307036
0.6086666666666667,-24.050376389199112
0.6103333333333334,-24.050413642102114
0.612,-24.05044623839224
0.6136666666666667,-24.050460208230866
0.6153333333333334,-24.050464864843743
0.6170166666666667,-24.050460208230866
0.6186833333333334,-24.05044623839224
0.6203500000000001,-24.050422955327864
0.6220166666666667,-24.050399672263488
0.6236833333333334,-24.05038104581199
0.6253500000000001,-24.050367075973362
0.6270166666666667,-24.05035776274761
0.6286833333333334,-24.05035776274761
0.6303500000000001,-24.050367075973362
0.6320166666666667,-24.05038104581199
0.6336833333333334,-24.050399672263488
0.6353500000000001,-24.050422955327864
0.6370166666666667,-24.050450895005117
0.6386833333333334,-24.050492804520992
0.6403500000000001,-24.05054402726262
0.6420166666666667,-24.050609219842872
0.6436833333333334,-24.050693038874627
0.64535,-24.050790827745008
0.6470333333333333,-24.050893273228265
0.6487,-24.05100503193727
0.6503666666666666,-24.0511121340334
0.6520333333333334,-24.05120992290378
0.6537000000000001,-24.051293741935535
0.6553666666666667,-24.051354277902913
0.6570333333333334,-24.05138687419304
0.6587000000000001,-24.051396187418792
0.6603666666666667,-24.051382217580166
0.6620333333333334,-24.051344964677163
0.6637000000000001,-24.05128908532266
0.6653666666666667,-24.051223892742406
0.6670333333333334,-24.05115404354928
0.6687000000000001,-24.051079537743274
0.6703666666666667,-24.05100503193727
0.6720333333333334,-24.05093518274414
0.6737000000000001,-24.05086999016389
0.6753833333333333,-24.050814110809384
0.67705,-24.05076754468063
0.6787166666666667,-24.05072097855188
0.6803833333333333,-24.050683725648877
0.68205,-24.050646472745875
0.6837166666666668,-24.050609219842872
0.6853833333333333,-24.050567310326997
0.68705,-24.050530057423995
0.6887166666666668,-24.05048814790812
0.6903833333333333,-24.05044623839224
0.69205,-24.050408985489238
0.6937166666666666,-24.050376389199112
0.6953833333333334,-24.05034844952186
0.6970500000000001,-24.05032982307036
0.6987166666666667,-24.05032050984461
0.7003833333333334,-24.050325166457483
0.7020500000000001,-24.050343792908986
0.7037166666666667,-24.050371732586235
0.7053833333333334,-24.050413642102114
0.7070666666666667,-24.050460208230866
0.7087333333333333,-24.05051608758537
0.7104,-24.050571966939874
0.7120666666666667,-24.050627846294375
0.7137333333333333,-24.050679069036004
0.7154,-24.050725635164756
0.7170666666666667,-24.05076288806776
0.7187333333333333,-24.050800140970757
0.7204,-24.050846707099513
0.7220666666666667,-24.05090724306689
0.7237333333333333,-24.05100503193727
0.7254,-24.0511493869364
0.7270666666666667,-24.051363591128663
0.7287333333333333,-24.051656957739805
0.7304,-24.052038799995575
0.7320666666666668,-24.052509117895973
0.73375,-24.05305394160238
0.7354166666666667,-24.05365930127616
0.7370833333333334,-24.05428794401432
0.73875,-24.054916586752476
0.7404166666666667,-24.05549866336188
0.7420833333333333,-24.056010890778158
0.74375,-24.05642067271118
0.7454166666666667,-24.05670472609657
0.7470833333333333,-24.05685373770858
0.74875,-24.05687236416008
0.7504166666666667,-24.056760605451075
0.7520833333333333,-24.05653708803306
0.75375,-24.05621578174467
0.7554166666666667,-24.055829282876026
0.7570833333333333,-24.05539156126575
0.75875,-24.054935213203976
0.7604166666666667,-24.05446955191645
0.7620833333333333,-24.05402251708043
0.7637666666666667,-24.053594108695908
0.7654333333333334,-24.05319829660151
0.7671,-24.05284439402299
0.7687666666666667,-24.0525230877346
0.7704333333333334,-24.05223903434921
0.7721,-24.051982920641073
0.7737666666666667,-24.051745433384433
0.7754333333333334,-24.0515265725793
0.7771,-24.05131702499991
0.7787666666666667,-24.0511121340334
0.7804333333333334,-24.050911899679765
0.7821,-24.05072097855188
0.7837666666666667,-24.050539370649744
0.7854333333333333,-24.050371732586235
0.7871,-24.05022272097423
0.7887666666666667,-24.050096992426596
0.7904333333333333,-24.049994546943342
0.7921,-24.049915384524464
0.7937833333333334,-24.04985950516996
0.79545,-24.049822252266956
0.7971166666666667,-24.049794312589707
0.7987833333333334,-24.049775686138204
0.80045,-24.049761716299578
0.8021166666666667,-24.049747746460955
0.8037833333333334,-24.04973377662233
0.80545,-24.049715150170826
0.8071166666666667,-24.04969186710645
0.8087833333333334,-24.049668584042074
0.81045,-24.049635987751948
0.8121166666666667,-24.049598734848946
0.8137833333333334,-24.049561481945943
0.81545,-24.049519572430068
0.8171166666666667,-24.049473006301316
0.8187833333333334,-24.04942644017256
0.82045,-24.049379874043808
0.8221166666666667,-24.049333307915056
0.8238000000000001,-24.049296055012054
0.8254666666666667,-24.04925880210905
0.8271333333333334,-24.049226205818925
0.8288000000000001,-24.0491936095288
0.8304666666666667,-24.049165669851547
0.8321333333333334,-24.049128416948545
0.8338,-24.049091164045542
0.8354666666666667,-24.049049254529667
0.8371333333333334,-24.049007345013788
0.8388,-24.048965435497912
0.8404666666666667,-24.048932839207787
0.8421333333333334,-24.048923525982037
0.8438,-24.048946809046413
0.8454666666666667,-24.049021314852414
0.8471333333333334,-24.04915170001292
0.8488,-24.04935193436656
0.8504666666666667,-24.0496266745262
0.8521333333333334,-24.04997592049184
0.8538166666666667,-24.05039501565061
0.8554833333333334,-24.05086999016389
0.8571500000000001,-24.051372904354416
0.8588166666666667,-24.051885131770693
0.8604833333333334,-24.052378732735466
0.8621500000000001,-24.05282576757149
0.8638166666666667,-24.05318898337576
0.8654833333333334,-24.053449753696775
0.8671500000000001,-24.053594108695908
0.8688166666666667,-24.053612735147407
0.8704833333333334,-24.053510289664153
0.8721500000000001,-24.053291428859016
0.8738166666666667,-24.052979435796374
0.8754833333333334,-24.052597593540604
0.8771500000000001,-24.05217384176896
0.8788166666666667,-24.051736120158683
0.8804833333333334,-24.05129839854841
0.8821666666666667,-24.050883960002512
0.8838333333333334,-24.050502117746742
0.8855000000000001,-24.05016218500685
0.8871666666666667,-24.04985950516996
0.8888333333333334,-24.049598734848946
0.8905000000000001,-24.049375217430935
0.8921666666666667,-24.049174983077297
0.8938333333333334,-24.049002688400915
0.8955000000000001,-24.048844363563155
0.8971666666666667,-24.048700008564023
0.8988333333333334,-24.048564966790643
0.9005000000000001,-24.04843923824301
0.9021666666666667,-24.04831350969538
0.9038333333333334,-24.048197094373496
0.9055000000000001,-24.048080679051616
0.9071666666666667,-24.047973576955485
0.9088333333333334,-24.047875788085104
0.9105000000000001,-24.04779196905335
0.9121833333333333,-24.047726776473098
0.91385,-24.04769418018297
0.9155166666666668,-24.047708150021595
0.9171833333333334,-24.047777999214723
0.9188500000000001,-24.047913040988107
0.9205166666666668,-24.048131901793244
0.9221833333333334,-24.04843923824301
0.9238500000000001,-24.048839706950282
0.9255166666666668,-24.04931933807643
0.9271833333333334,-24.049873475008585
0.9288500000000001,-24.050478834682366
0.9305166666666667,-24.05110282080765
0.9321833333333334,-24.051717493707184
0.9338500000000001,-24.052285600477962
0.9355166666666667,-24.052765231604113
0.9371833333333334,-24.053133104021256
0.9388500000000001,-24.05335662143927
0.9405166666666667,-24.053431127245272
0.9422,-24.053351964826394
0.9438666666666667,-24.053123790795507
0.9455333333333333,-24.05276988821699
0.9472,-24.052318196768088
0.9488666666666667,-24.051791999513185
0.9505333333333333,-24.05121923612953
0.9522,-24.050632502907252
0.9538666666666668,-24.050050426297844
0.9555333333333333,-24.049482319527065
0.9572,-24.048946809046413
0.9588666666666668,-24.048443894855886
0.9605333333333334,-24.047964263729735
0.9622,-24.047503259055084
0.9638666666666668,-24.047046910993313
0.9655333333333334,-24.046581249705785
0.9672000000000001,-24.04608764874101
0.9688666666666668,-24.045547481647482
0.97055,-24.0449421219737
0.9722166666666667,-24.044243630042413
0.9738833333333334,-24.04344269262787
0.97555,-24.04251137005282
0.9772166666666667,-24.041440349091516
0.9788833333333333,-24.040211003292452
0.98055,-24.03881867604275
0.9822166666666667,-24.037258710729546
0.9838833333333333,-24.035526450739955
0.98555,-24.033631209299728
0.9872166666666667,-24.031577643021745
0.9888833333333333,-24.029361095293126
0.99055,-24.02699087933963
0.9922166666666667,-24.02447165177412
0.9938833333333333,-24.021798755983728
0.99555,-24.01898616180708
0.9972166666666668,-24.0160292126313
0.9988833333333333,-24.01292325184351
1.0005666666666666,-24.009677592669462
1.0022333333333333,-24.00629223510916
1.0039,-24.002757865936847
1.0055666666666667,-23.999079141765403
1.0072333333333334,-23.995251405981953
1.0089000000000001,-23.991270001973618
1.0105666666666666,-23.9871349297404
1.0122333333333333,-23.982836876056545
1.0139,-23.978371184309186
1.0155666666666667,-23.97372388465969
1.0172333333333334,-23.968899633720937
1.0189000000000001,-23.963879805041422
1.0205666666666666,-23.95865042878252
1.0222333333333333,-23.953202191718482
1.0239,-23.947507154172058
1.0255666666666667,-23.941551346304617
1.02725,-23.93529751521316
1.0289166666666667,-23.928713064607564
1.0305833333333334,-23.92177471142345
1.0322500000000001,-23.914431232919185
1.0339166666666668,-23.90665003280465
1.0355833333333333,-23.89838454495109
1.03725,-23.8895975164555
1.0389166666666667,-23.88024238118913
1.0405833333333334,-23.87027257302323
1.0422500000000001,-23.85964618244192
1.0439166666666668,-23.84831198670357
1.0455833333333333,-23.836237389518057
1.04725,-23.823389794595254
1.0489166666666667,-23.809745918870785
1.0505833333333334,-23.79528247928027
1.0522500000000001,-23.779994819210838
1.0539166666666666,-23.763878282049614
1.0555833333333333,-23.746942181022344
1.05725,-23.72919117274191
1.0589333333333333,-23.710625257208303
1.0606,-23.69124443442153
1.0622666666666667,-23.671044047768714
1.0639333333333334,-23.650014784024105
1.0656,-23.62812870351045
1.0672666666666668,-23.60536252316337
1.0689333333333333,-23.581683646692746
1.0706,-23.557064134421324
1.0722666666666667,-23.53147139005897
1.0739333333333334,-23.504896100379945
1.0756000000000001,-23.477328952158487
1.0772666666666668,-23.448779258620355
1.0789333333333333,-23.4192749594428
1.0806,-23.388867277367446
1.0822666666666667,-23.35761674836167
1.0839333333333334,-23.325602534844354
1.0856000000000001,-23.292917769073004
1.0872666666666668,-23.259660239918
1.08895,-23.22592773624972
1.0906166666666668,-23.191808733712794
1.0922833333333335,-23.157401021177602
1.09395,-23.122783761063026
1.0956166666666667,-23.08803611578794
1.0972833333333334,-23.053223277932602
1.09895,-23.018410440077265
1.1006166666666668,-22.983672108027932
1.1022833333333333,-22.949073474364855
1.10395,-22.91468904489404
1.1056166666666667,-22.88060263864724
1.1072833333333334,-22.846893418043337
1.10895,-22.813659171952708
1.1106166666666668,-22.780988376019984
1.1122833333333333,-22.748978819115543
1.11395,-22.71771897688402
1.1156166666666667,-22.687297324970036
1.1173,-22.65780233901823
1.1189666666666667,-22.629308524834602
1.1206333333333334,-22.601890388225154
1.1223,-22.575608465157266
1.1239666666666668,-22.550527948211194
1.1256333333333335,-22.52669074690281
1.1273,-22.504148083973746
1.1289666666666667,-22.482932555714125
1.1306333333333334,-22.463072101801203
1.1323,-22.444603975137976
1.1339666666666668,-22.4275374889502
1.1356333333333335,-22.411905239528
1.1373,-22.39772585332288
1.1389666666666667,-22.38500864356058
1.1406333333333334,-22.37377689330549
1.1423,-22.364044572396224
1.1439666666666668,-22.355816337445667
1.1456333333333333,-22.34910150167956
1.1473,-22.343900065097912
1.1489833333333335,-22.340212027700716
1.15065,-22.33802341964935
1.1523166666666667,-22.337315614492315
1.1539833333333334,-22.33807464239098
1.15565,-22.34026790705522
1.1573166666666668,-22.34387212542066
1.1589833333333335,-22.348845387971423
1.16065,-22.35515509841738
1.1623166666666667,-22.362768660468408
1.1639833333333334,-22.371639507995752
1.16565,-22.381735044709284
1.1673166666666668,-22.39300404786738
1.1689833333333335,-22.405409264567034
1.17065,-22.41889947206662
1.1723166666666667,-22.433423447624513
1.1739833333333334,-22.44893928172483
1.17565,-22.465395751625948
1.1773333333333333,-22.48274163458624
1.179,-22.50093036447695
1.1806666666666668,-22.519910718556453
1.1823333333333335,-22.53964078730887
1.1840000000000002,-22.56006934799257
1.1856666666666666,-22.581149834478808
1.1873333333333334,-22.60282636741308
1.189,-22.62504772405375
1.1906666666666668,-22.647767338272075
1.1923333333333335,-22.67092467410067
1.194,-22.69447316541079
1.1956666666666667,-22.718352276235052
1.1973333333333334,-22.742510783831825
1.199,-22.766902122072363
1.2006666666666668,-22.791479724827912
1.2023333333333335,-22.81619236935684
1.204,-22.841007459369028
1.2056833333333334,-22.86588308534859
1.2073500000000001,-22.89079130761828
1.2090166666666666,-22.915694873275093
1.2106833333333333,-22.940570499254655
1.21235,-22.965390245879718
1.2140166666666667,-22.990130830085896
1.2156833333333334,-23.014768968808824
1.2173500000000002,-23.039272065758365
1.2190166666666666,-23.063630807708776
1.2206833333333333,-23.08781259836993
1.22235,-23.11179881129032
1.2240166666666668,-23.135556850179825
1.2256833333333335,-23.159063431974065
1.2273500000000002,-23.18229061699579
1.2290166666666666,-23.205219778793502
1.2306833333333334,-23.22782763430282
1.23235,-23.250086243846493
1.2340166666666668,-23.27199095081165
1.2357,-23.29352778535966
1.2373666666666667,-23.314682777651903
1.2390333333333334,-23.33546058430125
1.2407000000000001,-23.355856548694828
1.2423666666666666,-23.375870670832633
1.2440333333333333,-23.395507607327545
1.2457,-23.414772014792437
1.2473666666666667,-23.43368251967881
1.2490333333333334,-23.45225309182529
1.2507000000000001,-23.47050235768338
1.2523666666666666,-23.488448943704576
1.2540333333333333,-23.506111476340383
1.2557,-23.523503925429427
1.2573666666666667,-23.540626290971705
1.2590333333333334,-23.55746925974147
1.2607000000000002,-23.574009548674344
1.2623666666666666,-23.590200591641572
1.2640500000000001,-23.60600047912728
1.2657166666666668,-23.62134867516409
1.2673833333333333,-23.636193957010374
1.26905,-23.65048044531163
1.2707166666666667,-23.664175543777727
1.2723833333333334,-23.67725596934429
1.2740500000000001,-23.689712408785574
1.2757166666666668,-23.70156814516595
1.2773833333333333,-23.71285111816267
1.27905,-23.723603237291613
1.2807166666666667,-23.73388038190728
1.2823833333333334,-23.743738431364175
1.2840500000000001,-23.753228608403926
1.2857166666666666,-23.762402135768163
1.2873833333333333,-23.77129626635988
1.28905,-23.779943596469213
1.2907166666666667,-23.788362752547656
1.2923833333333334,-23.79656770443384
1.2940500000000001,-23.80455845212776
1.2957333333333334,-23.812339652242297
1.2974,-23.819901991551696
1.2990666666666668,-23.827240813443083
1.3007333333333333,-23.83434680469071
1.3024,-23.841224621907447
1.3040666666666667,-23.847869608480423
1.3057333333333334,-23.854281764409635
1.3074000000000001,-23.860475059533712
1.3090666666666668,-23.866449493852652
1.3107333333333333,-23.87221903720508
1.3124,-23.87779300281675
1.3140666666666667,-23.883176047300537
1.3157333333333334,-23.88837282726931
1.3174166666666667,-23.8933973125617
1.3190833333333334,-23.898249503177706
1.32075,-23.90293871234308
1.3224166666666668,-23.907469596670694
1.3240833333333335,-23.9118514693863
1.32575,-23.9160843304899
1.3274166666666667,-23.92017749320724
1.3290833333333334,-23.924140270764074
1.33075,-23.927968006547527
1.3324166666666668,-23.931670013783346
1.3340833333333333,-23.935246292471536
1.33575,-23.938692185999216
1.3374166666666667,-23.942007694366392
1.3390833333333334,-23.94519281757306
1.34075,-23.948247555619222
1.3424166666666668,-23.951171908504875
1.3440833333333333,-23.95396121961715
1.34575,-23.956620145568913
1.3474166666666667,-23.959153342973046
1.3490833333333334,-23.961565468442423
1.3507666666666667,-23.96386117858992
1.3524166666666668,-23.966040473415536
1.3541,-23.968117322757895
1.3557666666666668,-23.970096383229873
1.3574333333333335,-23.971986968057223
1.3591,-23.973798390465696
1.3607666666666667,-23.975539963681037
1.3624333333333334,-23.977216344316126
1.3641,-23.978841502209587
1.3657666666666668,-23.98041543736142
1.3674333333333335,-23.98193349315875
1.3691,-23.983404982827327
1.3707666666666667,-23.9848205931414
1.3724333333333334,-23.986180324100975
1.3741,-23.987479519093167
1.3757666666666668,-23.98872749134373
1.3774333333333335,-23.989919584239797
1.3791,-23.99106045439423
1.3807833333333335,-23.992154758419915
1.3824333333333334,-23.99320715292972
1.3841166666666667,-23.994222294536524
1.3857833333333334,-23.995204839853198
1.38745,-23.996159445492626
1.3891166666666668,-23.9970861114548
1.3907833333333335,-23.997984837739722
1.39245,-23.99886028096027
1.3941166666666667,-23.999712441116436
1.3957833333333334,-24.000545974821108
1.39745,-24.001360882074273
1.3991166666666668,-24.002157162875942
1.4007833333333335,-24.002939473838982
1.40245,-24.003703158350522
1.4041333333333335,-24.004448216410562
1.4057833333333334,-24.00516533479335
1.4074666666666666,-24.005854513498885
1.4091166666666668,-24.00651575252717
1.4108,-24.00714439526533
1.4124666666666668,-24.007735785100486
1.4141333333333335,-24.008294578645515
1.4158000000000002,-24.008816119287545
1.4174666666666667,-24.009314376865195
1.4191333333333334,-24.00978003815272
1.4208,-24.01021775976299
1.4224666666666668,-24.010636854921763
1.4241333333333335,-24.011037323629036
1.4258000000000002,-24.011419165884806
1.4274666666666667,-24.01178703830195
1.4291333333333334,-24.01215025410622
1.4308,-24.01249950007186
1.4324666666666668,-24.012848746037506
1.4341333333333335,-24.01319799200315
1.4358,-24.013542581355917
1.4374666666666667,-24.013887170708685
1.4391333333333334,-24.014231760061453
1.4408166666666666,-24.014571692801347
1.4424833333333333,-24.014906968928365
1.44415,-24.015232931829633
1.4458166666666667,-24.015549581505148
1.4474833333333335,-24.01585226134204
1.4491500000000002,-24.016140971340306
1.4508166666666666,-24.016415711499945
1.4524833333333333,-24.01668113843383
1.45415,-24.01694190875485
1.4558166666666668,-24.017188709237235
1.4574833333333335,-24.017435509719622
1.4591500000000002,-24.017677653589136
1.4608166666666667,-24.017924454071522
1.4624833333333334,-24.018166597941036
1.46415,-24.018413398423423
1.4658166666666668,-24.018660198905813
1.4674833333333335,-24.0189069993882
1.4691500000000002,-24.01916311309634
1.4708333333333334,-24.019419226804477
1.4725000000000001,-24.01967999712549
1.4741666666666668,-24.019940767446506
1.4758333333333333,-24.02020153776752
1.4775,-24.020457651475656
1.4791666666666667,-24.020704451958046
1.4808333333333334,-24.02094659582756
1.4825000000000002,-24.021174769858444
1.4841666666666666,-24.02139363066358
1.4858333333333333,-24.02160317824297
1.4875,-24.021808069209477
1.4891666666666667,-24.02201296017599
1.4908333333333335,-24.0222178511425
1.4925000000000002,-24.02242274210901
1.4941666666666666,-24.022627633075523
1.4958333333333333,-24.022841837267784
1.4975166666666668,-24.023051384847168
1.4991666666666668,-24.023270245652306
1.50085,-24.023489106457443
1.5025166666666667,-24.023707967262578
1.5041833333333334,-24.023931484680592
1.5058500000000001,-24.02415965871148
1.5075166666666668,-24.024397145968116
1.5091833333333333,-24.02463928983763
1.51085,-24.024886090320017
1.5125166666666667,-24.025142204028153
1.5141833333333334,-24.025389004510544
1.5158500000000001,-24.02563580499293
1.5175166666666668,-24.025868635636694
1.5191833333333333,-24.026082839828955
1.52085,-24.02627376095684
1.5225166666666667,-24.02644139902035
1.5241833333333334,-24.026581097406606
1.5258500000000002,-24.026697512728486
1.5275333333333334,-24.026785988373117
1.5291833333333333,-24.02686049417912
1.5308666666666668,-24.0269210301465
1.5325333333333333,-24.026967596275252
1.5342,-24.027014162404004
1.5358666666666667,-24.02705607191988
1.5375333333333334,-24.02710729466151
1.5392000000000001,-24.027167830628887
1.5408666666666668,-24.027237679822015
1.5425333333333333,-24.027326155466646
1.5442,-24.02743791417565
1.5458666666666667,-24.027568299336156
1.5475333333333334,-24.02771265433529
1.5492000000000001,-24.027880292398798
1.5508666666666668,-24.028052587075184
1.5525333333333333,-24.028229538364442
1.5542,-24.0284064896537
1.5558666666666667,-24.028578784330087
1.55755,-24.028737109167846
1.5592166666666667,-24.02888146416698
1.5608833333333334,-24.029011849327485
1.56255,-24.02912360803649
1.5642166666666668,-24.02923071013262
1.5658833333333335,-24.029323842390127
1.56755,-24.02941697464763
1.5692166666666667,-24.02950545029226
1.5708833333333334,-24.02959392593689
1.5725500000000001,-24.029687058194394
1.5742166666666668,-24.0297801904519
1.5758833333333333,-24.029873322709406
1.57755,-24.029961798354034
1.5792166666666667,-24.030040960772915
1.5808833333333334,-24.030110809966043
1.5825500000000001,-24.03017134593342
1.5842166666666668,-24.030213255449297
1.5858833333333333,-24.03024119512655
1.5875666666666668,-24.030255164965176
1.5892166666666667,-24.030255164965176
1.5909,-24.030245851739423
1.5925666666666667,-24.0302318819008
1.5942333333333334,-24.030222568675047
1.5959,-24.030217912062174
1.5975666666666668,-24.030217912062174
1.5992333333333335,-24.030236538513673
1.6009,-24.030264478190926
1.6025666666666667,-24.030301731093928
1.6042333333333334,-24.03034829722268
1.6059,-24.030394863351432
1.6075666666666668,-24.03044608609306
1.6092333333333335,-24.030487995608937
1.6109,-24.030529905124816
1.6125666666666667,-24.03057181464069
1.6142500000000002,-24.030618380769443
1.6159000000000001,-24.03067426012395
1.6175833333333334,-24.030753422542826
1.61925,-24.030865181251833
1.6209166666666668,-24.031018849476716
1.6225833333333335,-24.031223740443227
1.62425,-24.031470540925614
1.6259166666666667,-24.03175925092388
1.6275833333333334,-24.032075900599395
1.62925,-24.03241583333929
1.6309166666666668,-24.032751109466307
1.6325833333333335,-24.0330724157547
1.63425,-24.03335181252721
1.6359166666666667,-24.033584643170975
1.6375833333333334,-24.03375693784736
1.63925,-24.03385472671774
1.6409166666666668,-24.03388266639499
1.6425833333333335,-24.033840756879115
1.6442666666666668,-24.033733654782985
1.6459166666666667,-24.0335799865581
1.6476000000000002,-24.033389065430214
1.6492666666666667,-24.03317951785083
1.6509333333333334,-24.03296531365857
1.6526,-24.03275576607918
1.6542666666666668,-24.032564844951295
1.6559333333333335,-24.032387893662037
1.6576000000000002,-24.03223888205003
1.6592666666666667,-24.032108496889524
1.6609333333333334,-24.03200139479339
1.6626,-24.031908262535886
1.6642666666666668,-24.031833756729885
1.6659333333333335,-24.03176856414963
1.6676,-24.031717341408
1.6692666666666667,-24.031675431892126
1.6709333333333334,-24.031642835601996
1.6726,-24.031624209150497
1.6742833333333333,-24.031614895924747
1.6759333333333335,-24.031614895924747
1.6776166666666668,-24.031624209150497
1.6792833333333335,-24.031633522376247
1.6809500000000002,-24.03165214882775
1.6826166666666666,-24.031675431892126
1.6842833333333334,-24.0316987149565
1.68595,-24.031731311246627
1.6876166666666668,-24.031763907536753
1.6892833333333335,-24.031805817052632
1.6909500000000002,-24.03185703979426
1.6926166666666667,-24.031908262535886
1.6942833333333334,-24.031968798503264
1.69595,-24.03202467785777
1.6976166666666668,-24.032085213825145
1.6992833333333335,-24.032136436566773
1.7009500000000002,-24.032183002695525
1.7026166666666667,-24.032224912211404
1.7043000000000001,-24.03225750850153
1.70595,-24.032290104791656
1.7076333333333333,-24.032322701081785
1.7093,-24.032359953984784
1.7109666666666667,-24.032397206887786
1.7126333333333335,-24.032439116403665
1.7143000000000002,-24.032485682532418
1.7159666666666666,-24.03253224866117
1.7176333333333333,-24.0325834714028
1.7193,-24.03263003753155
1.7209666666666668,-24.032676603660303
1.7226333333333335,-24.032723169789055
1.7243000000000002,-24.032765079304934
1.7259666666666666,-24.032802332207932
1.7276333333333334,-24.032834928498062
1.7293,-24.032867524788188
1.7309666666666668,-24.032890807852564
1.7326333333333335,-24.032909434304067
1.7343166666666667,-24.03292340414269
1.7359666666666667,-24.032932717368443
1.7376500000000001,-24.032932717368443
1.7393166666666668,-24.032928060755566
1.7409833333333333,-24.03292340414269
1.74265,-24.032918747529816
1.7443166666666667,-24.03291409091694
1.7459833333333334,-24.03291409091694
1.7476500000000001,-24.032918747529816
1.7493166666666669,-24.032932717368443
1.7509833333333333,-24.032946687207065
1.75265,-24.03296997027144
1.7543166666666667,-24.032997909948694
1.7559833333333335,-24.03303050623882
1.7576500000000002,-24.0330724157547
1.7593166666666669,-24.03311898188345
1.7609833333333333,-24.03317951785083
1.76265,-24.033249367043958
1.7643333333333333,-24.033328529462835
1.766,-24.033417005107466
1.7676666666666667,-24.033514793977847
1.7693333333333334,-24.033612582848228
1.7710000000000001,-24.033701058492856
1.7726666666666668,-24.03378487752461
1.7743333333333333,-24.033850070104865
1.776,-24.033896636233617
1.7776666666666667,-24.033919919297993
1.7793333333333334,-24.033919919297993
1.7810000000000001,-24.033901292846494
1.7826666666666668,-24.033859383330615
1.7843333333333333,-24.033803503976113
1.786,-24.033742968008735
1.7876666666666667,-24.03367777542848
1.7893333333333334,-24.0336172394611
1.7910166666666667,-24.033566016719476
1.7926666666666669,-24.03351945059072
1.7943500000000001,-24.03349151091347
1.7960166666666668,-24.033468227849095
1.7976833333333335,-24.033449601397592
1.79935,-24.033435631558966
1.8010166666666667,-24.03341234849459
1.8026833333333334,-24.03337509559159
1.8043500000000001,-24.033323872849962
1.8060166666666668,-24.033249367043958
1.8076833333333335,-24.033151578173577
1.80935,-24.033035162851696
1.8110166666666667,-24.03289546446544
1.8126833333333334,-24.032741796240558
1.8143500000000001,-24.03257415817705
1.8160166666666668,-24.032401863500663
1.8176833333333333,-24.032224912211404
1.81935,-24.032047960922146
1.8210166666666667,-24.03186635302001
1.8226833333333334,-24.031689401730752
1.8243666666666667,-24.031507793828617
1.8260333333333334,-24.031321529313605
1.8277,-24.03113060818572
1.8293666666666668,-24.030930373832085
1.8310333333333335,-24.030725482865574
1.8327,-24.03051593528619
1.8343666666666667,-24.03029707448105
1.8360333333333334,-24.030078213675914
1.8377000000000001,-24.029854696257903
1.8393666666666668,-24.029626522227016
1.8410333333333335,-24.029393691583255
1.8427,-24.02915620432662
1.8443666666666667,-24.028914060457105
1.8460333333333334,-24.028667259974714
1.8477000000000001,-24.028411146266578
1.8493666666666668,-24.028150375945565
1.85105,-24.027880292398798
1.8527,-24.02760555223916
1.8543833333333335,-24.027326155466646
1.8560500000000002,-24.027042102081253
1.8577166666666667,-24.02675339208299
1.8593833333333334,-24.026464682084725
1.86105,-24.02617597208646
1.8627166666666668,-24.02589191870107
1.8643833333333335,-24.02561717854143
1.86605,-24.02535175160754
1.8677166666666667,-24.025109607738028
1.8693833333333334,-24.02489074693289
1.87105,-24.024709139030758
1.8727166666666668,-24.02456012741875
1.8743833333333335,-24.024457681935495
1.87605,-24.024397145968116
1.8777166666666667,-24.02437386290374
1.8793833333333334,-24.02439248935524
1.8810666666666667,-24.02443905548399
1.8827166666666668,-24.024504248064247
1.8844,-24.0245694406445
1.8860666666666668,-24.024625319999004
1.8877333333333335,-24.024653259676253
1.8894000000000002,-24.024643946450503
1.8910666666666667,-24.024588067096
1.8927333333333334,-24.02447165177412
1.8944,-24.02429470048486
1.8960666666666668,-24.02405721322822
1.8977333333333335,-24.023768503229956
1.8994000000000002,-24.023428570490065
1.9010666666666667,-24.023056041460045
1.9027333333333334,-24.02266022936565
1.9044,-24.022255104045502
1.9060666666666668,-24.021849978725356
1.90775,-24.02145416663096
1.9094,-24.02107232437519
1.9110833333333335,-24.02070910857092
1.9127500000000002,-24.020364519218152
1.9144166666666667,-24.02003389970401
1.9160833333333334,-24.01971259341562
1.91775,-24.01940525696585
1.9194166666666668,-24.019107233741835
1.9210833333333335,-24.018818523743573
1.9227500000000002,-24.018539126971056
1.9244166666666667,-24.018269043424294
1.9260833333333334,-24.018008273103277
1.92775,-24.01775215939514
1.9294166666666668,-24.017510015525627
1.9310833333333335,-24.017267871656113
1.9327500000000002,-24.017035041012353
1.9344166666666667,-24.016806866981465
1.9360833333333334,-24.016578692950578
1.93775,-24.01635051891969
1.9394166666666668,-24.01611768827593
1.9411,-24.015875544406416
1.9427666666666668,-24.015633400536903
1.9444333333333335,-24.015377286828766
1.9461000000000002,-24.015111859894876
1.9477666666666669,-24.014827806509487
1.9494333333333334,-24.014529783285468
1.9511,-24.014208476997077
1.9527666666666668,-24.01387320087006
1.9544333333333335,-24.01351929829154
1.9561000000000002,-24.013151425874398
1.9577666666666667,-24.012769583618628
1.9594333333333334,-24.012378428137104
1.9611,-24.011977959429835
1.9627666666666668,-24.01157283410969
1.9644333333333335,-24.011163052176666
1.9661000000000002,-24.010743957017894
1.9677666666666667,-24.01032020524625
1.9694333333333334,-24.0098964534746
1.9711166666666669,-24.0094633884772
1.9727833333333333,-24.009030323479806
1.97445,-24.008587945256657
1.9761166666666667,-24.008140910420632
1.9777833333333334,-24.007684562358858
1.9794500000000002,-24.00721424445846
1.9811166666666669,-24.006729956719433
1.9827833333333333,-24.006227042528906
1.98445,-24.005710158499753
1.9861166666666668,-24.005169991406227
1.9877833333333335,-24.00461585447407
1.9894500000000002,-24.004047747703293
1.9911166666666669,-24.00347032770676
1.9927833333333334,-24.002897564323106
1.9944666666666668,-24.00232480093945
1.9961166666666668,-24.00176600739442
1.9978,-24.001211870462267
1.9994500000000002,-24.00066704675586
2.001133333333333,-24.00013153627521
2.0028,-23.999596025794556
2.0044666666666666,-23.999060515313904
2.0061333333333335,-23.99852500483325
2.0078,-23.997980181126845
2.009466666666667,-23.997435357420443
2.0111333333333334,-23.996885877101164
2.0128,-23.996341053394758
2.014466666666667,-23.995800886301232
2.0161333333333333,-23.995270032433453
2.0178000000000003,-23.994748491791427
2.0194666666666667,-23.99423626437515
2.0211333333333332,-23.993742663410373
2.0228,-23.993253719058472
2.0244666666666666,-23.99277408793232
2.0261333333333336,-23.992308426644797
2.027816666666667,-23.991852078583022
2.029466666666667,-23.991405043746997
2.0311500000000002,-23.990971978749602
2.0328166666666667,-23.990557540203703
2.0344833333333336,-23.990161728109307
2.03615,-23.98978919907929
2.0378166666666666,-23.989439953113646
2.0394833333333335,-23.989113990212378
2.04115,-23.988815966988362
2.042816666666667,-23.988541226828723
2.0444833333333334,-23.98828976973346
2.04615,-23.988061595702572
2.047816666666667,-23.987861361348937
2.0494833333333333,-23.987679753446802
2.0511500000000003,-23.98752608522192
2.0528166666666667,-23.98740035667429
2.054483333333333,-23.98730256780391
2.05615,-23.987228061997904
2.0578333333333334,-23.98718149586915
2.0594833333333336,-23.987158212804776
2.061166666666667,-23.9871535561919
2.0628333333333333,-23.987172182643402
2.0645000000000002,-23.987204778933528
2.0661666666666667,-23.987256001675156
2.0678333333333336,-23.987325850868285
2.0695,-23.987414326512912
2.0711666666666666,-23.987521428609043
2.0728333333333335,-23.987656470382426
2.0745,-23.98781013860731
2.076166666666667,-23.987991746509444
2.0778333333333334,-23.98820129408883
2.0795,-23.98843878134547
2.081166666666667,-23.988704208279355
2.0828333333333333,-23.988997574890497
2.0845000000000002,-23.989314224566012
2.0861666666666667,-23.989654157305907
2.08785,-23.990017373110177
2.089516666666667,-23.990399215365947
2.0911833333333334,-23.990799684073217
2.0928500000000003,-23.991214122619112
2.094516666666667,-23.991642531003638
2.0961833333333333,-23.992084909226786
2.09785,-23.992541257288558
2.0995166666666667,-23.993016231801835
2.1011833333333336,-23.99350983276661
2.10285,-23.994022060182886
2.1045166666666666,-23.994562227276415
2.1061833333333335,-23.99511636420857
2.10785,-23.995693784205102
2.109516666666667,-23.996275860814507
2.1111833333333334,-23.99686725064966
2.11285,-23.997463297097696
2.114516666666667,-23.998050030319973
2.1161833333333333,-23.998627450316505
2.1178666666666666,-23.999195557087287
2.1195333333333335,-23.999754350632315
2.1212,-24.000303830951594
2.122866666666667,-24.000843998045124
2.1245333333333334,-24.001379508525776
2.1262000000000003,-24.001910362393552
2.127866666666667,-24.00244587287421
2.1295333333333333,-24.002986039967734
2.1312,-24.00352155044839
2.1328666666666667,-24.004066374154792
2.1345333333333336,-24.00460654124832
2.1362,-24.005151364954724
2.1378666666666666,-24.005691532048253
2.1395333333333335,-24.006236355754655
2.1412,-24.006776522848185
2.142866666666667,-24.007316689941714
2.1445333333333334,-24.007861513648116
2.1462,-24.008401680741645
2.1478833333333336,-24.008941847835175
2.14955,-24.009482014928704
2.1512166666666666,-24.010017525409356
2.1528833333333335,-24.01055303589001
2.15455,-24.01108388975779
2.156216666666667,-24.01161008701269
2.1578833333333334,-24.012136284267594
2.1595500000000003,-24.01265782490962
2.161216666666667,-24.013174708938774
2.1628833333333333,-24.01368693635505
2.16455,-24.014194507158454
2.1662166666666667,-24.014697421348977
2.1678833333333336,-24.01519567892663
2.16955,-24.015689279891404
2.1712166666666666,-24.016187537469058
2.1728833333333335,-24.01668113843383
2.17455,-24.01717473939861
2.176216666666667,-24.01767299697626
2.1779,-24.018175911166786
2.1795666666666667,-24.01867416874444
2.1812333333333336,-24.019177082934966
2.1829,-24.019675340512617
2.184566666666667,-24.020168941477394
2.1862333333333335,-24.020653229216418
2.1879,-24.02113286034257
2.189566666666667,-24.02160317824297
2.1912333333333334,-24.02205952630474
2.1929000000000003,-24.022506561140766
2.1945666666666668,-24.022939626138164
2.1962333333333333,-24.02336337790981
2.1979,-24.02377781645571
2.1995666666666667,-24.02417828516298
2.2012333333333336,-24.024564784031625
2.2029,-24.02494196967452
2.2045833333333333,-24.025300528865912
2.2062500000000003,-24.02564511821868
2.2079166666666667,-24.02597108111995
2.2095833333333332,-24.02629238740834
2.21125,-24.026599723858105
2.2129166666666666,-24.026907060307874
2.2145833333333336,-24.027209740144762
2.21625,-24.02751707659453
2.217916666666667,-24.027824413044296
2.2195833333333335,-24.028141062719815
2.22125,-24.02845771239533
2.222916666666667,-24.02877436207085
2.2245833333333334,-24.02909566835924
2.2262500000000003,-24.029412318034755
2.2279166666666668,-24.02971965448452
2.2295833333333333,-24.030017677708535
2.23125,-24.030301731093928
2.2329166666666667,-24.030567158027814
2.2346,-24.030813958510205
2.236266666666667,-24.031037475928215
2.2379333333333333,-24.031233053668977
2.2396000000000003,-24.031400691732486
2.2412666666666667,-24.031540390118742
2.2429333333333332,-24.0316614620535
2.2446,-24.03176856414963
2.2462666666666666,-24.031871009632884
2.2479333333333336,-24.031968798503264
2.2496,-24.032075900599395
2.251266666666667,-24.032187659308402
2.2529333333333335,-24.03230873124316
2.2546,-24.03243445979079
2.256266666666667,-24.032564844951295
2.2579333333333333,-24.03269988672468
2.2596000000000003,-24.032834928498062
2.2612666666666668,-24.03296531365857
2.2629333333333332,-24.03310035543195
2.264616666666667,-24.033230740592458
2.2662666666666667,-24.033356469140088
2.26795,-24.03348219768772
2.269616666666667,-24.033603269622475
2.2712833333333333,-24.03371968494436
2.2729500000000002,-24.033831443653362
2.2746166666666667,-24.033938545749493
2.2762833333333337,-24.03404099123275
2.27795,-24.034143436716004
2.2796166666666666,-24.034241225586385
2.2812833333333336,-24.034339014456766
2.28295,-24.03444145994002
2.284616666666667,-24.034543905423277
2.2862833333333334,-24.034651007519408
2.28795,-24.034758109615538
2.289616666666667,-24.03486986832454
2.2912833333333333,-24.03498162703355
2.2929500000000003,-24.035093385742556
2.2946333333333335,-24.03520514445156
2.2963,-24.03531224654769
2.297966666666667,-24.035414692030947
2.2996333333333334,-24.035521794127078
2.3013,-24.035624239610332
2.302966666666667,-24.035731341706462
2.3046333333333333,-24.03583378718972
2.3063000000000002,-24.035936232672974
2.3079666666666667,-24.036034021543355
2.3096333333333336,-24.036122497187986
2.3113,-24.03620631621974
2.3129666666666666,-24.03627616541287
2.3146333333333335,-24.036336701380247
2.3163,-24.036397237347625
2.317966666666667,-24.036453116702127
2.3196333333333334,-24.036518309282382
2.3213,-24.03659747170126
2.322966666666667,-24.036709230410267
2.32465,-24.03686289863515
2.3263166666666666,-24.03706778960166
2.3279833333333335,-24.037328559922674
2.32965,-24.03765452282394
2.331316666666667,-24.038036365079712
2.3329833333333334,-24.038469430077107
2.33465,-24.03893974797751
2.336316666666667,-24.039424035716532
2.3379833333333333,-24.03989901022981
2.3396500000000002,-24.04034138845296
2.3413166666666667,-24.04072323070873
2.3429833333333336,-24.041025910545617
2.34465,-24.04123080151213
2.3463166666666666,-24.04132859038251
2.3479833333333335,-24.041323933769633
2.34965,-24.041216831673502
2.3513333333333333,-24.041025910545617
2.3529833333333334,-24.04076979683748
2.3546666666666667,-24.040471773613465
2.3563333333333336,-24.040155123937947
2.358,-24.039843130875305
2.3596666666666666,-24.03954510765129
2.3613333333333335,-24.0392796807174
2.363,-24.03905616329939
2.364666666666667,-24.03886989878438
2.3663333333333334,-24.03872088717237
2.3680000000000003,-24.03860447185049
2.369666666666667,-24.03851599620586
2.3713333333333333,-24.03844614701273
2.373,-24.038394924271103
2.3746666666666667,-24.038357671368104
2.3763333333333336,-24.038334388303728
2.378,-24.0383204184651
2.3796666666666666,-24.03831110523935
2.3813500000000003,-24.03831110523935
2.383,-24.03831110523935
2.3846833333333333,-24.03831110523935
2.38635,-24.03831110523935
2.3880166666666667,-24.03831110523935
2.3896833333333336,-24.038306448626475
2.39135,-24.038297135400725
2.3930166666666666,-24.038287822174972
2.3946833333333335,-24.038278508949222
2.39635,-24.03827385233635
2.398016666666667,-24.038264539110596
2.3996833333333334,-24.038264539110596
2.4013500000000003,-24.038269195723473
2.403016666666667,-24.038278508949222
2.4046833333333333,-24.0383017920136
2.40635,-24.0383390449166
2.4080166666666667,-24.038394924271103
2.4096833333333336,-24.038469430077107
2.411366666666667,-24.03856256233461
2.4130166666666666,-24.03867432104362
2.4147000000000003,-24.038800049591252
2.4163666666666668,-24.03893043475176
2.4180333333333333,-24.039070133138015
2.4197,-24.03920051829852
2.4213666666666667,-24.039326246846155
2.4230333333333336,-24.03943800555516
2.4247,-24.039531137812663
2.426366666666667,-24.039610300231544
2.4280333333333335,-24.039675492811796
2.4297,-24.039726715553424
2.431366666666667,-24.039763968456427
2.4330333333333334,-24.03979190813368
2.4347000000000003,-24.03980122135943
2.436366666666667,-24.03980122135943
2.4380333333333333,-24.039787251520803
2.4397,-24.03975931184355
2.4413833333333335,-24.039717402327675
2.44305,-24.039666179586046
2.444716666666667,-24.039610300231544
2.4463833333333334,-24.039549764264166
2.4480500000000003,-24.039493884909664
2.4497166666666668,-24.03943800555516
2.4513833333333332,-24.039391439426407
2.45305,-24.03934952991053
2.4547166666666667,-24.03931227700753
2.4563833333333336,-24.0392796807174
2.45805,-24.039247084427274
2.459716666666667,-24.039214488137148
2.4613833333333335,-24.039181891847022
2.46305,-24.039149295556893
2.464716666666667,-24.039116699266767
2.4663833333333334,-24.039088759589514
2.4680500000000003,-24.039070133138015
2.469716666666667,-24.03905616329939
2.4714,-24.039051506686516
2.473066666666667,-24.03905616329939
2.4747333333333335,-24.039060819912265
2.4764,-24.03907478975089
2.478066666666667,-24.039098072815268
2.4797333333333333,-24.039121355879644
2.4814000000000003,-24.03915395216977
2.4830666666666668,-24.039195861685645
2.4847333333333332,-24.0392424278144
2.4864,-24.039293650556026
2.4880666666666666,-24.039344873297654
2.4897333333333336,-24.039396096039283
2.4914,-24.03943800555516
2.493066666666667,-24.039470601845284
2.4947333333333335,-24.039489228296787
2.4964,-24.039489228296787
2.4980833333333337,-24.039470601845284
2.49975,-24.03943800555516
2.5014166666666666,-24.039400752652156
2.5030833333333335,-24.039354186523404
2.50475,-24.03930296378178
2.506416666666667,-24.039256397653023
2.5080833333333334,-24.03920983152427
2.50975,-24.039167922008396
2.511416666666667,-24.03913532571827
2.5130833333333333,-24.03911204265389
2.5147500000000003,-24.03910272942814
2.5164166666666667,-24.039107386041017
2.5180833333333337,-24.039130669105393
2.51975,-24.039181891847022
2.5214166666666666,-24.03927036749165
2.5230833333333336,-24.039396096039283
2.52475,-24.039563734102792
2.526416666666667,-24.039782594907926
2.5281000000000002,-24.040038708616066
2.52975,-24.04034138845296
2.5314333333333336,-24.040667351354223
2.5331,-24.041016597319867
2.5347666666666666,-24.041361186672635
2.5364333333333335,-24.041696462799653
2.5381,-24.04199448602367
2.539766666666667,-24.04224128650606
2.5414333333333334,-24.04242289440819
2.5431,-24.04252999650432
2.544766666666667,-24.04256259279445
2.5464333333333333,-24.042516026665698
2.5481000000000003,-24.04240426795669
2.5497666666666667,-24.042231973280305
2.5514333333333337,-24.042017769088044
2.5531,-24.041784938444284
2.5547666666666666,-24.041538137961894
2.5564333333333336,-24.041295994092383
2.558116666666667,-24.04106316344862
2.559766666666667,-24.040853615869235
2.5614500000000002,-24.040667351354223
2.5631166666666667,-24.04049505667784
2.5647833333333336,-24.04034604506583
2.56645,-24.040206346679575
2.5681166666666666,-24.040071304906192
2.5697833333333335,-24.039945576358562
2.57145,-24.039815191198056
2.573116666666667,-24.039689462650422
2.5747833333333334,-24.039563734102792
2.57645,-24.039442662168035
2.578116666666667,-24.039330903459028
2.5797833333333333,-24.039233114588647
2.5814500000000002,-24.03915395216977
2.5831166666666667,-24.039088759589514
2.5847833333333337,-24.039051506686516
2.58645,-24.039032880235013
2.5881333333333334,-24.03903753684789
2.5897833333333335,-24.039060819912265
2.591466666666667,-24.039098072815268
2.5931333333333333,-24.039149295556893
2.5948,-24.039205174911398
2.5964666666666667,-24.03927036749165
2.5981333333333336,-24.039326246846155
2.5998,-24.039382126200657
2.6014666666666666,-24.039433348942286
2.6031333333333335,-24.039470601845284
2.6048,-24.039493884909664
2.606466666666667,-24.039503198135414
2.6081333333333334,-24.039498541522537
2.6098000000000003,-24.039479915071038
2.611466666666667,-24.03944731878091
2.6131333333333333,-24.039405409265033
2.6148000000000002,-24.039354186523404
2.6164666666666667,-24.039293650556026
2.61815,-24.039228457975774
2.6198,-24.03916326539552
2.6214833333333334,-24.039098072815268
2.6231500000000003,-24.03903753684789
2.624816666666667,-24.03897700088051
2.6264833333333333,-24.03893043475176
2.62815,-24.038893181848756
2.6298166666666667,-24.038865242171504
2.6314833333333336,-24.038846615720004
2.63315,-24.038832645881378
2.6348166666666666,-24.038823332655628
2.6364833333333335,-24.038823332655628
2.63815,-24.03881867604275
2.639816666666667,-24.03881867604275
2.6414833333333334,-24.038814019429875
2.6431500000000003,-24.038809362817002
2.644816666666667,-24.038809362817002
2.6464833333333333,-24.038809362817002
2.648166666666667,-24.038814019429875
2.6498333333333335,-24.038823332655628
2.6515,-24.038832645881378
2.653166666666667,-24.038846615720004
2.6548333333333334,-24.03886989878438
2.6565000000000003,-24.03889783846163
2.658166666666667,-24.03893043475176
2.6598333333333333,-24.038972344267634
2.6615,-24.039023567009263
2.6631666666666667,-24.039088759589514
2.6648333333333336,-24.039158608782646
2.6665,-24.039233114588647
2.6681666666666666,-24.039307620394652
2.6698333333333335,-24.039382126200657
2.6715,-24.039451975393785
2.673166666666667,-24.039507854748287
2.6748333333333334,-24.03955442087704
2.6765000000000003,-24.039587017167168
2.6781833333333336,-24.039605643618668
2.67985,-24.039610300231544
2.681516666666667,-24.039610300231544
2.6831833333333335,-24.039605643618668
2.68485,-24.039596330392918
2.686516666666667,-24.03959167378004
2.6881833333333334,-24.03959167378004
2.6898500000000003,-24.039596330392918
2.691516666666667,-24.039619613457294
2.6931833333333333,-24.03965220974742
2.69485,-24.03970343248905
2.6965166666666667,-24.039768625069303
2.6981833333333336,-24.039852444101058
2.69985,-24.039945576358562
2.701516666666667,-24.040052678454693
2.7031833333333335,-24.040169093776573
2.70485,-24.04029016571133
2.706516666666667,-24.040411237646087
2.7082,-24.04052299635509
2.7098666666666666,-24.040625441838348
2.7115333333333336,-24.040713917482975
2.7132,-24.04077911006323
2.714866666666667,-24.040825676191982
2.7165333333333335,-24.04084895925636
2.7182,-24.040858272482108
2.719866666666667,-24.04084895925636
2.7215333333333334,-24.040825676191982
2.7232000000000003,-24.04078842328898
2.7248666666666668,-24.040746513773104
2.7265333333333333,-24.040699947644352
2.7282,-24.040644068289847
2.7298666666666667,-24.040588188935345
2.7315333333333336,-24.040532309580843
2.7332,-24.040476430226338
2.734866666666667,-24.040429864097586
2.7365333333333335,-24.040392611194584
2.7382166666666667,-24.040360014904458
2.7398833333333337,-24.04034138845296
2.74155,-24.040327418614332
2.7432166666666666,-24.040318105388582
2.7448833333333336,-24.040313448775706
2.74655,-24.040304135549956
2.748216666666667,-24.040294822324206
2.7498833333333335,-24.040276195872703
2.75155,-24.040257569421204
2.753216666666667,-24.04022962974395
2.7548833333333334,-24.0402016900667
2.7565500000000003,-24.040164437163696
2.7582166666666668,-24.040127184260697
2.7598833333333332,-24.04008527474482
2.76155,-24.040038708616066
2.7632166666666667,-24.039987485874438
2.7648833333333336,-24.039931606519936
2.76655,-24.039871070552557
2.7682333333333333,-24.039805877972302
2.7699000000000003,-24.039745342004927
2.7715666666666667,-24.03968480603755
2.7732333333333337,-24.03962427007017
2.7749,-24.039573047328542
2.7765666666666666,-24.039521824586913
2.7782333333333336,-24.03947525845816
2.7799,-24.03942869232941
2.781566666666667,-24.039382126200657
2.7832333333333334,-24.039335560071905
2.7849166666666667,-24.039284337330276
2.7865833333333336,-24.039228457975774
2.78825,-24.039167922008396
2.7899166666666666,-24.039107386041017
2.7915833333333335,-24.039051506686516
2.79325,-24.03899562733201
2.794916666666667,-24.038944404590385
2.7965833333333334,-24.03889783846163
2.7982500000000003,-24.03886058555863
2.799916666666667,-24.038832645881378
2.8015833333333333,-24.038809362817002
2.8032500000000002,-24.038795392978376
2.8049166666666667,-24.0387907363655
2.8065833333333337,-24.038795392978376
2.80825,-24.038804706204125
2.8099166666666666,-24.038823332655628
2.8115833333333335,-24.038846615720004
2.81325,-24.03886989878438
2.814916666666667,-24.03888852523588
2.8165833333333334,-24.038907151687383
2.81825,-24.038916464913132
2.819916666666667,-24.038916464913132
2.8215833333333333,-24.038911808300256
2.8232500000000003,-24.03889783846163
2.8249166666666667,-24.038883868623007
2.8266,-24.03886989878438
2.828266666666667,-24.03886058555863
2.8299333333333334,-24.03886058555863
2.8316000000000003,-24.03887921201013
2.833266666666667,-24.038916464913132
2.8349333333333333,-24.03897700088051
2.8366000000000002,-24.039070133138015
2.8382666666666667,-24.03920051829852
2.8399333333333336,-24.039363499749154
2.8416,-24.039563734102792
2.8432666666666666,-24.039796564746553
2.8449333333333335,-24.040048021841816
2.8466,-24.040313448775706
2.848266666666667,-24.04057421909672
2.8499333333333334,-24.040821019579106
2.8516000000000004,-24.04103522377137
2.853266666666667,-24.04121217506063
2.8549333333333333,-24.04133790360826
2.8566166666666666,-24.04141706602714
2.8582833333333335,-24.041449662317266
2.85995,-24.041431035865763
2.861616666666667,-24.04137515651126
2.8632833333333334,-24.041286680866634
2.8649500000000003,-24.0411795787705
2.866616666666667,-24.041058506835746
2.8682833333333333,-24.040942091513863
2.8699500000000002,-24.040825676191982
2.8716166666666667,-24.04072323070873
2.8732833333333336,-24.040634755064097
2.87495,-24.040569562483846
2.8766333333333334,-24.04052299635509
2.8783000000000003,-24.040499713290714
2.879966666666667,-24.040490400064964
2.8816333333333333,-24.040499713290714
2.8833,-24.04052299635509
2.8849666666666667,-24.040546279419466
2.8866333333333336,-24.040569562483846
2.8883,-24.040588188935345
2.889966666666667,-24.040592845548222
2.8916333333333335,-24.04057421909672
2.8933,-24.040536966193716
2.894966666666667,-24.040476430226338
2.8966333333333334,-24.04039726780746
2.8983000000000003,-24.040294822324206
2.899966666666667,-24.040178407002323
2.9016333333333333,-24.040052678454693
2.9033,-24.03992694990706
2.9049666666666667,-24.039796564746553
2.9066333333333336,-24.039675492811796
2.9083,-24.039563734102792
2.9099666666666666,-24.03946594523241
2.9116333333333335,-24.039382126200657
2.9133,-24.039307620394652
2.9149833333333333,-24.039247084427274
2.91665,-24.03920051829852
2.9183166666666667,-24.03916326539552
2.9199833333333336,-24.039130669105393
2.92165,-24.03910272942814
2.923316666666667,-24.03907478975089
2.9249833333333335,-24.039042193460762
2.92665,-24.03900494055776
2.928316666666667,-24.038963031041884
2.9299833333333334,-24.038916464913132
2.9316500000000003,-24.03886989878438
2.933316666666667,-24.0388279892685
2.9349833333333333,-24.0387907363655
2.93665,-24.03876279668825
2.9383166666666667,-24.038744170236747
2.9399833333333336,-24.038734857010997
2.94165,-24.038734857010997
2.9433333333333334,-24.038739513623874
2.9450000000000003,-24.038753483462497
2.9466666666666668,-24.03876279668825
2.9483333333333337,-24.03878142313975
2.95,-24.038800049591252
2.9516666666666667,-24.038823332655628
2.9533333333333336,-24.038851272332877
2.955,-24.03887921201013
2.956666666666667,-24.038907151687383
2.9583333333333335,-24.038935091364632
2.96,-24.038958374429008
2.961666666666667,-24.03897700088051
2.9633333333333334,-24.03898631410626
2.9650000000000003,-24.03898631410626
2.966666666666667,-24.03897700088051
2.9683333333333333,-24.038958374429008
2.97,-24.03893043475176
2.9716666666666667,-24.03889783846163
2.97335,-24.03886058555863
2.975016666666667,-24.03881867604275
2.9766833333333333,-24.038776766526876
2.9783500000000003,-24.038734857010997
2.9800166666666668,-24.038697604107995
2.9816833333333337,-24.038669664430746
2.98335,-24.038651037979243
2.9850166666666667,-24.038646381366366
2.9866833333333336,-24.038651037979243
2.98835,-24.03866500781787
2.990016666666667,-24.03869294749512
2.9916833333333335,-24.03873020039812
2.99335,-24.038767453301123
2.995016666666667,-24.038809362817002
2.9966833333333334,-24.038841959107128
2.9983500000000003,-24.03886989878438
