min,µS/cm
0.0,-24.044015456011525
0.0016666666666667052,-24.0439828597214
0.0033333333333334103,-24.043950263431274
0.004999999999999893,-24.04391301052827
0.006666666666666599,-24.04386644439952
0.008333333333333304,-24.04379659520639
0.010000000000000009,-24.04370811956176
0.011666666666666714,-24.04359170423988
0.01333333333333342,-24.043456662466497
0.014999999999999902,-24.04331696408024
0.016666666666666607,-24.043186578919734
0.01835000000000009,-24.043079476823603
0.02001666666666657,-24.043000314404722
0.021683333333333277,-24.04295374827597
0.023349999999999982,-24.04294443505022
0.025016666666666687,-24.04295374827597
0.026683333333333392,-24.042981687953223
0.028350000000000097,-24.04301428424335
0.03001666666666658,-24.043037567307724
0.031683333333333286,-24.043056193759224
0.03334999999999999,-24.043056193759224
0.035016666666666696,-24.043046880533474
0.0366833333333334,-24.043018940856225
0.038350000000000106,-24.042981687953223
0.04001666666666659,-24.042939778437344
0.041683333333333294,-24.042897868921468
0.04335,-24.042860616018466
0.045016666666666705,-24.04282801972834
0.04668333333333341,-24.042809393276837
0.04834999999999989,-24.042800080051087
0.050033333333333374,-24.04279542343821
0.05170000000000008,-24.04279542343821
0.05336666666666656,-24.042790766825338
0.05503333333333327,-24.04278611021246
0.05669999999999997,-24.042772140373835
0.05836666666666668,-24.04274885730946
0.06003333333333338,-24.042716261019333
0.06170000000000009,-24.04266969489058
0.06336666666666657,-24.04262312876183
0.06503333333333328,-24.042576562633077
0.06669999999999998,-24.04252999650432
0.06836666666666669,-24.042497400214195
0.07003333333333339,-24.042469460536946
0.0717000000000001,-24.042450834085443
0.07336666666666658,-24.04244617747257
0.07503333333333329,-24.042450834085443
0.07669999999999999,-24.042460147311193
0.07838333333333325,-24.042478773762696
0.08004999999999995,-24.042492743601322
0.08171666666666666,-24.04251137005282
0.08338333333333336,-24.04252999650432
0.08505000000000007,-24.042548622955824
0.08671666666666655,-24.04256259279445
0.08838333333333326,-24.0425719060202
0.09004999999999996,-24.0425719060202
0.09171666666666667,-24.0425719060202
0.09338333333333337,-24.042567249407323
0.09505000000000008,-24.04256259279445
0.09671666666666678,-24.04256259279445
0.09838333333333327,-24.042567249407323
0.10004999999999997,-24.04258121924595
0.10171666666666668,-24.042609158923202
0.10338333333333338,-24.042646411826205
0.10505000000000009,-24.04269763456783
0.10671666666666657,-24.042753513922335
0.10840000000000005,-24.042809393276837
0.11006666666666676,-24.04286527263134
0.11173333333333324,-24.042916495372967
0.11339999999999995,-24.04295374827597
0.11506666666666665,-24.04297237472747
0.11673333333333336,-24.042977031340346
0.11840000000000006,-24.04296306150172
0.12006666666666677,-24.042930465211594
0.12173333333333325,-24.042879242469965
0.12339999999999995,-24.042818706502587
0.12506666666666666,-24.042744200696585
0.12673333333333336,-24.04266038166483
0.12840000000000007,-24.042576562633077
0.13006666666666677,-24.042492743601322
0.13173333333333326,-24.042408924569568
0.13339999999999996,-24.042334418763563
0.13506666666666667,-24.042264569570435
0.13674999999999993,-24.042204033603056
0.13841666666666663,-24.04214815424855
0.14008333333333334,-24.0421015881198
0.14175000000000004,-24.042068991829673
0.14341666666666675,-24.04204105215242
0.14508333333333323,-24.042017769088044
0.14674999999999994,-24.042008455862295
0.14841666666666664,-24.04200379924942
0.15008333333333335,-24.04200379924942
0.15175000000000005,-24.042008455862295
0.15341666666666676,-24.04201311247517
0.15508333333333346,-24.042017769088044
0.15674999999999994,-24.04202242570092
0.15841666666666665,-24.042017769088044
0.16008333333333336,-24.04201311247517
0.16175000000000006,-24.041999142636545
0.16341666666666677,-24.041980516185042
0.16508333333333325,-24.041961889733543
0.16676666666666673,-24.04193395005629
0.16843333333333343,-24.04190601037904
0.17009999999999992,-24.04187341408891
0.17176666666666662,-24.041836161185913
0.17343333333333333,-24.04179890828291
0.17510000000000003,-24.04175699876703
0.17676666666666674,-24.041715089251156
0.17843333333333322,-24.041668523122404
0.18009999999999993,-24.041617300380775
0.18176666666666663,-24.041566077639146
0.18343333333333334,-24.041514854897517
0.18510000000000004,-24.041463632155892
0.18676666666666675,-24.041412409414264
0.18843333333333345,-24.041361186672635
0.19009999999999994,-24.041314620543883
0.19178333333333342,-24.041272711028007
0.19345000000000012,-24.04123080151213
0.1951166666666666,-24.041198205222003
0.1967833333333333,-24.041165608931877
0.19845000000000002,-24.0411423258675
0.20011666666666672,-24.041123699415998
0.20178333333333343,-24.041114386190248
0.2034499999999999,-24.04110972957737
0.2051166666666666,-24.04110972957737
0.20678333333333332,-24.041114386190248
0.20845000000000002,-24.041123699415998
0.21011666666666673,-24.041137669254624
0.21178333333333343,-24.04115163909325
0.21344999999999992,-24.041160952319
0.21511666666666662,-24.041174922157627
0.21678333333333333,-24.0411795787705
0.21845000000000003,-24.041184235383376
0.22011666666666674,-24.041184235383376
0.22178333333333344,-24.041184235383376
0.22344999999999993,-24.041184235383376
0.2251333333333334,-24.041184235383376
0.2268000000000001,-24.041184235383376
0.2284666666666666,-24.041188891996253
0.2301333333333333,-24.041193548609126
0.2318,-24.041198205222003
0.2334666666666667,-24.041207518447752
0.23513333333333342,-24.04121217506063
0.2367999999999999,-24.041216831673502
0.2384666666666666,-24.041216831673502
0.2401333333333333,-24.041207518447752
0.24180000000000001,-24.041198205222003
0.24346666666666672,-24.0411795787705
0.24513333333333343,-24.041165608931877
0.24680000000000013,-24.041146982480374
0.2484666666666666,-24.041128356028874
0.2501333333333333,-24.04110972957737
0.2518,-24.04109575973875
0.25346666666666673,-24.041086446512995
0.25515,-24.04107247667437
0.2568166666666667,-24.04106316344862
0.2584833333333334,-24.041049193609993
0.2601500000000001,-24.041030567158494
0.2618166666666666,-24.041011940706994
0.2634833333333333,-24.040988657642615
0.26515,-24.040960717965365
0.2668166666666667,-24.04092812167524
0.2684833333333334,-24.04089552538511
0.2701499999999999,-24.040858272482108
0.2718166666666668,-24.04083033280486
0.2734833333333333,-24.040802393127606
0.27515,-24.040774453450354
0.2768166666666667,-24.040755826998854
0.2784833333333334,-24.040741857160228
0.2801500000000001,-24.040732543934478
0.2818166666666666,-24.040732543934478
0.2834833333333333,-24.040737200547355
0.2851666666666668,-24.040755826998854
0.2868333333333333,-24.04078842328898
0.2885,-24.040834989417732
0.2901666666666667,-24.04089552538511
0.2918333333333334,-24.04096537457824
0.2935000000000001,-24.041039880384243
0.2951666666666666,-24.041114386190248
0.2968333333333333,-24.041188891996253
0.2985,-24.041254084576504
0.3001666666666667,-24.041305307318133
0.3018333333333334,-24.04134721683401
0.3034999999999999,-24.04137515651126
0.3051666666666668,-24.041393782962764
0.3068333333333333,-24.041403096188514
0.3085,-24.041407752801387
0.3101666666666667,-24.041407752801387
0.3118333333333334,-24.041403096188514
0.31351666666666667,-24.041393782962764
0.31518333333333337,-24.04138446973701
0.3168500000000001,-24.041370499898388
0.3185166666666668,-24.041356530059762
0.32018333333333326,-24.04134721683401
0.32184999999999997,-24.041342560221135
0.3235166666666667,-24.04133790360826
0.3251833333333334,-24.04133790360826
0.3268500000000001,-24.041342560221135
0.32851666666666657,-24.041351873446885
0.3301833333333333,-24.041356530059762
0.33185,-24.041356530059762
0.3335166666666667,-24.041351873446885
0.3351833333333334,-24.04133790360826
0.3368500000000001,-24.04131927715676
0.3385166666666668,-24.041291337479507
0.3401833333333333,-24.04125874118938
0.34185,-24.04122148828638
0.34353333333333347,-24.0411795787705
0.34519999999999995,-24.041137669254624
0.34686666666666666,-24.04110041635162
0.34853333333333336,-24.041067820061496
0.35020000000000007,-24.041039880384243
0.35186666666666677,-24.041016597319867
0.35353333333333326,-24.04100262748124
0.35519999999999996,-24.040988657642615
0.35686666666666667,-24.040974687803992
0.35853333333333337,-24.04096537457824
0.3602000000000001,-24.04095606135249
0.36186666666666656,-24.04094674812674
0.3635333333333335,-24.04093743490099
0.36519999999999997,-24.040932778288113
0.3668666666666667,-24.04092812167524
0.3685333333333334,-24.040923465062363
0.3702000000000001,-24.04092812167524
0.37188333333333334,-24.04092812167524
0.37355000000000005,-24.04092812167524
0.37521666666666675,-24.04092812167524
0.37688333333333346,-24.040914151836613
0.37854999999999994,-24.04089552538511
0.38021666666666665,-24.040862929094985
0.38188333333333335,-24.040821019579106
0.38355000000000006,-24.04076979683748
0.38521666666666676,-24.040709260870102
0.38688333333333325,-24.040644068289847
0.38854999999999995,-24.04058353232247
0.39021666666666666,-24.04052299635509
0.39188333333333336,-24.040476430226338
0.39355000000000007,-24.040439177323336
0.39521666666666655,-24.04041589425896
0.3968833333333335,-24.040401924420337
0.39854999999999996,-24.04039726780746
0.40021666666666667,-24.04039726780746
0.40190000000000015,-24.04039726780746
0.40356666666666663,-24.040401924420337
0.40523333333333333,-24.040401924420337
0.40690000000000004,-24.04039726780746
0.40856666666666674,-24.04038795458171
0.41023333333333345,-24.040369328130208
0.41189999999999993,-24.04034604506583
0.41356666666666664,-24.040322762001455
0.41523333333333334,-24.040294822324206
0.41690000000000005,-24.040266882646954
0.41856666666666675,-24.0402389429697
0.42023333333333324,-24.040215659905325
0.42189999999999994,-24.04019237684095
0.42356666666666665,-24.040178407002323
0.42523333333333335,-24.040164437163696
0.42690000000000006,-24.040150467325073
0.42856666666666676,-24.04014115409932
0.43023333333333347,-24.040136497486447
0.4319166666666667,-24.04013184087357
0.43358333333333343,-24.040127184260697
0.43525000000000014,-24.040127184260697
0.4369166666666666,-24.04012252764782
0.4385833333333333,-24.04012252764782
0.44025000000000003,-24.040127184260697
0.44191666666666674,-24.04013184087357
0.44358333333333344,-24.040136497486447
0.4452499999999999,-24.040150467325073
0.44691666666666663,-24.040164437163696
0.44858333333333333,-24.04019237684095
0.45025000000000004,-24.0402203165182
0.45191666666666674,-24.040252912808327
0.4535833333333332,-24.040285509098453
0.45525000000000015,-24.040318105388582
0.45691666666666664,-24.040336731840082
0.45858333333333334,-24.04034604506583
0.4602666666666668,-24.04034138845296
0.4619333333333333,-24.040327418614332
0.4636,-24.04029947893708
0.4652666666666667,-24.040266882646954
0.4669333333333334,-24.04022962974395
0.4686000000000001,-24.040187720228072
0.4702666666666666,-24.04014115409932
0.4719333333333333,-24.040099244583445
0.4736,-24.040052678454693
0.4752666666666667,-24.040010768938814
0.47693333333333343,-24.039968859422938
0.4785999999999999,-24.039931606519936
0.4802666666666666,-24.03989901022981
0.4819333333333333,-24.039871070552557
0.48360000000000003,-24.03984778748818
0.48526666666666673,-24.03982916103668
0.4869333333333332,-24.039815191198056
0.4886166666666667,-24.039805877972302
0.4902833333333334,-24.039796564746553
0.4919499999999999,-24.039782594907926
0.4936166666666668,-24.039768625069303
0.4952833333333333,-24.039754655230677
0.49695,-24.039726715553424
0.4986166666666667,-24.03969877587617
0.5002833333333332,-24.039666179586046
0.5019500000000001,-24.039628926683044
0.5036166666666666,-24.03959167378004
0.5052833333333333,-24.03955442087704
0.50695,-24.03952648119979
0.5086166666666667,-24.039503198135414
0.5102833333333334,-24.039489228296787
0.5119499999999999,-24.03948457168391
0.5136166666666668,-24.03948457168391
0.5152833333333333,-24.039489228296787
0.51695,-24.039489228296787
0.5186166666666667,-24.039493884909664
0.5203,-24.039493884909664
0.5219666666666667,-24.039489228296787
0.5236333333333334,-24.03948457168391
0.5252999999999999,-24.03948457168391
0.5269666666666668,-24.039489228296787
0.5286333333333333,-24.039498541522537
0.5303,-24.03951716797404
0.5319666666666667,-24.039549764264166
0.5336333333333334,-24.03958236055429
0.5353000000000001,-24.039619613457294
0.5369666666666666,-24.03965220974742
0.5386333333333335,-24.039680149424672
0.5403,-24.0396941192633
0.5419666666666667,-24.0396941192633
0.5436333333333334,-24.039680149424672
0.5452999999999999,-24.03965220974742
0.5469666666666668,-24.039619613457294
0.5486500000000001,-24.03957770394142
0.5503166666666666,-24.03953579442554
0.5519833333333335,-24.039493884909664
0.55365,-24.039451975393785
0.5553166666666667,-24.03941937910366
0.5569833333333334,-24.039386782813533
0.5586499999999999,-24.03935884313628
0.5603166666666668,-24.039330903459028
0.5619833333333333,-24.039307620394652
0.56365,-24.039288993943153
0.5653166666666667,-24.03927036749165
0.5669833333333334,-24.039256397653023
0.5686500000000001,-24.039247084427274
0.5703166666666666,-24.0392424278144
0.5719833333333335,-24.039237771201524
0.57365,-24.039233114588647
0.5753166666666667,-24.039228457975774
0.5769833333333334,-24.039219144750025
0.5786666666666667,-24.039205174911398
0.5803333333333334,-24.039181891847022
0.5820000000000001,-24.039158608782646
0.5836666666666666,-24.039126012492517
0.5853333333333335,-24.03909341620239
0.587,-24.03905616329939
0.5886666666666667,-24.039023567009263
0.5903333333333334,-24.038990970719137
0.5920000000000001,-24.03896768765476
0.5936666666666668,-24.038949061203258
0.5953333333333333,-24.03893974797751
0.597,-24.03893974797751
0.5986666666666667,-24.03893974797751
0.6003333333333334,-24.03893974797751
0.6020000000000001,-24.038944404590385
0.6036666666666666,-24.038949061203258
0.6053333333333335,-24.038949061203258
0.6070166666666668,-24.038953717816135
0.6086833333333332,-24.038958374429008
0.6103500000000002,-24.038963031041884
0.6120166666666667,-24.038972344267634
0.6136833333333334,-24.038981657493384
0.6153500000000001,-24.038990970719137
0.6170166666666665,-24.03900494055776
0.6186833333333335,-24.039014253783513
0.62035,-24.03902822362214
0.6220166666666667,-24.03903753684789
0.6236833333333334,-24.03904685007364
0.6253500000000001,-24.03905616329939
0.6270166666666668,-24.03906547652514
0.6286833333333333,-24.039070133138015
0.6303500000000002,-24.039070133138015
0.6320166666666667,-24.039070133138015
0.6336833333333334,-24.039060819912265
0.6353500000000001,-24.03904685007364
0.6370166666666666,-24.03902822362214
0.6387,-24.039009597170637
0.6403666666666668,-24.03898631410626
0.6420333333333332,-24.038963031041884
0.6437000000000002,-24.038944404590385
0.6453666666666666,-24.03893043475176
0.6470333333333333,-24.038925778138882
0.6487,-24.038925778138882
0.6503666666666665,-24.03893974797751
0.6520333333333335,-24.038953717816135
0.6537,-24.038981657493384
0.6553666666666667,-24.039009597170637
0.6570333333333334,-24.03904685007364
0.6587000000000001,-24.03909341620239
0.6603666666666668,-24.03915395216977
0.6620333333333333,-24.039228457975774
0.6637000000000002,-24.039326246846155
0.6653666666666667,-24.039451975393785
0.6670499999999999,-24.039610300231544
0.6687166666666668,-24.039796564746553
0.6703833333333333,-24.04001542555169
0.67205,-24.040257569421204
0.6737166666666667,-24.040518339742217
0.6753833333333332,-24.040793079901857
0.6770500000000002,-24.041067820061496
0.6787166666666666,-24.041333246995386
0.6803833333333333,-24.041575390864896
0.68205,-24.041794251670034
0.6837166666666668,-24.041980516185042
0.6853833333333335,-24.042124871184175
0.6870499999999999,-24.042236629893182
0.6887166666666669,-24.042301822473437
0.6903833333333333,-24.042334418763563
0.69205,-24.042329762150686
0.6937166666666668,-24.042292509247684
0.6954,-24.042218003441683
0.6970666666666667,-24.0421202145713
0.6987333333333334,-24.04199448602367
0.7003999999999999,-24.041845474411662
0.7020666666666668,-24.041687149573903
0.7037333333333333,-24.041519511510394
0.7054,-24.041342560221135
0.7070666666666667,-24.041174922157627
0.7087333333333332,-24.041007284094118
0.7104000000000001,-24.04084895925636
0.7120666666666666,-24.040704604257225
0.7137333333333333,-24.04056490587097
0.7154,-24.040434520710463
0.7170666666666667,-24.040313448775706
0.7187333333333334,-24.04019237684095
0.7203999999999999,-24.04007596151907
0.7220666666666669,-24.03996420281006
0.7237333333333333,-24.03985710071393
0.7254166666666666,-24.03975931184355
0.7270833333333335,-24.039666179586046
0.72875,-24.03958236055429
0.7304166666666667,-24.039507854748287
0.7320833333333334,-24.03944731878091
0.7337499999999999,-24.039391439426407
0.7354166666666668,-24.039340216684778
0.7370833333333333,-24.039293650556026
0.73875,-24.039247084427274
0.7404166666666667,-24.03920051829852
0.7420833333333332,-24.03915395216977
0.7437500000000001,-24.03910272942814
0.7454166666666666,-24.039051506686516
0.7470833333333333,-24.03899562733201
0.74875,-24.03893974797751
0.7504166666666667,-24.03888852523588
0.7520833333333334,-24.03883730249425
0.7537499999999999,-24.038795392978376
0.7554333333333334,-24.03876279668825
0.7571000000000001,-24.038739513623874
0.7587666666666666,-24.038725543785247
0.7604333333333335,-24.03872088717237
0.7621,-24.038725543785247
0.7637666666666667,-24.038734857010997
0.7654333333333334,-24.038748826849623
0.7670999999999999,-24.03876279668825
0.7687666666666668,-24.03878142313975
0.7704333333333333,-24.038795392978376
0.7721,-24.038804706204125
0.7737666666666667,-24.038814019429875
0.7754333333333334,-24.03881867604275
0.7771000000000001,-24.038823332655628
0.7787666666666666,-24.038823332655628
0.7804333333333335,-24.0388279892685
0.7821,-24.0388279892685
0.7837833333333333,-24.038832645881378
0.7854500000000002,-24.03883730249425
0.7871166666666667,-24.038846615720004
0.7887833333333334,-24.038855928945754
0.7904500000000001,-24.038874555397253
0.7921166666666666,-24.038893181848756
0.7937833333333335,-24.038916464913132
0.79545,-24.038944404590385
0.7971166666666667,-24.038972344267634
0.7987833333333334,-24.03899562733201
0.8004499999999999,-24.039014253783513
0.8021166666666668,-24.03902822362214
0.8037833333333333,-24.039032880235013
0.80545,-24.039023567009263
0.8071166666666667,-24.03900494055776
0.8087833333333334,-24.038981657493384
0.8104500000000001,-24.038949061203258
0.8121166666666666,-24.038916464913132
0.8138000000000001,-24.038883868623007
0.8154666666666668,-24.038851272332877
0.8171333333333333,-24.03881867604275
0.8188000000000002,-24.0387907363655
0.8204666666666667,-24.038767453301123
0.8221333333333334,-24.038748826849623
0.8238000000000001,-24.03873020039812
0.8254666666666666,-24.03871157394662
0.8271333333333335,-24.03870226072087
0.8288,-24.038688290882245
0.8304666666666667,-24.038678977656495
0.8321333333333334,-24.03867432104362
0.8337999999999999,-24.03866500781787
0.8354666666666668,-24.038660351204992
0.8371333333333333,-24.038646381366366
0.8388,-24.038637068140616
0.8404666666666667,-24.03862309830199
0.8421333333333334,-24.03861378507624
0.8438166666666667,-24.03860447185049
0.8454833333333334,-24.038599815237614
0.8471500000000001,-24.03860447185049
0.8488166666666668,-24.03861378507624
0.8504833333333333,-24.038627754914867
0.8521500000000002,-24.038641724753493
0.8538166666666667,-24.03865569459212
0.8554833333333334,-24.03866500781787
0.8571500000000001,-24.038669664430746
0.8588166666666666,-24.038660351204992
0.8604833333333335,-24.038641724753493
0.86215,-24.038609128463367
0.8638166666666667,-24.038571875560365
0.8654833333333334,-24.038529966044486
0.8671500000000001,-24.038478743302857
0.8688166666666668,-24.038432177174105
0.8704833333333333,-24.03838095443248
0.8721500000000002,-24.038334388303728
0.8738333333333335,-24.03829247878785
0.8755,-24.038255225884846
0.8771666666666669,-24.03822262959472
0.8788333333333334,-24.038190033304595
0.8805000000000001,-24.038162093627342
0.8821666666666668,-24.03813415395009
0.8838333333333332,-24.03810621427284
0.8855000000000002,-24.038082931208464
0.8871666666666667,-24.03805499153121
0.8888333333333334,-24.038031708466836
0.8905000000000001,-24.038003768789583
0.8921666666666666,-24.037980485725207
0.8938333333333335,-24.03795720266083
0.8955,-24.037933919596455
0.8971666666666667,-24.037905979919202
0.8988333333333334,-24.037878040241953
0.9005000000000001,-24.0378501005647
0.9021833333333333,-24.037817504274575
0.90385,-24.03778490798445
0.9055166666666667,-24.037756968307196
0.9071833333333335,-24.03772437201707
0.9088499999999999,-24.037696432339818
0.9105166666666669,-24.037668492662565
0.9121833333333333,-24.03764520959819
0.91385,-24.037621926533813
0.9155166666666668,-24.037603300082313
0.9171833333333332,-24.03758467363081
0.9188500000000002,-24.03756604717931
0.9205166666666666,-24.037552077340685
0.9221833333333334,-24.03753810750206
0.9238500000000001,-24.03752879427631
0.9255166666666668,-24.037524137663432
0.9271833333333335,-24.037524137663432
0.92885,-24.037533450889185
0.9305166666666667,-24.037547420727808
0.9322000000000001,-24.03756604717931
0.9338666666666666,-24.037593986856564
0.9355333333333333,-24.037621926533813
0.9372,-24.037649866211066
0.9388666666666667,-24.03767780588832
0.9405333333333334,-24.037701088952694
0.9421999999999999,-24.037715058791317
0.9438666666666669,-24.037719715404194
0.9455333333333333,-24.037715058791317
0.9472,-24.037701088952694
0.9488666666666667,-24.03768246250119
0.9505333333333332,-24.037659179436815
0.9522000000000002,-24.037631239759563
0.9538666666666666,-24.037603300082313
0.9555333333333333,-24.037580017017937
0.9572,-24.03755673395356
0.9588666666666668,-24.03753810750206
0.9605333333333335,-24.03751948105056
0.9622166666666667,-24.03751016782481
0.9638833333333334,-24.037500854599056
0.9655500000000001,-24.037496197986183
0.9672166666666666,-24.037491541373306
0.9688833333333335,-24.037496197986183
0.97055,-24.037496197986183
0.9722166666666667,-24.037500854599056
0.9738833333333334,-24.037500854599056
0.9755499999999999,-24.037500854599056
0.9772166666666667,-24.037491541373306
0.9788833333333333,-24.037482228147557
0.98055,-24.037463601696054
0.9822166666666667,-24.037440318631678
0.9838833333333333,-24.0374170355673
0.98555,-24.037389095890052
0.9872166666666667,-24.037365812825676
0.9888833333333333,-24.0373425297613
0.9905666666666667,-24.037319246696924
0.9922333333333334,-24.037305276858298
0.9939,-24.037286650406795
0.9955666666666667,-24.03727268056817
0.9972333333333334,-24.03725405411667
0.9989,-24.037240084278043
1.0005666666666666,-24.037221457826544
1.0022333333333333,-24.03721214460079
1.0039,-24.03720283137504
1.0055666666666667,-24.037198174762167
1.0072333333333334,-24.037207487987917
1.0089000000000001,-24.037221457826544
1.0105666666666666,-24.03724474089092
1.0122333333333333,-24.037281993793922
1.0139,-24.037319246696924
1.0155666666666667,-24.037365812825676
1.0172333333333334,-24.03741237895443
1.0189000000000001,-24.037454288470304
1.0205833333333334,-24.03748688476043
1.02225,-24.03751016782481
1.0239166666666668,-24.037524137663432
1.0255833333333333,-24.03752879427631
1.02725,-24.037533450889185
1.0289166666666667,-24.03753810750206
1.0305833333333334,-24.03755673395356
1.0322500000000001,-24.037598643469437
1.0339166666666668,-24.037663836049692
1.0355833333333333,-24.03776162492007
1.03725,-24.037896666693452
1.0389166666666667,-24.03805964814409
1.0405833333333334,-24.038250569271973
1.0422500000000001,-24.03845546023848
1.0439166666666668,-24.03867432104362
1.0455833333333333,-24.03888852523588
1.04725,-24.03908410297664
1.0489333333333333,-24.039256397653023
1.0506,-24.039391439426407
1.0522666666666667,-24.03948457168391
1.0539333333333334,-24.03952648119979
1.0556,-24.03951716797404
1.0572666666666668,-24.039451975393785
1.0589333333333333,-24.039340216684778
1.0606,-24.039181891847022
1.0622666666666667,-24.038981657493384
1.0639333333333334,-24.038748826849623
1.0656,-24.03848805652861
1.0672666666666668,-24.038204003143218
1.0689333333333333,-24.037896666693452
1.0706,-24.037570703792184
1.0722666666666667,-24.037221457826544
1.0739333333333334,-24.036853585409396
1.0756166666666667,-24.036453116702127
1.0772833333333334,-24.036020051704728
1.07895,-24.035535763965704
1.0806166666666668,-24.03500025348505
1.0822833333333335,-24.034394893811267
1.08395,-24.03371968494436
1.0856166666666667,-24.03295600043282
1.0872833333333334,-24.032103840276648
1.08895,-24.031158547862972
1.0906166666666668,-24.030106153353167
1.0922833333333335,-24.02894665674723
1.09395,-24.027680058045163
1.0956166666666667,-24.026297044021216
1.0972833333333334,-24.024788301449636
1.09895,-24.0231584869433
1.1006166666666668,-24.02140294388933
1.1022833333333333,-24.019517015674857
1.10395,-24.017496045687
1.1056166666666667,-24.015340033925764
1.1072833333333334,-24.01304898039114
1.1089666666666667,-24.01063219830889
1.1106333333333334,-24.00808503106613
1.1123,-24.005412135275737
1.1139666666666668,-24.002622824163467
1.1156333333333335,-23.999717097729313
1.1173,-23.99670426919903
1.1189666666666667,-23.993579681959737
1.1206333333333334,-23.99035730585007
1.1223,-23.987032484257142
1.1239666666666668,-23.983600560568085
1.1256333333333335,-23.9800615347829
1.1273,-23.976415406901584
1.1289666666666667,-23.97265752031126
1.1306333333333334,-23.96877856178618
1.1323,-23.964769218100592
1.1339666666666668,-23.960620176028748
1.1356333333333335,-23.956322122344897
1.1373166666666668,-23.95186108721041
1.1389833333333335,-23.947213787560916
1.1406500000000002,-23.942375566783536
1.1423166666666666,-23.937313828588145
1.1439833333333334,-23.932014603136114
1.14565,-23.92645460736307
1.1473166666666668,-23.920610558204636
1.1489833333333335,-23.914459172596437
1.15065,-23.907967854248344
1.1523166666666667,-23.901113320095984
1.1539833333333334,-23.893862973849224
1.15565,-23.886184219217945
1.1573166666666668,-23.878035146686265
1.1589833333333335,-23.86939247318981
1.16065,-23.860209632599823
1.1623166666666667,-23.85046799846481
1.1639833333333334,-23.840121004656012
1.16565,-23.829150024721933
1.1673333333333333,-23.817522462372445
1.169,-23.80521503454317
1.1706666666666667,-23.79219980155686
1.1723333333333334,-23.778453480349132
1.1740000000000002,-23.763957444468492
1.1756666666666666,-23.748679097624812
1.1773333333333333,-23.73260912659234
1.179,-23.715724248306696
1.1806666666666668,-23.698015149542137
1.1823333333333335,-23.67948183029866
1.1840000000000002,-23.660110320737637
1.1856666666666666,-23.639905277471946
1.1873333333333334,-23.618876013727334
1.189,-23.597027186116684
1.1906666666666668,-23.57437276447861
1.1923333333333335,-23.55092671865175
1.194,-23.52671233170047
1.1956666666666667,-23.501738916850528
1.1973500000000001,-23.476039070392044
1.1990166666666666,-23.449631418776526
1.2006833333333333,-23.422548558294096
1.20235,-23.39481842862201
1.2040166666666667,-23.366478282663262
1.2056833333333334,-23.33756537332086
1.2073500000000001,-23.30811695349781
1.2090166666666666,-23.2781702760971
1.2106833333333333,-23.247771907247497
1.21235,-23.21696375646487
1.2140166666666667,-23.185783076652225
1.2156833333333334,-23.154281090551187
1.2173500000000002,-23.122509020903387
1.2190166666666666,-23.09052274706332
1.2206833333333333,-23.058373491772624
1.22235,-23.0261357608373
1.2240166666666668,-22.993865433611845
1.2256833333333335,-22.961641672515142
1.2273666666666667,-22.929534326740324
1.2290333333333334,-22.897608588867637
1.2307000000000001,-22.86592965147734
1.2323666666666668,-22.834572020375436
1.2340333333333333,-22.80358691830355
1.2357,-22.77303953784194
1.2373666666666667,-22.742985758345103
1.2390333333333334,-22.713472145941793
1.2407000000000001,-22.684559236599394
1.2423666666666666,-22.656288939833775
1.2440333333333333,-22.628717134999444
1.2457,-22.60189504483803
1.2473666666666667,-22.575878548704033
1.2490333333333334,-22.550714212726202
1.2507000000000001,-22.526457916259048
1.2523666666666666,-22.50315622543132
1.2540333333333333,-22.480846393146013
1.2557166666666668,-22.459579642144767
1.2573833333333333,-22.439388568717703
1.25905,-22.42031042576782
1.2607166666666667,-22.402382466198123
1.2623833333333334,-22.385632629685865
1.2640500000000001,-22.370088855908293
1.2657166666666668,-22.355779084542664
1.2673833333333333,-22.342731255266223
1.26905,-22.330959337917605
1.2707166666666667,-22.32047264572255
1.2723833333333334,-22.311289805132564
1.2740500000000001,-22.303415472760523
1.2757166666666668,-22.296844991993552
1.2773833333333333,-22.291583019444523
1.27905,-22.28762024188769
1.2807166666666667,-22.2849473460973
1.2823833333333334,-22.2835550188476
1.2840666666666667,-22.283433946912844
1.2857333333333334,-22.284556190615778
1.2874,-22.28691709334353
1.2890666666666668,-22.290488715418842
1.2907333333333333,-22.295257087003094
1.2924,-22.30118961180616
1.2940666666666667,-22.308272319989406
1.2957333333333334,-22.316472615262715
1.2974,-22.325762557948828
1.2990666666666668,-22.33610489514475
1.3007333333333333,-22.347471687173226
1.3024,-22.359821024518375
1.3040666666666667,-22.37312031089008
1.3057333333333334,-22.387322980159578
1.3074000000000001,-22.402391779423873
1.3090666666666668,-22.418284799167086
1.3107333333333333,-22.434960129873343
1.3124,-22.452380518639636
1.3140666666666667,-22.470499399337218
1.31575,-22.48927486245021
1.3174166666666667,-22.508674311688484
1.3190833333333334,-22.528646524310414
1.32075,-22.549154247412996
1.3224166666666668,-22.57016022809323
1.3240833333333335,-22.591627213448113
1.32575,-22.613508637348893
1.3274166666666667,-22.63577656011832
1.3290833333333334,-22.658393728853387
1.33075,-22.681318234038223
1.3324166666666668,-22.70452213599557
1.3340833333333333,-22.72796352520956
1.33575,-22.75160514877718
1.3374166666666667,-22.77540975379544
1.3390833333333334,-22.799344743974203
1.34075,-22.82336355318472
1.3424166666666668,-22.84743824174974
1.3441,-22.87152224354051
1.3457666666666668,-22.895582962266907
1.3474333333333335,-22.919597114864548
1.3491,-22.943532105043314
1.3507666666666667,-22.96736464973882
1.3524333333333334,-22.99107612249957
1.3541,-23.014647896874067
1.3557666666666668,-23.038061346410803
1.3574333333333335,-23.06130715788403
1.3591,-23.084362048229373
1.3607666666666667,-23.107207390995328
1.3624333333333334,-23.129833872956148
1.3641,-23.152218211047455
1.3657666666666668,-23.174351092043498
1.3674333333333335,-23.196213889492775
1.3691166666666668,-23.217801946782416
1.3707833333333335,-23.239101294073787
1.3724500000000002,-23.260102618141147
1.3741166666666667,-23.28079660575874
1.3757833333333334,-23.30117860031369
1.37745,-23.321234631967375
1.3791166666666668,-23.34095538749404
1.3807833333333335,-23.360331553667937
1.38245,-23.37934916065044
1.3841166666666667,-23.398003551828676
1.3857833333333334,-23.41627610075114
1.38745,-23.43416215080496
1.3891166666666668,-23.451661701990133
1.3907833333333335,-23.46876544108091
1.39245,-23.48547802469017
1.3941166666666667,-23.50179479620503
1.3957833333333334,-23.517720412238372
1.39745,-23.533259529403065
1.3991166666666668,-23.548412147699114
1.4007833333333335,-23.563192236965147
1.4024666666666668,-23.577595140588283
1.4041333333333335,-23.5916255151814
1.4058000000000002,-23.60529733058312
1.4074666666666666,-23.618610586793448
1.4091333333333333,-23.631569940425255
1.4108,-23.64418936131717
1.4124666666666668,-23.65647350608207
1.4141333333333335,-23.668427031332826
1.4158000000000002,-23.68005925029519
1.4174666666666667,-23.69137016296916
1.4191333333333334,-23.702369082580493
1.4208,-23.713056009129183
1.4224666666666668,-23.723426286002354
1.4241333333333335,-23.73348922642576
1.4258000000000002,-23.7432448303994
1.4274666666666667,-23.752693097923274
1.4291333333333334,-23.761847998836007
1.4308,-23.770709533137598
1.4324833333333333,-23.779291670666677
1.43415,-23.787594411423242
1.4358166666666667,-23.79563638185879
1.4374833333333334,-23.8034222385862
1.4391500000000002,-23.810961294831223
1.4408166666666666,-23.81825355059386
1.4424833333333333,-23.825308319099857
1.44415,-23.83213491357497
1.4458166666666667,-23.838728677406316
1.4474833333333335,-23.8451082370454
1.4491500000000002,-23.851264279266477
1.4508166666666666,-23.85721543052104
1.4524833333333333,-23.86296634742197
1.45415,-23.86851702996926
1.4558166666666668,-23.873872134775795
1.4574833333333335,-23.87904097506732
1.4591500000000002,-23.884028207456705
1.4608166666666667,-23.88883383194396
1.4625000000000001,-23.893457848529078
1.4641666666666668,-23.897914227050688
1.4658333333333333,-23.902202967508792
1.4675,-23.906333383129134
1.4691666666666667,-23.910310130524593
1.4708333333333334,-23.914137866308046
1.4725000000000001,-23.917830560318116
1.4741666666666668,-23.92139286916768
1.4758333333333333,-23.924824792856736
1.4775,-23.928135644611036
1.4791666666666667,-23.93133473765633
1.4808333333333334,-23.93441741537974
1.4825000000000002,-23.937388334394146
1.4841666666666666,-23.940256807925298
1.4858333333333333,-23.943022835973196
1.4875,-23.945691075150712
1.4891666666666667,-23.94826152545785
1.49085,-23.950748156733226
1.4925166666666667,-23.95314631236398
1.4941833333333334,-23.955465305575853
1.4958500000000001,-23.95770047975597
1.4975166666666668,-23.959851834904335
1.4991833333333333,-23.961924027633817
1.50085,-23.963917057944425
1.5025166666666667,-23.965830925836148
1.5041833333333334,-23.967665631308996
1.5058500000000001,-23.969421174362964
1.5075166666666668,-23.971102211610926
1.5091833333333333,-23.97271339966576
1.51085,-23.97426405175322
1.5125166666666667,-23.975754167873298
1.5141833333333334,-23.97719306125175
1.5158500000000001,-23.978585388501447
1.5175166666666668,-23.979931149622395
1.5191833333333333,-23.98123500122746
1.5208666666666668,-23.982492286703778
1.5225333333333335,-23.983703006051343
1.5242,-23.984867159270156
1.5258666666666667,-23.98598940297309
1.5275333333333334,-23.987069737160144
1.5292000000000001,-23.988108161831324
1.5308666666666668,-23.989113990212378
1.5325333333333333,-23.99008256569043
1.5342,-23.991023201491227
1.5358666666666667,-23.991935897614777
1.5375333333333334,-23.992815997448197
1.5392000000000001,-23.993668157604368
1.5408666666666668,-23.99447840824466
1.5425333333333333,-23.995256062594827
1.5442,-23.99599646404199
1.5458666666666667,-23.996699612586152
1.54755,-23.997370164840188
1.5492000000000001,-23.998008120804098
1.5508833333333334,-23.99862279370363
1.55255,-23.99920952692591
1.5542166666666668,-23.999782290309565
1.5558833333333335,-24.000331770628843
1.55755,-24.000871937722373
1.5592166666666667,-24.001393478364403
1.5608833333333334,-24.001901049167802
1.56255,-24.00239465013258
1.5642166666666668,-24.00287428125873
1.5658833333333335,-24.003339942546255
1.56755,-24.003791633995153
1.5692166666666667,-24.004238668831178
1.5708833333333334,-24.004681047054326
1.5725500000000001,-24.005118768664598
1.5742166666666668,-24.005551833661997
1.5758833333333333,-24.00598024204652
1.5775666666666668,-24.006403993818164
1.5792333333333335,-24.006823088976937
1.5809,-24.00723287090996
1.5825666666666667,-24.007633339617232
1.5842333333333334,-24.008024495098752
1.5859,-24.008406337354522
1.5875666666666668,-24.008778866384542
1.5892333333333335,-24.009137425575936
1.5909,-24.009486671541577
1.5925666666666667,-24.00982660428147
1.5942333333333334,-24.01016188040849
1.5959,-24.010487843309757
1.5975666666666668,-24.01080914959815
1.5992333333333335,-24.01113045588654
1.6009,-24.011447105562056
1.6025666666666667,-24.011759098624697
1.6042333333333334,-24.012066435074466
1.6059,-24.012378428137104
1.6075833333333334,-24.012685764586873
1.60925,-24.012988444423762
1.6109166666666668,-24.01329578087353
1.6125833333333335,-24.013603117323296
1.6142500000000002,-24.01391045377306
1.6159166666666667,-24.014213133609953
1.6175833333333334,-24.014515813446845
1.61925,-24.014804523445108
1.6209166666666668,-24.015083920217624
1.6225833333333335,-24.015344690538637
1.62425,-24.015591491021027
1.6259166666666667,-24.015819665051914
1.6275833333333334,-24.016033869244175
1.62925,-24.016229446984934
1.6309166666666668,-24.01642036811282
1.6325833333333335,-24.016601976014954
1.63425,-24.016778927304212
1.6359166666666667,-24.016960535206348
1.6376000000000002,-24.017146799721356
1.6392666666666666,-24.017333064236368
1.6409333333333334,-24.01752864197713
1.6426,-24.017724219717888
1.6442666666666668,-24.017924454071522
1.6459333333333335,-24.01812468842516
1.6476000000000002,-24.018324922778795
1.6492666666666667,-24.01852515713243
1.6509333333333334,-24.01872073487319
1.6526,-24.01891631261395
1.6542666666666668,-24.019107233741835
1.6559333333333335,-24.01929815486972
1.6576000000000002,-24.01948441938473
1.6592666666666667,-24.01967068389974
1.6609333333333334,-24.019847635189
1.6626,-24.02002458647826
1.6642833333333333,-24.02019222454177
1.66595,-24.020350549379526
1.6676166666666667,-24.020508874217285
1.6692833333333335,-24.020657885829294
1.6709500000000002,-24.020802240828427
1.6726166666666666,-24.020941939214683
1.6742833333333333,-24.02108163760094
1.67595,-24.021225992600073
1.6776166666666668,-24.02136569098633
1.6792833333333335,-24.021500732759712
1.6809500000000002,-24.021635774533095
1.6826166666666666,-24.021766159693602
1.6842833333333334,-24.02189654485411
1.68595,-24.022022273401742
1.6876166666666668,-24.022148001949372
1.6892833333333335,-24.02227838710988
1.6909500000000002,-24.022408772270385
1.6926166666666667,-24.02254847065664
1.6942833333333334,-24.0226881690429
1.69595,-24.022837180654907
1.6976333333333333,-24.022986192266917
1.6993,-24.02313054726605
1.7009666666666667,-24.02326558903943
1.7026333333333334,-24.02339597419994
1.7043000000000001,-24.02351238952182
1.7059666666666669,-24.023624148230823
1.7076333333333333,-24.023721937101204
1.7093,-24.023815069358708
1.7109666666666667,-24.02390354500334
1.7126333333333335,-24.02399202064797
1.7143000000000002,-24.024075839679725
1.7159666666666666,-24.02416897193723
1.7176333333333333,-24.024262104194733
1.7193,-24.024359893065114
1.7209666666666668,-24.024457681935495
1.7226333333333335,-24.02456012741875
1.7243000000000002,-24.02466722951488
1.7259833333333334,-24.024778988223886
1.7276500000000001,-24.024886090320017
1.7293166666666668,-24.024997849029024
1.7309833333333333,-24.025109607738028
1.73265,-24.025226023059908
1.7343166666666667,-24.025337781768915
1.7359833333333334,-24.025449540477922
1.7376500000000001,-24.025565955799802
1.7393166666666668,-24.025673057895933
1.7409833333333333,-24.025780159992063
1.74265,-24.025882605475317
1.7443166666666667,-24.025980394345698
1.7459833333333334,-24.02606886999033
1.7476500000000001,-24.026152689022084
1.7493166666666669,-24.02623185144096
1.7509833333333333,-24.026306357246966
1.75265,-24.02638086305297
1.7543166666666667,-24.026455368858976
1.756,-24.026529874664977
1.7576666666666667,-24.02660438047098
1.7593333333333334,-24.026678886276986
1.7610000000000001,-24.02675339208299
1.7626666666666668,-24.026827897888992
1.7643333333333333,-24.026902403694997
1.766,-24.026972252888125
1.7676666666666667,-24.02704675869413
1.7693333333333334,-24.027121264500135
1.7710000000000001,-24.02719577030614
1.7726666666666668,-24.027279589337894
1.7743333333333333,-24.02736806498252
1.776,-24.027465853852902
1.7776666666666667,-24.02757761256191
1.7793333333333334,-24.02769402788379
1.7810000000000001,-24.027815099818547
1.7826666666666668,-24.027931515140427
1.7843333333333333,-24.028047930462307
1.7860166666666668,-24.028155032558438
1.7876833333333335,-24.028248164815945
1.78935,-24.028327327234823
1.7910166666666667,-24.02839717642795
1.7926833333333334,-24.02844839916958
1.7943500000000001,-24.028490308685456
1.7960166666666668,-24.028522904975585
1.7976833333333335,-24.02854618803996
1.79935,-24.02856481449146
1.8010166666666667,-24.02857412771721
1.8026833333333334,-24.028588097555836
1.8043500000000001,-24.028597410781586
1.8060166666666668,-24.028611380620212
1.8076833333333335,-24.02863466368459
1.80935,-24.02866260336184
1.8110166666666667,-24.028695199651967
1.8126833333333334,-24.028737109167846
1.8143500000000001,-24.02878833190947
1.8160333333333334,-24.028844211263976
1.8177,-24.028900090618478
1.8193666666666668,-24.028951313360107
1.8210333333333335,-24.029002536101732
1.8227,-24.02904444561761
1.8243666666666667,-24.029081698520613
1.8260333333333334,-24.029109638197863
1.8277,-24.029128264649366
1.8293666666666668,-24.029146891100865
1.8310333333333335,-24.02917017416524
1.8327,-24.029193457229617
1.8343666666666667,-24.02922139690687
1.8360333333333334,-24.029258649809872
1.8377000000000001,-24.029300559325748
1.8393666666666668,-24.029347125454503
1.8410333333333335,-24.029403004809005
1.8427,-24.029458884163507
1.8443833333333335,-24.029519420130885
1.8460500000000002,-24.029575299485387
1.8477166666666667,-24.029635835452765
1.8493833333333334,-24.02969171480727
1.85105,-24.029742937548896
1.8527166666666668,-24.0297988169034
1.8543833333333335,-24.029854696257903
1.8560500000000002,-24.029910575612405
1.8577166666666667,-24.02996645496691
1.8593833333333334,-24.030022334321412
1.86105,-24.030078213675914
1.8627166666666668,-24.03013409303042
1.8643833333333335,-24.030185315772044
1.86605,-24.0302318819008
1.8677166666666667,-24.030273791416676
1.8693833333333334,-24.030311044319678
1.87105,-24.030343640609804
1.8727333333333334,-24.030371580287056
1.8744,-24.03039951996431
1.8760666666666668,-24.030427459641558
1.8777333333333335,-24.03045539931881
1.8794000000000002,-24.030487995608937
1.8810666666666667,-24.030520591899062
1.8827333333333334,-24.030557844802065
1.8844,-24.030595097705067
1.8860666666666668,-24.03063235060807
1.8877333333333335,-24.03067426012395
1.8894000000000002,-24.030711513026947
1.8910666666666667,-24.030758079155703
1.8927333333333334,-24.030804645284455
1.8944,-24.030851211413207
1.8960666666666668,-24.03089777754196
1.8977333333333335,-24.030949000283588
1.8994000000000002,-24.03099556641234
1.9010666666666667,-24.031042132541092
1.9027333333333334,-24.031074728831218
1.9044166666666669,-24.031107325121344
1.9060833333333334,-24.031125951572847
1.90775,-24.031135264798596
1.9094166666666668,-24.031135264798596
1.9110833333333335,-24.031135264798596
1.9127500000000002,-24.031125951572847
1.9144166666666667,-24.031116638347097
1.9160833333333334,-24.03111198173422
1.91775,-24.031107325121344
1.9194166666666668,-24.031116638347097
1.9210833333333335,-24.031135264798596
1.9227500000000002,-24.031158547862972
1.9244166666666667,-24.031195800765975
1.9260833333333334,-24.03123771028185
1.92775,-24.03127961979773
1.9294166666666668,-24.03132618592648
1.9310833333333335,-24.031368095442357
1.9327666666666667,-24.031400691732486
1.9344333333333334,-24.031433288022612
1.9361000000000002,-24.031461227699864
1.9377666666666669,-24.031479854151364
1.9394333333333333,-24.031498480602867
1.9411,-24.031517107054366
1.9427666666666668,-24.031531076892993
1.9444333333333335,-24.031549703344492
1.9461000000000002,-24.03156367318312
1.9477666666666669,-24.03158229963462
1.9494333333333334,-24.03160092608612
1.9511,-24.03161955253762
1.9527666666666668,-24.031642835601996
1.9544333333333335,-24.031666118666376
1.9561000000000002,-24.031689401730752
1.9577666666666667,-24.03170802818225
1.9594333333333334,-24.03172665463375
1.9611166666666668,-24.031740624472377
1.9627833333333333,-24.031754594311003
1.96445,-24.031763907536753
1.9661166666666667,-24.03176856414963
1.9677833333333334,-24.03177787737538
1.9694500000000001,-24.031782533988256
1.9711166666666669,-24.031791847214006
1.9727833333333333,-24.031805817052632
1.97445,-24.03182444350413
1.9761166666666667,-24.031843069955634
1.9777833333333334,-24.03186635302001
1.9794500000000002,-24.031889636084387
1.9811166666666669,-24.031912919148763
1.9827833333333333,-24.03192688898739
1.98445,-24.03193620221314
1.9861166666666668,-24.03193620221314
1.9877833333333335,-24.031922232374512
1.9894500000000002,-24.031903605923013
1.9911333333333334,-24.03188497947151
1.9928000000000001,-24.031861696407134
1.9944666666666668,-24.031852383181384
1.9961333333333335,-24.031847726568508
1.9978,-24.031852383181384
1.9994666666666667,-24.031871009632884
2.001133333333333,-24.03189429269726
2.0028,-24.031922232374512
2.0044666666666666,-24.03194551543889
2.0061333333333335,-24.031959485277515
2.0078,-24.031959485277515
2.009466666666667,-24.031940858826015
2.0111333333333334,-24.031903605923013
2.0128,-24.031843069955634
2.014466666666667,-24.03175925092388
2.0161333333333333,-24.03165214882775
2.0178000000000003,-24.031521763667243
2.0194666666666667,-24.03137740866811
2.02115,-24.0312097706046
2.022816666666667,-24.031028162702466
2.0244833333333334,-24.030832584961704
2.02615,-24.03062303738232
2.027816666666667,-24.030404176577182
2.0294833333333333,-24.03018065915917
2.0311500000000002,-24.02995714174116
2.0328166666666667,-24.029733624323146
2.0344833333333336,-24.029510106905136
2.03615,-24.029286589487125
2.0378166666666666,-24.029067728681987
2.0394833333333335,-24.028844211263976
2.04115,-24.02862535045884
2.042816666666667,-24.02839717642795
2.0444833333333334,-24.02816434578419
2.04615,-24.02792685852755
2.047816666666667,-24.02768471465804
2.0494833333333333,-24.027442570788526
2.0511666666666666,-24.027191113693263
2.0528333333333335,-24.026939656598
2.0545,-24.026688199502736
2.056166666666667,-24.026436742407473
2.0578333333333334,-24.026180628699336
2.0595,-24.025924514991196
2.061166666666667,-24.025659088057306
2.0628333333333333,-24.025389004510544
2.0645000000000002,-24.025114264350904
2.0661666666666667,-24.024830210965515
2.0678333333333336,-24.02454150096725
2.0695,-24.024243477743234
2.0711666666666666,-24.023945454519218
2.0728333333333335,-24.023647431295203
2.0745,-24.023340094845434
2.076166666666667,-24.023037415008545
2.0778333333333334,-24.022734735171653
2.0795166666666667,-24.022436711947638
2.0811833333333336,-24.022134032110745
2.08285,-24.02183600888673
2.0845166666666666,-24.021537985662714
2.0861833333333335,-24.021244619051576
2.08785,-24.02094659582756
2.089516666666667,-24.020653229216418
2.0911833333333334,-24.020364519218152
2.0928500000000003,-24.020080465832763
2.094516666666667,-24.019805725673123
2.0961833333333333,-24.019540298739233
2.09785,-24.01928884164397
2.0995166666666667,-24.019046697774456
2.1011833333333336,-24.018818523743573
2.10285,-24.018595006325558
2.1045166666666666,-24.018376145520424
2.1061833333333335,-24.018161941328163
2.10785,-24.0179477371359
2.1095333333333333,-24.017733532943637
2.1112,-24.017519328751376
2.1128666666666667,-24.017309781171992
2.1145333333333336,-24.01709557697973
2.1162,-24.016886029400343
2.1178666666666666,-24.01668113843383
2.1195333333333335,-24.016480904080197
2.1212,-24.016289982952312
2.122866666666667,-24.016099061824427
2.1245333333333334,-24.015908140696542
2.1262000000000003,-24.015721876181534
2.127866666666667,-24.01553561166652
2.1295333333333333,-24.015349347151513
2.1312,-24.0151630826365
2.1328666666666667,-24.014976818121493
2.1345333333333336,-24.014790553606485
2.1362,-24.014604289091473
2.1378666666666666,-24.014422681189338
2.1395500000000003,-24.014241073287206
2.1412166666666668,-24.01405946538507
2.1428833333333333,-24.013877857482935
2.14455,-24.0136962495808
2.1462166666666667,-24.013514641678665
2.1478833333333336,-24.013333033776533
2.14955,-24.013142112648648
2.1512166666666666,-24.012951191520763
2.1528833333333335,-24.012750957167125
2.15455,-24.012546066200613
2.156216666666667,-24.01233651862123
2.1578833333333334,-24.01211765781609
2.1595500000000003,-24.01189414039808
2.161216666666667,-24.011665966367193
2.1628833333333333,-24.011437792336306
2.16455,-24.011204961692545
2.1662166666666667,-24.01097213104878
2.1679,-24.01073930040502
2.169566666666667,-24.010511126374134
2.1712333333333333,-24.01028760895612
2.1729000000000003,-24.010068748150985
2.1745666666666668,-24.00984523073297
2.1762333333333332,-24.009626369927837
2.1779,-24.00939819589695
2.1795666666666667,-24.009160708640312
2.1812333333333336,-24.008913908157922
2.1829,-24.00864382461116
2.184566666666667,-24.00835977122577
2.1862333333333335,-24.008047778163128
2.1879,-24.007707845423234
2.189566666666667,-24.00734928623184
2.1912333333333334,-24.006962787363197
2.1929000000000003,-24.00655766204305
2.1945666666666668,-24.0061339102714
2.1962333333333333,-24.00569618866113
2.197916666666667,-24.00525381043798
2.1995833333333334,-24.00480211898908
2.20125,-24.00434577092731
2.202916666666667,-24.003889422865534
2.2045833333333333,-24.003428418190882
2.2062500000000003,-24.002967413516235
2.2079166666666667,-24.00250175222871
2.2095833333333332,-24.00203143432831
2.21125,-24.001556459815035
2.2129166666666666,-24.00107217207601
2.2145833333333336,-24.000583227724107
2.21625,-24.000089626759333
2.217916666666667,-23.999586712568806
2.2195833333333335,-23.999079141765403
2.22125,-23.998566914349126
2.222916666666667,-23.9980453737071
2.2245833333333334,-23.99751451983932
2.2262500000000003,-23.996979009358668
2.2279333333333335,-23.996434185652266
2.2296,-23.99588004872011
2.231266666666667,-23.99532125517508
2.2329333333333334,-23.994767118242926
2.2346,-23.994208324697897
2.236266666666667,-23.993654187765742
2.2379333333333333,-23.99310936405934
2.2396000000000003,-23.99256919696581
2.2412666666666667,-23.992033686485158
2.2429333333333332,-23.991507489230255
2.2446,-23.9909906052011
2.2462666666666666,-23.990478377784825
2.2479333333333336,-23.989984776820048
2.2496,-23.989500489081024
2.251266666666667,-23.989039484406373
2.2529333333333335,-23.988606419408978
2.2546166666666667,-23.98820129408883
2.2562833333333336,-23.987824108445935
2.25795,-23.987488832318917
2.2596166666666666,-23.98718149586915
2.2612833333333335,-23.986906755709512
2.26295,-23.98665529861425
2.264616666666667,-23.986422467970485
2.2662833333333334,-23.986198950552474
2.26795,-23.985980089747336
2.269616666666667,-23.985761228942202
2.2712833333333333,-23.985537711524188
2.2729500000000002,-23.985304880880427
2.2746166666666667,-23.98506739362379
2.2762833333333337,-23.9848205931414
2.27795,-23.984569136046137
2.2796166666666666,-23.98432233556375
2.2812833333333336,-23.984075535081363
2.28295,-23.9838427044376
2.284616666666667,-23.98361918701959
2.2863,-23.9834096394402
2.2879666666666667,-23.983218718312315
2.2896333333333336,-23.983055736861683
2.2913,-23.98291138186255
2.2929666666666666,-23.982799623153547
2.2946333333333335,-23.982715804121792
2.2963,-23.982664581380163
2.297966666666667,-23.98263664170291
2.2996333333333334,-23.98263664170291
2.3013,-23.982664581380163
2.302966666666667,-23.982711147508915
2.3046333333333333,-23.982780996702044
2.3063000000000002,-23.982869472346675
2.3079666666666667,-23.98298123105568
2.3096333333333336,-23.983111616216185
2.3113,-23.98326528444107
2.3129666666666666,-23.983437579117453
2.3146500000000003,-23.983628500245338
2.316316666666667,-23.9838427044376
2.3179833333333333,-23.984080191694236
2.31965,-23.9843316487895
2.3213166666666667,-23.98460638894914
2.3229833333333336,-23.98489044233453
2.32465,-23.985197778784297
2.3263166666666666,-23.98551908507269
2.3279833333333335,-23.985854361199706
2.32965,-23.98620360716535
2.331316666666667,-23.986571479582494
2.3329833333333334,-23.98695797845114
2.33465,-23.987363103771287
2.336316666666667,-23.987786855542932
2.3379833333333333,-23.988233890378957
2.3396500000000002,-23.988694895053605
2.3413166666666667,-23.989174526179756
2.3429833333333336,-23.989663470531656
2.344666666666667,-23.990161728109307
2.3463333333333334,-23.990664642299834
2.3480000000000003,-23.99116755649036
2.349666666666667,-23.991665814068014
2.3513333333333333,-23.992159415032788
2.353,-23.992643702771815
2.3546666666666667,-23.99311867728509
2.3563333333333336,-23.99358899518549
2.358,-23.994054656473015
2.3596666666666666,-23.99452031776054
2.3613333333333335,-23.994990635660937
2.363,-23.995465610174215
2.364666666666667,-23.99594989791324
2.3663333333333334,-23.99643884226514
2.3680000000000003,-23.996937099842793
2.369666666666667,-23.997440014033316
2.3713333333333333,-23.997952241449596
2.373,-23.998473782091622
2.3746833333333335,-23.998999979346525
2.37635,-23.999526176601428
2.378016666666667,-24.00006168708208
2.3796833333333334,-24.000597197562733
2.3813500000000003,-24.001128051430513
2.383016666666667,-24.00164959207254
2.3846833333333333,-24.00217113271457
2.38635,-24.00267870351797
2.3880166666666667,-24.00317696109562
2.3896833333333336,-24.00366590544752
2.39135,-24.004150193186547
2.3930166666666666,-24.004629824312698
2.3946833333333335,-24.00510945543885
2.39635,-24.005584429952123
2.398016666666667,-24.006059404465397
2.3996833333333334,-24.00653437897867
2.4013500000000003,-24.007004696879072
2.403016666666667,-24.007475014779473
2.4047,-24.00794533267987
2.406366666666667,-24.008406337354522
2.4080333333333335,-24.008862685416297
2.4097,-24.009319033478068
2.411366666666667,-24.009766068314093
2.4130333333333334,-24.010213103150118
2.4147000000000003,-24.01066013798614
2.4163666666666668,-24.011097859596415
2.4180333333333333,-24.011540237819563
2.4197,-24.011977959429835
2.4213666666666667,-24.012411024427234
2.4230333333333336,-24.012839432811756
2.4247,-24.013267841196278
2.426366666666667,-24.013691592967927
2.4280333333333335,-24.014115344739572
2.4297,-24.01453909651122
2.431366666666667,-24.014967504895743
2.43305,-24.015405226506015
2.4347166666666666,-24.01584294811629
2.4363833333333336,-24.01628532633944
2.43805,-24.01673236117546
2.439716666666667,-24.017170082785736
2.4413833333333335,-24.01760314778313
2.44305,-24.01801758632903
2.444716666666667,-24.018413398423423
2.4463833333333334,-24.018785927453443
2.4480500000000003,-24.01913051680621
2.4497166666666668,-24.019451823094606
2.4513833333333332,-24.01974984631862
2.45305,-24.020019929865384
2.4547166666666667,-24.020280700186397
2.4563833333333336,-24.02052284405591
2.45805,-24.02075567469967
2.459716666666667,-24.020988505343436
2.4613833333333335,-24.021212022761446
2.4630666666666667,-24.02143554017946
2.4647333333333337,-24.02164974437172
2.4664,-24.021863948563983
2.4680666666666666,-24.022068839530494
2.4697333333333336,-24.022264417271252
2.4714,-24.022450681786264
2.473066666666667,-24.022632289688396
2.4747333333333335,-24.02280458436478
2.4764,-24.02297222242829
2.478066666666667,-24.0231398604918
2.4797333333333333,-24.023307498555308
2.4814000000000003,-24.023475136618817
2.4830666666666668,-24.023647431295203
2.4847333333333332,-24.023819725971585
2.4864,-24.023996677260843
2.4880666666666666,-24.024173628550102
2.4897333333333336,-24.024355236452237
2.4914,-24.024536844354373
2.4930833333333333,-24.024718452256508
2.4947500000000002,-24.024904716771516
2.4964166666666667,-24.02508632467365
2.4980833333333337,-24.025267932575787
2.49975,-24.025449540477922
2.5014166666666666,-24.02562649176718
2.5030833333333335,-24.02579412983069
2.50475,-24.02595245466845
2.506416666666667,-24.026101466280455
2.5080833333333334,-24.026236508053838
2.50975,-24.026362236601468
2.511416666666667,-24.02647865192335
2.5130833333333333,-24.026590410632355
2.5147500000000003,-24.026702169341362
2.5164166666666667,-24.02681392805037
2.5180833333333337,-24.02693034337225
2.519766666666667,-24.027051415307007
2.5214333333333334,-24.027172487241764
2.5231000000000003,-24.027298215789394
2.524766666666667,-24.0274286009499
2.5264333333333333,-24.027558986110407
2.5281000000000002,-24.027680058045163
2.5297666666666667,-24.02780112997992
2.5314333333333336,-24.0279175453018
2.5331,-24.028029304010808
2.5347666666666666,-24.02813640610694
2.5364500000000003,-24.028238851590192
2.5381,-24.02834129707345
2.5397833333333333,-24.028443742556703
2.54145,-24.02854618803996
2.5431166666666667,-24.028643976910338
2.5447833333333336,-24.028737109167846
2.54645,-24.028825584812473
2.5481166666666666,-24.028904747231355
2.5497833333333335,-24.028979253037356
2.55145,-24.029039789004734
2.553116666666667,-24.02909566835924
2.5547833333333334,-24.029146891100865
2.5564500000000003,-24.029193457229617
2.558116666666667,-24.029240023358373
2.5597833333333333,-24.029286589487125
2.5614500000000002,-24.02933781222875
2.5631166666666667,-24.029393691583255
2.5647833333333336,-24.029449570937757
2.56645,-24.029510106905136
2.5681166666666666,-24.029570642872514
2.5697833333333335,-24.029635835452765
2.57145,-24.02970102803302
2.573116666666667,-24.029766220613276
2.5747833333333334,-24.029836069806404
2.5764666666666667,-24.029905918999532
2.578116666666667,-24.02998508141841
2.5798,-24.03007355706304
2.5814666666666666,-24.030176002546295
2.5831333333333335,-24.03029707448105
2.5848,-24.030441429480184
2.586466666666667,-24.03062303738232
2.5881333333333334,-24.030832584961704
2.5898000000000003,-24.031074728831218
2.591466666666667,-24.03134481237798
2.5931333333333333,-24.031642835601996
2.5948,-24.031959485277515
2.5964666666666667,-24.032280791565906
2.5981333333333336,-24.032602097854298
2.5998,-24.032909434304067
2.6014666666666666,-24.03318883107658
2.6031333333333335,-24.033430974946093
2.6048,-24.03362655268685
2.6064833333333333,-24.033770907685984
2.6081333333333334,-24.03386403994349
2.6098166666666667,-24.033905949459367
2.6114833333333336,-24.033901292846494
2.61315,-24.03386403994349
2.614816666666667,-24.03379419075036
2.6164833333333335,-24.033705715105732
2.61815,-24.033603269622475
2.619816666666667,-24.033496167526344
2.6214833333333334,-24.03338440881734
2.6231500000000003,-24.03327730672121
2.624816666666667,-24.03317951785083
2.6264833333333333,-24.03308172898045
2.62815,-24.032997909948694
2.6298333333333335,-24.03291409091694
2.6315,-24.032839585110935
2.633166666666667,-24.032769735917807
2.6348333333333334,-24.032704543337555
2.6365000000000003,-24.032644007370177
2.6381666666666668,-24.03258812801567
2.6398333333333333,-24.03253224866117
2.6415,-24.032485682532418
2.6431666666666667,-24.032439116403665
2.6448333333333336,-24.032397206887786
2.6465,-24.032359953984784
2.648166666666667,-24.032332014307535
2.6498333333333335,-24.032304074630282
2.6515,-24.032290104791656
2.653166666666667,-24.032280791565906
2.6548333333333334,-24.032280791565906
2.6565000000000003,-24.032285448178783
2.658166666666667,-24.03229941801741
2.6598333333333333,-24.032313387856032
2.6615,-24.032336670920408
2.6631666666666667,-24.03235529737191
2.6648333333333336,-24.03237392382341
2.666516666666667,-24.032387893662037
2.6681833333333334,-24.032397206887786
2.6698500000000003,-24.032397206887786
2.6715166666666668,-24.032392550274913
2.6731833333333332,-24.03237392382341
2.67485,-24.032350640759034
2.6765166666666667,-24.032322701081785
2.6781833333333336,-24.032290104791656
2.67985,-24.032262165114407
2.681516666666667,-24.032243538662904
2.6831833333333335,-24.032224912211404
2.68485,-24.032210942372778
2.686516666666667,-24.03220162914703
2.6881833333333334,-24.03219231592128
2.6898500000000003,-24.032183002695525
2.691516666666667,-24.032173689469776
2.6931833333333333,-24.0321690328569
2.69485,-24.032164376244026
2.6965333333333334,-24.032164376244026
2.6981833333333336,-24.0321690328569
2.699866666666667,-24.032178346082652
2.7015333333333333,-24.03219697253415
2.7032000000000003,-24.032215598985655
2.7048666666666668,-24.032234225437154
2.7065333333333337,-24.03224819527578
2.7082,-24.032252851888654
2.7098666666666666,-24.032252851888654
2.7115333333333336,-24.03224819527578
2.7132,-24.032234225437154
2.714866666666667,-24.032215598985655
2.7165333333333335,-24.03219697253415
2.7182,-24.032178346082652
2.719866666666667,-24.032164376244026
2.7215333333333334,-24.032155063018276
2.7232000000000003,-24.0321504064054
2.7248666666666668,-24.0321504064054
2.72655,-24.032155063018276
2.728216666666667,-24.032155063018276
2.7298833333333334,-24.03215971963115
2.73155,-24.03215971963115
2.733216666666667,-24.03215971963115
2.7348833333333333,-24.032155063018276
2.7365500000000003,-24.032155063018276
2.7382166666666667,-24.032155063018276
2.7398833333333337,-24.03215971963115
2.74155,-24.032164376244026
2.7432166666666666,-24.032173689469776
2.7448833333333336,-24.032183002695525
2.74655,-24.032187659308402
2.748216666666667,-24.032183002695525
2.7498833333333335,-24.032173689469776
2.75155,-24.03215971963115
2.7532333333333336,-24.032136436566773
2.7548833333333334,-24.032108496889524
2.7565666666666666,-24.032085213825145
2.7582333333333335,-24.032057274147895
2.7599,-24.032038647696393
2.761566666666667,-24.032020021244893
2.7632333333333334,-24.032010708019143
2.7649,-24.032006051406267
2.766566666666667,-24.032006051406267
2.7682333333333333,-24.032010708019143
2.7699000000000003,-24.032015364632016
2.7715666666666667,-24.03202467785777
2.7732333333333337,-24.03203399108352
2.7749,-24.03205261753502
2.7765666666666666,-24.032066587373645
2.7782333333333336,-24.03208987043802
2.7799,-24.032108496889524
2.781566666666667,-24.0321317799539
2.7832500000000002,-24.032155063018276
2.7849,-24.032173689469776
2.7865833333333336,-24.032187659308402
2.78825,-24.03219231592128
2.7899166666666666,-24.032187659308402
2.7915833333333335,-24.032178346082652
2.79325,-24.03215971963115
2.794916666666667,-24.0321317799539
2.7965833333333334,-24.03209918366377
2.7982500000000003,-24.032066587373645
2.799916666666667,-24.032029334470643
2.8015833333333333,-24.031996738180517
2.8032500000000002,-24.031968798503264
2.8049166666666667,-24.031940858826015
2.8065833333333337,-24.031922232374512
2.80825,-24.031908262535886
2.8099166666666666,-24.03189429269726
2.8115833333333335,-24.03188497947151
2.813266666666667,-24.031871009632884
2.814916666666667,-24.031861696407134
2.8166,-24.031852383181384
2.8182666666666667,-24.031847726568508
2.8199333333333336,-24.031847726568508
2.8216,-24.031852383181384
2.8232666666666666,-24.031861696407134
2.8249333333333335,-24.03187566624576
2.8266,-24.031898949310136
2.828266666666667,-24.031917575761636
2.8299333333333334,-24.031940858826015
2.8316000000000003,-24.031959485277515
2.833266666666667,-24.03197345511614
2.8349333333333333,-24.031978111729014
2.8366000000000002,-24.03198276834189
2.8382666666666667,-24.03198276834189
2.83995,-24.031978111729014
2.8416,-24.03197345511614
2.8432833333333334,-24.03197345511614
2.8449500000000003,-24.03197345511614
2.846616666666667,-24.031978111729014
2.8482833333333333,-24.03198276834189
2.84995,-24.03199208156764
2.8516166666666667,-24.03200139479339
2.8532833333333336,-24.032015364632016
2.85495,-24.032029334470643
2.8566166666666666,-24.032047960922146
2.8582833333333335,-24.032066587373645
2.85995,-24.032085213825145
2.861616666666667,-24.032108496889524
2.8632833333333334,-24.032122466728147
2.8649500000000003,-24.032136436566773
2.866616666666667,-24.032145749792523
2.8682833333333333,-24.0321504064054
2.8699500000000002,-24.032145749792523
2.8716166666666667,-24.03214109317965
2.8733,-24.0321317799539
2.874966666666667,-24.032122466728147
2.8766333333333334,-24.032113153502397
2.8783000000000003,-24.032103840276648
2.879966666666667,-24.03209918366377
2.8816333333333333,-24.03209918366377
2.8833,-24.03209918366377
2.8849666666666667,-24.032103840276648
2.8866333333333336,-24.032108496889524
2.8883,-24.032113153502397
2.889966666666667,-24.032113153502397
2.8916333333333335,-24.032113153502397
2.8933,-24.032113153502397
2.894966666666667,-24.032117810115274
2.8966333333333334,-24.032122466728147
2.8983000000000003,-24.0321317799539
2.8999833333333336,-24.03214109317965
2.9016333333333333,-24.032155063018276
2.903316666666667,-24.032173689469776
2.9049833333333335,-24.032187659308402
2.90665,-24.03219697253415
2.908316666666667,-24.03220162914703
2.9099833333333334,-24.03219697253415
2.9116500000000003,-24.032183002695525
2.9133166666666668,-24.032164376244026
2.9149833333333333,-24.03214109317965
2.91665,-24.032113153502397
2.9183166666666667,-24.03208987043802
2.9199833333333336,-24.032066587373645
2.92165,-24.03205261753502
2.923316666666667,-24.03204330430927
2.9249833333333335,-24.03204330430927
2.92665,-24.032047960922146
2.928316666666667,-24.03206193076077
2.9299833333333334,-24.032075900599395
2.9316500000000003,-24.03209918366377
2.9333333333333336,-24.032122466728147
2.935,-24.032155063018276
2.936666666666667,-24.032183002695525
2.9383333333333335,-24.032215598985655
2.94,-24.032252851888654
2.941666666666667,-24.032280791565906
2.9433333333333334,-24.03230873124316
2.9450000000000003,-24.032332014307535
2.9466666666666668,-24.03234598414616
2.9483333333333337,-24.03235529737191
2.95,-24.03235529737191
2.9516666666666667,-24.032341327533285
2.9533333333333336,-24.03232735769466
2.955,-24.032304074630282
2.956666666666667,-24.03227613495303
2.9583333333333335,-24.032252851888654
2.9600166666666667,-24.032229568824278
2.961666666666667,-24.032210942372778
2.96335,-24.03219231592128
2.9650166666666666,-24.032183002695525
2.9666833333333336,-24.032178346082652
2.96835,-24.032178346082652
2.970016666666667,-24.032178346082652
2.9716833333333335,-24.032183002695525
2.97335,-24.03219231592128
2.975016666666667,-24.0322062857599
2.9766833333333333,-24.032220255598528
2.9783500000000003,-24.032243538662904
2.9800166666666668,-24.03226682172728
2.9816833333333337,-24.032294761404533
2.98335,-24.032322701081785
2.9850166666666667,-24.032350640759034
2.9866833333333336,-24.03237392382341
2.98835,-24.032392550274913
2.9900333333333333,-24.032401863500663
2.9916833333333335,-24.032411176726413
2.9933666666666667,-24.03241583333929
2.9950333333333337,-24.032420489952163
2.9967,-24.03242514656504
2.9983666666666666,-24.03243445979079
3.0000333333333336,-24.032448429629415
3.0017,-24.03246239946804
3.003366666666667,-24.032476369306668
3.0050333333333334,-24.032494995758167
3.0067,-24.03251362220967
3.008366666666667,-24.032527592048293
3.0100333333333333,-24.03254156188692
3.0117000000000003,-24.032550875112673
3.0133666666666667,-24.032560188338422
3.0150333333333337,-24.032569501564172
3.0167,-24.0325834714028
3.0183666666666666,-24.032597441241425
3.0200500000000003,-24.032616067692924
3.021716666666667,-24.0326393507573
3.0233833333333333,-24.032667290434553
3.0250500000000002,-24.03269057349893
3.0267166666666667,-24.032718513176178
3.0283833333333336,-24.032741796240558
3.03005,-24.03275576607918
3.0317166666666666,-24.032765079304934
3.0333833333333335,-24.032765079304934
3.03505,-24.032760422692057
3.036716666666667,-24.032751109466307
3.0383833333333334,-24.03273713962768
3.0400500000000004,-24.032723169789055
3.041716666666667,-24.03270919995043
3.0433833333333333,-24.03269988672468
3.0450500000000003,-24.032695230111802
3.0467166666666667,-24.032695230111802
3.0483833333333337,-24.03270919995043
3.050066666666667,-24.03273713962768
3.0517333333333334,-24.032783705756433
3.0534000000000003,-24.03286286817531
3.055066666666667,-24.03296997027144
3.0567333333333333,-24.03311898188345
3.0584000000000002,-24.033309903011336
3.0600666666666667,-24.033533420429347
3.0617333333333336,-24.03379419075036
3.0634,-24.034073587522876
3.0650666666666666,-24.034357640908265
3.0667333333333335,-24.034632381067905
3.0684,-24.034883838163168
3.070066666666667,-24.035093385742556
3.0717333333333334,-24.03524705396744
3.0734000000000004,-24.035340186224943
3.075066666666667,-24.03536346928932
3.0767333333333333,-24.035316903160567
3.0784000000000002,-24.035209801064436
3.0800833333333335,-24.035051476226677
3.08175,-24.034846585260166
3.083416666666667,-24.03461841122928
3.0850833333333334,-24.03436695413402
3.0867500000000003,-24.034106183813
3.088416666666667,-24.033850070104865
3.0900833333333333,-24.0335986130096
3.09175,-24.033361125752965
3.0934166666666667,-24.03313760833495
3.0950833333333336,-24.032937373981316
3.09675,-24.03275576607918
3.0984166666666666,-24.032592784628548
3.1000833333333335,-24.032453086242292
3.10175,-24.03232735769466
3.103416666666667,-24.032224912211404
3.1050833333333334,-24.0321317799539
3.1067666666666667,-24.032057274147895
3.108416666666667,-24.031987424954767
3.1101,-24.031922232374512
3.111766666666667,-24.03186635302001
3.1134333333333335,-24.031810473665505
3.1151,-24.03175925092388
3.116766666666667,-24.03170802818225
3.1184333333333334,-24.031666118666376
3.1201000000000003,-24.031633522376247
3.121766666666667,-24.031605582698997
3.1234333333333333,-24.03159161286037
3.1251,-24.031586956247494
3.1267666666666667,-24.03160092608612
3.1284333333333336,-24.031638178989123
3.1301,-24.031703371569375
3.131766666666667,-24.031796503826882
3.1334500000000003,-24.031931545600262
3.1351,-24.032103840276648
3.1367833333333337,-24.032313387856032
3.13845,-24.032564844951295
3.1401166666666667,-24.032848898336688
3.1417833333333336,-24.033146921560704
3.14345,-24.03345425801047
3.145116666666667,-24.033752281234484
3.1467833333333335,-24.034017708168374
3.14845,-24.034241225586385
3.150116666666667,-24.034404207037017
3.1517833333333334,-24.034501995907398
3.1534500000000003,-24.03452993558465
3.155116666666667,-24.03449268268165
3.1567833333333333,-24.034390237198394
3.15845,-24.034241225586385
3.1601166666666667,-24.034054961071377
3.1617833333333336,-24.033850070104865
3.16345,-24.033635865912604
3.165116666666667,-24.033421661720343
3.1668000000000003,-24.03322608397958
3.16845,-24.033039819464573
3.1701333333333337,-24.032881494626814
3.1718,-24.03273713962768
3.1734666666666667,-24.032616067692924
3.1751333333333336,-24.032508965596794
3.1768,-24.032420489952163
3.178466666666667,-24.032336670920408
3.1801333333333335,-24.03226682172728
3.1818,-24.0322062857599
3.183466666666667,-24.0321504064054
3.1851333333333334,-24.032103840276648
3.1868000000000003,-24.03206193076077
3.188466666666667,-24.03202467785777
3.1901333333333333,-24.03199208156764
3.1918,-24.031959485277515
3.1934666666666667,-24.031931545600262
3.1951333333333336,-24.031898949310136
3.196816666666667,-24.03186635302001
3.1984833333333333,-24.031833756729885
3.2001500000000003,-24.031801160439755
3.2018166666666668,-24.03176856414963
3.2034833333333337,-24.031740624472377
3.20515,-24.031717341408
3.2068166666666666,-24.031694058343625
3.2084833333333336,-24.031680088505
3.21015,-24.03167077527925
3.211816666666667,-24.0316614620535
3.2134833333333335,-24.0316614620535
3.21515,-24.0316614620535
3.216816666666667,-24.031666118666376
3.2184833333333334,-24.03167077527925
3.2201666666666666,-24.031680088505
3.2218166666666668,-24.031694058343625
3.2235,-24.031703371569375
3.22515,-24.031712684795128
3.2268333333333334,-24.031721998020878
3.2285000000000004,-24.03172665463375
3.230166666666667,-24.031731311246627
3.2318333333333333,-24.03172665463375
3.2335000000000003,-24.031721998020878
3.2351666666666667,-24.031717341408
3.2368333333333337,-24.031712684795128
3.2385,-24.031703371569375
3.2401666666666666,-24.0316987149565
3.2418333333333336,-24.031694058343625
3.2435,-24.031689401730752
3.245166666666667,-24.031684745117875
3.2468333333333335,-24.031680088505
3.2485,-24.031675431892126
3.250166666666667,-24.03167077527925
3.2518333333333334,-24.0316614620535
3.2535166666666666,-24.031656805440623
3.2551666666666668,-24.03165214882775
3.25685,-24.03165214882775
3.258516666666667,-24.03165214882775
3.2601833333333334,-24.031656805440623
3.2618500000000004,-24.031666118666376
3.263516666666667,-24.03167077527925
3.2651833333333333,-24.031675431892126
3.2668500000000003,-24.031675431892126
3.2685166666666667,-24.03167077527925
3.2701833333333337,-24.031656805440623
3.27185,-24.031642835601996
3.2735166666666666,-24.03161955253762
3.2751833333333336,-24.03159161286037
3.27685,-24.03156367318312
3.278516666666667,-24.031531076892993
3.2801833333333335,-24.03150313721574
3.2818500000000004,-24.03147519753849
3.283516666666667,-24.031447257861238
3.2851833333333333,-24.031428631409735
3.2868666666666666,-24.031410004958236
3.2885333333333335,-24.03139603511961
3.2902,-24.031382065280983
3.291866666666667,-24.031368095442357
3.2935333333333334,-24.031354125603734
3.2952000000000004,-24.03134481237798
3.296866666666667,-24.03133549915223
3.2985333333333333,-24.031330842539358
3.3002000000000002,-24.031330842539358
3.3018666666666667,-24.031330842539358
3.3035333333333337,-24.031340155765108
3.3052,-24.03134481237798
3.3068666666666666,-24.031349468990857
3.3085333333333335,-24.031349468990857
3.3102,-24.03134481237798
3.311866666666667,-24.03132618592648
3.31355,-24.03129824624923
3.3152000000000004,-24.031260993346226
3.3168833333333336,-24.03121908383035
3.31855,-24.0311725177016
3.320216666666667,-24.03112129495997
3.3218833333333335,-24.031074728831218
3.32355,-24.031032819315342
3.325216666666667,-24.03099556641234
3.3268833333333334,-24.03096297012221
3.3285500000000003,-24.030939687057835
3.330216666666667,-24.030921060606335
3.3318833333333333,-24.03090709076771
3.3335500000000002,-24.03089777754196
3.3352166666666667,-24.030893120929083
3.3368833333333336,-24.030893120929083
3.33855,-24.030893120929083
3.3402166666666666,-24.030893120929083
3.3418833333333335,-24.03089777754196
3.343566666666667,-24.03089777754196
3.3452333333333333,-24.030902434154832
3.3469,-24.030902434154832
3.3485666666666667,-24.030902434154832
3.3502333333333336,-24.030893120929083
3.3519,-24.030879151090456
3.353566666666667,-24.030860524638957
3.3552333333333335,-24.03083724157458
3.3569,-24.030813958510205
3.358566666666667,-24.03079067544583
3.3602333333333334,-24.030767392381453
3.3619000000000003,-24.030753422542826
3.363566666666667,-24.030744109317077
3.3652333333333333,-24.030744109317077
3.3669000000000002,-24.030753422542826
3.3685666666666667,-24.030762735768576
3.3702333333333336,-24.030776705607202
3.3719,-24.0307953320587
3.3735833333333334,-24.030809301897328
3.3752500000000003,-24.030823271735954
3.376916666666667,-24.030832584961704
3.3785833333333337,-24.030841898187457
3.38025,-24.03084655480033
3.3819166666666667,-24.03085586802608
3.3835833333333336,-24.030860524638957
3.38525,-24.030865181251833
3.386916666666667,-24.030869837864707
3.3885833333333335,-24.030869837864707
3.39025,-24.030869837864707
3.391916666666667,-24.030860524638957
3.3935833333333334,-24.030851211413207
3.3952500000000003,-24.03083724157458
3.396916666666667,-24.030823271735954
3.3985833333333333,-24.030804645284455
3.40025,-24.03079067544583
3.4019166666666667,-24.030772048994326
3.4036,-24.030753422542826
3.405266666666667,-24.030734796091323
3.4069333333333334,-24.0307208262527
3.4086000000000003,-24.030702199801198
3.410266666666667,-24.030692886575448
3.4119333333333337,-24.030683573349698
3.4136,-24.03067891673682
3.4152666666666667,-24.03067891673682
3.4169333333333336,-24.030692886575448
3.4186,-24.030706856414074
3.420266666666667,-24.03073013947845
3.4219333333333335,-24.030758079155703
3.4236,-24.03079067544583
3.425266666666667,-24.030813958510205
3.4269333333333334,-24.03083724157458
3.4286000000000003,-24.030851211413207
3.4302833333333336,-24.03085586802608
3.43195,-24.030851211413207
3.433616666666667,-24.03083724157458
3.4352833333333335,-24.030818615123078
3.43695,-24.03079998867158
3.438616666666667,-24.03078136222008
3.4402833333333334,-24.030767392381453
3.4419500000000003,-24.030758079155703
3.4436166666666668,-24.030753422542826
3.4452833333333337,-24.030758079155703
3.44695,-24.030767392381453
3.4486166666666667,-24.03078136222008
3.4502833333333336,-24.03079998867158
3.45195,-24.030813958510205
3.453616666666667,-24.030832584961704
3.4552833333333335,-24.03084655480033
3.45695,-24.030860524638957
3.458616666666667,-24.030869837864707
3.4603,-24.030879151090456
3.4619500000000003,-24.030883807703333
3.4636333333333336,-24.030893120929083
3.4653,-24.030902434154832
3.466966666666667,-24.030911747380586
3.4686333333333335,-24.03092571721921
3.4703000000000004,-24.030939687057835
3.471966666666667,-24.030958313509338
3.4736333333333334,-24.030972283347964
3.4753000000000003,-24.030986253186587
3.4769666666666668,-24.030990909799463
3.4786333333333337,-24.03099556641234
3.4803,-24.030990909799463
3.4819666666666667,-24.030981596573714
3.4836333333333336,-24.030972283347964
3.4853,-24.030958313509338
3.486966666666667,-24.03094434367071
3.4886333333333335,-24.030930373832085
3.4903166666666667,-24.030921060606335
3.491966666666667,-24.03091640399346
3.49365,-24.030921060606335
3.4953166666666666,-24.03093503044496
3.4969833333333336,-24.03096297012221
3.49865,-24.03101419286384
3.500316666666667,-24.031088698669844
3.5019833333333334,-24.031191144153098
3.5036500000000004,-24.031330842539358
3.505316666666667,-24.031498480602867
3.5069833333333333,-24.031694058343625
3.5086500000000003,-24.031912919148763
3.5103166666666668,-24.03214109317965
3.5119833333333337,-24.03237392382341
3.51365,-24.032592784628548
3.5153166666666666,-24.03278836236931
3.5169833333333336,-24.032951343819942
3.51865,-24.033077072367572
3.5203333333333333,-24.033160891399326
3.5219833333333335,-24.03319814430233
3.5236666666666667,-24.03319814430233
3.5253333333333337,-24.033160891399326
3.527,-24.0330910422062
3.5286666666666666,-24.032997909948694
3.5303333333333335,-24.032886151239687
3.532,-24.032760422692057
3.533666666666667,-24.032625380918674
3.5353333333333334,-24.032490339145294
3.5370000000000004,-24.032359953984784
3.538666666666667,-24.032234225437154
3.5403333333333333,-24.032117810115274
3.5420000000000003,-24.032006051406267
3.5436666666666667,-24.031908262535886
3.5453333333333337,-24.031815130278382
3.547,-24.031731311246627
3.5486666666666666,-24.031647492214873
3.5503500000000003,-24.031572986408868
3.552016666666667,-24.03150313721574
3.5536833333333333,-24.031433288022612
3.5553500000000002,-24.031368095442357
3.5570166666666667,-24.031307559474982
3.5586833333333336,-24.031251680120477
3.56035,-24.03120045737885
3.562016666666667,-24.031153891250096
3.5636833333333335,-24.031116638347097
3.56535,-24.031084042056968
3.567016666666667,-24.03105610237972
3.5686833333333334,-24.031028162702466
3.5703500000000004,-24.03100487963809
3.572016666666667,-24.030976939960837
3.5736833333333333,-24.030949000283588
3.5753500000000003,-24.03091640399346
3.5770166666666667,-24.03088846431621
3.5786833333333337,-24.030860524638957
3.580366666666667,-24.03083724157458
3.5820333333333334,-24.030818615123078
3.5837000000000003,-24.030813958510205
3.585366666666667,-24.030813958510205
3.5870333333333333,-24.030818615123078
3.5887000000000002,-24.03083724157458
3.5903666666666667,-24.030851211413207
3.5920333333333336,-24.030874494477583
3.5937,-24.030893120929083
3.595366666666667,-24.03090709076771
3.5970333333333335,-24.030921060606335
3.5987,-24.030930373832085
3.600366666666667,-24.03093503044496
3.6020333333333334,-24.030939687057835
3.6037000000000003,-24.030939687057835
3.605366666666667,-24.030939687057835
3.60705,-24.03094434367071
3.6087000000000002,-24.03094434367071
3.6103833333333335,-24.03094434367071
3.61205,-24.03094434367071
3.613716666666667,-24.03094434367071
3.6153833333333334,-24.03094434367071
3.6170500000000003,-24.030939687057835
3.618716666666667,-24.03093503044496
3.6203833333333333,-24.030930373832085
3.62205,-24.03092571721921
3.6237166666666667,-24.030921060606335
3.6253833333333336,-24.03091640399346
3.62705,-24.03090709076771
3.628716666666667,-24.030902434154832
3.6303833333333335,-24.030893120929083
3.63205,-24.03088846431621
3.633716666666667,-24.030883807703333
3.6353833333333334,-24.030874494477583
3.6370666666666667,-24.030869837864707
3.638716666666667,-24.030865181251833
3.6404,-24.030865181251833
3.642066666666667,-24.030874494477583
3.6437333333333335,-24.03089777754196
3.6454,-24.03094434367071
3.647066666666667,-24.031009536250963
3.6487333333333334,-24.03110266850847
3.6504000000000003,-24.031223740443227
3.652066666666667,-24.031372752055233
3.6537333333333337,-24.03154504673162
3.6554,-24.031731311246627
3.6570666666666667,-24.03192688898739
3.6587333333333336,-24.032117810115274
3.6604,-24.032294761404533
3.662066666666667,-24.032457742855165
3.6637333333333335,-24.032597441241425
3.6654,-24.03270919995043
3.6670833333333337,-24.032802332207932
3.6687333333333334,-24.032881494626814
3.6704166666666667,-24.032946687207065
3.6720833333333336,-24.033016536400197
3.67375,-24.0330910422062
3.675416666666667,-24.03317951785083
3.6770833333333335,-24.033291276559837
3.67875,-24.033426318333216
3.680416666666667,-24.0335799865581
3.6820833333333334,-24.033747624621608
3.6837500000000003,-24.03392457591087
3.685416666666667,-24.03409221397438
3.6870833333333337,-24.034241225586385
3.68875,-24.034357640908265
3.6904166666666667,-24.03443214671427
3.6920833333333336,-24.034455429778646
3.69375,-24.03443214671427
3.695416666666667,-24.034357640908265
3.6971000000000003,-24.03424588219926
3.6987666666666668,-24.034096870587252
3.7004333333333337,-24.033929232523743
3.7021,-24.033747624621608
3.7037666666666667,-24.033566016719476
3.7054333333333336,-24.03338440881734
3.7071,-24.033212114140955
3.708766666666667,-24.033053789303196
3.7104333333333335,-24.03290477769119
3.7121000000000004,-24.032760422692057
3.713766666666667,-24.03263003753155
3.7154333333333334,-24.032504308983917
3.7171000000000003,-24.032383237049164
3.7187666666666668,-24.032271478340157
3.7204333333333337,-24.0321690328569
3.7221,-24.03208055721227
3.7237833333333334,-24.032010708019143
3.7254500000000004,-24.031950172051765
3.727116666666667,-24.031908262535886
3.7287833333333333,-24.031880322858637
3.7304500000000003,-24.03186635302001
3.7321166666666667,-24.03185703979426
3.7337833333333337,-24.031852383181384
3.73545,-24.031852383181384
3.7371166666666666,-24.031852383181384
3.7387833333333336,-24.031847726568508
3.74045,-24.031847726568508
3.742116666666667,-24.031843069955634
3.7437833333333335,-24.031838413342758
3.7454500000000004,-24.031833756729885
3.747116666666667,-24.03182444350413
3.7487833333333334,-24.031810473665505
3.7504500000000003,-24.031791847214006
3.7521166666666668,-24.03176856414963
3.7537833333333337,-24.031735967859504
3.75545,-24.031694058343625
3.7571333333333334,-24.031647492214873
3.7588000000000004,-24.031596269473244
3.760466666666667,-24.031540390118742
3.7621333333333333,-24.03148451076424
3.7638000000000003,-24.031433288022612
3.7654666666666667,-24.03138672189386
3.7671333333333337,-24.03134481237798
3.7688,-24.031312216087855
3.7704666666666666,-24.03128893302348
3.7721333333333336,-24.03127030657198
3.7738,-24.031260993346226
3.775466666666667,-24.031256336733353
3.7771333333333335,-24.031251680120477
3.7788000000000004,-24.031251680120477
3.780466666666667,-24.031256336733353
3.7821333333333333,-24.031265649959103
3.783816666666667,-24.031284276410602
3.7854666666666668,-24.031302902862105
3.78715,-24.031330842539358
3.788816666666667,-24.031363438829484
3.7904833333333334,-24.031400691732486
3.7921500000000004,-24.03145191447411
3.793816666666667,-24.031517107054366
3.7954833333333333,-24.03159161286037
3.7971500000000002,-24.031689401730752
3.7988166666666667,-24.031805817052632
3.8004833333333337,-24.03194551543889
3.80215,-24.032103840276648
3.803816666666667,-24.03227613495303
3.8054833333333336,-24.032453086242292
3.80715,-24.032625380918674
3.808816666666667,-24.03278836236931
3.8104833333333334,-24.03292340414269
3.8121500000000004,-24.033025849625947
3.8138333333333336,-24.03308172898045
3.8154833333333333,-24.033086385593325
3.817166666666667,-24.033049132690323
3.8188333333333335,-24.03296997027144
3.8205,-24.032858211562438
3.822166666666667,-24.032718513176178
3.8238333333333334,-24.032569501564172
3.8255000000000003,-24.032420489952163
3.827166666666667,-24.032271478340157
3.8288333333333333,-24.032127123341024
3.8305000000000002,-24.031996738180517
3.8321666666666667,-24.03187566624576
3.8338333333333336,-24.03176856414963
3.8355,-24.031666118666376
3.837166666666667,-24.031572986408868
3.8388333333333335,-24.031489167377114
3.8405,-24.031414661571112
3.842166666666667,-24.03134481237798
3.84385,-24.03128893302348
3.8455000000000004,-24.03123771028185
3.8471833333333336,-24.031195800765975
3.84885,-24.031158547862972
3.850516666666667,-24.03113060818572
3.8521833333333335,-24.03110266850847
3.85385,-24.031079385444094
3.855516666666667,-24.03105610237972
3.8571833333333334,-24.031037475928215
3.8588500000000003,-24.03102350608959
3.860516666666667,-24.031009536250963
3.8621833333333333,-24.03100487963809
3.8638500000000002,-24.031000223025213
3.8655166666666667,-24.03100487963809
3.8671833333333336,-24.031009536250963
3.86885,-24.031018849476716
3.870516666666667,-24.03102350608959
3.8721833333333335,-24.031028162702466
3.873866666666667,-24.03102350608959
3.8755333333333337,-24.031009536250963
3.8772,-24.03099556641234
3.8788666666666667,-24.030976939960837
3.8805333333333336,-24.03095365689646
3.8822,-24.03092571721921
3.883866666666667,-24.030902434154832
3.8855333333333335,-24.030883807703333
3.8872,-24.030865181251833
3.888866666666667,-24.03084655480033
3.8905333333333334,-24.03083724157458
3.8922000000000003,-24.030832584961704
3.893866666666667,-24.030832584961704
3.8955333333333337,-24.03083724157458
3.8972,-24.030851211413207
3.8988666666666667,-24.030865181251833
3.9005333333333336,-24.03088846431621
3.9022,-24.03091640399346
3.9038833333333334,-24.03094434367071
3.9055500000000003,-24.030972283347964
3.907216666666667,-24.03099556641234
3.9088833333333337,-24.031018849476716
3.91055,-24.031032819315342
3.9122166666666667,-24.031042132541092
3.9138833333333336,-24.031042132541092
3.91555,-24.031042132541092
3.917216666666667,-24.031037475928215
3.9188833333333335,-24.031032819315342
3.92055,-24.031037475928215
3.922216666666667,-24.031051445766842
3.9238833333333334,-24.031079385444094
3.9255500000000003,-24.031125951572847
3.927216666666667,-24.031195800765975
3.9288833333333337,-24.03128893302348
3.93055,-24.03140534834536
3.9322166666666667,-24.031549703344492
3.9339000000000004,-24.031712684795128
3.935566666666667,-24.031889636084387
3.9372333333333334,-24.032085213825145
3.9389000000000003,-24.032290104791656
3.9405666666666668,-24.032494995758167
3.9422333333333337,-24.03269988672468
3.9439,-24.03289546446544
3.9455666666666667,-24.033077072367572
3.9472333333333336,-24.03322608397958
3.9489,-24.03334715591434
3.950566666666667,-24.033426318333216
3.9522333333333335,-24.033458914623345
3.9539,-24.033449601397592
3.955566666666667,-24.033398378655967
3.9572333333333334,-24.033309903011336
3.9589000000000003,-24.03318883107658
3.960566666666667,-24.033053789303196
3.9622333333333337,-24.03290477769119
3.963916666666667,-24.03275576607918
3.9655833333333335,-24.032616067692924
3.9672500000000004,-24.032485682532418
3.968916666666667,-24.032369267210537
3.9705833333333334,-24.03226682172728
3.9722500000000003,-24.032183002695525
3.9739166666666668,-24.032108496889524
3.9755833333333337,-24.03204330430927
3.9772500000000006,-24.03199208156764
3.9789166666666667,-24.03194551543889
3.9805833333333336,-24.031908262535886
3.9822500000000005,-24.031880322858637
3.9839166666666674,-24.03185703979426
3.9855833333333335,-24.031847726568508
3.9872500000000004,-24.031843069955634
3.9889166666666673,-24.031843069955634
3.9905833333333334,-24.031843069955634
3.9922500000000003,-24.031843069955634
3.9939333333333336,-24.031833756729885
3.9956000000000005,-24.03181978689126
3.9972666666666674,-24.031801160439755
3.9989333333333335,-24.031773220762506
