min,µS/cm
0.0,-1000.1751412638347
0.0016499999999999293,-1000.1753368415755
0.0033333333333334103,-1000.175541732542
0.004999999999999893,-1000.1757373102828
0.006666666666666599,-1000.1758863218947
0.008333333333333304,-1000.1758956351205
0.010000000000000009,-1000.1756581478638
0.011666666666666714,-1000.1751179807703
0.01333333333333342,-1000.1742611640013
0.014999999999999902,-1000.1731854864271
0.016666666666666607,-1000.1720306464341
0.018333333333333313,-1000.1709829085371
0.020000000000000018,-1000.1702192240256
0.021666666666666723,-1000.1698886045115
0.023333333333333428,-1000.1700376161234
0.02499999999999991,-1000.170652289023
0.026666666666666616,-1000.1716301777268
0.02833333333333332,-1000.1728083007843
0.030000000000000027,-1000.1740097069061
0.03166666666666673,-1000.1750714146416
0.03334999999999999,-1000.1758723520561
0.035016666666666696,-1000.176361296408
0.0366833333333334,-1000.1765615307617
0.038350000000000106,-1000.1765429043102
0.04001666666666659,-1000.1763938926982
0.041683333333333294,-1000.1762076281832
0.04335,-1000.176026020281
0.045016666666666705,-1000.1758630388304
0.04668333333333341,-1000.1756954007669
0.048350000000000115,-1000.1754998230261
0.0500166666666666,-1000.1752390527051
0.0516833333333333,-1000.1749084331909
0.05335000000000001,-1000.1745219343223
0.055016666666666714,-1000.1741074957764
0.05668333333333342,-1000.1737023704562
0.0583499999999999,-1000.1733484678778
0.06001666666666661,-1000.1730504446538
0.06168333333333331,-1000.1728083007843
0.06336666666666657,-1000.1726127230435
0.06503333333333328,-1000.1724497415928
0.06669999999999998,-1000.1723007299809
0.06836666666666669,-1000.1721843146589
0.07003333333333339,-1000.1721051522401
0.0717000000000001,-1000.1720865257886
0.07336666666666658,-1000.1721563749817
0.07503333333333329,-1000.1723240130452
0.07669999999999999,-1000.1725754701405
0.0783666666666667,-1000.172892119816
0.0800333333333334,-1000.1732320525559
0.0817000000000001,-1000.1735440456185
0.08336666666666659,-1000.1737815328752
0.0850333333333333,-1000.1739165746485
0.0867,-1000.1739258878742
0.0883666666666667,-1000.173823442391
0.09003333333333341,-1000.1736325212631
0.09171666666666667,-1000.1733810641679
0.09338333333333337,-1000.173115637234
0.09505000000000008,-1000.1728688367516
0.09671666666666656,-1000.1726779156237
0.09838333333333327,-1000.1725754701405
0.10004999999999997,-1000.1725801267534
0.10171666666666668,-1000.1726965420752
0.10338333333333338,-1000.1729154028803
0.10505000000000009,-1000.1732273959431
0.10671666666666657,-1000.1735906117473
0.10838333333333328,-1000.1739584841645
0.11004999999999998,-1000.1742891036786
0.11171666666666669,-1000.1745126210966
0.11338333333333339,-1000.1745917835154
0.1150500000000001,-1000.1744893380322
0.11671666666666658,-1000.1741959714211
0.11838333333333328,-1000.1737442799722
0.12004999999999999,-1000.1731994562657
0.12173333333333325,-1000.1726546325593
0.12339999999999995,-1000.1722122543362
0.12506666666666666,-1000.1719514840152
0.12673333333333336,-1000.1719049178864
0.12840000000000007,-1000.1720632427242
0.13006666666666655,-1000.172370579174
0.13173333333333326,-1000.172743108204
0.13339999999999996,-1000.1730876975568
0.13506666666666667,-1000.1733344980391
0.13673333333333337,-1000.1734462567481
0.13840000000000008,-1000.1734369435223
0.14006666666666678,-1000.1733531244906
0.14173333333333327,-1000.1732460223946
0.14339999999999997,-1000.1731668599756
0.14506666666666668,-1000.1731296070726
0.14673333333333338,-1000.1731342636855
0.1484000000000001,-1000.173152890137
0.15006666666666657,-1000.1731761732013
0.15175000000000005,-1000.1731854864271
0.15341666666666676,-1000.1731808298142
0.15508333333333324,-1000.1731761732013
0.15674999999999994,-1000.1731761732013
0.15841666666666665,-1000.1731854864271
0.16008333333333336,-1000.1731947996528
0.16175000000000006,-1000.1731947996528
0.16341666666666677,-1000.1731761732013
0.16508333333333325,-1000.1731389202984
0.16674999999999995,-1000.1730970107825
0.16841666666666666,-1000.1730597578795
0.17008333333333336,-1000.1730504446538
0.17175000000000007,-1000.1730644144924
0.17341666666666677,-1000.1731016673954
0.17508333333333326,-1000.1731389202984
0.17674999999999996,-1000.1731622033627
0.17841666666666667,-1000.1731482335241
0.18008333333333337,-1000.1730690711053
0.18176666666666663,-1000.1729107462675
0.18343333333333334,-1000.1726732590108
0.18510000000000004,-1000.1723892056254
0.18676666666666675,-1000.1720958390143
0.18843333333333323,-1000.1718443819191
0.19009999999999994,-1000.1716720872427
0.19176666666666664,-1000.1716022380496
0.19343333333333335,-1000.1716394909525
0.19510000000000005,-1000.1717605628874
0.19676666666666676,-1000.1719421707894
0.19843333333333346,-1000.1721517183688
0.20009999999999994,-1000.172370579174
0.20176666666666665,-1000.1725801267534
0.20343333333333335,-1000.172780361107
0.20510000000000006,-1000.1729666256219
0.20676666666666677,-1000.1731482335241
0.20843333333333325,-1000.1733158715876
0.21011666666666673,-1000.1734602265867
0.21178333333333343,-1000.1735487022314
0.21344999999999992,-1000.1735487022314
0.21511666666666662,-1000.1734276302966
0.21678333333333333,-1000.1731808298142
0.21845000000000003,-1000.1728036441714
0.22011666666666674,-1000.1723379828838
0.22178333333333322,-1000.1718350686933
0.22344999999999993,-1000.1713647507929
0.22511666666666663,-1000.1710061916015
0.22678333333333334,-1000.1708059572479
0.22845000000000004,-1000.1708059572479
0.23011666666666675,-1000.17098756515
0.23178333333333345,-1000.1713368111157
0.23344999999999994,-1000.1717978157903
0.23511666666666664,-1000.1723286696581
0.23678333333333335,-1000.1728688367516
0.2384666666666666,-1000.173376407555
0.2401333333333333,-1000.1738001593267
0.24180000000000001,-1000.1741028391635
0.24346666666666672,-1000.1742518507756
0.24513333333333343,-1000.1742239110984
0.2467999999999999,-1000.174014363519
0.2484666666666666,-1000.1736511477146
0.2501333333333333,-1000.1731575467498
0.2518,-1000.172594096592
0.25346666666666673,-1000.1720120199826
0.2551333333333332,-1000.171471852889
0.25680000000000014,-1000.1710294746659
0.2584666666666666,-1000.1707314514418
0.2601333333333333,-1000.1705964096685
0.26180000000000003,-1000.17061503612
0.26346666666666674,-1000.1707687043448
0.26513333333333344,-1000.1710108482143
0.2668166666666667,-1000.1713088714384
0.2684833333333334,-1000.1716301777268
0.2701500000000001,-1000.1719607972409
0.2718166666666666,-1000.1722774469165
0.2734833333333333,-1000.1725708135276
0.27515,-1000.1728129573971
0.2768166666666667,-1000.1729759388478
0.2784833333333334,-1000.1730271615894
0.2801499999999999,-1000.1729386859447
0.2818166666666666,-1000.1726872288494
0.2834833333333333,-1000.1722821035294
0.28515,-1000.1717559062745
0.2868166666666667,-1000.1711691730521
0.2884833333333334,-1000.1705917530556
0.29015000000000013,-1000.170093495478
0.2918166666666666,-1000.1697209664479
0.2934833333333333,-1000.1695114188685
0.29515,-1000.1694788225784
0.29681666666666673,-1000.1696185209647
0.2985,-1000.1699165441887
0.3001666666666667,-1000.1703263261218
0.3018333333333334,-1000.1708199270865
0.3035000000000001,-1000.1713368111157
0.3051666666666666,-1000.1718397253062
0.3068333333333333,-1000.1722867601422
0.3085,-1000.1726406627207
0.3101666666666667,-1000.1728641801387
0.3118333333333334,-1000.1729247161061
0.3134999999999999,-1000.17281761401
0.3151666666666668,-1000.1725521870761
0.3168333333333333,-1000.1721703448203
0.3185,-1000.1717279665971
0.3201666666666667,-1000.1712995582127
0.3218333333333334,-1000.1709456556341
0.3235000000000001,-1000.1707314514418
0.3251666666666666,-1000.1706755720874
0.3268333333333333,-1000.1707780175707
0.3285166666666668,-1000.1709922217628
0.3301833333333333,-1000.1712576486967
0.33185,-1000.1714997925662
0.3335166666666667,-1000.171658117404
0.3351833333333334,-1000.1716907136941
0.3368500000000001,-1000.1715789549852
0.3385166666666666,-1000.1713414677286
0.3401833333333333,-1000.1709968783757
0.34185,-1000.1706010662814
0.3435166666666667,-1000.1701912843483
0.3451833333333334,-1000.1698094420926
0.3468499999999999,-1000.1694788225784
0.3485166666666668,-1000.1691901125802
0.3501833333333333,-1000.1689433120978
0.35185,-1000.1687384211313
0.3535166666666667,-1000.1685847529064
0.3551833333333334,-1000.1685055904875
0.35686666666666667,-1000.168524216939
0.35853333333333337,-1000.1686639153253
0.3602000000000001,-1000.1689107158077
0.3618666666666668,-1000.1692506485475
0.36353333333333326,-1000.1696371474162
0.36519999999999997,-1000.1700189896719
0.3668666666666667,-1000.1703356393475
0.3685333333333334,-1000.1705545001527
0.3702000000000001,-1000.1706616022487
0.37186666666666657,-1000.1706569456359
0.3735333333333333,-1000.170577783217
0.3752,-1000.1704520546693
0.3768666666666667,-1000.1703076996703
0.3785333333333334,-1000.1701540314453
0.3802000000000001,-1000.1700050198333
0.3818666666666668,-1000.1698513516085
0.3835333333333333,-1000.1696976833836
0.3852,-1000.1695440151586
0.38688333333333347,-1000.1694136299982
0.38854999999999995,-1000.1693251543536
0.39021666666666666,-1000.1692972146762
0.39188333333333336,-1000.1693577506437
0.39355000000000007,-1000.1695160754814
0.39521666666666677,-1000.1697721891895
0.39688333333333325,-1000.1701074653166
0.39854999999999996,-1000.1704799943466
0.40021666666666667,-1000.1708478667638
0.40188333333333337,-1000.1711784862779
0.4035500000000001,-1000.171434599986
0.40521666666666656,-1000.1716068946624
0.4068833333333335,-1000.171695370307
0.40854999999999997,-1000.1717000269199
0.4102166666666667,-1000.171620864501
0.4118833333333334,-1000.1714485698246
0.4135500000000001,-1000.1711645164393
0.4152166666666668,-1000.1707687043448
0.41690000000000005,-1000.1702704467672
0.41856666666666675,-1000.1697116532222
0.42023333333333346,-1000.1691482030643
0.42189999999999994,-1000.1686592587124
0.42356666666666665,-1000.1683053561338
0.42523333333333335,-1000.1681237482318
0.42690000000000006,-1000.168114435006
0.42856666666666676,-1000.1682587900051
0.43023333333333325,-1000.1684916206489
0.43189999999999995,-1000.1687570475827
0.43356666666666666,-1000.1689991914523
0.43523333333333336,-1000.1691854559673
0.43690000000000007,-1000.169306527902
0.43856666666666655,-1000.169385690321
0.4402333333333335,-1000.1694322564497
0.44189999999999996,-1000.1694648527398
0.44356666666666666,-1000.1694788225784
0.44525000000000015,-1000.1694695093527
0.44691666666666663,-1000.1694089733853
0.44858333333333333,-1000.1692785882248
0.45025000000000004,-1000.1690783538712
0.45191666666666674,-1000.168826896776
0.45358333333333345,-1000.1685568132291
0.45524999999999993,-1000.1683193259724
0.45691666666666664,-1000.1681703143605
0.45858333333333334,-1000.1681377180704
0.46025000000000005,-1000.1682494767794
0.46191666666666675,-1000.168486964036
0.46358333333333324,-1000.1688315533888
0.46524999999999994,-1000.169232022096
0.46691666666666665,-1000.1696371474162
0.46858333333333335,-1000.1699910499947
0.47025000000000006,-1000.1702564769286
0.47191666666666676,-1000.1704054885406
0.47358333333333347,-1000.1704334282178
0.4752666666666667,-1000.1703449525733
0.47693333333333343,-1000.1701493748325
0.47860000000000014,-1000.1698606648342
0.4802666666666666,-1000.1695021056428
0.4819333333333333,-1000.1690923237098
0.48360000000000003,-1000.1686592587124
0.48526666666666673,-1000.1682355069407
0.48693333333333344,-1000.1678722911365
0.4885999999999999,-1000.1676022075897
0.49026666666666663,-1000.1674531959777
0.49193333333333333,-1000.1674299129133
0.49360000000000004,-1000.1675370150094
0.49526666666666674,-1000.1677512192017
0.4969333333333332,-1000.1680492424257
0.49860000000000015,-1000.1683984883914
0.5002666666666666,-1000.1687523909699
0.5019333333333333,-1000.1690783538712
0.5036,-1000.1693344675793
0.5052833333333333,-1000.169492792417
0.50695,-1000.1695440151586
0.5086166666666667,-1000.1694741659655
0.5102833333333332,-1000.1692925580634
0.5119500000000001,-1000.169008504678
0.5136166666666666,-1000.168635975648
0.5152833333333333,-1000.1681796275863
0.51695,-1000.16766740017
0.5186166666666667,-1000.1671272330765
0.5202833333333334,-1000.1666103490472
0.5219499999999999,-1000.166172627437
0.5236166666666668,-1000.1658932306644
0.5252833333333333,-1000.1658140682456
0.52695,-1000.1659630798576
0.5286166666666667,-1000.166321639049
0.5302833333333332,-1000.1668198966266
0.5319500000000001,-1000.167369376946
0.5336333333333334,-1000.1678816043623
0.5352999999999999,-1000.1682681032308
0.5369666666666668,-1000.1685009338746
0.5386333333333333,-1000.1685707830677
0.5403,-1000.1685102471004
0.5419666666666667,-1000.1683612354884
0.5436333333333334,-1000.1681703143605
0.5453000000000001,-1000.1679700800069
0.5469666666666666,-1000.1677651890403
0.5486333333333333,-1000.1675649546867
0.5503,-1000.1673786901717
0.5519666666666667,-1000.167220365334
0.5536333333333334,-1000.1670992933991
0.5552999999999999,-1000.1670387574318
0.5569666666666668,-1000.1670573838833
0.5586333333333333,-1000.1671551727537
0.5603,-1000.1673181542043
0.5619833333333335,-1000.1675230451708
0.56365,-1000.1677232795245
0.5653166666666667,-1000.1678583212979
0.5669833333333334,-1000.1678955742009
0.5686499999999999,-1000.167811755169
0.5703166666666668,-1000.1676208340413
0.5719833333333333,-1000.1673600637203
0.57365,-1000.1670620404961
0.5753166666666667,-1000.1667640172722
0.5769833333333334,-1000.1664846204997
0.5786500000000001,-1000.1662191935658
0.5803166666666666,-1000.1659444534062
0.5819833333333335,-1000.1656604000208
0.58365,-1000.1653623767967
0.5853166666666667,-1000.1650736667984
0.5869833333333334,-1000.1648454927675
0.5886499999999999,-1000.1647244208328
0.5903166666666668,-1000.164757017123
0.5920000000000001,-1000.1649851911538
0.5936666666666666,-1000.1653996296997
0.5953333333333335,-1000.1659770496963
0.597,-1000.1666522585632
0.5986666666666667,-1000.1673367806558
0.6003333333333334,-1000.1679467969425
0.6019999999999999,-1000.1684217714558
0.6036666666666668,-1000.1687058248411
0.6053333333333333,-1000.1687943004857
0.607,-1000.1686918550025
0.6086666666666667,-1000.16841245823
0.6103333333333334,-1000.1679933630712
0.6120000000000001,-1000.1674671658163
0.6136666666666666,-1000.1668757759812
0.6153333333333335,-1000.1662797295331
0.617,-1000.1657302492139
0.6186666666666667,-1000.1652925276036
0.6203333333333334,-1000.165017787444
0.6220166666666667,-1000.1649479382509
0.6236833333333334,-1000.1651062630885
0.6253500000000001,-1000.1654787921186
0.6270166666666666,-1000.1660096459864
0.6286833333333335,-1000.1666243188859
0.63035,-1000.1672063954953
0.6320166666666667,-1000.1676441171056
0.6336833333333334,-1000.1678583212979
0.6353500000000001,-1000.1678070985562
0.6370166666666668,-1000.1675183885579
0.6386833333333333,-1000.1670573838833
0.6403500000000002,-1000.1665032469512
0.6420166666666667,-1000.1659584232448
0.6436833333333334,-1000.1654927619572
0.6453500000000001,-1000.1651574858302
0.6470166666666666,-1000.1649572514766
0.6486833333333335,-1000.1648874022834
0.65035,-1000.1649199985736
0.6520333333333332,-1000.1650131308311
0.6537000000000002,-1000.1651388593787
0.6553666666666667,-1000.1652878709907
0.6570333333333334,-1000.1654555090543
0.6587000000000001,-1000.165646430182
0.6603666666666665,-1000.1658559777615
0.6620333333333335,-1000.1660655253409
0.6637,-1000.1662285067915
0.6653666666666667,-1000.1663076692104
0.6670333333333334,-1000.1662564464688
0.6687000000000001,-1000.1660562121151
0.6703666666666668,-1000.1657116227624
0.6720333333333333,-1000.1652692445392
0.6737000000000002,-1000.1647896134131
0.6753666666666667,-1000.1643518918028
0.6770333333333334,-1000.1640305855144
0.6787000000000001,-1000.1638676040637
0.6803833333333333,-1000.1638862305152
0.68205,-1000.1640724950303
0.6837166666666668,-1000.1643844880929
0.6853833333333332,-1000.1647663303487
0.6870500000000002,-1000.165166799056
0.6887166666666666,-1000.1655346714731
0.6903833333333333,-1000.1658466645357
0.69205,-1000.166098121631
0.6937166666666665,-1000.1662750729203
0.6953833333333335,-1000.1663775184035
0.69705,-1000.166400801468
0.6987166666666667,-1000.1663402655005
0.7003833333333334,-1000.1661959105014
0.7020500000000001,-1000.1659770496963
0.7037166666666668,-1000.1657023095366
0.7053833333333333,-1000.165385659861
0.7070500000000002,-1000.1650643535727
0.7087166666666667,-1000.1647663303487
0.7103999999999999,-1000.1645241864792
0.7120666666666668,-1000.1643518918028
0.7137333333333333,-1000.1642447897067
0.7154,-1000.1641842537392
0.7170666666666667,-1000.1641423442234
0.7187333333333332,-1000.1641097479333
0.7204000000000002,-1000.1640771516431
0.7220666666666666,-1000.1640678384174
0.7237333333333333,-1000.1641050913204
0.7254,-1000.1642028801908
0.7270666666666667,-1000.1643612050285
0.7287333333333335,-1000.1645614393822
0.7303999999999999,-1000.164757017123
0.7320666666666669,-1000.1648967155091
0.7337333333333333,-1000.1649339684122
0.7354,-1000.1648315229289
0.7370666666666668,-1000.164603348898
0.7387333333333332,-1000.1642727293839
0.7404166666666667,-1000.1639048569667
0.7420833333333334,-1000.1635835506784
0.7437499999999999,-1000.1633693464861
0.7454166666666668,-1000.1633181237445
0.7470833333333333,-1000.1634485089049
0.74875,-1000.1637372189033
0.7504166666666667,-1000.1641330309976
0.7520833333333332,-1000.1645754092208
0.7537500000000001,-1000.1649945043796
0.7554166666666666,-1000.1653530635709
0.7570833333333333,-1000.1656324603434
0.75875,-1000.1658513211486
0.7604166666666667,-1000.1660143025993
0.7620833333333334,-1000.166135374534
0.7637499999999999,-1000.1662052237272
0.7654166666666669,-1000.1662052237272
0.7670833333333333,-1000.1661167480825
0.7687666666666666,-1000.1659258269547
0.7704333333333335,-1000.1656324603434
0.7721,-1000.1652645879263
0.7737666666666667,-1000.1648548059933
0.7754333333333334,-1000.1644450240603
0.7770999999999999,-1000.1640771516431
0.7787666666666668,-1000.1637884416449
0.7804333333333333,-1000.1635835506784
0.7821,-1000.1634624787437
0.7837666666666667,-1000.163411256002
0.7854333333333332,-1000.163411256002
0.7871000000000001,-1000.1634531655179
0.7887666666666666,-1000.1635369845496
0.7904333333333333,-1000.1636766829358
0.7921,-1000.1638908871281
0.7937666666666667,-1000.1641842537392
0.7954333333333334,-1000.1645428129307
0.7970999999999999,-1000.1649293117994
0.7987833333333334,-1000.1652925276036
0.8004500000000001,-1000.1655672677632
0.8021166666666666,-1000.1657302492139
0.8037833333333335,-1000.1657675021169
0.80545,-1000.1657162793753
0.8071166666666667,-1000.1656138338919
0.8087833333333334,-1000.1655253582474
0.8104499999999999,-1000.1654974185701
0.8121166666666668,-1000.1655532979246
0.8137833333333333,-1000.1656743698594
0.81545,-1000.16583735131
0.8171166666666667,-1000.1660096459864
0.8187833333333334,-1000.1661679708242
0.8204500000000001,-1000.1663262956619
0.8221166666666666,-1000.1664892771125
0.8237833333333335,-1000.1666895114662
0.82545,-1000.1669409685614
0.8271333333333333,-1000.1672343351726
0.8288000000000002,-1000.1675323583966
0.8304666666666667,-1000.1677745022661
0.8321333333333334,-1000.1679002308138
0.8338000000000001,-1000.1678583212979
0.8354666666666666,-1000.1676254906541
0.8371333333333335,-1000.1672250219468
0.8388,-1000.1667034813048
0.8404666666666667,-1000.1661400311469
0.8421333333333334,-1000.1656045206662
0.8437999999999999,-1000.165166799056
0.8454833333333334,-1000.1648687758319
0.8471500000000001,-1000.1647290774457
0.8488166666666666,-1000.1647383906715
0.8504833333333335,-1000.1648827456705
0.85215,-1000.1651295461529
0.8538166666666667,-1000.1654741355057
0.8554833333333334,-1000.1658978872774
0.8571500000000001,-1000.1663868316293
0.8588166666666668,-1000.1669176854971
0.8604833333333333,-1000.167443882752
0.8621500000000002,-1000.1679048874266
0.8638166666666667,-1000.1682355069407
0.8654833333333334,-1000.1683658921013
0.8671500000000001,-1000.1682681032308
0.8688166666666666,-1000.1679607667811
0.8704833333333335,-1000.1675044187193
0.87215,-1000.1669782214644
0.8738166666666667,-1000.1664985903383
0.8754833333333334,-1000.1661493443727
0.8771500000000001,-1000.1659956761478
0.8788166666666668,-1000.1660655253409
0.8804833333333333,-1000.1663402655005
0.88215,-1000.166768673885
0.8838166666666667,-1000.1672669314627
0.8854833333333334,-1000.1677698456532
0.8871666666666667,-1000.1682075672635
0.8888333333333334,-1000.1685428433905
0.8905000000000001,-1000.1687523909699
0.8921666666666668,-1000.168826896776
0.8938333333333333,-1000.1687523909699
0.8955000000000002,-1000.1685288735518
0.8971666666666667,-1000.1681470312961
0.8988333333333334,-1000.1676254906541
0.9005000000000001,-1000.1669968479159
0.9021666666666666,-1000.1663076692104
0.9038333333333335,-1000.1656417735692
0.9055,-1000.1650783234113
0.9071666666666667,-1000.164682511317
0.9088333333333334,-1000.164496246802
0.9105000000000001,-1000.1645195298663
0.9121666666666668,-1000.16471976422
0.9138333333333333,-1000.1650317572826
0.9155166666666668,-1000.1653763466353
0.9171833333333335,-1000.165688339698
0.91885,-1000.165911857116
0.9205166666666669,-1000.1659910195349
0.9221833333333334,-1000.1657023095366
0.9238500000000001,-1000.1641470008362
0.9255166666666668,-1000.1584053971611
0.9271833333333332,-1000.1405472867846
0.9288500000000002,-1000.0917599536906
0.9305166666666667,-999.972522724407
0.9321833333333334,-999.7079619205128
0.9338500000000001,-999.1690055463318
0.9355166666666666,-998.1517591505087
0.9372,-996.3598805462755
0.9388666666666667,-993.3966309732742
0.9405333333333332,-988.7736109033104
0.9422000000000001,-981.9419127804888
0.9438666666666666,-972.3468874452388
0.9455333333333333,-959.5031854507994
0.9472,-943.080713480283
0.9488666666666667,-922.9878759584333
0.9505333333333335,-899.43506796818
0.9521999999999999,-872.9628058490171
0.9538666666666669,-844.4239901585617
0.9555333333333333,-814.919062338266
0.9572,-785.692124993397
0.9588666666666668,-758.0034950552524
0.9605333333333332,-732.9985549361438
0.9622000000000002,-711.5928878596019
0.9638666666666666,-694.3905589610295
0.9655333333333334,-681.6459496885752
0.9672000000000001,-673.2717671772799
0.9688666666666668,-668.8884229720051
0.9705333333333335,-667.9035912584064
0.9722,-669.6074505660717
0.9738666666666667,-673.2681908985918
0.9755500000000001,-678.2143519624203
0.9772166666666666,-683.8944976608709
0.9788833333333333,-689.9095376440833
0.98055,-696.0180172212506
0.9822166666666667,-702.118687658626
0.9838833333333334,-708.2174861376255
0.9855499999999999,-714.3870697889416
0.9872166666666667,-720.7266710329459
0.9888833333333333,-727.3284488950522
0.99055,-734.2542105979538
0.9922166666666667,-741.5239190410468
0.9938833333333333,-749.1151246936597
0.99555,-756.9709284030697
0.9972166666666668,-765.0130664766828
0.9988833333333333,-773.1566907712988
1.00055,-781.3237005757744
1.0022166666666668,-789.4525494377374
1.0038833333333335,-797.5034419435558
1.0055666666666667,-805.4588506023673
1.0072333333333334,-813.3201072054543
1.0089000000000001,-821.1014796146665
1.0105666666666666,-828.8231402769793
1.0122333333333333,-836.5044979548568
1.0139,-844.1589776632185
1.0155666666666667,-851.790807606555
1.0172333333333334,-859.3940040373216
1.0189000000000001,-866.9532560123845
1.0205666666666666,-874.4461233142978
1.0222333333333333,-881.8459375211252
1.0239,-889.1246797931962
1.0255666666666667,-896.2554302514789
1.0272333333333334,-903.213979165635
1.0289000000000001,-909.9796325480471
1.0305666666666666,-916.5351842141408
1.0322333333333333,-922.8663895851311
1.0339166666666668,-928.9611321543163
1.0355833333333333,-934.8085527004714
1.03725,-940.3983833922066
1.0389166666666667,-945.7205938853886
1.0405833333333334,-950.765372696689
1.0422500000000001,-955.5234624797122
1.0439166666666668,-959.9867234751521
1.0455833333333333,-964.1486364249832
1.04725,-968.0039859227854
1.0489166666666667,-971.548473914875
1.0505833333333334,-974.7788361156261
1.0522500000000001,-977.6946953393959
1.0539166666666666,-980.3012856190564
1.0555833333333333,-982.6116734103354
1.05725,-984.6470090489122
1.0589166666666667,-986.4347479242994
1.0605833333333334,-988.0056143682476
1.0622666666666667,-989.3902442368633
1.0639333333333334,-990.6162419312709
1.0656,-991.7063037826243
1.0672666666666668,-992.6775335300143
1.0689333333333333,-993.5418660722402
1.0706,-994.3072828437702
1.0722666666666667,-994.9794043763445
1.0739333333333334,-995.563092173805
1.0756000000000001,-996.0637339372485
1.0772666666666668,-996.4880165627636
1.0789333333333333,-996.8441636286882
1.0806,-997.1416792819005
1.0822666666666667,-997.3907195950815
1.0839333333333334,-997.6013242255902
1.0856000000000001,-997.7826527309523
1.0872666666666668,-997.942383865799
1.0889333333333333,-998.086389618966
1.0906,-998.2186327680101
1.0922833333333335,-998.3413903966273
1.09395,-998.4555752009412
1.0956166666666667,-998.5612151206291
1.0972833333333334,-998.6579143435964
1.09895,-998.7452491180717
1.1006166666666668,-998.8230657758298
1.1022833333333333,-998.8916576834822
1.10395,-998.9517792123145
1.1056166666666667,-999.0045665758684
1.1072833333333334,-999.051384161716
1.10895,-999.0936289537203
1.1106166666666668,-999.132572207196
1.1122833333333333,-999.1692057806855
1.11395,-999.2041862566043
1.1156166666666667,-999.2378535676924
1.1172833333333334,-999.2702589366912
1.1189500000000001,-999.3012766350532
1.1206166666666668,-999.3306784887475
1.1223,-999.3582316671303
1.1239666666666668,-999.3837731887511
1.1256333333333335,-999.4072332044166
1.1273,-999.4286675934814
1.1289666666666667,-999.4482160543316
1.1306333333333334,-999.4661067609983
1.1323,-999.4825911705767
1.1339666666666668,-999.4979440232264
1.1356333333333335,-999.5124167760426
1.1373,-999.5262282898306
1.1389666666666667,-999.5395415460409
1.1406333333333334,-999.5524450203183
1.1423,-999.5649759655655
1.1439666666666668,-999.5771157553313
1.1456333333333333,-999.5888178234868
1.1473,-999.6000309472904
1.1489666666666667,-999.610717873839
1.15065,-999.6208599766813
1.1523166666666667,-999.6304619124301
1.1539833333333334,-999.6395423075369
1.15565,-999.6481523847432
1.1573166666666668,-999.6563340535649
1.1589833333333335,-999.6641292235181
1.16065,-999.6715937739572
1.1623166666666667,-999.6787556445593
1.1639833333333334,-999.6856381183889
1.16565,-999.6922551652846
1.1673166666666668,-999.698625411698
1.1689833333333335,-999.7047581708547
1.17065,-999.710681382432
1.1723166666666667,-999.716432299333
1.1739833333333334,-999.7220528310734
1.17565,-999.7275755739433
1.1773166666666668,-999.7330377808461
1.1789833333333335,-999.7384487650071
1.1806666666666668,-999.7437945565879
1.1823333333333335,-999.7490611857497
1.1840000000000002,-999.7541974297511
1.1856666666666666,-999.7591660356891
1.1873333333333334,-999.7639297506604
1.189,-999.7684559783752
1.1906666666666668,-999.7727400622204
1.1923333333333335,-999.7767820021961
1.194,-999.7806097379795
1.1956666666666667,-999.7842512092479
1.1973333333333334,-999.7877529821302
1.199,-999.7911476529163
1.2006666666666668,-999.794477131122
1.2023333333333335,-999.7977786696506
1.204,-999.801084864792
1.2056666666666667,-999.8044329694493
1.2073333333333334,-999.8078322968482
1.209,-999.8112875036016
1.2106833333333333,-999.814779963258
1.21235,-999.8182631096888
1.2140166666666667,-999.8216857201521
1.2156833333333334,-999.8249919152935
1.2173500000000002,-999.82814444221
1.2190166666666666,-999.8311200178373
1.2206833333333333,-999.8339279554011
1.22235,-999.8365915379658
1.2240166666666668,-999.8391340485956
1.2256833333333335,-999.8415880835809
1.2273500000000002,-999.843972269373
1.2290166666666666,-999.8463098890363
1.2306833333333334,-999.8486288822482
1.23235,-999.8509478754601
1.2340166666666668,-999.853304121575
1.2356833333333335,-999.8557209036572
1.23735,-999.8582215047712
1.2390166666666667,-999.860805924917
1.2407000000000001,-999.8634601942559
1.2423666666666666,-999.8661517164978
1.2440333333333333,-999.8688478953526
1.2457,-999.8715068213044
1.2473666666666667,-999.8740912414501
1.2490333333333334,-999.8765778727254
1.2507000000000001,-999.8789574019047
1.2523666666666666,-999.8812344856008
1.2540333333333333,-999.8834044672005
1.2557,-999.8854766599301
1.2573666666666667,-999.8874417505634
1.2590333333333334,-999.8892950824878
1.2607000000000002,-999.8910226858645
1.2623666666666666,-999.8926199040807
1.2640333333333333,-999.894100706975
1.2657,-999.895483720999
1.2673666666666668,-999.8968201688941
1.26905,-999.8981798998537
1.2707166666666667,-999.899628106458
1.2723833333333334,-999.901229981287
1.2740500000000001,-999.903022777244
1.2757166666666668,-999.9050064943289
1.2773833333333333,-999.9071625060901
1.27905,-999.9094256199475
1.2807166666666667,-999.911716673482
1.2823833333333334,-999.9139332212106
1.2840500000000001,-999.9159821308758
1.2857166666666666,-999.9177982098971
1.2873833333333333,-999.9193535185975
1.28905,-999.9206620268154
1.2907166666666667,-999.9217656440669
1.2923833333333334,-999.9227388761578
1.2940500000000001,-999.9236515722813
1.2957166666666666,-999.9245642684049
1.2973833333333333,-999.9255188740443
1.2990666666666668,-999.926538672264
1.3007333333333333,-999.9276469461283
1.3024,-999.9288623220888
1.3040666666666667,-999.9301987699839
1.3057333333333334,-999.9316609464267
1.3074000000000001,-999.9332302249658
1.3090666666666668,-999.9348833225364
1.3107333333333333,-999.9365736730101
1.3124,-999.9382407404195
1.3140666666666667,-999.9398379586357
1.3157333333333334,-999.94131876153
1.3174000000000001,-999.9426458961995
1.3190666666666668,-999.9438286758698
1.3207333333333333,-999.9448903836053
1.3224,-999.9458775855348
1.3240666666666667,-999.9468368477872
1.3257333333333334,-999.947814736491
1.3274000000000001,-999.9488391913235
1.3290833333333334,-999.9499148688977
1.33075,-999.951023142762
1.3324166666666668,-999.9521267600135
1.3340833333333333,-999.9531977809747
1.33575,-999.9542082659686
1.3374166666666667,-999.9551582149952
1.3390833333333334,-999.9560522846673
1.34075,-999.956923071275
1.3424166666666668,-999.9577985144955
1.3440833333333333,-999.9586972407805
1.34575,-999.9596145935169
1.3474166666666667,-999.9605459160919
1.3490833333333334,-999.9614492989897
1.3507500000000001,-999.9623107723717
1.3524166666666668,-999.9630977399476
1.3540833333333333,-999.9638148583304
1.35575,-999.9644528142942
1.3574333333333335,-999.9650348909037
1.3591,-999.9655750579972
1.3607666666666667,-999.9661059118649
1.3624333333333334,-999.9666553921842
1.3641,-999.9672421254065
1.3657666666666668,-999.9678800813704
1.3674333333333335,-999.968564603463
1.3691,-999.9692817218458
1.3707666666666667,-999.9700128100673
1.3724333333333334,-999.9707392416758
1.3741,-999.9714703298972
1.3757666666666668,-999.9722060747315
1.3774333333333335,-999.9729744158559
1.3791,-999.9737893231091
1.3807666666666667,-999.9746554531039
1.3824333333333334,-999.9755588360017
1.3841,-999.976480845351
1.3857666666666668,-999.9773981980874
1.38745,-999.9783015809852
1.3891166666666668,-999.9792003072702
1.3907833333333335,-999.980103690168
1.39245,-999.981035012743
1.3941166666666667,-999.9819803051566
1.3957833333333334,-999.9829069711188
1.39745,-999.9837824143394
1.3991166666666668,-999.9845693819153
1.4007833333333335,-999.9852445907823
1.40245,-999.9858080409401
1.4041166666666667,-999.9862830154534
1.4057833333333334,-999.9867160804508
1.40745,-999.9871724285125
1.4091166666666668,-999.9876939691546
1.4107833333333335,-999.9883226118927
1.41245,-999.9890723265656
1.4141166666666667,-999.989919830109
1.4158000000000002,-999.990813899781
1.4174666666666667,-999.9916939996144
1.4191333333333334,-999.9924856238032
1.4208,-999.9931328929929
1.4224666666666668,-999.9935985542804
1.4241333333333335,-999.9938826076658
1.4258000000000002,-999.9940129928262
1.4274666666666667,-999.9940502457293
1.4291333333333334,-999.9940688721808
1.4308,-999.994134064761
1.4324666666666668,-999.9943156726632
1.4341333333333335,-999.9946462921773
1.4358,-999.9951352365292
1.4374666666666667,-999.9957731924932
1.4391333333333334,-999.996527563779
1.4408,-999.997347127645
1.4424833333333333,-999.9981853179626
1.44415,-999.9989955686028
1.4458166666666667,-999.9997452832757
1.4474833333333335,-1000.0004251487555
1.4491500000000002,-1000.0010351650421
1.4508166666666666,-1000.0015799887485
1.4524833333333333,-1000.0020689331004
1.45415,-1000.0025019980978
1.4558166666666668,-1000.0028745271279
1.4574833333333335,-1000.0031772069648
1.4591500000000002,-1000.00342866406
1.4608166666666667,-1000.0036382116394
1.4624833333333334,-1000.0038384459931
1.46415,-1000.004066620024
1.4658166666666668,-1000.0043413601836
1.4674833333333335,-1000.0046859495363
1.4691500000000002,-1000.0051050446951
1.4708166666666667,-1000.0056079588857
1.4724833333333334,-1000.006190035495
1.47415,-1000.0068419612976
1.4758333333333333,-1000.0075544230675
1.4775,-1000.0083041377404
1.4791666666666667,-1000.0090445391876
1.4808333333333334,-1000.0097476877318
1.4825000000000002,-1000.0103763304699
1.4841666666666666,-1000.0109025277249
1.4858333333333333,-1000.0113169662707
1.4875,-1000.0116243027205
1.4891666666666667,-1000.0118385069127
1.4908333333333335,-1000.0119875185247
1.4925000000000002,-1000.012089964008
1.4941666666666666,-1000.0121830962655
1.4958333333333333,-1000.0123041682002
1.4975,-1000.0124811194895
1.4991666666666668,-1000.0127558596491
1.5008333333333335,-1000.0131516717436
1.5025000000000002,-1000.0136732123856
1.5041833333333334,-1000.0143065117367
1.5058500000000001,-1000.0150189735066
1.5075166666666668,-1000.0157547183409
1.5091833333333333,-1000.0164718367236
1.51085,-1000.0171237625261
1.5125166666666667,-1000.0176778994582
1.5141833333333334,-1000.018096994617
1.5158500000000001,-1000.0183531083252
1.5175166666666668,-1000.0184276141312
1.5191833333333333,-1000.0183344818737
1.52085,-1000.0181063078428
1.5225166666666667,-1000.0178036280059
1.5241833333333334,-1000.0175195746206
1.5258500000000002,-1000.0173333101055
1.5275166666666666,-1000.017314683654
1.5291833333333333,-1000.017505604782
1.53085,-1000.0179246999406
1.5325166666666667,-1000.0185440294531
1.5342,-1000.0193170271904
1.5358666666666667,-1000.0201691873466
1.5375333333333334,-1000.0210306607285
1.5392000000000001,-1000.0218409113687
1.5408666666666668,-1000.0225673429773
1.5425333333333333,-1000.023214612167
1.5442,-1000.0237827189377
1.5458666666666667,-1000.0242856331282
1.5475333333333334,-1000.0247093848999
1.5492000000000001,-1000.025044661027
1.5508666666666668,-1000.0252728350579
1.5525333333333333,-1000.0253845937668
1.5542,-1000.0254078768312
1.5558666666666667,-1000.025379937154
1.5575333333333334,-1000.0253473408638
1.5592000000000001,-1000.0253706239282
1.5608666666666668,-1000.0254823826372
1.5625333333333333,-1000.0257105566681
1.5642166666666668,-1000.026050489408
1.5658833333333335,-1000.0264835544053
1.56755,-1000.0269724987572
1.5692166666666667,-1000.0274893827865
1.5708833333333334,-1000.0280109234285
1.5725500000000001,-1000.0285371206834
1.5742166666666668,-1000.0290819443898
1.5758833333333333,-1000.0296593643862
1.57755,-1000.0302507542215
1.5792166666666667,-1000.0308328308308
1.5808833333333334,-1000.0313543714728
1.5825500000000001,-1000.0317501835673
1.5842166666666668,-1000.031983014211
1.5858833333333333,-1000.0320435501784
1.58755,-1000.0319504179209
1.5892166666666667,-1000.031759496793
1.5908833333333334,-1000.0315499492136
1.5925500000000001,-1000.0313823111502
1.5942333333333334,-1000.0313171185699
1.5959,-1000.0313729979244
1.5975666666666668,-1000.0315546058265
1.5992333333333335,-1000.031834002599
1.6009,-1000.0321972184033
1.6025666666666667,-1000.0326163135621
1.6042333333333334,-1000.0330773182367
1.6059,-1000.0335709192016
1.6075666666666668,-1000.0340831466178
1.6092333333333335,-1000.0346046872598
1.6109,-1000.0351076014504
1.6125666666666667,-1000.0355546362864
1.6142333333333334,-1000.0359131954777
1.6159000000000001,-1000.0361599959601
1.6175666666666668,-1000.0362950377336
1.6192333333333333,-1000.0363322906366
1.6209,-1000.0363136641851
1.6225833333333335,-1000.0362996943464
1.62425,-1000.0363322906366
1.6259166666666667,-1000.0364533625713
1.6275833333333334,-1000.0366815366021
1.62925,-1000.0370028428906
1.6309166666666668,-1000.0373800285334
1.6325833333333335,-1000.0377851538536
1.63425,-1000.0381856225608
1.6359166666666667,-1000.0385860912681
1.6375833333333334,-1000.0389958732012
1.63925,-1000.0394382514244
1.6409166666666668,-1000.0399178825505
1.6425833333333335,-1000.0404254533539
1.64425,-1000.0409283675444
1.6459166666666667,-1000.0413800589932
1.6475833333333334,-1000.0417432747976
1.64925,-1000.0419947318928
1.6509333333333334,-1000.042139086892
1.6526,-1000.0421949662465
1.6542666666666668,-1000.0422182493108
1.6559333333333335,-1000.0422601588267
1.6576000000000002,-1000.0423672609229
1.6592666666666667,-1000.0425721518893
1.6609333333333334,-1000.0428701751134
1.6626,-1000.0432333909176
1.6642666666666668,-1000.0436152331735
1.6659333333333335,-1000.043964479139
1.6676,-1000.0442438759115
1.6692666666666667,-1000.0444394536523
1.6709333333333334,-1000.0445838086515
1.6726,-1000.0447048805862
1.6742666666666668,-1000.0448585488111
1.6759333333333335,-1000.0450774096163
1.6776,-1000.0453661196145
1.6792666666666667,-1000.0457153655801
1.6809500000000002,-1000.0460739247716
1.6826166666666666,-1000.0463998876728
1.6842833333333334,-1000.0466466881552
1.68595,-1000.0468003563801
1.6876166666666668,-1000.0468702055732
1.6892833333333335,-1000.0468934886376
1.6909500000000002,-1000.046916771702
1.6926166666666667,-1000.0469912775079
1.6942833333333334,-1000.0471635721843
1.69595,-1000.0474429689568
1.6976166666666668,-1000.0478341244384
1.6992833333333335,-1000.0483137555645
1.7009500000000002,-1000.0488585792709
1.7026166666666667,-1000.0494406558804
1.7042833333333334,-1000.0500460155541
1.70595,-1000.0506513752279
1.7076166666666668,-1000.0512427650631
1.7092833333333335,-1000.0517875887695
1.7109666666666667,-1000.0522672198956
1.7126333333333335,-1000.0526537187643
1.7143000000000002,-1000.0529098324724
1.7159666666666666,-1000.0530169345685
1.7176333333333333,-1000.0529843382784
1.7193,-1000.0528353266664
1.7209666666666668,-1000.0526211224742
1.7226333333333335,-1000.0524115748948
1.7243000000000002,-1000.0522718765085
1.7259666666666666,-1000.0522579066699
1.7276333333333334,-1000.0524162315077
1.7293,-1000.0527515076346
1.7309666666666668,-1000.0532357953737
1.7326333333333335,-1000.053817871983
1.7343000000000002,-1000.0544232316569
1.7359666666666667,-1000.0549913384276
1.7376333333333334,-1000.055461656328
1.7393166666666668,-1000.0558109022937
1.7409833333333333,-1000.0560483895504
1.74265,-1000.0561834313237
1.7443166666666667,-1000.0562579371297
1.7459833333333334,-1000.0563045032585
1.7476500000000001,-1000.0563510693872
1.7493166666666669,-1000.0564162619675
1.7509833333333333,-1000.056504737612
1.75265,-1000.0566304661597
1.7543166666666667,-1000.0567934476104
1.7559833333333335,-1000.0570076518027
1.7576500000000002,-1000.0572823919623
1.7593166666666669,-1000.0576362945408
1.7609833333333333,-1000.0580786727639
1.76265,-1000.0585909001802
1.7643166666666668,-1000.0591543503381
1.7659833333333335,-1000.0597271137218
1.7676500000000002,-1000.0602672808153
1.7693333333333334,-1000.0607375987157
1.7710000000000001,-1000.0611240975843
1.7726666666666668,-1000.0614221208084
1.7743333333333333,-1000.0616502948393
1.776,-1000.0618319027413
1.7776666666666667,-1000.0619716011277
1.7793333333333334,-1000.062069389998
1.7810000000000001,-1000.062106642901
1.7826666666666668,-1000.0620647333851
1.7843333333333333,-1000.0619250349989
1.786,-1000.061696860968
1.7876666666666667,-1000.0614081509698
1.7893333333333334,-1000.0611287541972
1.7910000000000001,-1000.0609285198436
1.7926666666666669,-1000.0608772971019
1.7943333333333333,-1000.0610123388753
1.796,-1000.0613289885508
1.7976666666666667,-1000.0618039630641
1.79935,-1000.0623767264477
1.8010166666666667,-1000.0629774295087
1.8026833333333334,-1000.0635455362794
1.8043500000000001,-1000.0640251674056
1.8060166666666668,-1000.0643883832099
1.8076833333333335,-1000.0646165572408
1.80935,-1000.0647236593369
1.8110166666666667,-1000.064719002724
1.8126833333333334,-1000.0646305270794
1.8143500000000001,-1000.0644815154674
1.8160166666666668,-1000.0642999075652
1.8176833333333333,-1000.0641136430503
1.81935,-1000.0639646314382
1.8210166666666667,-1000.0638901256323
1.8226833333333334,-1000.0639227219224
1.8243500000000001,-1000.0640857033729
1.8260166666666668,-1000.0643651001456
1.8276833333333333,-1000.0647515990141
1.8293666666666668,-1000.0652126036888
1.8310333333333335,-1000.0657248311051
1.8327,-1000.0662743114243
1.8343666666666667,-1000.0668610446467
1.8360333333333334,-1000.0674850307719
1.8377000000000001,-1000.0681276433487
1.8393666666666668,-1000.0687749125384
1.8410333333333335,-1000.069384928825
1.8427,-1000.069906469467
1.8443666666666667,-1000.0702976249486
1.8460333333333334,-1000.0705118291409
1.8477000000000001,-1000.0705257989795
1.8493666666666668,-1000.0703348778516
1.8510333333333335,-1000.0699809752731
1.8527,-1000.0695153139856
1.8543666666666667,-1000.0690403394723
1.8560333333333334,-1000.0686352141521
1.8577166666666667,-1000.0683837570568
1.8593833333333334,-1000.0683185644766
1.86105,-1000.0684536062499
1.8627166666666668,-1000.0687469728612
1.8643833333333335,-1000.0691334717297
1.86605,-1000.0695246272113
1.8677166666666667,-1000.0698645599512
1.8693833333333334,-1000.0701067038207
1.87105,-1000.0702603720456
1.8727166666666668,-1000.0703535043031
1.8743833333333335,-1000.0704233534962
1.87605,-1000.0705118291409
1.8777166666666667,-1000.0706189312369
1.8793833333333334,-1000.0707260333331
1.88105,-1000.0708145089777
1.8827166666666668,-1000.0708517618807
1.8843833333333335,-1000.0708284788163
1.88605,-1000.0707586296232
1.8877333333333335,-1000.0706887804301
1.8894000000000002,-1000.0706654973657
1.8910666666666667,-1000.0707539730104
1.8927333333333334,-1000.070991460267
1.8944,-1000.0713965855871
1.8960666666666668,-1000.0719646923579
1.8977333333333335,-1000.0726538710635
1.8994000000000002,-1000.0734222121879
1.9010666666666667,-1000.0741952099252
1.9027333333333334,-1000.0749076716951
1.9044,-1000.0754897483044
1.9060666666666668,-1000.0758948736246
1.9077333333333335,-1000.0760951079783
1.9094,-1000.0760904513654
1.9110666666666667,-1000.0758995302375
1.9127333333333334,-1000.0755689107234
1.9144,-1000.0751451589517
1.9160666666666668,-1000.0746841542771
1.91775,-1000.0742138363767
1.9194166666666668,-1000.0737714581535
1.9210833333333335,-1000.0733849592849
1.9227500000000002,-1000.0730822794479
1.9244166666666667,-1000.0729053281588
1.9260833333333334,-1000.0728867017073
1.92775,-1000.0730636529964
1.9294166666666668,-1000.0734361820265
1.9310833333333335,-1000.0739903189586
1.9327500000000002,-1000.0746888108899
1.9344166666666667,-1000.0754571520143
1.9360833333333334,-1000.0762301497516
1.93775,-1000.07692398507
1.9394166666666668,-1000.077482778615
1.9410833333333335,-1000.077859964258
1.9427500000000002,-1000.0780369155473
1.9444166666666667,-1000.0780182890958
1.9461000000000002,-1000.077822711355
1.9477666666666669,-1000.0774874352279
1.9494333333333334,-1000.0770636834563
1.9511,-1000.0765933655559
1.9527666666666668,-1000.0761230476555
1.9544333333333335,-1000.0756853260452
1.9561000000000002,-1000.0753314234668
1.9577666666666667,-1000.075098592823
1.9594333333333334,-1000.0750334002427
1.9611,-1000.0751498155646
1.9627666666666668,-1000.0754478387886
1.9644333333333335,-1000.0758902170118
1.9661000000000002,-1000.0764303841053
1.9677666666666667,-1000.0769938342631
1.9694333333333334,-1000.0775200315181
1.9711,-1000.0779624097412
1.9727666666666668,-1000.0782883726425
1.9744333333333335,-1000.0784979202219
1.9761166666666667,-1000.0785957090923
1.9777833333333334,-1000.0786096789309
1.9794500000000002,-1000.0785631128022
1.9811166666666669,-1000.0784792937703
1.9827833333333333,-1000.0783768482871
1.98445,-1000.0782837160297
1.9861166666666668,-1000.0782231800622
1.9877833333333335,-1000.0782278366751
1.9894500000000002,-1000.0783302821584
1.9911166666666669,-1000.0785444863507
1.9927833333333334,-1000.0788751058648
1.99445,-1000.0793035142493
1.9961166666666668,-1000.079801771827
1.9977833333333335,-1000.0803046860175
1.9994500000000002,-1000.0807610340793
2.001116666666667,-1000.081105623432
2.0027833333333334,-1000.0812965445599
2.0044666666666666,-1000.08132914085
2.0061333333333335,-1000.0812173821411
2.0078,-1000.0809892081102
2.009466666666667,-1000.0807004981119
2.0111333333333334,-1000.0803931616621
2.0128,-1000.080099795051
2.014466666666667,-1000.0798250548913
2.0161333333333333,-1000.0795689411832
2.0178000000000003,-1000.0793174840879
2.0194666666666667,-1000.0790660269927
2.0211333333333332,-1000.0788238831232
2.0228,-1000.078605022318
2.0244666666666666,-1000.0784606673188
2.0261333333333336,-1000.0784280710287
2.0278,-1000.078530516512
2.029466666666667,-1000.0787726603816
2.0311333333333335,-1000.0791172497343
2.0328166666666667,-1000.079503748603
2.0344833333333336,-1000.0798483379557
2.03615,-1000.0800858252123
2.0378166666666666,-1000.0801743008569
2.0394833333333335,-1000.0801137648896
2.04115,-1000.0799368136003
2.042816666666667,-1000.0797132961824
2.0444833333333334,-1000.0795084052158
2.04615,-1000.0793687068295
2.047816666666667,-1000.0793267973137
2.0494833333333333,-1000.0793733634424
2.0511500000000003,-1000.0794990919901
2.0528166666666667,-1000.0796806998922
2.054483333333333,-1000.0798995606973
2.05615,-1000.0801463611797
2.0578166666666666,-1000.0804211013393
2.0594833333333336,-1000.0807237811763
2.06115,-1000.0810544006904
2.062816666666667,-1000.0814083032689
2.0645000000000002,-1000.0817622058474
2.0661666666666667,-1000.0820928253615
2.0678333333333336,-1000.0823675655212
2.0695,-1000.0825584866491
2.0711666666666666,-1000.0826609321324
2.0728333333333335,-1000.0826702453581
2.0745,-1000.0826097093907
2.076166666666667,-1000.0824932940689
2.0778333333333334,-1000.0823396258439
2.0795,-1000.0821673311676
2.081166666666667,-1000.0819857232655
2.0828333333333333,-1000.0817948021376
2.0845000000000002,-1000.0815992243968
2.0861666666666667,-1000.0814083032689
2.0878333333333337,-1000.0812406652054
2.0895,-1000.0811195932706
2.0911666666666666,-1000.0810776837548
2.0928500000000003,-1000.0811195932706
2.094516666666667,-1000.081254635044
2.0961833333333333,-1000.0814595260106
2.09785,-1000.0817202963316
2.0995166666666667,-1000.0819903798783
2.1011833333333336,-1000.0822464935865
2.10285,-1000.082451384553
2.1045166666666666,-1000.0825724564877
2.1061833333333335,-1000.0825817697134
2.10785,-1000.0824793242302
2.109516666666667,-1000.0822884031023
2.1111833333333334,-1000.0820602290714
2.11285,-1000.0818413682663
2.114516666666667,-1000.0816737302029
2.1161833333333333,-1000.081589911171
2.1178500000000002,-1000.081589911171
2.1195166666666667,-1000.0816783868157
2.1211833333333336,-1000.0818460248792
2.122866666666667,-1000.0820928253615
2.1245333333333334,-1000.0824281014886
2.1262000000000003,-1000.0828425400344
2.127866666666667,-1000.0833361409992
2.1295333333333333,-1000.08387165148
2.1312,-1000.0844118185735
2.1328666666666667,-1000.0848961063125
2.1345333333333336,-1000.0852639787296
2.1362,-1000.0854595564704
2.1378666666666666,-1000.0854548998575
2.1395333333333335,-1000.0852313824395
2.1412,-1000.0848169438935
2.142866666666667,-1000.0842581503485
2.1445333333333334,-1000.0836248509976
2.1462,-1000.0829822384208
2.147866666666667,-1000.08241413165
2.1495333333333333,-1000.0819903798783
2.1512000000000002,-1000.0817528926217
2.1528833333333335,-1000.0817342661702
2.15455,-1000.0819158740724
2.156216666666667,-1000.0822744332637
2.1578833333333334,-1000.0827587210027
2.1595500000000003,-1000.0833035447091
2.161216666666667,-1000.0838576816412
2.1628833333333333,-1000.0843466259931
2.16455,-1000.0847331248618
2.1662166666666667,-1000.0849799253442
2.1678833333333336,-1000.0850823708274
2.16955,-1000.0850451179244
2.1712166666666666,-1000.0848914496996
2.1728833333333335,-1000.0846586190559
2.17455,-1000.0843978487349
2.176216666666667,-1000.0841603614782
2.1778833333333334,-1000.0839973800275
2.1795500000000003,-1000.0839321874473
2.181216666666667,-1000.083978753576
2.1829,-1000.0841091387366
2.184566666666667,-1000.0842907466387
2.1862333333333335,-1000.0844816677666
2.1879,-1000.0846586190559
2.189566666666667,-1000.0848169438935
2.1912333333333334,-1000.0849752687313
2.1929000000000003,-1000.0851568766335
2.1945666666666668,-1000.0853803940515
2.1962333333333333,-1000.0856365077597
2.1979,-1000.0858972780807
2.1995666666666667,-1000.0861207954987
2.2012333333333336,-1000.0862651504978
2.2029,-1000.0862977467879
2.2045666666666666,-1000.0861999579175
2.2062333333333335,-1000.0859764404995
2.2079,-1000.0856644474369
2.209566666666667,-1000.0853105448583
2.21125,-1000.0849612988927
2.2129166666666666,-1000.0846586190559
2.2145833333333336,-1000.0844257884121
2.21625,-1000.0842721201872
2.217916666666667,-1000.0841929577683
2.2195833333333335,-1000.0841789879297
2.22125,-1000.0842348672842
2.222916666666667,-1000.0843605958319
2.2245833333333334,-1000.0845701434112
2.2262500000000003,-1000.0848681666353
2.2279166666666668,-1000.0852313824395
2.2295833333333333,-1000.0856271945339
2.23125,-1000.0860043801767
2.2329166666666667,-1000.0863024034007
2.2345833333333336,-1000.0864700414643
2.23625,-1000.0864746980772
2.2379166666666666,-1000.0863117166266
2.2396000000000003,-1000.0860043801767
2.2412666666666667,-1000.0856132246953
2.2429333333333332,-1000.0852174126009
2.2446,-1000.0849007629254
2.2462666666666666,-1000.0847424380876
2.2479333333333336,-1000.0847843476034
2.2496,-1000.085026491473
2.251266666666667,-1000.0854409300189
2.2529333333333335,-1000.0859671272738
2.2546,-1000.0865259208188
2.256266666666667,-1000.087042804848
2.2579333333333333,-1000.0874758698453
2.2596000000000003,-1000.0878018327467
2.2612666666666668,-1000.0880206935518
2.2629333333333332,-1000.0881510787123
2.2646,-1000.0881883316152
2.2662666666666667,-1000.0881371088736
2.2679333333333336,-1000.0879834406487
2.269616666666667,-1000.0877273269406
2.2712833333333333,-1000.0873687677492
2.2729500000000002,-1000.0869496725904
2.2746166666666667,-1000.0865212642059
2.2762833333333337,-1000.086144078563
2.27795,-1000.0858786516292
2.2796166666666666,-1000.0857668929201
2.2812833333333336,-1000.085808802436
2.28295,-1000.0859904103381
2.284616666666667,-1000.086255837272
2.2862833333333334,-1000.0865631737219
2.28795,-1000.0868751667845
2.289616666666667,-1000.0871638767827
2.2912833333333333,-1000.0874293037166
2.2929500000000003,-1000.087676104199
2.2946166666666667,-1000.0879229046814
2.2962833333333332,-1000.0881697051638
2.29795,-1000.0884025358075
2.2996333333333334,-1000.0885934569354
2.3013,-1000.0887098722573
2.302966666666667,-1000.0887238420959
2.3046333333333333,-1000.0886260532255
2.3063000000000002,-1000.0884118490333
2.3079666666666667,-1000.0881045125835
2.3096333333333336,-1000.0877319835535
2.3113,-1000.087340828072
2.3129666666666666,-1000.0869822688805
2.3146333333333335,-1000.0867075287209
2.3163,-1000.0865538604961
2.317966666666667,-1000.0865492038832
2.31965,-1000.0866935588823
2.3213166666666667,-1000.0869869254934
2.3229833333333336,-1000.0873920508136
2.32465,-1000.0878716819398
2.3263166666666666,-1000.0883513130659
2.3279833333333335,-1000.0887750648376
2.32965,-1000.0890824012873
2.331316666666667,-1000.0892360695123
2.3329833333333334,-1000.0892220996735
2.33465,-1000.0890544616101
2.336316666666667,-1000.0887797214505
2.3379833333333333,-1000.0884444453234
2.3396500000000002,-1000.0880998559707
2.3413166666666667,-1000.0877971761338
2.3429833333333336,-1000.0875596888771
2.34465,-1000.0874060206522
2.3463166666666666,-1000.0873361714591
2.3479833333333335,-1000.0873454846849
2.34965,-1000.087415333878
2.351316666666667,-1000.0875410624257
2.3529833333333334,-1000.0876993872633
2.3546666666666667,-1000.0878809951655
2.356316666666667,-1000.0880719162934
2.358,-1000.0882674940342
2.3596666666666666,-1000.088458415162
2.3613333333333335,-1000.088644679677
2.363,-1000.0888169743534
2.364666666666667,-1000.0889659859654
2.3663333333333334,-1000.0890684314487
2.3680000000000003,-1000.089096371126
2.369666666666667,-1000.0890265219329
2.3713333333333333,-1000.0888449140307
2.373,-1000.0885515474196
2.3746666666666667,-1000.0881697051638
2.3763333333333336,-1000.0877319835535
2.378,-1000.0872896053304
2.3796666666666666,-1000.086893793236
2.3813333333333335,-1000.0865864567862
2.383,-1000.0863815658197
2.384666666666667,-1000.0862837769492
2.3863333333333334,-1000.0862651504978
2.3880166666666667,-1000.0863210298523
2.3896833333333336,-1000.0864327885613
2.39135,-1000.0865864567862
2.3930166666666666,-1000.086777377914
2.3946833333333335,-1000.0869962387192
2.39635,-1000.0872244127501
2.398016666666667,-1000.0874479301681
2.3996833333333334,-1000.0876341946831
2.4013500000000003,-1000.0877552666178
2.403016666666667,-1000.0877738930694
2.4046833333333333,-1000.0876854174247
2.40635,-1000.0874898396839
2.4080166666666667,-1000.0872197561372
2.4096833333333336,-1000.086931046139
2.41135,-1000.0866795890437
2.4130166666666666,-1000.0865305774316
2.4146833333333335,-1000.0865259208188
2.41635,-1000.0866795890437
2.4180333333333333,-1000.0869869254934
2.4197,-1000.0874199904908
2.4213666666666667,-1000.08793687452
2.4230333333333336,-1000.0885003246779
2.4247,-1000.0890404917715
2.426366666666667,-1000.0895108096719
2.4280333333333335,-1000.0898693688632
2.4297,-1000.0900742598297
2.431366666666667,-1000.0901115127327
2.4330333333333334,-1000.0899764709594
2.4347000000000003,-1000.089687760961
2.436366666666667,-1000.0892640091895
2.4380333333333333,-1000.0887378119345
2.4397,-1000.0881371088736
2.4413666666666667,-1000.0875131227483
2.4430333333333336,-1000.0869077630746
2.4447,-1000.0863769092068
2.4463833333333334,-1000.0859624706609
2.4480500000000003,-1000.0857156701785
2.4497166666666668,-1000.085659790824
2.4513833333333332,-1000.0857901759845
2.45305,-1000.0860835425957
2.4547166666666667,-1000.0864886679158
2.4563833333333336,-1000.0869496725904
2.45805,-1000.0874060206522
2.459716666666667,-1000.0878018327467
2.4613833333333335,-1000.088085886132
2.46305,-1000.088234897744
2.464716666666667,-1000.0882442109697
2.4663833333333334,-1000.0881138258093
2.4680500000000003,-1000.0878763385526
2.469716666666667,-1000.0875736587158
2.4713833333333333,-1000.087261665653
2.47305,-1000.0869869254934
2.4747166666666667,-1000.0868053175914
2.4764,-1000.0867308117853
2.478066666666667,-1000.0867680646883
2.4797333333333333,-1000.086893793236
2.4814000000000003,-1000.087080057751
2.4830666666666668,-1000.0872989185561
2.4847333333333332,-1000.087522435974
2.4864,-1000.0877459533921
2.4880666666666666,-1000.0879648141972
2.4897333333333336,-1000.0881883316152
2.4914,-1000.0884118490333
2.493066666666667,-1000.0886353664513
2.4947333333333335,-1000.0888402574178
2.4964,-1000.0890078954814
2.498066666666667,-1000.0891103409646
2.4997333333333334,-1000.0891196541903
2.5014000000000003,-1000.0890125520942
2.5030666666666668,-1000.0887890346762
2.50475,-1000.088458415162
2.506416666666667,-1000.0880579464548
2.5080833333333334,-1000.0876341946831
2.50975,-1000.0872476958144
2.511416666666667,-1000.0869450159776
2.5130833333333333,-1000.086777377914
2.5147500000000003,-1000.0867680646883
2.5164166666666667,-1000.0869077630746
2.5180833333333337,-1000.0871778466213
2.51975,-1000.0875317491999
2.5214166666666666,-1000.0879135914556
2.5230833333333336,-1000.08827680726
2.52475,-1000.0885608606453
2.526416666666667,-1000.0887378119345
2.5280833333333335,-1000.0887843780633
2.52975,-1000.0887052156444
2.531416666666667,-1000.0885236077423
2.5330833333333334,-1000.0882628374213
2.5347666666666666,-1000.0879648141972
2.5364333333333335,-1000.0876714475861
2.5381,-1000.0874106772651
2.539766666666667,-1000.0872011296857
2.5414333333333334,-1000.0870567746866
2.5431,-1000.0869729556548
2.544766666666667,-1000.0869403593647
2.5464333333333333,-1000.086963642429
2.5481000000000003,-1000.087042804848
2.5497666666666667,-1000.0871778466213
2.5514333333333337,-1000.0873641111364
2.5531,-1000.087601598393
2.5547666666666666,-1000.0878763385526
2.5564333333333336,-1000.088160391938
2.5581,-1000.088421162259
2.559766666666667,-1000.0886213966127
2.5614333333333335,-1000.0887238420959
2.5631,-1000.0887098722573
2.5647833333333336,-1000.0885841437097
2.56645,-1000.0883652829045
2.5681166666666666,-1000.0880812295192
2.5697833333333335,-1000.0877645798436
2.57145,-1000.0874432735552
2.573116666666667,-1000.087154563557
2.5747833333333334,-1000.0869031064617
2.57645,-1000.086702872108
2.578116666666667,-1000.0865492038832
2.5797833333333333,-1000.0864467583999
2.5814500000000002,-1000.0864048488841
2.5831166666666667,-1000.0864327885613
2.5847833333333337,-1000.0865398906574
2.58645,-1000.0867261551724
2.5881166666666666,-1000.086963642429
2.5897833333333335,-1000.0872383825887
2.59145,-1000.087522435974
2.5931333333333333,-1000.0877925195209
2.5948,-1000.0880253501647
2.5964666666666667,-1000.088197644841
2.5981333333333336,-1000.0882814638728
2.5998,-1000.0882581808085
2.6014666666666666,-1000.088123139035
2.6031333333333335,-1000.0878903083913
2.6048,-1000.0875922851673
2.606466666666667,-1000.0872756354917
2.6081333333333334,-1000.0869869254934
2.6098000000000003,-1000.086777377914
2.611466666666667,-1000.0866656192051
2.6131333333333333,-1000.0866563059793
2.6148000000000002,-1000.0867261551724
2.6164666666666667,-1000.0868518837201
2.6181333333333336,-1000.087000895332
2.6198,-1000.0871499069441
2.6214833333333334,-1000.0872849487175
2.6231500000000003,-1000.0873920508136
2.624816666666667,-1000.0874712132324
2.6264833333333333,-1000.0875177793612
2.62815,-1000.0875364058128
2.6298166666666667,-1000.087522435974
2.6314833333333336,-1000.0874944962968
2.63315,-1000.0874572433938
2.6348166666666666,-1000.0874199904908
2.6364833333333335,-1000.0873827375879
2.63815,-1000.0873501412977
2.639816666666667,-1000.0873175450076
2.6414833333333334,-1000.0872896053304
2.6431500000000003,-1000.0872756354917
2.644816666666667,-1000.0872942619433
2.6464833333333333,-1000.0873641111364
2.6481500000000002,-1000.0875084661354
2.6498166666666667,-1000.0877366401663
2.6514833333333336,-1000.0880439766162
2.653166666666667,-1000.088421162259
2.6548333333333334,-1000.0888216309663
2.6565000000000003,-1000.0891988166092
2.658166666666667,-1000.0894875266075
2.6598333333333333,-1000.089617911768
2.6615,-1000.089543405962
2.6631666666666667,-1000.0892314128993
2.6648333333333336,-1000.0887098722573
2.6665,-1000.0880346633904
2.6681666666666666,-1000.0872942619433
2.6698333333333335,-1000.0866004266248
2.6715,-1000.0860416330797
2.673166666666667,-1000.0856923871141
2.6748333333333334,-1000.0855899416309
2.6765000000000003,-1000.08573429663
2.678166666666667,-1000.0860928558214
2.6798333333333333,-1000.0866143964635
2.681516666666667,-1000.0872197561372
2.6831833333333335,-1000.0878390856496
2.68485,-1000.0883792527432
2.686516666666667,-1000.0887843780633
2.6881833333333334,-1000.0890032388685
2.6898500000000003,-1000.0890311785457
2.691516666666667,-1000.0888728537079
2.6931833333333333,-1000.0885655172582
2.69485,-1000.0881557353251
2.6965166666666667,-1000.0876947306505
2.6981833333333336,-1000.0872476958144
2.69985,-1000.086856540333
2.701516666666667,-1000.0865445472703
2.7031833333333335,-1000.0863210298523
2.70485,-1000.0861859880789
2.706516666666667,-1000.0861301087244
2.7081833333333334,-1000.086144078563
2.7098500000000003,-1000.0862325542076
2.7115333333333336,-1000.0863908790454
2.7132,-1000.0866237096892
2.714866666666667,-1000.0869263895261
2.7165333333333335,-1000.0872709788788
2.7182,-1000.0876248814574
2.719866666666667,-1000.0879461877457
2.7215333333333334,-1000.0881929882281
2.7232000000000003,-1000.0883280300015
2.7248666666666668,-1000.0883513130659
2.7265333333333333,-1000.0882628374213
2.7282,-1000.0881045125835
2.7298666666666667,-1000.0879042782299
2.7315333333333336,-1000.0876900740376
2.7332,-1000.0874805264582
2.734866666666667,-1000.0872802921045
2.7365333333333335,-1000.087080057751
2.7382,-1000.0868844800102
2.7398833333333337,-1000.0866982154952
2.74155,-1000.0865445472703
2.7432166666666666,-1000.0864514150128
2.7448833333333336,-1000.0864467583999
2.74655,-1000.0865492038832
2.748216666666667,-1000.0867494382368
2.7498833333333335,-1000.0870148651707
2.75155,-1000.087303575169
2.753216666666667,-1000.08756434549
2.7548833333333334,-1000.087750610005
2.7565500000000003,-1000.0878390856496
2.7582166666666668,-1000.0878111459724
2.7598833333333332,-1000.087676104199
2.76155,-1000.0874665566196
2.7632166666666667,-1000.0872150995243
2.7648833333333336,-1000.0869776122677
2.76655,-1000.0867913477526
2.768216666666667,-1000.0866935588823
2.7698833333333335,-1000.086702872108
2.7715666666666667,-1000.0868332572686
2.7732333333333337,-1000.0870707445252
2.7749,-1000.0873920508136
2.7765666666666666,-1000.0877599232307
2.7782333333333336,-1000.0881371088736
2.7799,-1000.0885049812908
2.781566666666667,-1000.0888402574178
2.7832333333333334,-1000.0891382806418
2.7849,-1000.0893804245113
2.786566666666667,-1000.089543405962
2.7882333333333333,-1000.0896039419293
2.7899000000000003,-1000.0895247795105
2.7915666666666668,-1000.089282635641
2.7932333333333337,-1000.0888775103208
2.7949,-1000.0883373432273
2.7965666666666666,-1000.0877180137148
2.7982333333333336,-1000.0870986842025
2.799916666666667,-1000.0865724869476
2.8015833333333333,-1000.0862139277561
2.8032500000000002,-1000.0860695727571
2.8049166666666667,-1000.086144078563
2.8065833333333337,-1000.0864095054969
2.80825,-1000.0868099742042
2.8099166666666666,-1000.0872709788788
2.8115833333333335,-1000.0877226703277
2.81325,-1000.0881091691964
2.814916666666667,-1000.0883978791946
2.8165833333333334,-1000.0885794870968
2.81825,-1000.0886586495157
2.819916666666667,-1000.0886539929028
2.8215833333333333,-1000.0885701738711
2.8232500000000003,-1000.0884304754848
2.8249166666666667,-1000.0882442109697
2.8265833333333337,-1000.0880300067776
2.828266666666667,-1000.0877925195209
2.8299333333333334,-1000.0875457190385
2.8316000000000003,-1000.0872942619433
2.833266666666667,-1000.0870521180738
2.8349333333333333,-1000.0868332572686
2.8366000000000002,-1000.0866656192051
2.8382666666666667,-1000.0865678303347
2.8399333333333336,-1000.086558517109
2.8416,-1000.0866516493664
2.8432666666666666,-1000.0868472271072
2.8449333333333335,-1000.0871359371055
2.8466,-1000.0875131227483
2.848266666666667,-1000.0879461877457
2.8499333333333334,-1000.0883885659689
2.8516000000000004,-1000.088798347902
2.853266666666667,-1000.0891196541903
2.8549333333333333,-1000.0893245451568
2.8566000000000003,-1000.0893850811242
2.8582833333333335,-1000.0893059187053
2.85995,-1000.0891103409646
2.861616666666667,-1000.0888262875792
2.8632833333333334,-1000.0885003246779
2.8649500000000003,-1000.0881697051638
2.866616666666667,-1000.0878716819398
2.8682833333333333,-1000.0876109116188
2.8699500000000002,-1000.0874013640394
2.8716166666666667,-1000.0872337259758
2.8732833333333336,-1000.0870986842025
2.87495,-1000.0869962387192
2.8766166666666666,-1000.0869263895261
2.8782833333333335,-1000.0868984498488
2.87995,-1000.0869217329132
2.881616666666667,-1000.0870102085578
2.8832833333333334,-1000.087154563557
2.8849500000000003,-1000.0873361714591
2.886616666666667,-1000.0875177793612
2.8883,-1000.0876481645217
2.889966666666667,-1000.0876900740376
2.8916333333333335,-1000.0876248814574
2.8933,-1000.0874572433938
2.894966666666667,-1000.0872150995243
2.8966333333333334,-1000.0869450159776
2.8983000000000003,-1000.0866935588823
2.899966666666667,-1000.0865119509801
2.9016333333333333,-1000.0864188187227
2.9033,-1000.0864281319484
2.9049666666666667,-1000.0865305774316
2.9066333333333336,-1000.086702872108
2.9083,-1000.0869217329132
2.9099666666666666,-1000.0871499069441
2.9116333333333335,-1000.0873594545235
2.9133,-1000.087522435974
2.9149833333333333,-1000.0876202248445
2.91665,-1000.0876481645217
2.9183166666666667,-1000.0875969417801
2.9199833333333336,-1000.0874805264582
2.92165,-1000.0872942619433
2.923316666666667,-1000.0870521180738
2.9249833333333335,-1000.0867727213011
2.92665,-1000.0864840113029
2.928316666666667,-1000.086218584369
2.9299833333333334,-1000.0860230066282
2.9316500000000003,-1000.0859112479193
2.933316666666667,-1000.0859112479193
2.9349833333333333,-1000.0860230066282
2.93665,-1000.0862372108205
2.9383166666666667,-1000.0865352340445
2.9399833333333336,-1000.0868798233973
2.94165,-1000.0872337259758
2.943316666666667,-1000.0875690021029
2.9449833333333335,-1000.0878483988754
2.9466666666666668,-1000.088048633229
2.9483333333333337,-1000.0881650485509
2.95,-1000.0882023014539
2.9516666666666667,-1000.0881697051638
2.9533333333333336,-1000.0880812295192
2.955,-1000.0879275612942
2.956666666666667,-1000.0876993872633
2.9583333333333335,-1000.0873827375879
2.96,-1000.0869589858162
2.961666666666667,-1000.086442101787
2.9633333333333334,-1000.0858507119519
2.9650000000000003,-1000.0852406956652
2.966666666666667,-1000.0846865587331
2.9683333333333333,-1000.0842488371228
2.97,-1000.0839973800275
2.9716666666666667,-1000.0839461572859
2.9733333333333336,-1000.0841137953495
2.975,-1000.084467697928
2.9766833333333333,-1000.0849752687313
2.9783500000000003,-1000.0855806284052
2.9800166666666668,-1000.0862092711433
2.9816833333333337,-1000.0868006609785
2.98335,-1000.0872756354917
2.9850166666666667,-1000.0875876285544
2.9866833333333336,-1000.0876947306505
2.98835,-1000.0875876285544
2.990016666666667,-1000.0872896053304
2.9916833333333335,-1000.0868379138815
2.99335,-1000.0862977467879
2.995016666666667,-1000.0857389532429
2.9966833333333334,-1000.0852453522781
2.9983500000000003,-1000.0848728232481
3.0000166666666668,-1000.0846632756687
3.0016833333333333,-1000.0846399926044
3.00335,-1000.084798317442
3.0050166666666667,-1000.0850963406662
3.0067,-1000.0854968093734
3.008366666666667,-1000.0859531574351
3.0100333333333333,-1000.0864188187227
3.0117000000000003,-1000.0868705101716
3.0133666666666667,-1000.0872802921045
3.0150333333333337,-1000.0876202248445
3.0167,-1000.0878577121011
3.0183666666666666,-1000.0879508443586
3.0200333333333336,-1000.0878577121011
3.0217,-1000.08756434549
3.023366666666667,-1000.0870707445252
3.0250333333333335,-1000.0864234753356
3.0267,-1000.0856877305013
3.028366666666667,-1000.084951985667
3.0300333333333334,-1000.084314029703
3.0317000000000003,-1000.0838390551897
3.0333666666666668,-1000.0835782848687
3.03505,-1000.08353171874
3.036716666666667,-1000.0836807303521
3.0383833333333334,-1000.0839740969632
3.0400500000000004,-1000.0843605958319
3.041716666666667,-1000.0847843476034
3.0433833333333333,-1000.0851941295365
3.0450500000000003,-1000.0855666585664
3.0467166666666667,-1000.0858600251777
3.0483833333333337,-1000.0860695727571
3.05005,-1000.0861673616274
3.0517166666666666,-1000.086144078563
3.0533833333333336,-1000.0860090367896
3.05505,-1000.0857668929201
3.056716666666667,-1000.0854502432446
3.0583833333333335,-1000.0850916840533
3.06005,-1000.0847470947004
3.061716666666667,-1000.0844583847022
3.0633833333333333,-1000.0842628069614
3.0650666666666666,-1000.0841743313168
3.0667333333333335,-1000.0842022709941
3.0684,-1000.0843186863159
3.070066666666667,-1000.0845096074438
3.0717333333333334,-1000.0847564079262
3.0734000000000004,-1000.085026491473
3.075066666666667,-1000.0853058882454
3.0767333333333333,-1000.0855806284052
3.0784000000000002,-1000.0858227722747
3.0800666666666667,-1000.0860090367896
3.0817333333333337,-1000.0861254521116
3.0834,-1000.0861487351759
3.0850666666666666,-1000.0860695727571
3.0867333333333336,-1000.0858879648549
3.0884,-1000.0856085680824
3.090066666666667,-1000.0852453522781
3.0917333333333334,-1000.0848309137322
3.0934166666666667,-1000.0844071619606
3.0950833333333336,-1000.0840020366404
3.09675,-1000.0836667605134
3.0984166666666666,-1000.0834292732568
3.1000833333333335,-1000.083308201322
3.10175,-1000.0833035447091
3.103416666666667,-1000.0834106468053
3.1050833333333334,-1000.0836015679331
3.1067500000000003,-1000.0838530250284
3.108416666666667,-1000.0841510482525
3.1100833333333333,-1000.0844816677666
3.1117500000000002,-1000.0848448835709
3.1134166666666667,-1000.0852313824395
3.1150833333333336,-1000.0856132246953
3.11675,-1000.085957814048
3.1184166666666666,-1000.0862139277561
3.1200833333333335,-1000.0863303430781
3.12175,-1000.0862744637235
3.1234333333333333,-1000.0860369764669
3.1251,-1000.0856458209854
3.1267666666666667,-1000.0851475634078
3.1284333333333336,-1000.0846213661529
3.1301,-1000.0841463916396
3.131766666666667,-1000.0837831758353
3.1334333333333335,-1000.0835875980945
3.1351,-1000.083568971643
3.136766666666667,-1000.0837226398679
3.1384333333333334,-1000.0840066932533
3.1401000000000003,-1000.0843838788962
3.141766666666667,-1000.084798317442
3.1434333333333333,-1000.0851894729236
3.1451000000000002,-1000.0855247490506
3.1467666666666667,-1000.085771549533
3.1484333333333336,-1000.0859065913064
3.1501,-1000.0859159045322
3.1517666666666666,-1000.0857808627587
3.1534500000000003,-1000.0855014659862
3.155116666666667,-1000.0850870274404
3.1567833333333333,-1000.0845794566369
3.15845,-1000.0840299763177
3.1601166666666667,-1000.0835130922885
3.1617833333333336,-1000.083084683904
3.16345,-1000.0827773474542
3.165116666666667,-1000.0826236792293
3.1667833333333335,-1000.0826423056809
3.16845,-1000.0828285701958
3.170116666666667,-1000.0831778161615
3.1717833333333334,-1000.0836574472877
3.1734500000000003,-1000.0842208974456
3.175116666666667,-1000.0848029740549
3.1767833333333333,-1000.0853431411485
3.17845,-1000.0857762061459
3.1801166666666667,-1000.0860462896926
3.1818,-1000.0861301087244
3.183466666666667,-1000.0860136934025
3.1851333333333334,-1000.0857296400171
3.1868000000000003,-1000.0853152014712
3.188466666666667,-1000.0848309137322
3.1901333333333333,-1000.0843373127674
3.1918,-1000.0838809647057
3.1934666666666667,-1000.0835084356756
3.1951333333333336,-1000.0832383521289
3.1968,-1000.0830893405168
3.198466666666667,-1000.0830753706782
3.2001333333333335,-1000.083196442613
3.2018,-1000.0834292732568
3.203466666666667,-1000.0837366097065
3.2051333333333334,-1000.0840672292206
3.2068000000000003,-1000.084355939219
3.208466666666667,-1000.0845515169597
3.21015,-1000.0846353359915
3.211816666666667,-1000.0846073963143
3.2134833333333335,-1000.0844909809923
3.21515,-1000.0843186863159
3.216816666666667,-1000.0841370784138
3.2184833333333334,-1000.0839508138988
3.2201500000000003,-1000.0837785192224
3.2218166666666668,-1000.083606224546
3.2234833333333337,-1000.0834246166439
3.22515,-1000.0832290389031
3.2268166666666667,-1000.0830381177752
3.2284833333333336,-1000.0828797929374
3.23015,-1000.0827913172928
3.231816666666667,-1000.0828146003572
3.2334833333333335,-1000.0829589553564
3.23515,-1000.0832104124516
3.236816666666667,-1000.08353171874
3.2384833333333334,-1000.0838576816412
3.2401500000000003,-1000.0841370784138
3.2418333333333336,-1000.084314029703
3.2435,-1000.0843745656705
3.245166666666667,-1000.084314029703
3.2468333333333335,-1000.0841510482525
3.2485,-1000.0839321874473
3.250166666666667,-1000.0836947001907
3.2518333333333334,-1000.0834711827727
3.2535000000000003,-1000.0832895748705
3.2551666666666668,-1000.0831452198714
3.2568333333333337,-1000.0830288045495
3.2585,-1000.0829310156792
3.2601666666666667,-1000.0828425400344
3.2618333333333336,-1000.0827680342285
3.2635,-1000.0827261247126
3.265166666666667,-1000.0827447511641
3.2668333333333335,-1000.0828471966473
3.2685,-1000.0830567442267
3.2701833333333337,-1000.0833547674507
3.27185,-1000.0837133266422
3.2735166666666666,-1000.0840811990593
3.2751833333333336,-1000.0844071619606
3.27685,-1000.084653962443
3.278516666666667,-1000.084798317442
3.2801833333333335,-1000.084835570345
3.2818500000000004,-1000.0847750343777
3.283516666666667,-1000.0846353359915
3.2851833333333333,-1000.0844257884121
3.2868500000000003,-1000.0841603614782
3.2885166666666668,-1000.0838437118026
3.2901833333333337,-1000.0834851526113
3.29185,-1000.0831172801941
3.2935166666666666,-1000.0827726908414
3.2951833333333336,-1000.0825026072946
3.29685,-1000.0823442824568
3.298516666666667,-1000.0823396258439
3.3002000000000002,-1000.0824839808431
3.3018666666666667,-1000.0827726908414
3.3035333333333337,-1000.0831638463229
3.3052,-1000.0835969113202
3.3068666666666666,-1000.0840113498662
3.3085333333333335,-1000.0843512826061
3.3102,-1000.084574800024
3.311866666666667,-1000.084653962443
3.3135333333333334,-1000.0845980830885
3.3152000000000004,-1000.084430445025
3.316866666666667,-1000.084169674704
3.3185333333333333,-1000.0838483684155
3.3202000000000003,-1000.0834851526113
3.3218666666666667,-1000.0831033103555
3.3235333333333337,-1000.0827168114869
3.3252,-1000.0823582522954
3.3268666666666666,-1000.0820648856843
3.3285333333333336,-1000.0818925910079
3.330216666666667,-1000.0818832777821
3.3318833333333333,-1000.0820648856843
3.3335500000000002,-1000.0824467279401
3.3352166666666667,-1000.0829868950336
3.3368833333333336,-1000.0836155377717
3.33855,-1000.084239523897
3.3402166666666666,-1000.0847610645391
3.3418833333333335,-1000.0851056538919
3.34355,-1000.0852406956652
3.345216666666667,-1000.0851708464721
3.3468833333333334,-1000.0849426724412
3.3485500000000004,-1000.0846213661529
3.350216666666667,-1000.0842767768
3.3518833333333333,-1000.0839601271246
3.3535500000000003,-1000.0837133266422
3.3552166666666667,-1000.0835456885786
3.3568833333333337,-1000.0834525563212
3.358566666666667,-1000.0834153034182
3.3602333333333334,-1000.0834339298697
3.3619000000000003,-1000.0835084356756
3.363566666666667,-1000.0836434774491
3.3652333333333333,-1000.0838390551897
3.3669000000000002,-1000.0840765424464
3.3685666666666667,-1000.0843186863159
3.3702333333333336,-1000.0845142640567
3.3719,-1000.08461670954
3.373566666666667,-1000.0845934264755
3.3752333333333335,-1000.0844583847022
3.3769,-1000.0842348672842
3.378566666666667,-1000.0839694403503
3.3802333333333334,-1000.0837086700293
3.3819000000000004,-1000.0834665261598
3.383566666666667,-1000.0832476653546
3.3852333333333333,-1000.0830427743881
3.3869000000000002,-1000.0828378834216
3.3885833333333335,-1000.0826376490679
3.39025,-1000.082451384553
3.391916666666667,-1000.0823070295538
3.3935833333333334,-1000.082227867135
3.3952500000000003,-1000.0822325237478
3.396916666666667,-1000.0823303126182
3.3985833333333333,-1000.0825072639075
3.40025,-1000.0827307813255
3.4019166666666667,-1000.0829636119693
3.4035833333333336,-1000.0831685029358
3.40525,-1000.0833035447091
3.406916666666667,-1000.0833594240636
3.4085833333333335,-1000.0833268277735
3.41025,-1000.0832197256774
3.411916666666667,-1000.0830567442267
3.4135833333333334,-1000.0828611664859
3.4152500000000003,-1000.0826562755195
3.4169333333333336,-1000.0824793242302
3.4186,-1000.0823442824568
3.420266666666667,-1000.0822604634251
3.4219333333333335,-1000.0822325237478
3.4236,-1000.0822418369736
3.425266666666667,-1000.0822790898766
3.4269333333333334,-1000.0823256560053
3.4286000000000003,-1000.082372222134
3.430266666666667,-1000.0824281014886
3.4319333333333333,-1000.0825026072946
3.4336,-1000.0826143660036
3.4352666666666667,-1000.0827726908414
3.4369333333333336,-1000.0829682685821
3.4386,-1000.0831778161615
3.440266666666667,-1000.0833827071281
3.4419333333333335,-1000.0835503451915
3.4436,-1000.0836574472877
3.445266666666667,-1000.0837040134164
3.44695,-1000.0836853869649
3.4486166666666667,-1000.0836108811588
3.4502833333333336,-1000.083494465837
3.45195,-1000.083345454225
3.453616666666667,-1000.0831778161615
3.4552833333333335,-1000.0829868950336
3.45695,-1000.0827726908414
3.458616666666667,-1000.0825398601976
3.4602833333333334,-1000.0822884031023
3.4619500000000003,-1000.0820602290714
3.463616666666667,-1000.0818832777821
3.4652833333333337,-1000.081813428589
3.46695,-1000.0818646513306
3.4686166666666667,-1000.0820416026199
3.4702833333333336,-1000.0823163427796
3.47195,-1000.0826469622938
3.473616666666667,-1000.0829589553564
3.4752833333333335,-1000.083196442613
3.4769666666666668,-1000.083308201322
3.4786333333333337,-1000.0832756050319
3.4803,-1000.0831079669683
3.4819666666666667,-1000.0828518532602
3.4836333333333336,-1000.0825584866491
3.4853,-1000.082265120038
3.486966666666667,-1000.082004349717
3.4886333333333335,-1000.0817901455247
3.4903,-1000.081627164074
3.491966666666667,-1000.081515405365
3.4936333333333334,-1000.0814595260106
3.4953000000000003,-1000.0814688392363
3.496966666666667,-1000.0815480016552
3.4986333333333337,-1000.0817109831058
3.5003,-1000.0819717534268
3.5019666666666667,-1000.0823209993924
3.5036333333333336,-1000.0827261247126
3.505316666666667,-1000.0831312500328
3.5069833333333333,-1000.083457212934
3.5086500000000003,-1000.0836434774491
3.5103166666666668,-1000.0836434774491
3.5119833333333337,-1000.0834432430954
3.51365,-1000.0830660574525
3.5153166666666666,-1000.0825584866491
3.5169833333333336,-1000.0819996931041
3.51865,-1000.0814548693977
3.520316666666667,-1000.080993864723
3.5219833333333335,-1000.080658588596
3.52365,-1000.080472324081
3.525316666666667,-1000.0804397277908
3.5269833333333334,-1000.0805561431127
3.5286500000000003,-1000.0808122568209
3.5303166666666668,-1000.081184785851
3.5319833333333337,-1000.0816504471384
3.53365,-1000.082148704716
3.5353333333333334,-1000.0826190226164
3.5370000000000004,-1000.0829915516465
3.538666666666667,-1000.0831917860002
3.5403333333333333,-1000.0831731595487
3.5420000000000003,-1000.0829170458405
3.5436666666666667,-1000.0824606977787
3.5453333333333337,-1000.0818786211693
3.547,-1000.0812686048827
3.5486666666666666,-1000.0807424076278
3.5503333333333336,-1000.0804024748878
3.552,-1000.0803000294046
3.553666666666667,-1000.0804350711779
3.5553333333333335,-1000.0807470642407
3.5570000000000004,-1000.0811475329479
3.558666666666667,-1000.0815293752037
3.5603333333333333,-1000.0818087719762
3.5620000000000003,-1000.0819577835882
3.5636833333333335,-1000.0819996931041
3.56535,-1000.0819903798783
3.567016666666667,-1000.082004349717
3.5686833333333334,-1000.0820928253615
3.5703500000000004,-1000.0822837464895
3.572016666666667,-1000.0825491734233
3.5736833333333333,-1000.0828332268087
3.5753500000000003,-1000.0830520876139
3.5770166666666667,-1000.0831359066457
3.5786833333333337,-1000.0830381177752
3.58035,-1000.0827726908414
3.5820166666666666,-1000.0823861919727
3.5836833333333336,-1000.0819624402011
3.58535,-1000.0815666281067
3.587016666666667,-1000.081254635044
3.5886833333333334,-1000.0810450874646
3.5903500000000004,-1000.0809379853686
3.592016666666667,-1000.0809147023041
3.5936833333333333,-1000.08095661182
3.595366666666667,-1000.0810590573033
3.5970333333333335,-1000.0812220387539
3.5987,-1000.081445556172
3.600366666666667,-1000.0817389227831
3.6020333333333334,-1000.0820881687487
3.6037000000000003,-1000.0824653543916
3.605366666666667,-1000.0828192569701
3.6070333333333333,-1000.0830939971297
3.6087000000000002,-1000.083233695516
3.6103666666666667,-1000.083196442613
3.6120333333333337,-1000.0829822384208
3.6137,-1000.0826097093907
3.615366666666667,-1000.0821440481031
3.6170333333333335,-1000.081664416977
3.6187,-1000.0812453218183
3.620366666666667,-1000.08095661182
3.6220333333333334,-1000.0808308832724
3.6237166666666667,-1000.080882106014
3.6253833333333336,-1000.0810823403676
3.62705,-1000.0813896768174
3.628716666666667,-1000.0817622058474
3.6303833333333335,-1000.082148704716
3.63205,-1000.0825026072946
3.633716666666667,-1000.0827773474542
3.6353833333333334,-1000.0829403289049
3.6370500000000003,-1000.0829589553564
3.638716666666667,-1000.0828285701958
3.6403833333333333,-1000.0825538300362
3.6420500000000002,-1000.0821533613289
3.6437166666666667,-1000.0816737302029
3.6453833333333336,-1000.0811708160122
3.64705,-1000.0807098113377
3.648716666666667,-1000.0803652219848
3.6503833333333335,-1000.0801929273084
3.652066666666667,-1000.0802162103729
3.6537333333333337,-1000.0804211013393
3.6554,-1000.080770347305
3.6570666666666667,-1000.0812034123024
3.6587333333333336,-1000.0816551037512
3.6604,-1000.0820648856843
3.662066666666667,-1000.0823861919727
3.6637333333333335,-1000.0825864263263
3.6654,-1000.0826655887453
3.667066666666667,-1000.0826190226164
3.6687333333333334,-1000.0824606977787
3.6704000000000003,-1000.0822045840706
3.672066666666667,-1000.0818599947178
3.6737333333333333,-1000.0814502127848
3.6754000000000002,-1000.0810031779488
3.6770666666666667,-1000.0805514864999
3.6787333333333336,-1000.0801323913411
3.6804,-1000.0797924586012
3.6820833333333334,-1000.0795549713446
3.6837500000000003,-1000.0794292427969
3.685416666666667,-1000.0794106163454
3.6870833333333337,-1000.079461839087
3.68875,-1000.0795503147317
3.6904166666666667,-1000.0796294771505
3.6920833333333336,-1000.0796620734407
3.69375,-1000.0796434469892
3.695416666666667,-1000.0795875676347
3.6970833333333335,-1000.0795270316673
3.69875,-1000.0794897787644
3.700416666666667,-1000.0795084052158
3.7020833333333334,-1000.0795875676347
3.7037500000000003,-1000.0797179527952
3.705416666666667,-1000.0798716210201
3.7070833333333337,-1000.0800066627935
3.70875,-1000.0800904818252
3.7104166666666667,-1000.080099795051
3.7121000000000004,-1000.0800299458579
3.713766666666667,-1000.0798995606973
3.7154333333333334,-1000.0797365792467
3.7171000000000003,-1000.079578254409
3.7187666666666668,-1000.0794711523129
3.7204333333333337,-1000.0794525258613
3.7221,-1000.079541001506
3.7237666666666667,-1000.0797505490854
3.7254333333333336,-1000.080062542148
3.7271,-1000.0804583542424
3.728766666666667,-1000.080882106014
3.7304333333333335,-1000.0812825747213
3.7321,-1000.0816131942354
3.733766666666667,-1000.081813428589
3.7354333333333334,-1000.0818599947178
3.7371000000000003,-1000.0817296095573
3.738766666666667,-1000.0814269297205
3.7404333333333337,-1000.08095661182
3.742116666666667,-1000.0803652219848
3.7437833333333335,-1000.0797039829565
3.7454500000000004,-1000.0790613703798
3.747116666666667,-1000.0785212032863
3.7487833333333334,-1000.0781533308691
3.7504500000000003,-1000.0779996626442
3.7521166666666668,-1000.078046228773
3.7537833333333337,-1000.0782418065137
3.75545,-1000.0785118900606
3.7571166666666667,-1000.0787819736073
3.7587833333333336,-1000.0789961777996
3.76045,-1000.0791358761858
3.762116666666667,-1000.079201068766
3.7637833333333335,-1000.0792243518305
3.76545,-1000.0792522915077
3.767116666666667,-1000.0793035142493
3.7687833333333334,-1000.0793826766682
3.7704666666666666,-1000.0794711523129
3.7721333333333336,-1000.0795270316673
3.7738,-1000.0795316882802
3.775466666666667,-1000.0794664956999
3.7771333333333335,-1000.0793547369909
3.7788000000000004,-1000.0792243518305
3.780466666666667,-1000.0791219063472
3.7821333333333333,-1000.0790799968313
3.7838000000000003,-1000.0791079365085
3.7854666666666668,-1000.0792057253789
3.7871333333333337,-1000.0793593936038
3.788816666666667,-1000.0795456581188
3.7904833333333334,-1000.0797552056982
3.7921500000000004,-1000.0799787231163
3.793816666666667,-1000.0801929273084
3.7954833333333333,-1000.0803838484363
3.7971500000000002,-1000.0805328600484
3.7988166666666667,-1000.0806120224672
3.8004833333333337,-1000.0806166790801
3.80215,-1000.0805328600484
3.803816666666667,-1000.080360565372
3.8054833333333336,-1000.0801091082767
3.80715,-1000.0797878019883
3.808816666666667,-1000.0794106163454
3.8104833333333334,-1000.0790008344125
3.8121500000000004,-1000.0785910524794
3.813816666666667,-1000.0782092102236
3.8154833333333333,-1000.0778879039352
3.8171500000000003,-1000.0776597299043
3.8188166666666667,-1000.0775433145825
3.8204833333333337,-1000.0775479711954
3.82215,-1000.0776504166786
3.8238166666666666,-1000.0778366811936
3.8254833333333336,-1000.0780788250631
3.82715,-1000.0783489086099
3.828816666666667,-1000.0786236487695
3.8305000000000002,-1000.0788937323163
3.8321666666666667,-1000.0791545026373
3.8338333333333336,-1000.0793966465068
3.8355,-1000.0795922242476
3.837166666666667,-1000.0797226094081
3.8388333333333335,-1000.0797458924725
3.8405,-1000.0796387903763
3.842166666666667,-1000.0793966465068
3.8438333333333334,-1000.0790474005412
3.8455000000000004,-1000.0786376186081
3.847166666666667,-1000.0782511197395
3.8488333333333333,-1000.0779670663541
3.8505000000000003,-1000.077859964258
3.8521666666666667,-1000.0779763795798
3.8538333333333337,-1000.0783116557069
3.8555,-1000.0788331963489
3.8571666666666666,-1000.0794525258613
3.8588500000000003,-1000.0800858252123
3.860516666666667,-1000.080658588596
3.8621833333333333,-1000.081105623432
3.8638500000000002,-1000.0814083032689
3.8655166666666667,-1000.0815573148809
3.8671833333333336,-1000.0815712847195
3.86885,-1000.0814548693977
3.870516666666667,-1000.0812220387539
3.8721833333333335,-1000.0808681361754
3.87385,-1000.0804211013393
3.875516666666667,-1000.0799135305359
3.8771833333333334,-1000.0794013031197
3.8788666666666667,-1000.0789449550579
3.8805333333333336,-1000.0786003657051
3.8822,-1000.0784094445772
3.883866666666667,-1000.0783768482871
3.8855333333333335,-1000.0784932636091
3.8872,-1000.078716781027
3.888866666666667,-1000.0789961777996
3.8905333333333334,-1000.0792895444107
3.8922000000000003,-1000.0795596279575
3.893866666666667,-1000.0797878019883
3.8955333333333337,-1000.0799554400518
3.8972,-1000.0800671987608
3.8988666666666667,-1000.0801137648896
3.9005333333333336,-1000.0800811685995
3.9022,-1000.0799554400518
3.903866666666667,-1000.0797226094081
3.9055333333333335,-1000.0793687068295
3.9072,-1000.0789170153806
3.908866666666667,-1000.0784141011901
3.9105333333333334,-1000.0779205002253
3.9122000000000003,-1000.0775340013568
3.9138833333333336,-1000.0773244537774
3.9155333333333333,-1000.0773477368417
3.917216666666667,-1000.0776085071627
3.9188833333333335,-1000.078083481676
3.92055,-1000.0786981545755
3.922216666666667,-1000.0793687068295
3.9238833333333334,-1000.0800113194064
3.9255500000000003,-1000.0805375166613
3.927216666666667,-1000.0808914192397
3.9288833333333337,-1000.0810404308518
3.93055,-1000.0809845514973
3.9322166666666667,-1000.0807517208535
3.9338833333333336,-1000.0803791918235
3.93555,-1000.079908873923
3.937216666666667,-1000.0793966465068
3.9388833333333335,-1000.0788704492519
3.94055,-1000.0783628784485
3.942216666666667,-1000.0779111869996
3.9438833333333334,-1000.0775433145825
3.9455500000000003,-1000.0772965141001
3.9472333333333336,-1000.0772080384554
3.9489,-1000.0773058273259
3.950566666666667,-1000.0775805674855
3.9522333333333335,-1000.0780136324829
3.9539,-1000.0785491429635
3.955566666666667,-1000.0791125931214
3.9572333333333334,-1000.0796434469892
3.9589000000000003,-1000.0800951384381
3.960566666666667,-1000.0804257579522
3.9622333333333337,-1000.080621335693
3.9639,-1000.0806772150474
3.9655666666666667,-1000.0805980526286
3.9672333333333336,-1000.080397818275
3.9689,-1000.0800811685995
3.970566666666667,-1000.0796667300535
3.9722333333333335,-1000.0791870989274
3.9739166666666668,-1000.0786609016725
3.975566666666667,-1000.0781347044176
3.97725,-1000.0776597299043
3.9789166666666667,-1000.0772918574872
3.9805833333333336,-1000.0770729966821
3.98225,-1000.0770497136177
3.983916666666667,-1000.0772266649069
3.9855833333333335,-1000.0775759108726
3.9872500000000004,-1000.078046228773
3.988916666666667,-1000.078567769415
3.9905833333333334,-1000.0790660269927
3.9922500000000003,-1000.0794944353772
3.993916666666667,-1000.0798203982785
3.9955833333333337,-1000.0800439156965
3.99725,-1000.0801836140827
3.9989166666666667,-1000.0802627765016
