min,µS/cm
0.0,-1000.0809892081102
0.0016666666666667052,-1000.0809892081102
0.0033333333333334103,-1000.0810497440775
0.004999999999999893,-1000.0811195932706
0.006666666666666599,-1000.081142876335
0.008333333333333304,-1000.0810357742389
0.010000000000000009,-1000.0807470642407
0.011666666666666714,-1000.0802814029531
0.01333333333333342,-1000.0796760432793
0.014999999999999902,-1000.0790241174768
0.016666666666666607,-1000.0784141011901
0.018333333333333313,-1000.0779391266768
0.020000000000000018,-1000.0776504166786
0.021666666666666723,-1000.0775712542597
0.023349999999999982,-1000.0776923261944
0.025016666666666687,-1000.0779717229669
0.026683333333333392,-1000.0783675350614
0.028350000000000097,-1000.0788238831232
0.03001666666666658,-1000.0792942010236
0.031683333333333286,-1000.0797458924725
0.03334999999999999,-1000.0801463611797
0.035016666666666696,-1000.0804862939196
0.0366833333333334,-1000.0807470642407
0.038350000000000106,-1000.0809333287557
0.04001666666666659,-1000.0810497440775
0.041683333333333294,-1000.081105623432
0.04335,-1000.0811149366577
0.045016666666666705,-1000.0810916535934
0.04668333333333341,-1000.081068370529
0.048350000000000115,-1000.0810590573033
0.0500166666666666,-1000.0810963102062
0.05170000000000008,-1000.0811894424638
0.05336666666666656,-1000.0813337974629
0.05503333333333327,-1000.0815014355264
0.05669999999999997,-1000.0816597603641
0.05836666666666668,-1000.0817622058474
0.06003333333333338,-1000.0817715190732
0.06170000000000009,-1000.0816737302029
0.06336666666666657,-1000.0814641826234
0.06503333333333328,-1000.0811661593993
0.06669999999999998,-1000.0808355398852
0.06836666666666669,-1000.080509576984
0.07003333333333339,-1000.0802301802115
0.0717000000000001,-1000.080025289245
0.07336666666666658,-1000.0798855908587
0.07503333333333329,-1000.079801771827
0.07669999999999999,-1000.0797552056982
0.0783666666666667,-1000.079727266021
0.0800333333333334,-1000.0797179527952
0.08171666666666666,-1000.079727266021
0.08338333333333336,-1000.0797458924725
0.08505000000000007,-1000.079764518924
0.08671666666666678,-1000.0797552056982
0.08838333333333326,-1000.0796993263436
0.09004999999999996,-1000.0795689411832
0.09171666666666667,-1000.0793547369909
0.09338333333333337,-1000.0790706836056
0.09505000000000008,-1000.0787586905429
0.09671666666666656,-1000.0784746371575
0.09838333333333327,-1000.078269746191
0.10004999999999997,-1000.078195240385
0.10171666666666668,-1000.078269746191
0.10338333333333338,-1000.0784792937703
0.10505000000000009,-1000.0787866302202
0.10671666666666657,-1000.0791405327986
0.10838333333333328,-1000.0794897787644
0.11004999999999998,-1000.0797924586012
0.11173333333333324,-1000.0800206326321
0.11339999999999995,-1000.0801743008569
0.11506666666666665,-1000.080248806663
0.11673333333333336,-1000.0802720897274
0.11840000000000006,-1000.0802534632759
0.12006666666666677,-1000.08021155376
0.12173333333333325,-1000.0801649876312
0.12339999999999995,-1000.0801137648896
0.12506666666666666,-1000.0800671987608
0.12673333333333336,-1000.0800299458579
0.12840000000000007,-1000.0800159760192
0.13006666666666655,-1000.0800206326321
0.13173333333333326,-1000.0800392590836
0.13339999999999996,-1000.0800578855351
0.13506666666666667,-1000.0800578855351
0.13673333333333337,-1000.0800299458579
0.13840000000000008,-1000.0799600966648
0.14008333333333334,-1000.0798529945686
0.14175000000000004,-1000.0797319226339
0.14341666666666675,-1000.0796294771505
0.14508333333333345,-1000.079578254409
0.14674999999999994,-1000.0796061940862
0.14841666666666664,-1000.0797179527952
0.15008333333333335,-1000.079908873923
0.15175000000000005,-1000.0801277347282
0.15341666666666676,-1000.0803279690818
0.15508333333333324,-1000.0804490410167
0.15674999999999994,-1000.0804443844037
0.15841666666666665,-1000.0803000294046
0.16008333333333336,-1000.0800392590836
0.16175000000000006,-1000.0796900131179
0.16341666666666677,-1000.0792988576364
0.16508333333333325,-1000.0789216719935
0.16674999999999995,-1000.0786003657051
0.16841666666666666,-1000.0783721916742
0.17009999999999992,-1000.0782557763524
0.17176666666666662,-1000.0782557763524
0.17343333333333333,-1000.0783721916742
0.17510000000000003,-1000.0785863958665
0.17676666666666674,-1000.0788751058648
0.17843333333333344,-1000.0792150386046
0.18009999999999993,-1000.0795503147317
0.18176666666666663,-1000.07983902473
0.18343333333333334,-1000.0800346024707
0.18510000000000004,-1000.0801091082767
0.18676666666666675,-1000.0800485723094
0.18843333333333323,-1000.0798436813428
0.19009999999999994,-1000.0795177184416
0.19176666666666664,-1000.0791125931214
0.19343333333333335,-1000.0786841847369
0.19510000000000005,-1000.0782976858683
0.19676666666666676,-1000.07800897587
0.19843333333333346,-1000.0778646208709
0.20011666666666672,-1000.0778692774837
0.20178333333333343,-1000.0779996626442
0.20345000000000013,-1000.0782231800622
0.2051166666666666,-1000.0784932636091
0.20678333333333332,-1000.0787586905429
0.20845000000000002,-1000.0789961777996
0.21011666666666673,-1000.0791964121531
0.21178333333333343,-1000.0793687068295
0.21344999999999992,-1000.0795270316673
0.21511666666666662,-1000.0797039829565
0.21678333333333333,-1000.0798949040844
0.21845000000000003,-1000.080099795051
0.22011666666666674,-1000.0803093426304
0.22178333333333322,-1000.0804816373068
0.22344999999999993,-1000.08058408279
0.22511666666666663,-1000.0805980526286
0.22678333333333334,-1000.0805002637583
0.2284666666666666,-1000.0802953727917
0.2301333333333333,-1000.0799926929549
0.2318,-1000.0796155073119
0.2334666666666667,-1000.079201068766
0.23513333333333342,-1000.0787773169944
0.23680000000000012,-1000.0783721916742
0.2384666666666666,-1000.0780182890958
0.2401333333333333,-1000.0777202658717
0.24180000000000001,-1000.0774967484537
0.24346666666666672,-1000.0773477368417
0.24513333333333343,-1000.0772732310357
0.2467999999999999,-1000.0772732310357
0.2484666666666666,-1000.0773430802288
0.2501333333333333,-1000.0774781220022
0.2518,-1000.0776690431301
0.2534833333333333,-1000.0778925605481
0.25515,-1000.0781253911919
0.2568166666666667,-1000.0783582218356
0.2584833333333334,-1000.0785631128022
0.2601499999999999,-1000.0787307508656
0.2618166666666668,-1000.0788518228004
0.2634833333333333,-1000.0789123587678
0.26515,-1000.0789077021549
0.2668166666666667,-1000.0788425095747
0.2684833333333334,-1000.0787214376398
0.2701500000000001,-1000.0785491429635
0.2718166666666666,-1000.078344251997
0.2734833333333333,-1000.0781253911919
0.27515,-1000.0779158436125
0.2768166666666667,-1000.0777482055489
0.2784833333333334,-1000.0776457600657
0.2801499999999999,-1000.0776178203885
0.2818166666666666,-1000.0776643865172
0.2834833333333333,-1000.0777714886134
0.28515,-1000.0779205002253
0.2868333333333333,-1000.0780881382889
0.2885,-1000.0782557763524
0.2901666666666667,-1000.0783954747386
0.2918333333333334,-1000.0784979202219
0.2935000000000001,-1000.0785724260279
0.2951666666666668,-1000.0786329619953
0.2968333333333333,-1000.0786934979626
0.2985,-1000.0787726603816
0.3001666666666667,-1000.0788890757034
0.3018333333333334,-1000.0790287740897
0.3035000000000001,-1000.0791545026373
0.3051666666666666,-1000.0792336650562
0.3068333333333333,-1000.0792150386046
0.3085,-1000.0790706836056
0.3101666666666667,-1000.0788052566717
0.3118333333333334,-1000.0784280710287
0.3134999999999999,-1000.0779856928056
0.3151666666666668,-1000.0775433145825
0.3168333333333333,-1000.0771568157138
0.31851666666666656,-1000.0768820755542
0.3201833333333335,-1000.0767423771679
0.32184999999999997,-1000.0767423771679
0.3235166666666667,-1000.0768681057156
0.3251833333333334,-1000.0770823099078
0.3268500000000001,-1000.0773570500675
0.3285166666666668,-1000.0776597299043
0.3301833333333333,-1000.0779670663541
0.33185,-1000.0782464631266
0.3335166666666667,-1000.0784746371575
0.3351833333333334,-1000.0786376186081
0.3368500000000001,-1000.0787074678012
0.3385166666666666,-1000.0786841847369
0.3401833333333333,-1000.0785631128022
0.34185,-1000.0783582218356
0.3435166666666667,-1000.0781021081275
0.3451833333333334,-1000.0778320245807
0.34686666666666666,-1000.077599193937
0.34853333333333336,-1000.0774315558734
0.35020000000000007,-1000.0773477368417
0.35186666666666655,-1000.077338423616
0.3535333333333335,-1000.0773710199061
0.35519999999999996,-1000.0774129294219
0.35686666666666667,-1000.0774268992606
0.35853333333333337,-1000.0773989595833
0.3602000000000001,-1000.0773291103902
0.3618666666666668,-1000.0772452913584
0.36353333333333326,-1000.0771800987782
0.36519999999999997,-1000.0771707855524
0.3668666666666667,-1000.0772359781326
0.3685333333333334,-1000.077375676519
0.3702000000000001,-1000.0775759108726
0.37186666666666657,-1000.0777994282906
0.3735333333333333,-1000.07800897587
0.37521666666666675,-1000.0781626440948
0.37688333333333324,-1000.0782324932879
0.37854999999999994,-1000.078195240385
0.38021666666666665,-1000.0780369155473
0.38188333333333335,-1000.0777621753876
0.38355000000000006,-1000.0773896463576
0.38521666666666676,-1000.0769519247473
0.38688333333333347,-1000.0764909200726
0.38854999999999995,-1000.0760625116882
0.39021666666666666,-1000.0757086091096
0.39188333333333336,-1000.0754664652401
0.39355000000000007,-1000.0753547065311
0.39521666666666677,-1000.0753826462084
0.39688333333333325,-1000.0755270012074
0.39854999999999996,-1000.075769145077
0.40021666666666667,-1000.0760811381397
0.40188333333333337,-1000.0764210708795
0.4035500000000001,-1000.0767563470065
0.40523333333333333,-1000.077040400392
0.40690000000000004,-1000.0772452913584
0.40856666666666674,-1000.0773570500675
0.4102333333333332,-1000.0773710199061
0.41190000000000015,-1000.0772872008744
0.41356666666666664,-1000.0771102495851
0.41523333333333334,-1000.0768587924898
0.41690000000000005,-1000.0765607692658
0.41856666666666675,-1000.0762674026546
0.42023333333333346,-1000.0760112889465
0.42189999999999994,-1000.0758343376573
0.42356666666666665,-1000.0757598318512
0.42523333333333335,-1000.0757970847542
0.42690000000000006,-1000.0759274699147
0.42856666666666676,-1000.0761370174941
0.43023333333333325,-1000.0763884745894
0.43189999999999995,-1000.0766585581362
0.43356666666666666,-1000.0769053586185
0.4352499999999999,-1000.0771009363593
0.4369166666666666,-1000.0772033818425
0.4385833333333333,-1000.0771894120039
0.44025000000000003,-1000.0770450570049
0.44191666666666674,-1000.0767982565225
0.4435833333333332,-1000.0764816068469
0.44525000000000015,-1000.076141674107
0.44691666666666663,-1000.0758296810444
0.44858333333333333,-1000.075582880562
0.45025000000000004,-1000.0754152424985
0.45191666666666674,-1000.075322110241
0.45358333333333345,-1000.0752895139508
0.45524999999999993,-1000.075280200725
0.45691666666666664,-1000.0752755441122
0.45858333333333334,-1000.0752615742736
0.46025000000000005,-1000.0752522610478
0.46191666666666675,-1000.0752615742736
0.46358333333333324,-1000.0752988271765
0.4652666666666667,-1000.0753733329826
0.4669333333333334,-1000.075471121853
0.4685999999999999,-1000.0755782239492
0.4702666666666666,-1000.0756713562066
0.4719333333333333,-1000.0757458620126
0.4736,-1000.0758017413671
0.4752666666666667,-1000.0758483074959
0.47693333333333343,-1000.0758902170118
0.47860000000000014,-1000.0759041868504
0.4802666666666666,-1000.0758622773345
0.4819333333333333,-1000.0757365487868
0.48360000000000003,-1000.0755037181431
0.48526666666666673,-1000.0751591287903
0.48693333333333344,-1000.0747353770187
0.4885999999999999,-1000.0743023120212
0.49026666666666663,-1000.0739251263784
0.49193333333333333,-1000.0736643560574
0.4936166666666666,-1000.0735572539612
0.4952833333333333,-1000.0736084767028
0.49695,-1000.0737947412179
0.4986166666666667,-1000.0740834512161
0.5002833333333334,-1000.0744187273432
0.5019499999999999,-1000.0747633166959
0.5036166666666668,-1000.0750706531456
0.5052833333333333,-1000.075317453628
0.50695,-1000.0754897483044
0.5086166666666667,-1000.0755968504006
0.5102833333333332,-1000.075657386368
0.5119500000000001,-1000.075694639271
0.5136166666666666,-1000.075731892174
0.5152833333333333,-1000.075769145077
0.51695,-1000.0757924281413
0.5186166666666667,-1000.0757738016898
0.5202833333333334,-1000.0756806694324
0.5219666666666667,-1000.0754944049173
0.5236333333333334,-1000.0752056949191
0.5253000000000001,-1000.0748238526633
0.5269666666666666,-1000.0743768178273
0.5286333333333335,-1000.0739204697655
0.5303,-1000.0735153444454
0.5319666666666667,-1000.07323129106
0.5336333333333334,-1000.0731241889639
0.5352999999999999,-1000.0732173212214
0.5369666666666668,-1000.0734967179939
0.5386333333333333,-1000.0739158131527
0.5403,-1000.0744047575046
0.5419666666666667,-1000.0749030150822
0.5436333333333334,-1000.0753733329826
0.5453000000000001,-1000.0757831149156
0.5469666666666666,-1000.0761230476555
0.5486333333333333,-1000.0763838179765
0.5503166666666668,-1000.0765328295885
0.5519833333333333,-1000.0765467994272
0.55365,-1000.076402444428
0.5553166666666667,-1000.0760997645912
0.5569833333333334,-1000.075657386368
0.5586500000000001,-1000.0751218758874
0.5603166666666666,-1000.0745677389551
0.5619833333333335,-1000.0740648247646
0.56365,-1000.0736969523475
0.5653166666666667,-1000.0735060312196
0.5669833333333334,-1000.0735013746067
0.5686499999999999,-1000.0736550428317
0.5703166666666668,-1000.0738971867012
0.5719833333333333,-1000.0741672702479
0.57365,-1000.074390787666
0.5753166666666667,-1000.0745304860521
0.5769833333333334,-1000.0745677389551
0.5786500000000001,-1000.0745025463749
0.5803166666666666,-1000.0743721612145
0.5820000000000001,-1000.0742231496024
0.5836666666666668,-1000.0740927644418
0.5853333333333333,-1000.074013602023
0.5870000000000002,-1000.0740042887973
0.5886666666666667,-1000.0740368850874
0.5903333333333334,-1000.0740834512161
0.5920000000000001,-1000.0741067342806
0.5936666666666666,-1000.0740601681517
0.5953333333333335,-1000.0739251263784
0.597,-1000.0736876391218
0.5986666666666667,-1000.0733756460592
0.6003333333333334,-1000.0730170868677
0.6019999999999999,-1000.0726631842892
0.6036666666666668,-1000.072369817678
0.6053333333333333,-1000.0721695833245
0.607,-1000.0720904209055
0.6086666666666667,-1000.0721463002601
0.6103333333333334,-1000.0723372213879
0.6120166666666667,-1000.0726538710635
0.6136833333333334,-1000.0730729662222
0.6153500000000001,-1000.0735572539612
0.6170166666666668,-1000.0740555115389
0.6186833333333333,-1000.0745072029878
0.6203500000000002,-1000.0748564489535
0.6220166666666667,-1000.0750427134684
0.6236833333333334,-1000.0750473700813
0.6253500000000001,-1000.0748564489535
0.6270166666666666,-1000.0745072029878
0.6286833333333335,-1000.0740461983131
0.63035,-1000.0735432841226
0.6320166666666667,-1000.0730636529964
0.6336833333333334,-1000.0726585276764
0.6353500000000001,-1000.0723511912265
0.6370166666666668,-1000.0721323304214
0.6386833333333333,-1000.0719833188094
0.6403666666666668,-1000.0718715601004
0.6420333333333335,-1000.0717691146172
0.6436999999999999,-1000.071666669134
0.6453666666666666,-1000.0715781934892
0.6470333333333333,-1000.0715176575219
0.6487,-1000.0715036876833
0.6503666666666668,-1000.071550253812
0.6520333333333332,-1000.0716620125211
0.6537000000000002,-1000.071811024133
0.6553666666666667,-1000.0719786621966
0.6570333333333334,-1000.0721323304214
0.6587000000000001,-1000.072258058969
0.6603666666666665,-1000.072332564775
0.6620333333333335,-1000.0723605044523
0.6637,-1000.0723558478394
0.6653666666666667,-1000.0723279081622
0.6670333333333334,-1000.0722859986463
0.6687000000000001,-1000.0722440891304
0.6703833333333333,-1000.0721975230017
0.67205,-1000.0721463002601
0.6737166666666667,-1000.0720997341313
0.6753833333333334,-1000.0720531680025
0.6770499999999999,-1000.0720438547768
0.6787166666666669,-1000.0720857642926
0.6803833333333333,-1000.0722161494532
0.68205,-1000.0724443234841
0.6837166666666668,-1000.0727656297724
0.6853833333333332,-1000.0731381588025
0.6870500000000002,-1000.0735060312196
0.6887166666666666,-1000.0738040544436
0.6903833333333333,-1000.0739810057329
0.69205,-1000.0739996321844
0.6937166666666665,-1000.0738599337982
0.6953833333333335,-1000.0735851936385
0.69705,-1000.0732219778342
0.6987166666666667,-1000.072816852514
0.7004000000000001,-1000.0724070705811
0.7020666666666666,-1000.0720205717124
0.7037333333333333,-1000.071666669134
0.7054,-1000.0713546760712
0.7070666666666667,-1000.0710752792987
0.7087333333333334,-1000.0708377920421
0.7103999999999999,-1000.0706654973657
0.7120666666666668,-1000.0705723651082
0.7137333333333333,-1000.0705723651082
0.7154,-1000.0706701539785
0.7170666666666667,-1000.0708471052678
0.7187333333333332,-1000.0710845925245
0.7204000000000002,-1000.0713453628455
0.7220666666666666,-1000.0716014765536
0.7237333333333333,-1000.071811024133
0.7254,-1000.0719553791322
0.7270666666666667,-1000.0720159150995
0.72875,-1000.0719926320352
0.7304166666666667,-1000.0718994997776
0.7320833333333334,-1000.0717551447785
0.7337500000000001,-1000.0715781934892
0.7354166666666666,-1000.0713872723613
0.7370833333333335,-1000.0711963512335
0.73875,-1000.07102871317
0.7404166666666667,-1000.0709029846223
0.7420833333333334,-1000.0708517618807
0.7437499999999999,-1000.0708936713966
0.7454166666666668,-1000.0710380263957
0.7470833333333333,-1000.0712755136524
0.74875,-1000.0715688802635
0.7504166666666667,-1000.071885529939
0.7520833333333332,-1000.0721835531631
0.7537500000000001,-1000.0724303536455
0.7554166666666666,-1000.0726119615475
0.7570833333333333,-1000.0727330334823
0.7587666666666668,-1000.0728075392883
0.7604333333333333,-1000.0728587620299
0.7621,-1000.0729099847716
0.7637666666666667,-1000.0729612075132
0.7654333333333334,-1000.0730124302548
0.7671000000000001,-1000.0730357133192
0.7687666666666666,-1000.0729938038033
0.7704333333333335,-1000.072854105417
0.7721,-1000.0725979917089
0.7737666666666667,-1000.0722208060661
0.7754333333333334,-1000.0717318617142
0.7770999999999999,-1000.0711590983304
0.7787666666666668,-1000.0705630518825
0.7804333333333333,-1000.0699996017246
0.7821,-1000.0695479102757
0.7837666666666667,-1000.069273170116
0.7854333333333332,-1000.0692079775357
0.7871000000000001,-1000.0693663023735
0.7887833333333334,-1000.0697062351135
0.7904499999999999,-1000.0701625831751
0.7921166666666668,-1000.0706422143013
0.7937833333333333,-1000.071065966073
0.79545,-1000.0713453628455
0.7971166666666667,-1000.0714478083288
0.7987833333333334,-1000.0713779591356
0.8004500000000001,-1000.0711730681692
0.8021166666666666,-1000.0708890147837
0.8037833333333335,-1000.0705956481726
0.80545,-1000.0703302212387
0.8071166666666667,-1000.0701253302722
0.8087833333333334,-1000.0699670054345
0.8104499999999999,-1000.0698412768868
0.8121166666666668,-1000.0697202049521
0.8137833333333333,-1000.0695944764044
0.81545,-1000.069464091244
0.8171333333333335,-1000.0693383626963
0.8188,-1000.0692359172131
0.8204666666666667,-1000.0691893510842
0.8221333333333334,-1000.0692079775357
0.8238000000000001,-1000.0693057664062
0.8254666666666668,-1000.0694780610826
0.8271333333333333,-1000.0697108917263
0.8288000000000002,-1000.0699763186602
0.8304666666666667,-1000.0702510588198
0.8321333333333334,-1000.070507172528
0.8338000000000001,-1000.0707167201074
0.8354666666666666,-1000.0708797015579
0.8371333333333335,-1000.0709961168799
0.8388,-1000.0710752792987
0.8404833333333332,-1000.0711358152661
0.8421500000000002,-1000.0711823813949
0.8438166666666667,-1000.071214977685
0.8454833333333334,-1000.0712289475237
0.8471500000000001,-1000.0712010078464
0.8488166666666666,-1000.0711171888146
0.8504833333333335,-1000.070954207364
0.85215,-1000.0707074068816
0.8538166666666667,-1000.0704000704318
0.8554833333333334,-1000.0700601376919
0.8571500000000001,-1000.069724861565
0.8588166666666668,-1000.0694361515666
0.8604833333333333,-1000.0692312606002
0.8621500000000002,-1000.0691288151169
0.8638166666666667,-1000.0691288151169
0.8654833333333334,-1000.0692266039873
0.8671500000000001,-1000.0693895854379
0.8688166666666666,-1000.0695991330173
0.8704833333333335,-1000.0698226504353
0.87215,-1000.0700461678533
0.8738166666666667,-1000.070246402207
0.8755000000000002,-1000.0704000704318
0.8771666666666667,-1000.0704838894636
0.8788333333333334,-1000.0704792328507
0.8805000000000001,-1000.0703674741417
0.8821666666666665,-1000.0701579265623
0.8838333333333335,-1000.0698599033383
0.8855,-1000.0694966875341
0.8871666666666667,-1000.0691008754396
0.8888333333333334,-1000.0687004067323
0.8905000000000001,-1000.0683278777024
0.8921666666666668,-1000.068006571414
0.8938333333333333,-1000.0677644275445
0.8955000000000002,-1000.0676154159324
0.8971666666666667,-1000.0675781630295
0.8988333333333334,-1000.0676619820612
0.9005000000000001,-1000.0678668730277
0.9021666666666666,-1000.0681788660903
0.9038333333333335,-1000.068565364959
0.9055,-1000.0689891167307
0.9071833333333332,-1000.0693942420507
0.9088500000000002,-1000.0697388314036
0.9105166666666666,-1000.0699809752731
0.9121833333333333,-1000.0701020472078
0.91385,-1000.0700880773692
0.9155166666666668,-1000.0699716620474
0.9171833333333335,-1000.0697807409194
0.91885,-1000.0695665367272
0.9205166666666669,-1000.0693709589864
0.9221833333333334,-1000.0692219473744
0.9238500000000001,-1000.0691195018911
0.9255166666666668,-1000.0690589659238
0.9271833333333332,-1000.0690356828594
0.9288500000000002,-1000.0690543093109
0.9305166666666667,-1000.0691195018911
0.9321833333333334,-1000.0692359172131
0.9338500000000001,-1000.0693942420507
0.9355333333333333,-1000.0695851631787
0.9372,-1000.0697853975323
0.9388666666666667,-1000.0699716620474
0.9405333333333332,-1000.0701346434979
0.9422000000000001,-1000.0702789984971
0.9438666666666666,-1000.0704000704318
0.9455333333333333,-1000.0705025159151
0.9472,-1000.070581678334
0.9488666666666667,-1000.0706235878498
0.9505333333333335,-1000.0706189312369
0.9521999999999999,-1000.0705537386567
0.9538666666666669,-1000.0704233534962
0.9555333333333333,-1000.0702277757555
0.9572,-1000.0699809752731
0.9588666666666668,-1000.0697155483392
0.9605333333333332,-1000.0694594346311
0.9622000000000002,-1000.0692498870517
0.9638833333333334,-1000.0691195018911
0.9655499999999999,-1000.0690822489881
0.9672166666666668,-1000.069161411407
0.9688833333333333,-1000.069347675922
0.97055,-1000.0696317293074
0.9722166666666667,-1000.0699763186602
0.9738833333333334,-1000.0703488476902
0.9755500000000001,-1000.0707120634945
0.9772166666666666,-1000.0710240565571
0.9788833333333333,-1000.0712708570395
0.98055,-1000.0714291818773
0.9822166666666667,-1000.0714897178447
0.9838833333333334,-1000.0714571215545
0.9855499999999999,-1000.071326736394
0.9872166666666667,-1000.0711171888146
0.9888833333333333,-1000.0708377920421
0.99055,-1000.0705164857537
0.9922166666666667,-1000.0701765530138
0.9939,-1000.0698505901125
0.9955666666666667,-1000.0695665367272
0.9972333333333334,-1000.0693569891478
0.9989,-1000.0692452304388
1.0005666666666666,-1000.0692638568903
1.0022333333333333,-1000.0694128685022
1.0039,-1000.0696736388232
1.0055666666666667,-1000.0700042583375
1.0072333333333334,-1000.0703488476902
1.0089000000000001,-1000.0706468709142
1.0105666666666666,-1000.0708331354292
1.0122333333333333,-1000.0707539730104
1.0139,-1000.069869216564
1.0155666666666667,-1000.0664559193265
1.0172333333333334,-1000.0557550229391
1.0189000000000001,-1000.0263019465033
1.0205666666666666,-999.9534911475859
1.0222333333333333,-999.789624940506
1.0239166666666668,-999.450288247061
1.0255833333333333,-998.798162210173
1.02725,-997.6267958980178
1.0289166666666667,-995.6486760618392
1.0305833333333334,-992.4927032517701
1.0322500000000001,-987.7162803838571
1.0339166666666668,-980.8353991158472
1.0355833333333333,-971.3727426581889
1.03725,-958.9202333981731
1.0389166666666667,-943.2084816243539
1.0405833333333334,-924.1727417913139
1.0422500000000001,-902.0022120801742
1.0439166666666668,-877.1611893908871
1.0455833333333333,-850.3739167239396
1.04725,-822.57263866373
1.0489166666666667,-794.8150396322901
1.0505833333333334,-768.1828694269913
1.0522500000000001,-743.6766897997245
1.0539333333333334,-722.122039050852
1.0556,-704.099927425431
1.0572666666666668,-689.9102268227889
1.0589333333333333,-679.5708419194309
1.0606,-672.8498221714282
1.0622666666666667,-669.3228477003624
1.0639333333333334,-668.4455185516018
1.0656,-669.6288151059434
1.0672666666666668,-672.3071358503341
1.0689333333333333,-675.9908612240064
1.0706,-680.2988986858627
1.0722666666666667,-684.9703195900518
1.0739333333333334,-689.8575419047183
1.0756000000000001,-694.9057060735793
1.0772666666666668,-700.1243162435127
1.0789333333333333,-705.55703747345
1.0806,-711.2546920363114
1.0822833333333335,-717.2550683455798
1.08395,-723.571046592468
1.0856166666666667,-730.1870830031983
1.0872833333333334,-737.0625905399502
1.08895,-744.1398784258123
1.0906166666666668,-751.3541964587542
1.0922833333333335,-758.6434393928589
1.09395,-765.9558582892436
1.0956166666666667,-773.2546193400652
1.0972833333333334,-780.5191403164151
1.09895,-787.7434421273616
1.1006166666666668,-794.9324933788424
1.1022833333333333,-802.0974466586939
1.10395,-809.2508934481307
1.1056166666666667,-816.402896687576
1.1072833333333334,-823.5582433750659
1.10895,-830.7152478167393
1.1106333333333334,-837.865858728935
1.1123,-844.9968280480228
1.1139666666666668,-852.0915130395869
1.1156333333333335,-859.1318413890581
1.1173,-866.1000853712205
1.1189666666666667,-872.9801098224615
1.1206333333333334,-879.7580380364126
1.1223,-886.4222936734661
1.1239666666666668,-892.9631257862612
1.1256333333333335,-899.3718265087213
1.1273,-905.6398602694459
1.1289666666666667,-911.7580395712322
1.1306333333333334,-917.7159801673685
1.1323,-923.5018868574416
1.1339666666666668,-929.1026931857238
1.1356333333333335,-934.5045084760079
1.1373,-939.6932837272498
1.1389833333333335,-944.6555706414653
1.1406500000000002,-949.3792573685661
1.1423166666666666,-953.8541878358714
1.1439833333333334,-958.0726367226209
1.14565,-962.0295469472322
1.1473166666666668,-965.7226088297193
1.1489833333333335,-969.151491750568
1.15065,-972.3164704499377
1.1523166666666667,-975.2173074405721
1.1539833333333334,-977.8539747827938
1.15565,-980.2290568967485
1.1573166666666668,-982.3508798062572
1.1589833333333335,-984.2350897305809
1.16065,-985.9039545924887
1.1623166666666667,-987.3838960134349
1.1639833333333334,-988.70222037132
1.16565,-989.8839383338969
1.1673166666666668,-990.9495110581394
1.1689833333333335,-991.9137558862166
1.1706666666666667,-992.7860652062977
1.1723333333333334,-993.5715054131912
1.1740000000000002,-994.2725445117208
1.1756666666666666,-994.8908402560702
1.1773333333333333,-995.4287768320314
1.179,-995.8905079382894
1.1806666666666668,-996.2823386286768
1.1823333333333335,-996.6125483608863
1.1840000000000002,-996.8907437272792
1.1856666666666666,-997.1269876682791
1.1873333333333334,-997.330868149796
1.189,-997.5107018824251
1.1906666666666668,-997.6730407204819
1.1923333333333335,-997.82245745781
1.194,-997.9616296468124
1.1956666666666667,-998.0916981576438
1.1973333333333334,-998.2127281828842
1.199,-998.3242494046335
1.2006833333333333,-998.4256797462822
1.20235,-998.516721184606
1.2040166666666667,-998.5975180746044
1.2056833333333334,-998.6687269986927
1.2073500000000001,-998.7314469175094
1.2090166666666666,-998.7870748149171
1.2106833333333333,-998.8371054636488
1.21235,-998.8829544740184
1.2140166666666667,-998.9258139389221
1.2156833333333334,-998.9665406751291
1.2173500000000002,-999.0056422534425
1.2190166666666666,-999.0432956251517
1.2206833333333333,-999.0794402542894
1.22235,-999.1138572800503
1.2240166666666668,-999.1462999019521
1.2256833333333335,-999.1765632290284
1.2273500000000002,-999.20453550257
1.2290333333333334,-999.2302400056413
1.2307000000000001,-999.2538164366288
1.2323666666666668,-999.2754976261758
1.2340333333333333,-999.2955862541197
1.2357,-999.3143989701357
1.2373666666666667,-999.3322012011578
1.2390333333333334,-999.349211807991
1.2407000000000001,-999.3655565191831
1.2423666666666666,-999.3812958707015
1.2440333333333333,-999.3964391757718
1.2457,-999.4109631513296
1.2473666666666667,-999.424835201085
1.2490333333333334,-999.4380413551992
1.2507000000000001,-999.4505629872208
1.2523666666666666,-999.4624187236011
1.2540333333333333,-999.4736411606305
1.2557,-999.4842861776633
1.2573666666666667,-999.4944189672798
1.25905,-999.5041140352861
1.2607166666666667,-999.5134365742623
1.2623833333333334,-999.5224284937244
1.2640500000000001,-999.5311270465753
1.2657166666666668,-999.5395508592667
1.2673833333333333,-999.5476906185726
1.26905,-999.5555370112673
1.2707166666666667,-999.5630714108995
1.2723833333333334,-999.5702519079532
1.2740500000000001,-999.5770645325897
1.2757166666666668,-999.5834906583575
1.2773833333333333,-999.5895256286439
1.27905,-999.5952066963516
1.2807166666666667,-999.6005850842225
1.2823833333333334,-999.6057446112883
1.2840500000000001,-999.6107737531936
1.2857166666666666,-999.6157702988087
1.2873833333333333,-999.6208040973269
1.2890666666666668,-999.625912401651
1.2907333333333333,-999.631099868394
1.2924,-999.6363199314271
1.2940666666666667,-999.6415120547831
1.2957333333333334,-999.6466017326557
1.2974,-999.6515144592391
1.2990666666666668,-999.6562083250174
1.3007333333333333,-999.6606460770874
1.3024,-999.6648230588365
1.3040666666666667,-999.6687532401032
1.3057333333333334,-999.6724692171776
1.3074000000000001,-999.6760082429629
1.3090666666666668,-999.6794122269747
1.3107333333333333,-999.6827184221161
1.3124,-999.6859547680644
1.3140666666666667,-999.6891492044969
1.3157333333333334,-999.6923203578649
1.3174166666666667,-999.6954775413943
1.3190833333333334,-999.6986486947624
1.32075,-999.7018384745819
1.3224166666666668,-999.7050608506916
1.3240833333333335,-999.7083111664784
1.32575,-999.7115847653298
1.3274166666666667,-999.714858364181
1.3290833333333334,-999.7181133365808
1.33075,-999.7213263994648
1.3324166666666668,-999.7244649565426
1.3340833333333333,-999.727515037976
1.33575,-999.7304673305389
1.3374166666666667,-999.7333264908443
1.3390833333333334,-999.7360925188922
1.34075,-999.7387886977469
1.3424166666666668,-999.7414196840215
1.3440833333333333,-999.7439761644899
1.34575,-999.7464395127009
1.3474333333333335,-999.7487771323644
1.3491,-999.7509657404157
1.3507666666666667,-999.7529913670164
1.3524333333333334,-999.7548679820052
1.3541,-999.7566374948977
1.3557666666666668,-999.7583604416616
1.3574333333333335,-999.7601066714898
1.3591,-999.7619320637369
1.3607666666666667,-999.7638599014673
1.3624333333333334,-999.7659134677452
1.3641,-999.7680834493451
1.3657666666666668,-999.7703558764282
1.3674333333333335,-999.7726934960916
1.3691,-999.7750730252709
1.3707666666666667,-999.7774525544501
1.3724333333333334,-999.7797901741135
1.3741,-999.782048631358
1.3757833333333334,-999.7841860166677
1.37745,-999.7861790469783
1.3791166666666668,-999.788023065677
1.3807833333333335,-999.7897227293764
1.38245,-999.7912966645282
1.3841166666666667,-999.7927681541968
1.3857833333333334,-999.7941697946723
1.38745,-999.7955388388576
1.3891166666666668,-999.79690322643
1.3907833333333335,-999.7982769272282
1.39245,-999.7996832243166
1.3941166666666667,-999.8011174610821
1.3957833333333334,-999.802574980912
1.39745,-999.8040557838063
1.3991166666666668,-999.8055505565394
1.4007833333333335,-999.8070779255625
1.40245,-999.8086472041014
1.4041166666666667,-999.8102909884464
1.4058000000000002,-999.8120185918231
1.4074666666666666,-999.8138393274572
1.4091333333333333,-999.8157485387361
1.4108,-999.8177136293695
1.4124666666666668,-999.8196880332285
1.4141333333333335,-999.8215972445074
1.4158000000000002,-999.823371414013
1.4174666666666667,-999.8249406925519
1.4191333333333334,-999.8262631706084
1.4208,-999.8273295349569
1.4224666666666668,-999.8281723818873
1.4241333333333335,-999.8288615605928
1.4258000000000002,-999.8294715768795
1.4274666666666667,-999.8301048762305
1.4291333333333334,-999.830831307839
1.4308,-999.8317020944468
1.4324666666666668,-999.832735862505
1.43415,-999.8339186421754
1.4358166666666667,-999.8352224937804
1.4374833333333334,-999.8366008511915
1.4391500000000002,-999.8380071482798
1.4408166666666666,-999.8393948189166
1.4424833333333333,-999.840726610199
1.44415,-999.8419745824496
1.4458166666666667,-999.8431247658297
1.4474833333333335,-999.8441818169524
1.4491500000000002,-999.8451550490433
1.4508166666666666,-999.8460724017798
1.4524833333333333,-999.8469478450003
1.45415,-999.8478139749951
1.4558166666666668,-999.8486894182156
1.4574833333333335,-999.8495881445006
1.4591500000000002,-999.8505148104628
1.4608166666666667,-999.8514787293279
1.4624833333333334,-999.8524659312575
1.4641666666666668,-999.8534764162514
1.4658333333333333,-999.8545008710839
1.4675,-999.8555299825293
1.4691666666666667,-999.8565544373619
1.4708333333333334,-999.8575695789688
1.4725000000000001,-999.8585521242854
1.4741666666666668,-999.8594787902475
1.4758333333333333,-999.8603169805651
1.4775,-999.8610480687865
1.4791666666666667,-999.8616767115246
1.4808333333333334,-999.8622168786183
1.4825000000000002,-999.862710479583
1.4841666666666666,-999.8631994239349
1.4858333333333333,-999.8637256211898
1.4875,-999.8643263242507
1.4891666666666667,-999.8650155029562
1.4908333333333335,-999.8657978139192
1.4925000000000002,-999.8666453174626
1.4941833333333334,-999.8675207606831
1.4958500000000001,-999.868382234065
1.4975166666666668,-999.869169201641
1.4991833333333333,-999.8698537237336
1.50085,-999.8704032040529
1.5025166666666667,-999.8708362690503
1.5041833333333334,-999.8711762017901
1.5058500000000001,-999.8714788816271
1.5075166666666668,-999.8718095011412
1.5091833333333333,-999.8722192830743
1.51085,-999.872750136942
1.5125166666666667,-999.873425345809
1.5141833333333334,-999.8742355964492
1.5158500000000001,-999.8751529491857
1.5175166666666668,-999.8761261812766
1.5191833333333333,-999.8771087265933
1.52085,-999.878049362394
1.5225166666666667,-999.8789154923888
1.5242,-999.8796791769004
1.5258666666666667,-999.8803357593158
1.5275333333333334,-999.8808852396351
1.5292000000000001,-999.8813555575355
1.5308666666666668,-999.8817793093071
1.5325333333333333,-999.882193747853
1.5342,-999.882640782689
1.5358666666666667,-999.8831576667181
1.5375333333333334,-999.883763026392
1.5392000000000001,-999.8844615183233
1.5408666666666668,-999.8852484858992
1.5425333333333333,-999.8861006460553
1.5442,-999.8869900591145
1.5458666666666667,-999.8878794721737
1.5475333333333334,-999.888726975717
1.5492000000000001,-999.8894999734542
1.5508666666666668,-999.8901891521598
1.55255,-999.8907945118336
1.5542166666666668,-999.8913439921529
1.5558833333333335,-999.8918701894078
1.55755,-999.8923917300498
1.5592166666666667,-999.8929225839175
1.5608833333333334,-999.8934487811725
1.56255,-999.8939563519759
1.5642166666666668,-999.8944313264892
1.5658833333333335,-999.8948643914865
1.56755,-999.8952834866453
1.5692166666666667,-999.8957165516427
1.5708833333333334,-999.8962008393818
1.5725500000000001,-999.8967549763139
1.5742166666666668,-999.897388275665
1.5758833333333333,-999.8980681411447
1.57755,-999.8987480066245
1.5792166666666667,-999.8993719927498
1.5808833333333334,-999.8999075032305
1.5825666666666667,-999.9003405682279
1.5842333333333334,-999.9006991274192
1.5859,-999.9010111204819
1.5875666666666668,-999.9013277701574
1.5892333333333335,-999.9016956425745
1.5909,-999.9021287075719
1.5925666666666667,-999.9026316217625
1.5942333333333334,-999.9031764454688
1.5959,-999.9037212691753
1.5975666666666668,-999.9042288399787
1.5992333333333335,-999.904661904976
1.6009,-999.9050204641675
1.6025666666666667,-999.9053184873915
1.6042333333333334,-999.9055839143253
1.6059,-999.9058400280335
1.6075666666666668,-999.9061147681931
1.6092333333333335,-999.9063988215786
1.6109,-999.9066875315768
1.6125833333333335,-999.9069529585107
1.6142500000000002,-999.9071811325416
1.6159166666666667,-999.9073673970566
1.6175833333333334,-999.9075257218943
1.61925,-999.9076793901193
1.6209166666666668,-999.9078656546343
1.6225833333333335,-999.9081171117296
1.62425,-999.9084523878565
1.6259166666666667,-999.9088761396282
1.6275833333333334,-999.9093790538187
1.62925,-999.9099331907508
1.6309166666666668,-999.9105106107473
1.6325833333333335,-999.9110694042924
1.63425,-999.9115956015473
1.6359166666666667,-999.9120659194477
1.6375833333333334,-999.9124570749292
1.63925,-999.912764411379
1.6409333333333334,-999.9129832721842
1.6426,-999.9131183139575
1.6442666666666668,-999.9131881631506
1.6459333333333335,-999.9132347292795
1.6476000000000002,-999.9132812954082
1.6492666666666667,-999.9133744276656
1.6509333333333334,-999.9135374091163
1.6526,-999.9138074926631
1.6542666666666668,-999.9141939915318
1.6559333333333335,-999.914706218948
1.6576000000000002,-999.9153302050732
1.6592666666666667,-999.9160240403917
1.6609333333333334,-999.9167504720002
1.6626,-999.9174443073186
1.6642666666666668,-999.9180682934439
1.6659333333333335,-999.9185805208602
1.6676,-999.9189483932773
1.6692666666666667,-999.9191672540825
1.6709500000000002,-999.9192371032756
1.6726166666666666,-999.9191812239211
1.6742833333333333,-999.9190275556962
1.67595,-999.9188133515039
1.6776166666666668,-999.9185758642473
1.6792833333333335,-999.9183616600551
1.6809500000000002,-999.9182033352173
1.6826166666666666,-999.9181381426371
1.6842833333333334,-999.9182079918302
1.68595,-999.9184361658611
1.6876166666666668,-999.9188459477941
1.6892833333333335,-999.9194187111777
1.6909500000000002,-999.9201265163348
1.6926166666666667,-999.9209088272978
1.6942833333333334,-999.9216957948737
1.69595,-999.9224222264822
1.6976166666666668,-999.9230275861561
1.6993,-999.9234979040565
1.7009666666666667,-999.9238238669577
1.7026333333333334,-999.9240473843757
1.7043000000000001,-999.9242103658264
1.7059666666666669,-999.924373347277
1.7076333333333333,-999.9245689250178
1.7093,-999.9248064122744
1.7109666666666667,-999.9250951222726
1.7126333333333335,-999.9253978021095
1.7143000000000002,-999.9257051385594
1.7159666666666666,-999.9259891919447
1.7176500000000001,-999.9262453056529
1.7193166666666668,-999.9264781362966
1.7209833333333333,-999.9267063103275
1.72265,-999.9269391409713
1.7243166666666667,-999.9271999112923
1.7259833333333334,-999.9274979345163
1.7276500000000001,-999.9278471804819
1.7293166666666668,-999.9282429925763
1.7309833333333333,-999.9286760575737
1.73265,-999.929151032087
1.7343166666666667,-999.9296399764389
1.7359833333333334,-999.9301289207908
1.7376500000000001,-999.9305852688526
1.7393166666666668,-999.9309671111083
1.7409833333333333,-999.9312511644937
1.74265,-999.9314048327186
1.7443166666666667,-999.9314234591701
1.7459833333333334,-999.9313210136869
1.7476500000000001,-999.9311347491719
1.7493166666666669,-999.9309298582053
1.7509833333333333,-999.9307715333675
1.75265,-999.9307203106259
1.7543166666666667,-999.9308087862706
1.7559833333333335,-999.9310509301401
1.7576500000000002,-999.9314234591701
1.7593333333333334,-999.9318704940061
1.7610000000000001,-999.9323408119066
1.7626666666666668,-999.932773876904
1.7643333333333333,-999.9331370927082
1.766,-999.9334351159322
1.7676666666666667,-999.9337051994789
1.7693333333333334,-999.9339939094773
1.7710000000000001,-999.9343478120558
1.7726666666666668,-999.9347948468918
1.7743333333333333,-999.9353210441467
1.776,-999.9358844943046
1.7776666666666667,-999.9364246613982
1.7793333333333334,-999.9368670396212
1.7810000000000001,-999.9371743760711
1.7826666666666668,-999.937323387683
1.7843333333333333,-999.9373373575216
1.786,-999.93728613478
1.7876833333333335,-999.9372442252642
1.78935,-999.9372814781672
1.7910166666666667,-999.9374304897792
1.7926833333333334,-999.9376912601002
1.7943500000000001,-999.9380451626787
1.7960166666666668,-999.9384549446117
1.7976833333333335,-999.9388973228349
1.79935,-999.9393722973482
1.8010166666666667,-999.9398845247645
1.8026833333333334,-999.9404479749223
1.8043500000000001,-999.9410673044348
1.8060166666666668,-999.941728543463
1.8077,-999.9423804692656
1.8093666666666668,-999.9429625458749
1.8110333333333335,-999.9433956108724
1.8127,-999.9436098150646
1.8143666666666667,-999.9435772187745
1.8160333333333334,-999.9433117918406
1.8177,-999.9428694136175
1.8193666666666668,-999.9423525295883
1.8210333333333335,-999.9418682418493
1.8227,-999.9415189958836
1.8243666666666667,-999.9413699842717
1.8260333333333334,-999.9414351768519
1.8277,-999.9416959471729
1.8293666666666668,-999.9420917592673
1.8310333333333335,-999.9425620771677
1.8327,-999.9430417082939
1.8343666666666667,-999.9434933997428
1.8360333333333334,-999.9438892118371
1.8377000000000001,-999.9442291445771
1.8393666666666668,-999.9445131979625
1.8410333333333335,-999.9447646550577
1.8427,-999.9449928290886
1.8443666666666667,-999.945202376668
1.8460500000000002,-999.9454026110216
1.8477166666666667,-999.9455702490851
1.8493833333333334,-999.945686664407
1.85105,-999.94572391731
1.8527166666666668,-999.9456726945683
1.8543833333333335,-999.9455423094079
1.8560500000000002,-999.9453700147315
1.8577166666666667,-999.9451930634423
1.8593833333333334,-999.9450580216688
1.86105,-999.9450021423144
1.8627166666666668,-999.945053365056
1.8643833333333335,-999.9452163465066
1.86605,-999.9454957432791
1.8677166666666667,-999.9458868987606
1.8693833333333334,-999.9463804997254
1.87105,-999.9469625763348
1.8727333333333334,-999.9476051889116
1.8743833333333335,-999.9482803977785
1.87605,-999.9489509500326
1.8777333333333335,-999.9495795927706
1.8794000000000002,-999.9501244164771
1.8810666666666667,-999.9505574814744
1.8827333333333334,-999.95087413115
1.8844,-999.9510836787294
1.8860666666666668,-999.9512187205028
1.8877333333333335,-999.9513211659861
1.8894000000000002,-999.9514282680822
1.8910666666666667,-999.9515586532427
1.8927333333333334,-999.9517076648547
1.8944,-999.951847363241
1.8960666666666668,-999.951954465337
1.8977333333333335,-999.9520056880787
1.8994000000000002,-999.9520103446915
1.9010666666666667,-999.95199171824
1.9027333333333334,-999.9519870616272
1.9044,-999.9520522542075
1.9060833333333334,-999.9522152356581
1.90775,-999.9524853192048
1.9094166666666668,-999.9528345651705
1.9110833333333335,-999.9532210640391
1.9127500000000002,-999.9535842798434
1.9144166666666667,-999.9538916162932
1.9160833333333334,-999.9541244469369
1.91775,-999.9542781151619
1.9194166666666668,-999.9543898738708
1.9210833333333335,-999.9544830061284
1.9227500000000002,-999.9545854516116
1.9244166666666667,-999.9547111801592
1.9260833333333334,-999.9548508785455
1.92775,-999.9549859203189
1.9294166666666668,-999.9551069922536
1.9310833333333335,-999.955204781124
1.9327500000000002,-999.9553072266073
1.9344333333333334,-999.9554422683806
1.9361000000000002,-999.95565181596
1.9377666666666669,-999.9559498391841
1.9394333333333333,-999.9563409946655
1.9411,-999.9568019993402
1.9427666666666668,-999.9573002569178
1.9444333333333335,-999.9577938578826
1.9461000000000002,-999.9582502059444
1.9477666666666669,-999.958641361426
1.9494333333333334,-999.9589673243272
1.9511,-999.9592327512611
1.9527666666666668,-999.9594422988405
1.9544333333333335,-999.9596145935169
1.9561000000000002,-999.959758948516
1.9577666666666667,-999.9598753638379
1.9594333333333334,-999.9599545262568
1.9611,-999.9599871225469
1.9627666666666668,-999.9599591828696
1.96445,-999.9598613939993
1.9661166666666667,-999.9597030691615
1.9677833333333334,-999.9595028348078
1.9694500000000001,-999.9593119136799
1.9711166666666669,-999.9591768719066
1.9727833333333333,-999.9591582454551
1.97445,-999.9592886306156
1.9761166666666667,-999.9595726840009
1.9777833333333334,-999.9599778093211
1.9794500000000002,-999.9604527838344
1.9811166666666669,-999.9609277583477
1.9827833333333333,-999.9613421968936
1.98445,-999.9616681597948
1.9861166666666668,-999.9619009904386
1.9877833333333335,-999.9620500020507
1.9894500000000002,-999.9621431343081
1.9911166666666669,-999.9621990136626
1.9927833333333334,-999.9622409231785
1.9944666666666668,-999.9622735194686
1.9961333333333335,-999.9623061157588
1.9978,-999.9623247422103
1.9994666666666667,-999.9623293988232
2.001133333333333,-999.9623061157588
2.0028,-999.9622642062428
2.0044666666666666,-999.9622362665656
2.0061333333333335,-999.9622502364042
2.0078,-999.9623433686618
2.009466666666667,-999.9625389464026
2.0111333333333334,-999.9628323130137
2.0128,-999.9632094986565
2.014466666666667,-999.9636332504282
2.0161333333333333,-999.96408959849
2.0178000000000003,-999.9645506031646
2.0194666666666667,-999.9650022946136
2.0211333333333332,-999.9654260463851
2.022816666666667,-999.9658078886409
2.0244833333333334,-999.9661291949293
2.02615,-999.9663620255731
2.027816666666667,-999.9664970673465
2.0294833333333333,-999.9665110371851
2.0311500000000002,-999.966399278476
2.0328166666666667,-999.9661897308968
2.0344833333333336,-999.9659056775113
2.03615,-999.9656123109002
2.0378166666666666,-999.9653608538049
2.0394833333333335,-999.9651932157414
2.04115,-999.965132679774
2.042816666666667,-999.9651885591285
2.0444833333333334,-999.9653515405791
2.04615,-999.9655983410615
2.047816666666667,-999.9659056775113
2.0494833333333333,-999.9662502668641
2.0511500000000003,-999.9666227958941
2.0528333333333335,-999.9670279212143
2.0545,-999.9674516729859
2.056166666666667,-999.967894051209
2.0578333333333334,-999.9683178029807
2.0595,-999.968681018785
2.061166666666667,-999.968941789106
2.0628333333333333,-999.9690582044278
2.0645000000000002,-999.9690116382991
2.0661666666666667,-999.9687974341068
2.0678333333333336,-999.968457501367
2.0695,-999.968043062821
2.0711666666666666,-999.967633280888
2.0728333333333335,-999.9673166312125
2.0745,-999.9671536497618
2.076166666666667,-999.9671722762134
2.0778333333333334,-999.967372510567
2.0795,-999.9677031300812
2.0811833333333336,-999.9680942855626
2.08285,-999.9684714712056
2.0845166666666666,-999.9687834642682
2.0861833333333335,-999.9690069816862
2.08785,-999.9691513366854
2.089516666666667,-999.9692537821686
2.0911833333333334,-999.9693748541034
2.0928500000000003,-999.9695564620055
2.094516666666667,-999.9698312021651
2.0961833333333333,-999.9701944179694
2.09785,-999.9706135131282
2.0995166666666667,-999.9710372648998
2.1011833333333336,-999.9714097939299
2.10285,-999.9716705642509
2.1045166666666666,-999.9717823229598
2.1061833333333335,-999.9717264436053
2.10785,-999.9715122394131
2.109516666666667,-999.9711723066732
2.1111833333333334,-999.9707532115144
2.1128666666666667,-999.9703294597427
2.1145333333333336,-999.9699662439385
2.1162,-999.9697287566819
2.1178666666666666,-999.9696821905532
2.1195333333333335,-999.9698544852296
2.1212,-999.970245640711
2.122866666666667,-999.9708277173205
2.1245333333333334,-999.9715308658646
2.1262000000000003,-999.972261954086
2.127866666666667,-999.9729278497272
2.1295333333333333,-999.9734493903692
2.1312,-999.9737753532705
2.1328666666666667,-999.9738917685924
2.1345333333333336,-999.9738265760121
2.1362,-999.9736263416585
2.1378666666666666,-999.9733609147246
2.1395333333333335,-999.9731001444036
2.1412166666666668,-999.9728859402113
2.1428833333333333,-999.9727322719864
2.14455,-999.9726391397289
2.1462166666666667,-999.9725925736002
2.1478833333333336,-999.972564633923
2.14955,-999.9725599773101
2.1512166666666666,-999.9725832603744
2.1528833333333335,-999.9726577661804
2.15455,-999.9728114344053
2.156216666666667,-999.9730535782749
2.1578833333333334,-999.9733655713375
2.1595500000000003,-999.9737241305288
2.161216666666667,-999.9740733764945
2.1628833333333333,-999.9743713997185
2.16455,-999.974576290685
2.1662166666666667,-999.9746833927811
2.1678833333333336,-999.9747066758455
2.16955,-999.9746740795554
2.1712333333333333,-999.9746182002009
2.1729000000000003,-999.9745669774593
2.1745666666666668,-999.9745204113306
2.1762333333333332,-999.974464531976
2.1779,-999.9743760563314
2.1795666666666667,-999.9742317013322
2.1812333333333336,-999.9740314669787
2.1829,-999.9738032929478
2.184566666666667,-999.9736030585941
2.1862333333333335,-999.973491299885
2.1879,-999.9735192395624
2.189566666666667,-999.9737194739159
2.1912333333333334,-999.9740733764945
2.1929000000000003,-999.9745297245563
2.1945666666666668,-999.9750326387468
2.1962333333333333,-999.9755076132601
2.1979,-999.975917395193
2.1995833333333334,-999.9762340448686
2.20125,-999.9764715321253
2.202916666666667,-999.9766577966402
2.2045833333333333,-999.9768254347038
2.2062500000000003,-999.9769884161544
2.2079166666666667,-999.9771467409921
2.2095833333333332,-999.9772771261527
2.21125,-999.9773469753458
2.2129166666666666,-999.9773143790557
2.2145833333333336,-999.9771653674436
2.21625,-999.9768952838969
2.217916666666667,-999.9765320680926
2.2195833333333335,-999.9761176295467
2.22125,-999.9757125042266
2.222916666666667,-999.9753679148738
2.2245833333333334,-999.9751304276172
2.2262500000000003,-999.9750186689082
2.2279166666666668,-999.975027982134
2.2296,-999.97513508423
2.231266666666667,-999.9753166921322
2.2329333333333334,-999.9755402095502
2.2346,-999.9757823534197
2.236266666666667,-999.9760244972892
2.2379333333333333,-999.9762526713201
2.2396000000000003,-999.9764529056738
2.2412666666666667,-999.9766252003501
2.2429333333333332,-999.9767648987364
2.2446,-999.9768673442196
2.2462666666666666,-999.976927880187
2.2479333333333336,-999.9769371934128
2.2496,-999.9768999405097
2.251266666666667,-999.9768300913166
2.2529333333333335,-999.9767555855107
2.2546,-999.976704362769
2.256266666666667,-999.976704362769
2.2579333333333333,-999.976778868575
2.2596166666666666,-999.9769139103483
2.2612833333333335,-999.9770955182505
2.26295,-999.9772817827655
2.264616666666667,-999.9774307943776
2.2662833333333334,-999.9775192700222
2.26795,-999.9775425530866
2.269616666666667,-999.9775099567964
2.2712833333333333,-999.9774727038935
2.2729500000000002,-999.9774820171192
2.2746166666666667,-999.9775658361509
2.2762833333333337,-999.9777474440531
2.27795,-999.9780082143741
2.2796166666666666,-999.9783015809852
2.2812833333333336,-999.9785763211448
2.28295,-999.9787765554985
2.284616666666667,-999.9788510613045
2.2862833333333334,-999.9787858687242
2.2879666666666667,-999.9785856343706
2.2896333333333336,-999.9782922677595
2.2913,-999.9779476784067
2.2929666666666666,-999.9776030890539
2.2946333333333335,-999.9773050658299
2.2963,-999.9770862050248
2.297966666666667,-999.9769511632514
2.2996333333333334,-999.9768999405097
2.3013,-999.9769232235741
2.302966666666667,-999.9769977293802
2.3046333333333333,-999.9771281145406
2.3063000000000002,-999.9772910959913
2.3079666666666667,-999.9774866737321
2.3096333333333336,-999.9777008779243
2.3113,-999.9779197387295
2.3129666666666666,-999.9781246296959
2.3146500000000003,-999.9782969243723
2.316316666666667,-999.9784179963071
2.3179833333333333,-999.9784738756616
2.31965,-999.9784459359844
2.3213166666666667,-999.9783434905011
2.3229833333333336,-999.9781898222762
2.32465,-999.9780175275998
2.3263166666666666,-999.9778685159878
2.3279833333333335,-999.9777753837303
2.32965,-999.9777381308273
2.331316666666667,-999.9777567572788
2.3329833333333334,-999.977821949859
2.33465,-999.977938365181
2.336316666666667,-999.9781106598573
2.3379833333333333,-999.9783528037268
2.3396500000000002,-999.9786694534024
2.3413166666666667,-999.9790606088839
2.3429833333333336,-999.9794890172684
2.34465,-999.9799081124272
2.3463166666666666,-999.9802713282314
2.3480000000000003,-999.9805227853267
2.349666666666667,-999.9806438572615
2.3513333333333333,-999.98062523081
2.353,-999.9804948456494
2.3546666666666667,-999.9802759848443
2.3563333333333336,-999.9800105579104
2.358,-999.9797218479122
2.3596666666666666,-999.9794191680753
2.3613333333333335,-999.9791071750126
2.363,-999.9787858687242
2.364666666666667,-999.9784645624359
2.3663333333333334,-999.9781525693733
2.3680000000000003,-999.9778638593749
2.369666666666667,-999.9776217155054
2.3713333333333333,-999.9774401076033
2.373,-999.9773330055071
2.3746666666666667,-999.9773097224428
2.37635,-999.9773795716359
2.378016666666667,-999.9775472096994
2.3796833333333334,-999.9778079800204
2.3813500000000003,-999.9781385995345
2.383016666666667,-999.9785204417904
2.3846833333333333,-999.9789255671105
2.38635,-999.9793400056564
2.3880166666666667,-999.9797451309765
2.3896833333333336,-999.9801316298452
2.39135,-999.9804715625851
2.3930166666666666,-999.9807416461318
2.3946833333333335,-999.9808999709696
2.39635,-999.9809046275825
2.398016666666667,-999.9807416461318
2.3996833333333334,-999.9804203398435
2.4013500000000003,-999.9799965880718
2.403016666666667,-999.9795542098486
2.4046833333333333,-999.9791770242058
2.406366666666667,-999.9789395369492
2.4080333333333335,-999.978869687756
2.4097,-999.9789674766264
2.411366666666667,-999.9791863374315
2.4130333333333334,-999.9794750474298
2.4147000000000003,-999.9797963537181
2.4163666666666668,-999.9801176600066
2.4180333333333333,-999.980438966295
2.4197,-999.9807695858091
2.4213666666666667,-999.9811002053233
2.4230333333333336,-999.9814308248374
2.4247,-999.9817288480614
2.426366666666667,-999.9819477088665
2.4280333333333335,-999.9820361845111
2.4297,-999.9819477088665
2.431366666666667,-999.9816776253198
2.4330333333333334,-999.9812538735481
2.4347166666666666,-999.980736989519
2.4363833333333336,-999.9802340753284
2.43805,-999.979838263234
2.439716666666667,-999.9796519987191
2.4413833333333335,-999.9797311611379
2.44305,-999.9800804071035
2.444716666666667,-999.9806485138744
2.4463833333333334,-999.9813423491928
2.4480500000000003,-999.9820454977369
2.4497166666666668,-999.9826601706364
2.4513833333333332,-999.9831165186982
2.45305,-999.9833912588579
2.4547166666666667,-999.9834937043411
2.4563833333333336,-999.9834657646638
2.45805,-999.9833446927291
2.459716666666667,-999.9831584282141
2.4613833333333335,-999.9829209409575
2.46305,-999.982641544185
2.464716666666667,-999.9823202378966
2.4664,-999.9819756485438
2.4680666666666666,-999.9816357158039
2.4697333333333336,-999.9813376925799
2.4714,-999.9811141751619
2.473066666666667,-999.9809931032271
2.4747333333333335,-999.9809744767756
2.4764,-999.981035012743
2.478066666666667,-999.9811421148391
2.4797333333333333,-999.9812445603224
2.4814000000000003,-999.9813097529026
2.4830666666666668,-999.9813190661283
2.4847333333333332,-999.9812864698382
2.4864,-999.9812399037095
2.4880666666666666,-999.9812166206451
2.4897333333333336,-999.9812445603224
2.4914,-999.9813376925799
2.493066666666667,-999.9814913608047
2.4947500000000002,-999.9816869385455
2.4964166666666667,-999.9818964861249
2.4980833333333337,-999.9820874072528
2.49975,-999.9822364188648
2.5014166666666666,-999.9823342077352
2.5030833333333335,-999.982380773864
2.50475,-999.9823900870897
2.506416666666667,-999.982380773864
2.5080833333333334,-999.9823714606382
2.50975,-999.9823574907996
2.511416666666667,-999.9823481775738
2.5130833333333333,-999.9823295511223
2.5147500000000003,-999.9822969548321
2.5164166666666667,-999.9822597019291
2.5180833333333337,-999.9822317622519
2.51975,-999.9822503887034
2.5214166666666666,-999.9823388643481
2.5231000000000003,-999.9825204722501
2.524766666666667,-999.9827952124099
2.5264333333333333,-999.9831211753111
2.5281000000000002,-999.9834517948252
2.5297666666666667,-999.983721878372
2.5314333333333336,-999.9838615767583
2.5331,-999.9838289804682
2.5347666666666666,-999.9836147762759
2.5364333333333335,-999.9832329340201
2.5381,-999.9827207066038
2.539766666666667,-999.9821386299944
2.5414333333333334,-999.9815472401592
2.5431,-999.9809884466142
2.544766666666667,-999.9805134721009
2.5464333333333333,-999.9801502562967
2.5481000000000003,-999.9799081124272
2.5497666666666667,-999.9797823838795
2.5514333333333337,-999.9797777272667
2.553116666666667,-999.9798894859757
2.5547833333333334,-999.9801130033937
2.5564500000000003,-999.980438966295
2.558116666666667,-999.9808347783893
2.5597833333333333,-999.9812492169352
2.5614500000000002,-999.9816077761267
2.5631166666666667,-999.9818592332219
2.5647833333333336,-999.9819616787051
2.56645,-999.9819197691893
2.5681166666666666,-999.9817661009644
2.5697833333333335,-999.9815658666107
2.57145,-999.9813796020958
2.573116666666667,-999.981258530161
2.5747833333333334,-999.9812259338709
2.57645,-999.9812818132253
2.578116666666667,-999.9813842587087
2.5797833333333333,-999.9814960174176
2.5814500000000002,-999.9815938062881
2.5831333333333335,-999.9816589988683
2.5848,-999.9817148782228
2.586466666666667,-999.981780070803
2.5881333333333334,-999.9818871728992
2.5898000000000003,-999.9820548109626
2.591466666666667,-999.9822736717678
2.5931333333333333,-999.982525128863
2.5948,-999.9827719293454
2.5964666666666667,-999.9829814769248
2.5981333333333336,-999.9831211753111
2.5998,-999.9831863678913
2.6014666666666666,-999.9831863678913
2.6031333333333335,-999.9831304885369
2.6048,-999.9830280430535
2.606466666666667,-999.9828883446673
2.6081333333333334,-999.9827160499909
2.6098000000000003,-999.9825204722501
2.6114833333333336,-999.982306268058
2.61315,-999.9820687808013
2.614816666666667,-999.9818080104802
2.6164833333333335,-999.9815379269335
2.61815,-999.9812724999996
2.619816666666667,-999.9810396693558
2.6214833333333334,-999.9808627180666
2.6231500000000003,-999.9807695858091
2.624816666666667,-999.9807788990348
2.6264833333333333,-999.9808766879053
2.62815,-999.9810396693558
2.6298166666666667,-999.9812305904837
2.6314833333333336,-999.9813982285473
2.63315,-999.981519300482
2.6348166666666666,-999.9815891496752
2.6364833333333335,-999.9816124327396
2.63815,-999.9816170893524
2.639816666666667,-999.9816264025782
2.6415,-999.9816450290297
2.6431666666666667,-999.9816729687069
2.6448333333333336,-999.9816729687069
2.6465,-999.9816264025782
2.648166666666667,-999.9815053306434
2.6498333333333335,-999.9813190661283
2.6515,-999.9811002053233
2.653166666666667,-999.9808766879053
2.6548333333333334,-999.980699736616
2.6565000000000003,-999.9806066043585
2.658166666666667,-999.9806205741971
2.6598333333333333,-999.9807416461318
2.6615,-999.9809511937112
2.6631666666666667,-999.981221277258
2.6648333333333336,-999.981519300482
2.6665,-999.9818173237061
2.6681666666666666,-999.98208275064
2.6698500000000003,-999.9823016114451
2.6715166666666668,-999.9824739061214
2.6731833333333332,-999.9825949780562
2.67485,-999.9826694838622
2.6765166666666667,-999.9827067367652
2.6781833333333336,-999.9826974235394
2.67985,-999.982641544185
2.681516666666667,-999.9825204722501
2.6831833333333335,-999.9823388643481
2.68485,-999.9821153469301
2.686516666666667,-999.9818825162863
2.6881833333333334,-999.9816822819326
2.6898500000000003,-999.9815612099978
2.691516666666667,-999.9815332703206
2.6931833333333333,-999.9816031195138
2.69485,-999.9817381612871
2.6965166666666667,-999.9818778596734
2.6981833333333336,-999.9819803051566
2.69985,-999.9820129014468
2.7015333333333333,-999.981966335318
2.7032000000000003,-999.9818499199962
2.7048666666666668,-999.9816962517713
2.7065333333333337,-999.9815472401592
2.7082,-999.9814354814503
2.7098666666666666,-999.9813656322572
2.7115333333333336,-999.9813283793542
2.7132,-999.981295783064
2.714866666666667,-999.9812352470966
2.7165333333333335,-999.9811234883877
2.7182,-999.9809651635499
2.719866666666667,-999.9807788990348
2.7215333333333334,-999.980583321294
2.7232000000000003,-999.9804063700049
2.7248666666666668,-999.9802573583928
2.7265333333333333,-999.9801502562967
2.7282,-999.9800897203293
2.7298833333333334,-999.9800804071035
2.73155,-999.9801316298452
2.733216666666667,-999.9802340753284
2.7348833333333333,-999.9803877435534
2.7365500000000003,-999.9805972911328
2.7382166666666667,-999.9808440916152
2.7398833333333337,-999.9811188317748
2.74155,-999.9813935719344
2.7432166666666666,-999.9816403724168
2.7448833333333336,-999.9818126670932
2.74655,-999.9818825162863
2.748216666666667,-999.9818312935447
2.7498833333333335,-999.9816636554812
2.75155,-999.9813842587087
2.753216666666667,-999.981035012743
2.7548833333333334,-999.9806531704872
2.7565500000000003,-999.98028529807
2.7582166666666668,-999.9799733050074
2.7599,-999.9797358177508
2.761566666666667,-999.9795821495259
2.7632333333333334,-999.9795076437199
2.7649,-999.9794983304942
2.766566666666667,-999.97954024001
2.7682333333333333,-999.9796147458161
2.7699000000000003,-999.9796939082349
2.7715666666666667,-999.9797544442023
2.7732333333333337,-999.9797823838795
2.7749,-999.9797823838795
2.7765666666666666,-999.979763757428
2.7782333333333336,-999.9797497875894
2.7799,-999.9797497875894
2.781566666666667,-999.9797870404924
2.7832333333333334,-999.9798522330726
2.7849,-999.9799267388787
2.786566666666667,-999.9799965880718
2.78825,-999.9800198711362
2.7899166666666666,-999.9799733050074
2.7915833333333335,-999.9798429198469
2.79325,-999.9796147458161
2.794916666666667,-999.9792980961405
2.7965833333333334,-999.9789255671105
2.7982500000000003,-999.978534411629
2.799916666666667,-999.9781944788891
2.8015833333333333,-999.9779523350196
2.8032500000000002,-999.9778685159878
2.8049166666666667,-999.9779616482454
2.8065833333333337,-999.9782270751792
2.80825,-999.9786228872736
2.8099166666666666,-999.9790838919482
2.8115833333333335,-999.9795216135585
2.81325,-999.9798522330726
2.814916666666667,-999.980024527749
2.8165833333333334,-999.9800105579104
2.8182666666666667,-999.9798475764597
2.8199333333333336,-999.9795681796872
2.8216,-999.9792375601731
2.8232666666666666,-999.9788976274333
2.8249333333333335,-999.9785809777577
2.8266,-999.9783062375981
2.828266666666667,-999.9780734069543
2.8299333333333334,-999.9778871424393
2.8316000000000003,-999.977752100666
2.833266666666667,-999.9776729382471
2.8349333333333333,-999.97767759486
2.8366000000000002,-999.9777707271174
2.8382666666666667,-999.9779476784067
2.8399333333333336,-999.978199135502
2.8416,-999.9784878455002
2.8432666666666666,-999.9787812121114
2.8449333333333335,-999.9790326692066
2.8466,-999.9792235903345
2.8482833333333333,-999.9793400056564
2.84995,-999.979395885011
2.8516166666666667,-999.979395885011
2.8532833333333336,-999.9793679453336
2.85495,-999.9793260358177
2.8566166666666666,-999.9792841263019
2.8582833333333335,-999.979242216786
2.85995,-999.9791863374315
2.861616666666667,-999.9790838919482
2.8632833333333334,-999.9788976274333
2.8649500000000003,-999.9786228872736
2.866616666666667,-999.9782689846951
2.8682833333333333,-999.9778731726007
2.8699500000000002,-999.9775053001836
2.8716166666666667,-999.9772119335724
2.8732833333333336,-999.9770536087346
2.87495,-999.9770536087346
2.8766333333333334,-999.9772119335724
2.8783000000000003,-999.9775099567964
2.879966666666667,-999.977896455665
2.8816333333333333,-999.9783062375981
2.8833,-999.978683423241
2.8849666666666667,-999.9789674766264
2.8866333333333336,-999.9791397713028
2.8883,-999.9791909940444
2.889966666666667,-999.9791397713028
2.8916333333333335,-999.9790047295294
2.8933,-999.9787905253371
2.894966666666667,-999.9784925021131
2.8966333333333334,-999.978119973083
2.8983000000000003,-999.9776822514729
2.899966666666667,-999.9772072769596
2.9016333333333333,-999.9767602421235
2.9033,-999.976406339545
2.9049833333333335,-999.97622007503
2.90665,-999.976257327933
2.908316666666667,-999.9765413813184
2.9099833333333334,-999.9770442955089
2.9116500000000003,-999.9776962213115
2.9133166666666668,-999.9784086830814
2.9149833333333333,-999.9790699221096
2.91665,-999.9795914627516
2.9183166666666667,-999.9799081124272
2.9199833333333336,-999.9800012446847
2.92165,-999.9798987992015
2.923316666666667,-999.9796659685577
2.9249833333333335,-999.979353975495
2.92665,-999.979018699368
2.928316666666667,-999.978683423241
2.9299833333333334,-999.9783574603397
2.9316500000000003,-999.9780361540513
2.933316666666667,-999.9777195043758
2.9349833333333333,-999.9773981980874
2.936666666666667,-999.9770815484119
2.9383333333333335,-999.9767695553493
2.94,-999.976480845351
2.941666666666667,-999.9762387014815
2.9433333333333334,-999.9760664068051
2.9450000000000003,-999.9759639613219
2.9466666666666668,-999.9759499914832
2.9483333333333337,-999.9760105274506
2.95,-999.9761502258368
2.9516666666666667,-999.9763551168033
2.9533333333333336,-999.9766345135758
2.955,-999.9769791029287
2.956666666666667,-999.9773935414745
2.9583333333333335,-999.9778545461492
2.96,-999.9783155508238
2.961666666666667,-999.978720676144
2.96335,-999.9790093861423
2.9650166666666666,-999.9791258014641
2.9666833333333336,-999.9790512956581
2.96835,-999.9787905253371
2.970016666666667,-999.9783854000169
2.9716833333333335,-999.9778917990521
2.97335,-999.9773888848616
2.975016666666667,-999.9769465066386
2.9766833333333333,-999.9766158871244
2.9783500000000003,-999.9764296226093
2.9800166666666668,-999.9763877130935
2.9816833333333337,-999.9764668755124
2.98335,-999.9766484834145
2.9850166666666667,-999.9768859706711
2.9866833333333336,-999.9771467409921
2.98835,-999.9774028547002
2.990016666666667,-999.9776310287311
2.9916833333333335,-999.9778126366333
2.9933666666666667,-999.9779290519552
2.9950333333333337,-999.977975618084
2.9967,-999.9779337085681
2.9983666666666666,-999.9778126366333
3.0000333333333336,-999.9776124022796
3.0017,-999.9773562885715
3.003366666666667,-999.9770862050248
3.0050333333333334,-999.9768440611552
3.0067,-999.9766577966402
3.008366666666667,-999.976555351157
3.0100333333333333,-999.9765227548669
3.0117000000000003,-999.9765413813184
3.0133666666666667,-999.9765786342214
3.0150333333333337,-999.9765972606729
3.0167,-999.9765786342214
3.0183666666666666,-999.9765087850283
3.0200333333333336,-999.9764016829321
3.0217,-999.9762712977716
3.0233833333333333,-999.9761409126111
3.0250500000000002,-999.976033810515
3.0267166666666667,-999.9759639613219
3.0283833333333336,-999.9759267084188
3.03005,-999.9759127385802
3.0317166666666666,-999.9759267084188
3.0333833333333335,-999.9759546480961
3.03505,-999.9760151840635
3.036716666666667,-999.976108316321
3.0383833333333334,-999.9762387014815
3.0400500000000004,-999.9764016829321
3.041716666666667,-999.976555351157
3.0433833333333333,-999.9766624532531
3.0450500000000003,-999.9766717664788
3.0467166666666667,-999.9765413813184
3.0483833333333337,-999.9762666411588
3.05005,-999.9758941121287
3.0517166666666666,-999.9754843301957
3.0534000000000003,-999.9751211143914
3.055066666666667,-999.9748696572962
3.0567333333333333,-999.9747578985872
3.0584000000000002,-999.9747951514902
3.0600666666666667,-999.974948819715
3.0617333333333336,-999.9751769937459
3.0634,-999.9754284508412
3.0650666666666666,-999.9756659380978
3.0667333333333335,-999.9758615158386
3.0684,-999.9760244972892
3.070066666666667,-999.9761595390626
3.0717333333333334,-999.9762852676103
3.0734000000000004,-999.9763923697063
3.075066666666667,-999.9764715321253
3.0767333333333333,-999.9764901585768
3.0784000000000002,-999.9764109961578
3.0800666666666667,-999.9762247316429
3.0817333333333337,-999.9759267084188
3.083416666666667,-999.9755448661631
3.0850833333333334,-999.9751304276172
3.0867500000000003,-999.9747392721357
3.088416666666667,-999.9744412489116
3.0900833333333333,-999.974278267461
3.09175,-999.9742829240739
3.0934166666666667,-999.9744552187502
3.0950833333333336,-999.9747532419743
3.09675,-999.9751118011657
3.0984166666666666,-999.9754610471313
3.1000833333333335,-999.9757404439039
3.10175,-999.9759080819673
3.103416666666667,-999.9759499914832
3.1050833333333334,-999.9758754856772
3.1067500000000003,-999.9757264740653
3.108416666666667,-999.9755402095502
3.1100833333333333,-999.975358601648
3.111766666666667,-999.9752002768103
3.1134333333333335,-999.9750652350369
3.1151,-999.9749348498764
3.116766666666667,-999.9747858382644
3.1184333333333334,-999.974613543588
3.1201000000000003,-999.9744179658472
3.121766666666667,-999.9742130748807
3.1234333333333333,-999.9740221537529
3.1251,-999.9738591723022
3.1267666666666667,-999.9737334437546
3.1284333333333336,-999.97364496811
3.1301,-999.9735937453684
3.131766666666667,-999.9735797755297
3.1334333333333335,-999.9736123718199
3.1351,-999.9737055040773
3.136766666666667,-999.973868485528
3.1384333333333334,-999.9741106293975
3.1401000000000003,-999.9744133092344
3.1417833333333336,-999.9747532419743
3.14345,-999.9750652350369
3.145116666666667,-999.9753027222936
3.1467833333333335,-999.9754144810025
3.14845,-999.9753679148738
3.150116666666667,-999.9751816503588
3.1517833333333334,-999.9748882837476
3.1534500000000003,-999.9745483510078
3.155116666666667,-999.9742317013322
3.1567833333333333,-999.9739988706884
3.15845,-999.9738871119795
3.1601166666666667,-999.9739010818181
3.1617833333333336,-999.9740035273014
3.16345,-999.9741432256876
3.165116666666667,-999.9742596410096
3.1667833333333335,-999.9743248335898
3.16845,-999.9743248335898
3.170116666666667,-999.9742829240739
3.1718,-999.974241014558
3.1734666666666667,-999.9742317013322
3.1751333333333336,-999.974278267461
3.1768,-999.9743667431056
3.178466666666667,-999.9744505621373
3.1801333333333335,-999.9744785018146
3.1818,-999.9743853695571
3.183466666666667,-999.9741339124619
3.1851333333333334,-999.9737334437546
3.1868000000000003,-999.9732165597254
3.188466666666667,-999.9726624227933
3.1901333333333333,-999.9721734784414
3.1918,-999.9718195758629
3.1934666666666667,-999.9716565944123
3.19515,-999.9716891907024
3.196816666666667,-999.9718847684431
3.1984833333333333,-999.9721827916671
3.2001500000000003,-999.9725134111812
3.2018166666666668,-999.9728207476311
3.2034833333333337,-999.9730582348877
3.20515,-999.9732072464997
3.2068166666666666,-999.97327243908
3.2084833333333336,-999.9732584692413
3.21015,-999.973193276661
3.211816666666667,-999.973086174565
3.2134833333333335,-999.9729464761787
3.21515,-999.9727834947281
3.216816666666667,-999.9726018868259
3.2184833333333334,-999.9724202789238
3.2201500000000003,-999.9722526408602
3.2218166666666668,-999.9720989726354
3.2234833333333337,-999.9719779007006
3.22515,-999.971889425056
3.2268166666666667,-999.9718195758629
3.2284833333333336,-999.9717636965083
3.230166666666667,-999.9717078171539
3.2318333333333333,-999.9716612510251
3.2335000000000003,-999.9716146848964
3.2351666666666667,-999.9715867452192
3.2368333333333337,-999.9715820886063
3.2385,-999.9716146848964
3.2401666666666666,-999.9716985039281
3.2418333333333336,-999.9718288890887
3.2435,-999.9720058403778
3.245166666666667,-999.9722200445701
3.2468333333333335,-999.9724528752139
3.2485,-999.9726950190834
3.250166666666667,-999.9729138798886
3.2518333333333334,-999.9730768613392
3.2535000000000003,-999.9731513671452
3.2551666666666668,-999.9731094576293
3.2568333333333337,-999.9729371629529
3.258516666666667,-999.972634483116
3.2601833333333334,-999.972224701183
3.2618500000000004,-999.9717357568311
3.263516666666667,-999.9712142161891
3.2651833333333333,-999.9707206152243
3.2668500000000003,-999.9703154899041
3.2685166666666667,-999.9700500629702
3.2701833333333337,-999.9699336476484
3.27185,-999.9699569307128
3.2735166666666666,-999.9700686894217
3.2751833333333336,-999.9702037311952
3.27685,-999.9703061766784
3.278516666666667,-999.9703248031299
3.2801833333333335,-999.9702549539368
3.2818500000000004,-999.9701059423248
3.283516666666667,-999.969910364584
3.2851833333333333,-999.9697194434561
3.2868500000000003,-999.9695611186183
3.2885333333333335,-999.9694726429738
3.2902,-999.969463329748
3.291866666666667,-999.9695285223282
3.2935333333333334,-999.969649594263
3.2952000000000004,-999.9697799794235
3.296866666666667,-999.9698917381326
3.2985333333333333,-999.969947617487
3.3002000000000002,-999.9699336476484
3.3018666666666667,-999.9698637984553
3.3035333333333337,-999.9697753228106
3.3052,-999.9697054736175
3.3068666666666666,-999.9697008170047
3.3085333333333335,-999.9697706661977
3.3102,-999.969910364584
3.311866666666667,-999.9700826592604
3.3135333333333334,-999.9702409840982
3.3152000000000004,-999.9703387729686
3.316866666666667,-999.9703480861943
3.31855,-999.9702642671625
3.320216666666667,-999.9701152555506
3.3218833333333335,-999.969947617487
3.32355,-999.9698079191007
3.325216666666667,-999.969724100069
3.3268833333333334,-999.9697054736175
3.3285500000000003,-999.9697287566819
3.330216666666667,-999.969761352972
3.3318833333333333,-999.9697660095849
3.3335500000000002,-999.9697054736175
3.3352166666666667,-999.9695611186183
3.3368833333333336,-999.9693329445874
3.33855,-999.969053547815
3.3402166666666666,-999.9687508679781
3.3418833333333335,-999.9684714712056
3.34355,-999.9682432971747
3.345216666666667,-999.968080315724
3.3468833333333334,-999.9679918400794
3.3485666666666667,-999.9679639004022
3.3502333333333336,-999.9679918400794
3.3519,-999.9680710024983
3.353566666666667,-999.9682107008846
3.3552333333333335,-999.968420248464
3.3569,-999.9687229283008
3.358566666666667,-999.9691094271694
3.3602333333333334,-999.9695518053926
3.3619000000000003,-999.9699895270029
3.363566666666667,-999.9703480861943
3.3652333333333333,-999.9705622903865
3.3669000000000002,-999.9705902300639
3.3685666666666667,-999.9704272486132
3.3702333333333336,-999.9700919724861
3.3719,-999.9696263111987
3.373566666666667,-999.9690814874922
3.3752333333333335,-999.9685226939472
3.376916666666667,-999.9680104665309
3.3785833333333337,-999.9676006845979
3.38025,-999.967335257664
3.3819166666666667,-999.9672374687937
3.3835833333333336,-999.9673259444382
3.38525,-999.9675867147592
3.386916666666667,-999.9679871834666
3.3885833333333335,-999.9684900976571
3.39025,-999.9690395779763
3.391916666666667,-999.9695704318441
3.3935833333333334,-999.9700174666801
3.3952500000000003,-999.9703248031299
3.396916666666667,-999.9704458750647
3.3985833333333333,-999.9703760258716
3.40025,-999.9701338820021
3.4019166666666667,-999.9697660095849
3.4035833333333336,-999.9693422578132
3.40525,-999.9689185060416
3.4069333333333334,-999.9685366637858
3.4086000000000003,-999.9682200141103
3.410266666666667,-999.9679778702408
3.4119333333333337,-999.9677916057258
3.4136,-999.9676612205653
3.4152666666666667,-999.9675727449206
3.4169333333333336,-999.9675354920176
3.4186,-999.9675448052434
3.420266666666667,-999.9676006845979
3.4219333333333335,-999.9676984734683
3.4236,-999.9678381718545
3.425266666666667,-999.968005809918
3.4269333333333334,-999.9681874178202
3.4286000000000003,-999.9683550558836
3.430266666666667,-999.96849475427
3.4319333333333333,-999.9685785733017
3.4336,-999.968601856366
3.4352666666666667,-999.9685459770116
3.43695,-999.9684155918511
3.438616666666667,-999.9682153574975
3.4402833333333334,-999.9679452739507
3.4419500000000003,-999.9676239676622
3.4436166666666668,-999.9672654084709
3.4452833333333337,-999.9668975360537
3.44695,-999.9665622599267
3.4486166666666667,-999.9663014896057
3.4502833333333336,-999.9661524779937
3.45195,-999.9661478213808
3.453616666666667,-999.9662688933156
3.4552833333333335,-999.9664924107336
3.45695,-999.9667811207319
3.458616666666667,-999.9670838005687
3.4602833333333334,-999.9673864804056
3.4619500000000003,-999.9676705337911
3.463616666666667,-999.9679219908863
3.4653,-999.9681268818528
3.466966666666667,-999.9682619236262
3.4686333333333335,-999.9682945199163
3.4703000000000004,-999.9682060442717
3.471966666666667,-999.9679825268537
3.4736333333333334,-999.9676425941137
3.4753000000000003,-999.9672188423422
3.4769666666666668,-999.9667671508932
3.4786333333333337,-999.9663340858958
3.4803,-999.9659615568659
3.4819666666666667,-999.9656961299319
3.4836333333333336,-999.9655704013843
3.4853,-999.9655936844487
3.486966666666667,-999.9657566658993
3.4886333333333335,-999.9660407192847
3.4903,-999.9663946218632
3.491966666666667,-999.9667671508932
3.49365,-999.9671070836331
3.4953166666666666,-999.9673585407284
3.4969833333333336,-999.967484269276
3.49865,-999.9674796126632
3.500316666666667,-999.9673445708897
3.5019833333333334,-999.9671163968588
3.5036500000000004,-999.9668323434735
3.505316666666667,-999.9665296636366
3.5069833333333333,-999.9662409536384
3.5086500000000003,-999.9659662134787
3.5103166666666668,-999.9657054431577
3.5119833333333337,-999.9654260463851
3.51365,-999.9651140533225
3.5153166666666666,-999.9647787771955
3.5169833333333336,-999.9644528142942
3.51865,-999.9641827307474
3.520316666666667,-999.9640430323612
3.5219833333333335,-999.9640756286514
3.52365,-999.9643084592951
3.5253333333333337,-999.964722897841
3.527,-999.9652677215474
3.5286666666666666,-999.9658637679954
3.5303333333333335,-999.9664365313791
3.532,-999.9669068492794
3.533666666666667,-999.9672281555679
3.5353333333333334,-999.9673818237927
3.5370000000000004,-999.9673678539541
3.538666666666667,-999.9672095291164
3.5403333333333333,-999.9669580720212
3.5420000000000003,-999.9666414223456
3.5436666666666667,-999.9663061462186
3.5453333333333337,-999.9659801833174
3.547,-999.9656868167061
3.5486666666666666,-999.9654353596109
3.5503333333333336,-999.9652444384831
3.552,-999.9651187099354
3.5536833333333333,-999.965058173968
3.5553500000000002,-999.9650535173552
3.5570166666666667,-999.9651000834839
3.5586833333333336,-999.9651792459027
3.56035,-999.9652770347732
3.562016666666667,-999.9653608538049
3.5636833333333335,-999.9654213897722
3.56535,-999.9654493294495
3.567016666666667,-999.9654586426753
3.5686833333333334,-999.965472612514
3.5703500000000004,-999.9655052088041
3.572016666666667,-999.9655657447714
3.5736833333333333,-999.9656449071903
3.5753500000000003,-999.9657240696092
3.5770166666666667,-999.9657613225122
3.5786833333333337,-999.9657240696092
3.58035,-999.9655843712229
3.5820166666666666,-999.9653375707405
3.5837000000000003,-999.9649836681621
3.585366666666667,-999.9645552597775
3.5870333333333333,-999.9640849418771
3.5887000000000002,-999.9636239372024
3.5903666666666667,-999.9632188118823
3.5920333333333336,-999.9629254452711
3.5937,-999.962785746885
3.595366666666667,-999.9628183431751
3.5970333333333335,-999.9630185775287
3.5987,-999.9633585102686
3.600366666666667,-999.9637822620402
3.6020333333333334,-999.9642292968762
3.6037000000000003,-999.9646297655835
3.605366666666667,-999.9649371020332
3.6070333333333333,-999.9651140533225
3.6087000000000002,-999.9651559628384
3.6103666666666667,-999.9650814570324
3.61205,-999.9649138189689
3.613716666666667,-999.9646809883251
3.6153833333333334,-999.9644109047783
3.6170500000000003,-999.9641315080058
3.618716666666667,-999.9638614244591
3.6203833333333333,-999.9636099673638
3.62205,-999.9634097330102
3.6237166666666667,-999.9632793478497
3.6253833333333336,-999.9632234684951
3.62705,-999.963228125108
3.628716666666667,-999.9632653780111
3.6303833333333335,-999.9632840044626
3.63205,-999.9632560647852
3.633716666666667,-999.9631675891407
3.6353833333333334,-999.9630278907545
3.6370500000000003,-999.9628788791424
3.638716666666667,-999.9627810902721
3.6403833333333333,-999.9627950601107
3.6420500000000002,-999.9629533849484
3.6437333333333335,-999.9632653780111
3.6454,-999.9636937863955
3.647066666666667,-999.9641594476831
3.6487333333333334,-999.9645831994548
3.6504000000000003,-999.9648672528401
3.652066666666667,-999.9649557284847
3.6537333333333337,-999.9648020602599
3.6554,-999.9644295312298
3.6570666666666667,-999.9638847075234
3.6587333333333336,-999.9632607213982
3.6604,-999.9626460484986
3.662066666666667,-999.9621384776952
3.6637333333333335,-999.961812514794
3.6654,-999.9616960994721
3.667066666666667,-999.9617938883425
3.6687333333333334,-999.9620686285022
3.6704000000000003,-999.9624737538222
3.6720833333333336,-999.9629394151098
3.67375,-999.9633957631715
3.675416666666667,-999.9637729488145
3.6770833333333335,-999.9640104360711
3.67875,-999.9640802852642
3.680416666666667,-999.9639824963938
3.6820833333333334,-999.9637496657501
3.6837500000000003,-999.9634376726874
3.685416666666667,-999.9631070531733
3.6870833333333337,-999.9628090299493
3.68875,-999.9625761993055
3.6904166666666667,-999.9624225310806
3.6920833333333336,-999.9623293988232
3.69375,-999.9622735194686
3.695416666666667,-999.9622362665656
3.6970833333333335,-999.9621943570497
3.69875,-999.9621384776952
3.7004333333333337,-999.9620825983408
3.7021,-999.9620267189862
3.7037666666666667,-999.9619987793089
3.7054333333333336,-999.9620174057604
3.7071,-999.9621058814051
3.708766666666667,-999.9622781760814
3.7104333333333335,-999.9625436030154
3.7121000000000004,-999.9628742225295
3.713766666666667,-999.9632467515595
3.7154333333333334,-999.9636099673638
3.7171000000000003,-999.9639219604264
3.7187666666666668,-999.9641454778445
3.7204333333333337,-999.9642479233278
3.7221,-999.9642060138118
3.7237666666666667,-999.9640104360711
3.7254333333333336,-999.9636518768797
3.7271,-999.9631489626892
3.728766666666667,-999.9625249765639
3.7304500000000003,-999.9618544243099
3.7321166666666667,-999.9612024985073
3.7337833333333337,-999.9606669880267
3.73545,-999.9603130854481
3.7371166666666666,-999.9601966701263
3.7387833333333336,-999.9603084288352
3.74045,-999.9606204218979
3.742116666666667,-999.9610488302824
3.7437833333333335,-999.9615051783442
3.7454500000000004,-999.9619009904386
3.747116666666667,-999.9621664173725
3.7487833333333334,-999.9622828326944
3.7504500000000003,-999.9622688628557
3.7521166666666668,-999.9621757305982
3.7537833333333337,-999.9620453454378
3.75545,-999.9619149602772
3.7571166666666667,-999.9617938883425
3.7587833333333336,-999.9616588465691
3.760466666666667,-999.9614725820541
3.7621333333333333,-999.961211811733
3.7638000000000003,-999.9608625657675
3.7654666666666667,-999.9604388139958
3.7671333333333337,-999.959982465934
3.7688,-999.9595633707752
3.7704666666666666,-999.9592467210997
3.7721333333333336,-999.9590977094877
3.7738,-999.9591489322294
3.775466666666667,-999.9593910760989
3.7771333333333335,-999.9597822315803
3.7788000000000004,-999.9602525494807
3.780466666666667,-999.960727523994
3.78215,-999.96114196254
3.7838000000000003,-999.9614353291511
3.7854833333333335,-999.9615796841503
3.78715,-999.9615703709245
3.788816666666667,-999.9614167026996
3.7904833333333334,-999.9611512757657
3.7921500000000004,-999.9608206562516
3.793816666666667,-999.9604714102859
3.7954833333333333,-999.9601454473847
3.7971500000000002,-999.9598660506122
3.7988166666666667,-999.9596332199684
3.8004833333333337,-999.9594283290019
3.80215,-999.959237407874
3.803816666666667,-999.959046486746
3.8054833333333336,-999.9588555656181
3.80715,-999.9586925841676
3.808816666666667,-999.9585761688456
3.8104833333333334,-999.9585156328783
3.8121500000000004,-999.9585063196525
3.813816666666667,-999.9585342593298
3.8154833333333333,-999.9585854820714
3.8171500000000003,-999.9586599878775
3.8188333333333335,-999.9587670899735
3.8205,-999.9589207581985
3.822166666666667,-999.9591163359393
3.8238333333333334,-999.9593538231959
3.8255000000000003,-999.9595959670654
3.827166666666667,-999.9598055146447
3.8288333333333333,-999.9599545262568
3.8305000000000002,-999.9600150622241
3.8321666666666667,-999.9599871225469
3.8338333333333336,-999.9598660506122
3.8355,-999.9596611596456
3.837166666666667,-999.9593957327118
3.8388333333333335,-999.9590883962619
3.8405,-999.9587810598122
3.842166666666667,-999.9584970064268
3.8438333333333334,-999.9582502059444
3.8455000000000004,-999.9580453149779
3.8471833333333336,-999.9578963033659
3.84885,-999.9578031711084
3.850516666666667,-999.9577892012697
3.8521833333333335,-999.9578730203015
3.85385,-999.9580732546551
3.855516666666667,-999.9583852477178
3.8571833333333334,-999.958785716425
3.8588500000000003,-999.9592234380353
3.860516666666667,-999.9596285633555
3.8621833333333333,-999.9599312431924
3.8638500000000002,-999.9600802548043
3.8655166666666667,-999.9600383452885
3.8671833333333336,-999.9598101712576
3.868866666666667,-999.9594329856147
3.870516666666667,-999.9589719809401
3.8722000000000003,-999.9584923498139
3.87385,-999.9580546282036
3.875516666666667,-999.9576914123994
3.8772,-999.9574306420784
3.8788666666666667,-999.9572630040149
3.8805333333333336,-999.9571745283703
3.8822,-999.9571372754672
3.883866666666667,-999.9571186490157
3.8855333333333335,-999.9571046791771
3.8872,-999.9571000225642
3.888866666666667,-999.9571233056286
3.8905333333333334,-999.9572071246604
3.8922000000000003,-999.957370106111
3.893866666666667,-999.9576262198191
3.8955333333333337,-999.957966152559
3.8972,-999.9583433382019
3.8988666666666667,-999.9587112106191
3.9005333333333336,-999.9590045772302
3.9022,-999.9591768719066
3.903866666666667,-999.9591908417452
3.9055333333333335,-999.959046486746
3.907216666666667,-999.9587624333607
3.9088833333333337,-999.9583852477178
3.91055,-999.9579708091719
3.9122166666666667,-999.9575610272389
3.9138833333333336,-999.9571931548218
3.91555,-999.9568997882105
3.917216666666667,-999.9566902406312
3.9188833333333335,-999.9565738253093
3.92055,-999.9565645120836
3.922216666666667,-999.956657644341
3.9238833333333334,-999.9568252824046
3.9255500000000003,-999.9570394865968
3.927216666666667,-999.9572536907891
3.9288833333333337,-999.9574213288527
3.93055,-999.9575237743359
3.9322166666666667,-999.9575424007874
3.9338833333333336,-999.9574911780458
3.93555,-999.9573840759496
3.9372333333333334,-999.9572536907891
3.9389000000000003,-999.9571139924028
3.9405666666666668,-999.9569929204681
3.9422333333333337,-999.9569044448234
3.9439,-999.9568392522432
3.9455666666666667,-999.9568019993402
3.9472333333333336,-999.956774059663
3.9489,-999.9567554332115
3.950566666666667,-999.9567414633729
3.9522333333333335,-999.9567507765986
3.9539,-999.9567973427273
3.955566666666667,-999.9568951315977
3.9572333333333334,-999.9570581130483
3.9589000000000003,-999.9572862870792
3.960566666666667,-999.9575749970775
3.96225,-999.9578963033659
3.9639,-999.9582036398157
3.9655833333333335,-999.9584690667496
3.9672500000000004,-999.9586506746517
3.968916666666667,-999.9587251804577
3.9705833333333334,-999.9586972407805
3.9722500000000003,-999.9585761688456
3.9739166666666668,-999.958380591105
3.9755833333333337,-999.9581291340096
3.97725,-999.9578404240114
3.9789166666666667,-999.9575098044972
3.9805833333333336,-999.95714193208
3.98225,-999.95673680676
3.983916666666667,-999.9563177116012
3.9855833333333335,-999.955912586281
3.9872500000000004,-999.9555726535411
3.988916666666667,-999.955353792736
3.9905833333333334,-999.9552886001558
3.992266666666667,-999.9553957022518
3.993916666666667,-999.9556657857986
3.9956,-999.9560662545059
3.997266666666667,-999.9565551988578
3.9989333333333335,-999.957072082887
