min,µS/cm
0.0,-998.2231822787892
0.0016666666666667052,-998.2233592300785
0.0033333333333334103,-998.2235175549163
0.004999999999999893,-998.2235361813678
0.006683333333333374,-998.2232567845952
0.008333333333333304,-998.2225350095996
0.010016666666666563,-998.2213010071875
0.011683333333333268,-998.2196060001011
0.013349999999999973,-998.2176735057578
0.015016666666666678,-998.2158248304463
0.016683333333333383,-998.2144278465837
0.01835000000000009,-998.2137898906199
0.02001666666666657,-998.2140692873924
0.021683333333333277,-998.2152706935142
0.023349999999999982,-998.2172497539862
0.025016666666666687,-998.2197643249388
0.026683333333333392,-998.2225303529866
0.028350000000000097,-998.2252684413573
0.030033333333333356,-998.2277411027941
0.031683333333333286,-998.2297481029433
0.03334999999999999,-998.2311357735801
0.035016666666666696,-998.2318296088986
0.036699999999999955,-998.2318202956728
0.038350000000000106,-998.2311916529346
0.040033333333333365,-998.2301113187476
0.04170000000000007,-998.2288121237553
0.043366666666666775,-998.227554838279
0.04503333333333326,-998.2265769495752
0.046699999999999964,-998.2260460957075
0.04836666666666667,-998.2260321258689
0.050033333333333374,-998.2264977871564
0.05170000000000008,-998.2273220076353
0.05336666666666656,-998.2283324926292
0.05503333333333327,-998.2293616040746
0.05669999999999997,-998.2302510171338
0.05836666666666668,-998.2309075995493
0.06003333333333338,-998.2312847851921
0.06170000000000009,-998.2313825740625
0.06336666666666657,-998.2312335624505
0.06503333333333328,-998.2308750032591
0.06671666666666676,-998.2303627758429
0.06838333333333324,-998.2297620727819
0.07004999999999995,-998.2291427432696
0.07171666666666665,-998.2285839497245
0.07338333333333336,-998.2281648545658
0.07505000000000006,-998.2279413371477
0.07671666666666677,-998.2279366805349
0.07838333333333325,-998.2281462281142
0.08004999999999995,-998.2285187571442
0.08171666666666666,-998.228975105206
0.08338333333333336,-998.2294314532678
0.08505000000000007,-998.2297993256849
0.08671666666666678,-998.2300274997158
0.08838333333333326,-998.2300880356831
0.09004999999999996,-998.2299949034257
0.09171666666666667,-998.229794669072
0.09338333333333337,-998.229533898751
0.09505000000000008,-998.2292591585914
0.09673333333333334,-998.2290030448833
0.09840000000000004,-998.228788840691
0.10006666666666675,-998.2286212026274
0.10173333333333323,-998.2285047873056
0.10339999999999994,-998.2284395947254
0.10506666666666664,-998.228416311661
0.10673333333333335,-998.2284349381125
0.10840000000000005,-998.2284721910155
0.11006666666666676,-998.2285141005314
0.11173333333333324,-998.2285513534343
0.11339999999999995,-998.228565323273
0.11506666666666665,-998.2285606666601
0.11673333333333336,-998.2285373835957
0.11840000000000006,-998.228490817467
0.12006666666666677,-998.2284256248868
0.12173333333333325,-998.2283231794034
0.12339999999999995,-998.2281648545658
0.12506666666666666,-998.227932023922
0.12674999999999992,-998.2276153742464
0.12841666666666662,-998.2272149055392
0.13008333333333333,-998.2267492442517
0.13175000000000003,-998.2262556432869
0.13341666666666674,-998.2257806687736
0.13508333333333322,-998.2253662302277
0.13674999999999993,-998.2250542371651
0.13841666666666663,-998.2248633160372
0.14008333333333334,-998.2248074366827
0.14175000000000004,-998.2248819424887
0.14341666666666675,-998.2250821768423
0.14508333333333345,-998.2253755434534
0.14674999999999994,-998.225729446032
0.14841666666666664,-998.2260926618362
0.15008333333333335,-998.2263906850602
0.15175000000000005,-998.2265629797366
0.15341666666666676,-998.2265676363495
0.15508333333333324,-998.2263813718345
0.15676666666666672,-998.2260367824817
0.15843333333333343,-998.2255990608714
0.1600999999999999,-998.2251566826483
0.16176666666666661,-998.2248074366827
0.16343333333333332,-998.2246304853934
0.16510000000000002,-998.2246491118449
0.16676666666666673,-998.2248260631342
0.16843333333333343,-998.2250775202294
0.17009999999999992,-998.2252917244217
0.17176666666666662,-998.225389513292
0.17343333333333333,-998.2253243207118
0.17510000000000003,-998.2251147731324
0.17676666666666674,-998.2248353763599
0.17843333333333344,-998.2245746060389
0.18009999999999993,-998.224420937814
0.18176666666666663,-998.2244162812011
0.18343333333333334,-998.2245559795874
0.18510000000000004,-998.2247794970054
0.1867833333333333,-998.2249983578106
0.18845,-998.2251333995839
0.1901166666666667,-998.2251194297453
0.19178333333333342,-998.2249471350689
0.1934499999999999,-998.2246491118449
0.1951166666666666,-998.2242765828149
0.1967833333333333,-998.223899397172
0.19845000000000002,-998.223564121045
0.20011666666666672,-998.2232893808854
0.20178333333333343,-998.2230705200802
0.20345000000000013,-998.2228795989523
0.2051166666666666,-998.2226979910502
0.20678333333333332,-998.222516383148
0.20845000000000002,-998.2223487450846
0.21011666666666673,-998.2222276731497
0.21178333333333343,-998.2221764504081
0.2134666666666667,-998.2222137033111
0.2151333333333334,-998.2223254620202
0.2168000000000001,-998.2224698170193
0.2184666666666666,-998.2225815757283
0.2201333333333333,-998.2226188286313
0.2218,-998.222558292664
0.2234666666666667,-998.2224139376648
0.2251333333333334,-998.2222090466983
0.2267999999999999,-998.2219994991189
0.2284666666666666,-998.2218272044425
0.2301333333333333,-998.2217247589592
0.2318,-998.2217061325077
0.2334666666666667,-998.2217480420236
0.23513333333333342,-998.2218178912168
0.23680000000000012,-998.2218598007327
0.2384666666666666,-998.221845830894
0.2401333333333333,-998.2217480420236
0.24180000000000001,-998.2215897171859
0.24346666666666672,-998.2213894828323
0.24513333333333343,-998.2212078749301
0.24681666666666668,-998.2210728331568
0.2484833333333334,-998.221021610415
0.2501500000000001,-998.2210402368665
0.2518166666666666,-998.2211147426726
0.2534833333333333,-998.2212078749301
0.25515,-998.2212870373489
0.2568166666666667,-998.2213382600906
0.2584833333333334,-998.2213522299293
0.2601499999999999,-998.2213336034778
0.2618166666666668,-998.2212916939618
0.2634833333333333,-998.2212265013816
0.26515,-998.2211659654142
0.2668166666666667,-998.2211147426726
0.2684833333333334,-998.2210961162211
0.2701500000000001,-998.2211287125112
0.2718166666666666,-998.2212171881558
0.2735000000000001,-998.2213661997679
0.2751666666666668,-998.2215431510571
0.27683333333333326,-998.2217201023464
0.27849999999999997,-998.2218691139584
0.2801666666666667,-998.221957589603
0.2818333333333334,-998.2219762160545
0.2835000000000001,-998.2219203367
0.28516666666666657,-998.2217946081523
0.2868333333333333,-998.2216083436374
0.2885,-998.2213708563808
0.2901666666666667,-998.2211100860598
0.2918333333333334,-998.2208446591259
0.2935000000000001,-998.2206118284821
0.2951666666666668,-998.2204348771928
0.2968333333333333,-998.2203277750966
0.2985,-998.2203044920323
0.3001666666666667,-998.2203603713868
0.3018333333333334,-998.2204814433215
0.30351666666666666,-998.2206351115465
0.30518333333333336,-998.220798092997
0.30685000000000007,-998.2209424479962
0.3085166666666668,-998.221058863318
0.31018333333333326,-998.2211426823499
0.31184999999999996,-998.221212531543
0.31351666666666667,-998.2212916939618
0.31518333333333337,-998.2213801696065
0.3168500000000001,-998.2214919283155
0.31851666666666656,-998.2215943737988
0.3201833333333335,-998.2216642229919
0.32184999999999997,-998.2216502531533
0.3235166666666667,-998.2215384944442
0.3251833333333334,-998.221324290252
0.3268500000000001,-998.2210448934794
0.3285166666666668,-998.2207561834812
0.3301833333333333,-998.2205093829988
0.33185,-998.2203417449354
0.33353333333333346,-998.2202625825164
0.33519999999999994,-998.2202625825164
0.33686666666666665,-998.2203044920323
0.33853333333333335,-998.2203650279997
0.34020000000000006,-998.2204255639671
0.34186666666666676,-998.2204954131602
0.34353333333333325,-998.2205885454177
0.34519999999999995,-998.2207189305782
0.34686666666666666,-998.2208958818675
0.34853333333333336,-998.2211100860598
0.35020000000000007,-998.2213289468649
0.35186666666666655,-998.2215198679927
0.3535333333333335,-998.2216455965404
0.35519999999999996,-998.2217014758949
0.35686666666666667,-998.2216921626691
0.35853333333333337,-998.2216455965404
0.3602000000000001,-998.221585060573
0.3618666666666668,-998.2215384944442
0.36355000000000004,-998.2215058981541
0.36521666666666674,-998.2214872717026
0.36688333333333345,-998.2214546754125
0.36854999999999993,-998.2213708563808
0.37021666666666664,-998.2212265013816
0.37188333333333334,-998.2210309236408
0.37355000000000005,-998.2208260326744
0.37521666666666675,-998.2206863342881
0.37688333333333324,-998.2206583946108
0.37854999999999994,-998.2207841231584
0.38021666666666665,-998.2210542067052
0.38188333333333335,-998.2214313923481
0.38355000000000006,-998.2218365176683
0.38521666666666676,-998.2221857636339
0.38688333333333347,-998.222404624439
0.38854999999999995,-998.2224465339549
0.39021666666666666,-998.2223021789558
0.39188333333333336,-998.2220134689575
0.3935666666666666,-998.2216549097661
0.3952333333333333,-998.2213149770263
0.39690000000000003,-998.2210774897696
0.39856666666666674,-998.2210029839636
0.40023333333333344,-998.2211054294469
0.4018999999999999,-998.2213801696065
0.40356666666666663,-998.2218039213782
0.40523333333333333,-998.2223301186331
0.40690000000000004,-998.222926165081
0.40856666666666674,-998.2235594644321
0.4102333333333332,-998.2242067336217
0.41190000000000015,-998.2248586594243
0.41356666666666664,-998.2255012720011
0.41523333333333334,-998.2261299147392
0.41690000000000005,-998.2267399310259
0.41856666666666675,-998.2273220076353
0.42023333333333346,-998.227852861503
0.4219166666666667,-998.2283371492421
0.4235833333333334,-998.2287469311751
0.42525000000000013,-998.2290775506892
0.4269166666666666,-998.2293150379459
0.4285833333333333,-998.2294640495579
0.43025,-998.2295525252025
0.4319166666666667,-998.2296130611699
0.43358333333333343,-998.2296968802017
0.4352499999999999,-998.229831921975
0.4369166666666666,-998.2300321563287
0.4385833333333333,-998.2302929266497
0.44025000000000003,-998.2306142329381
0.44191666666666674,-998.230991418581
0.4435833333333332,-998.2314524232556
0.44525000000000015,-998.2320438130907
0.44691666666666663,-998.2326817690547
0.44858333333333333,-998.2319786205105
0.4502666666666668,-998.221957589603
0.4519333333333333,-998.1720852657091
0.4536,-997.9935553846851
0.4552666666666667,-997.4781102489112
0.4569333333333334,-996.2183986772869
0.4586000000000001,-993.5358823246955
0.4602666666666666,-988.4579996524649
0.4619333333333333,-979.7880477177855
0.4636,-966.288149806805
0.4652666666666667,-946.9564356594144
0.4669333333333334,-921.3360263599716
0.4685999999999999,-889.7699280128675
0.4702666666666666,-853.5205483685809
0.4719333333333333,-814.7065112435755
0.4736,-776.0572437085477
0.4752666666666667,-740.5329964778074
0.47693333333333343,-710.8898883270518
0.47860000000000014,-689.2796702167391
0.4802666666666666,-676.9611969017243
0.4819500000000001,-674.1719090725164
0.4836166666666668,-680.1711771079205
0.4852833333333333,-693.4324841450119
0.48695,-711.9358893073796
0.4886166666666667,-733.4995226624885
0.4902833333333334,-756.0900229756209
0.4919500000000001,-778.0635174261702
0.4936166666666666,-798.3079882330765
0.4952833333333333,-816.2791797967066
0.49695,-831.9422420263021
0.4986166666666667,-845.645140318966
0.5002833333333333,-857.9570524664396
0.50195,-869.5046188633445
0.5036166666666667,-880.8332685757583
0.5052833333333333,-892.31201489098
0.50695,-904.0891243629573
0.5086166666666667,-916.0963496733906
0.5103,-928.0915655792186
0.5119666666666667,-939.7248741889954
0.5136333333333334,-950.6126544208324
0.5153,-960.4062284158572
0.5169666666666667,-968.8458083983724
0.5186333333333334,-975.7934934346906
0.5203,-981.2432252714611
0.5219666666666667,-985.308550757034
0.5236333333333334,-988.1933410597003
0.5253,-990.153132467602
0.5269666666666667,-991.455074861392
0.5286333333333334,-992.3433796466995
0.5303,-993.0148026873427
0.5319666666666667,-993.6062437452405
0.5336333333333334,-994.1939129467094
0.5353,-994.8017965046697
0.5369666666666667,-995.4161341280751
0.5386333333333334,-996.0021129790704
0.5403166666666667,-996.519653590638
0.5419833333333334,-996.9357592039443
0.5436500000000001,-997.2322084928081
0.5453166666666667,-997.4082657123954
0.5469833333333334,-997.479204552937
0.54865,-997.4717865686266
0.5503166666666667,-997.4182401771742
0.5519833333333334,-997.3502303461313
0.55365,-997.2939272398567
0.5553166666666667,-997.2668490359871
0.5569833333333334,-997.2767769346372
0.55865,-997.3225095296849
0.5603166666666667,-997.396000194082
0.5619833333333334,-997.4852069269331
0.56365,-997.5771005254132
0.5653166666666667,-997.6602024387848
0.5670000000000001,-997.7263589379035
0.5686666666666667,-997.7715513658577
0.5703333333333334,-997.7958449152279
0.5720000000000001,-997.8026063171227
0.5736666666666667,-997.7973117482836
0.5753333333333334,-997.7861917567375
0.5770000000000001,-997.7750298556756
0.5786666666666667,-997.768259140555
0.5803333333333334,-997.7684873145859
0.5820000000000001,-997.7764035564737
0.5836666666666667,-997.7910765436436
0.5853333333333334,-997.8104480532047
0.5870000000000001,-997.8319336650111
0.5886666666666667,-997.8530001816587
0.5903333333333334,-997.8715986934824
0.5920000000000001,-997.8864393187158
0.5936666666666667,-997.8970563960713
0.5953333333333334,-997.903752605386
0.597,-997.9073661369772
0.5986833333333333,-997.9090611440638
0.60035,-997.9100343761546
0.6020166666666666,-997.911328914534
0.6036833333333333,-997.9136805040359
0.60535,-997.9174430472392
0.6070166666666666,-997.9226165441436
0.6086833333333334,-997.9289309112024
0.6103500000000001,-997.9359391135797
0.6120166666666667,-997.9431615201491
0.6136833333333334,-997.9501464394621
0.6153500000000001,-997.9565818784556
0.6170166666666667,-997.962281572615
0.6186833333333334,-997.9671942991984
0.6203500000000001,-997.9713666243346
0.6220166666666667,-997.9749289331841
0.6236833333333334,-997.9780442071976
0.6253500000000001,-997.9808800844387
0.6270166666666667,-997.9835902331321
0.6287,-997.9862864119868
0.6303666666666667,-997.989043126809
0.6320333333333333,-997.9918929738886
0.6337,-997.9948406098387
0.6353666666666667,-997.9978580949818
0.6370333333333333,-998.0009035198023
0.6387,-998.0039489446226
0.6403666666666668,-998.0069757429916
0.6420333333333333,-998.0099792582961
0.6437,-998.0129734603748
0.6453666666666666,-998.0159816322922
0.6470333333333333,-998.0190130872741
0.6487,-998.0220538554815
0.6503666666666666,-998.0250527141733
0.6520333333333334,-998.0279444707687
0.6537000000000001,-998.0306453062365
0.6553666666666667,-998.0330853713831
0.65705,-998.0352367265314
0.6587166666666667,-998.0370947150686
0.6603833333333333,-998.0387059031235
0.66205,-998.0401447965019
0.6637166666666667,-998.0414952142357
0.6653833333333333,-998.0428456319695
0.66705,-998.044247272445
0.6687166666666667,-998.0457420451779
0.6703833333333333,-998.0473485766199
0.67205,-998.0490668667709
0.6737166666666667,-998.0508829457922
0.6753833333333333,-998.0527688740067
0.67705,-998.054696711737
0.6787166666666667,-998.0566245494674
0.6803833333333333,-998.0585011644562
0.68205,-998.0602799905745
0.6837166666666668,-998.061905148468
0.6853833333333333,-998.0633486984592
0.6870666666666667,-998.0645966707099
0.6887333333333334,-998.0656956313484
0.6904,-998.0667107729552
0.6920666666666667,-998.0677212579491
0.6937333333333333,-998.0688015921362
0.6954,-998.0699983416451
0.6970666666666667,-998.0712975366373
0.6987333333333333,-998.0726619242098
0.7004,-998.0740216551693
0.7020666666666667,-998.0753161935486
0.7037333333333333,-998.0765036298318
0.7054,-998.0775839640189
0.7070666666666667,-998.0785851357871
0.7087333333333333,-998.0795443980394
0.7104,-998.0805222867432
0.7120666666666667,-998.08153742835
0.7137333333333333,-998.0826037926984
0.7154,-998.083702753337
0.7170833333333334,-998.0847970573626
0.71875,-998.0858494518725
0.7204166666666667,-998.0868273405763
0.7220833333333334,-998.0877120970225
0.72375,-998.0885083778243
0.7254166666666667,-998.0892301528198
0.7270833333333334,-998.0898913918481
0.72875,-998.0905107213606
0.7304166666666667,-998.0911021111957
0.7320833333333334,-998.0916655613536
0.73375,-998.0922290115116
0.7354166666666667,-998.0928157447338
0.7370833333333334,-998.0934630139235
0.73875,-998.0942127285964
0.7404166666666667,-998.0950928284298
0.7420833333333333,-998.0961126266495
0.74375,-998.097248840191
0.7454333333333334,-998.0984455897
0.7471,-998.099637682596
0.7487666666666667,-998.1007459564604
0.7504333333333334,-998.1017191885513
0.7521,-998.1025201259658
0.7537666666666667,-998.1031627385427
0.7554333333333334,-998.1036796225718
0.7571,-998.1041313140207
0.7587666666666667,-998.1045830054695
0.7604333333333334,-998.10508591966
0.7621,-998.105686622721
0.7637666666666667,-998.1063990844909
0.7654333333333334,-998.1072279615827
0.7671,-998.1081592841578
0.7687666666666667,-998.1091604559259
0.7704333333333334,-998.1101802541456
0.7721,-998.111172112688
0.7737666666666667,-998.1120801521987
0.7754500000000001,-998.1128717763875
0.7771166666666667,-998.1135330154158
0.7787833333333334,-998.1140731825093
0.7804500000000001,-998.1145248739582
0.7821166666666667,-998.1149299992784
0.7837833333333334,-998.1153351245985
0.7854500000000001,-998.1157775028216
0.7871166666666667,-998.1162757603993
0.7887833333333334,-998.1168345539444
0.79045,-998.117444570231
0.7921166666666667,-998.1180871828078
0.7937833333333334,-998.1187530784489
0.79545,-998.1194329439287
0.7971166666666667,-998.12013143586
0.7987833333333334,-998.1208625240814
0.80045,-998.1216401784316
0.8021166666666667,-998.1224783687492
0.8038000000000001,-998.1233724384211
0.8054666666666667,-998.1242944477705
0.8071333333333334,-998.1252211137327
0.8088000000000001,-998.126143123082
0.8104666666666667,-998.1270604758183
0.8121333333333334,-998.1279871417805
0.8138000000000001,-998.1289510606457
0.8154666666666667,-998.1299615456396
0.8171333333333334,-998.1310092835366
0.8188000000000001,-998.1320477082078
0.8204666666666667,-998.1330302535245
0.8221333333333334,-998.1339056967449
0.8238000000000001,-998.1346693812566
0.8254666666666667,-998.135321307059
0.8271333333333334,-998.1359033836685
0.8288000000000001,-998.1364482073749
0.8304666666666667,-998.1369790612426
0.8321333333333334,-998.1375006018847
0.8338166666666668,-998.1380035160752
0.8354833333333334,-998.138459864137
0.8371500000000001,-998.1388603328443
0.8388166666666667,-998.139204922197
0.8404833333333334,-998.1395308850983
0.8421500000000001,-998.1398754744511
0.8438166666666667,-998.1402945696099
0.8454833333333334,-998.1408300800905
0.8471500000000001,-998.1414820058931
0.8488166666666667,-998.1422410337917
0.8505,-998.1430605976577
0.8521666666666667,-998.1438755049109
0.8538333333333333,-998.1446485026481
0.8555,-998.1453469945794
0.8571666666666667,-998.1459709807048
0.8588333333333333,-998.1465390874755
0.8605,-998.1470839111819
0.8621666666666667,-998.1476380481141
0.8638333333333333,-998.1482201247235
0.8655,-998.1488347976231
0.8671666666666668,-998.1494774101998
0.8688333333333333,-998.1501246793895
0.8705,-998.1507719485792
0.8721666666666668,-998.1514192177688
0.8738333333333334,-998.1520664869585
0.8755000000000001,-998.1527323825997
0.8771666666666668,-998.1534308745308
0.8788333333333334,-998.1541619627523
0.8805000000000001,-998.154920990651
0.8821666666666667,-998.1556753619368
0.8838333333333334,-998.1563831670938
0.8855000000000001,-998.1570024966062
0.8871666666666667,-998.1575100674096
0.8888333333333334,-998.1579012228912
0.8905000000000001,-998.158203902728
0.8921833333333333,-998.1584553598233
0.89385,-998.1587068169185
0.8955166666666667,-998.1589722438524
0.8971833333333333,-998.1592749236893
0.89885,-998.1596055432035
0.9005166666666667,-998.159959445782
0.9021833333333333,-998.160331974812
0.90385,-998.1607138170677
0.9055166666666667,-998.1610910027107
0.9071833333333333,-998.1614542185149
0.90885,-998.1618034644806
0.9105166666666668,-998.1621294273818
0.9121833333333333,-998.1624321072187
0.91385,-998.1627161606041
0.9155166666666668,-998.1629909007638
0.9171833333333334,-998.1632749541492
0.9188500000000001,-998.1635916038247
0.9205166666666668,-998.1639594762419
0.9222,-998.1644018544649
0.9238666666666667,-998.1649187384942
0.9255333333333334,-998.165482188652
0.9272,-998.1660642652614
0.9288666666666667,-998.1666277154194
0.9305333333333333,-998.1671492560614
0.9322,-998.1676335438004
0.9338666666666667,-998.168099205088
0.9355333333333333,-998.1685508965368
0.9372,-998.1689932747599
0.9388666666666667,-998.1694123699187
0.9405333333333333,-998.1697895555616
0.9422166666666667,-998.1700968920114
0.9438833333333334,-998.1703343792681
0.94555,-998.1705253003959
0.9472166666666667,-998.1707162215238
0.9488833333333334,-998.1709630220062
0.95055,-998.1712982981333
0.9522166666666667,-998.1717406763563
0.9538833333333334,-998.1722529037727
0.95555,-998.1727977274791
0.9572166666666667,-998.1733146115082
0.9588833333333334,-998.1737569897314
0.96055,-998.1740922658583
0.9622166666666667,-998.1743064700506
0.9638833333333334,-998.1744089155338
0.96555,-998.1744275419853
0.9672166666666667,-998.1743763192437
0.9688833333333334,-998.174292500212
0.97055,-998.1742086811803
0.9722166666666667,-998.1741528018257
0.9738833333333334,-998.1741667716643
0.97555,-998.1742692171476
0.9772166666666667,-998.1744694515013
0.9788833333333333,-998.174776787951
0.9805666666666667,-998.1751679434325
0.9822333333333334,-998.1756196348814
0.9839,-998.1760759829432
0.9855666666666667,-998.1764671384248
0.9872333333333334,-998.1767325653586
0.9889,-998.1768256976161
0.9905666666666667,-998.1767418785844
0.9922333333333334,-998.176532331005
0.9939,-998.1762762172968
0.9955666666666667,-998.1760666697174
0.9972333333333334,-998.1759921639115
0.9989,-998.1761039226204
1.0005666666666666,-998.176420572296
1.0022333333333333,-998.1768955468093
1.0039,-998.1774776234187
1.0055666666666667,-998.1780922963181
1.0072333333333334,-998.1786790295405
1.0089000000000001,-998.1792005701825
1.0105833333333334,-998.1796336351799
1.01225,-998.1799828811455
1.0139166666666668,-998.1802436514665
1.0155833333333333,-998.1804438858202
1.01725,-998.1805928974322
1.0189166666666667,-998.1807186259798
1.0205833333333334,-998.1808396979146
1.02225,-998.1809840529137
1.0239166666666668,-998.1811703174287
1.0255833333333333,-998.181421774524
1.02725,-998.1817384241995
1.0289166666666667,-998.1821062966167
1.0305833333333334,-998.1824788256466
1.0322500000000001,-998.182804788548
1.0339166666666668,-998.1830329625789
1.0355833333333333,-998.1831447212878
1.03725,-998.1831307514492
1.0389333333333335,-998.1830189927402
1.0406,-998.1828606679024
1.0422666666666667,-998.1827116562904
1.0439333333333334,-998.1826185240329
1.0456,-998.1826092108072
1.0472666666666668,-998.1827023430646
1.0489333333333333,-998.1828839509668
1.0506,-998.1831307514492
1.0522666666666667,-998.1834054916088
1.0539333333333334,-998.1836755751556
1.0556,-998.1839130624122
1.0572666666666668,-998.1841039835401
1.0589333333333333,-998.1842623083779
1.0606,-998.1843787236998
1.0622666666666667,-998.1844578861187
1.0639333333333334,-998.1845044522474
1.0656,-998.1845137654732
1.0672666666666668,-998.1845091088603
1.0689333333333333,-998.1845277353118
1.0706166666666668,-998.1846022411178
1.0722833333333335,-998.1847745357942
1.07395,-998.1850585891796
1.0756166666666667,-998.1854404314354
1.0772833333333334,-998.1858781530456
1.07895,-998.1863019048172
1.0806166666666668,-998.186651150783
1.0822833333333335,-998.1868746682009
1.08395,-998.1869631438456
1.0856166666666667,-998.1869445173941
1.0872833333333334,-998.1868467285236
1.08895,-998.186720999976
1.0906166666666668,-998.1865906148155
1.0922833333333335,-998.1864741994937
1.09395,-998.1863764106232
1.0956166666666667,-998.1863019048172
1.0972833333333334,-998.1862460254628
1.0989666666666666,-998.1862180857855
1.1006333333333334,-998.1862180857855
1.1023,-998.1862460254628
1.1039666666666668,-998.1863251878816
1.1056333333333335,-998.1864695428808
1.1073,-998.1867023735246
1.1089666666666667,-998.1870376496515
1.1106333333333334,-998.1874846844876
1.1123,-998.1880341648068
1.1139666666666668,-998.188662807545
1.1156333333333335,-998.1893333597991
1.1173,-998.190003912053
1.1189666666666667,-998.1906232415655
1.1206333333333334,-998.1911540954333
1.1223,-998.1915545641406
1.1239666666666668,-998.1917920513972
1.1256333333333335,-998.1918572439774
1.1273166666666667,-998.1917547984941
1.1289833333333334,-998.1915079980117
1.1306500000000002,-998.1911773784976
1.1323166666666666,-998.190828132532
1.1339833333333333,-998.190525452695
1.13565,-998.1903112485029
1.1373166666666668,-998.1902227728582
1.1389833333333335,-998.1902553691483
1.1406500000000002,-998.1903904109217
1.1423166666666666,-998.1905720188239
1.1439833333333334,-998.190753626726
1.14565,-998.1908886684994
1.1473166666666668,-998.1909492044667
1.1489833333333335,-998.1909305780152
1.15065,-998.1908374457578
1.1523166666666667,-998.1906744643071
1.1540000000000001,-998.1904509468891
1.1556666666666666,-998.1901622368908
1.1573333333333333,-998.1898316173767
1.159,-998.1894777147982
1.1606666666666667,-998.189147095284
1.1623333333333334,-998.1888956381888
1.1640000000000001,-998.1887699096411
1.1656666666666666,-998.1887978493183
1.1673333333333333,-998.1889794572205
1.169,-998.1892914502831
1.1706666666666667,-998.1896919189904
1.1723333333333334,-998.1901249839879
1.1740000000000002,-998.1905487357594
1.1756666666666666,-998.190939891241
1.1773333333333333,-998.1912844805937
1.179,-998.1915731905921
1.1806666666666668,-998.1918153344616
1.1823333333333335,-998.1919922857508
1.1840000000000002,-998.1920854180083
1.1856666666666666,-998.1920854180083
1.1873500000000001,-998.191982972525
1.1890166666666668,-998.1917967080101
1.1906833333333333,-998.1915592207534
1.19235,-998.1913217334968
1.1940166666666667,-998.1911168425303
1.1956833333333334,-998.1909724875311
1.1973500000000001,-998.1908933251123
1.1990166666666666,-998.1908793552736
1.2006833333333333,-998.190902638338
1.20235,-998.1909492044667
1.2040166666666667,-998.191014397047
1.2056833333333334,-998.1910935594659
1.2073500000000001,-998.1912099747877
1.2090166666666666,-998.1913729562384
1.2106833333333333,-998.1916057868822
1.21235,-998.1919131233319
1.2140166666666667,-998.1922809957491
1.2156833333333334,-998.1926861210692
1.2173666666666667,-998.1930912463894
1.2190333333333334,-998.1934544621936
1.2207000000000001,-998.1937385155791
1.2223666666666668,-998.1939294367069
1.2240333333333333,-998.1940411954159
1.2257,-998.1940877615447
1.2273666666666667,-998.1941017313833
1.2290333333333334,-998.1941063879962
1.2307000000000001,-998.194111044609
1.2323666666666668,-998.1941250144476
1.2340333333333333,-998.1941436408991
1.2357,-998.1941715805764
1.2373666666666667,-998.1942321165438
1.2390333333333334,-998.194334562027
1.2407000000000001,-998.1944975434777
1.2423666666666666,-998.19471174767
1.2440333333333333,-998.1949585481524
1.2457166666666668,-998.1952006920219
1.2473833333333333,-998.1953962697626
1.24905,-998.1955080284716
1.2507166666666667,-998.1955359681489
1.2523833333333334,-998.1954847454073
1.25405,-998.1954055829883
1.2557166666666668,-998.195345047021
1.2573833333333333,-998.1953357337952
1.25905,-998.1954148962141
1.2607166666666667,-998.195568564439
1.2623833333333334,-998.1957874252441
1.2640500000000001,-998.1960388823394
1.2657166666666668,-998.1962810262089
1.2673833333333333,-998.1964812605626
1.26905,-998.1966023324973
1.2707166666666667,-998.1966256155616
1.2723833333333334,-998.1965604229814
1.2740666666666667,-998.1964207245952
1.2757333333333334,-998.1962577431445
1.2774,-998.1961133881454
1.2790666666666668,-998.1960295691136
1.2807333333333335,-998.1960481955651
1.2824,-998.1961739241128
1.2840666666666667,-998.1964020981436
1.2857333333333334,-998.1967001213677
1.2874,-998.1970121144303
1.2890666666666668,-998.1972821979771
1.2907333333333333,-998.1974498360406
1.2924,-998.197473119105
1.2940666666666667,-998.1973427339444
1.2957333333333334,-998.1970866202363
1.2974,-998.1967513441093
1.2990666666666668,-998.196388128305
1.3007333333333333,-998.1960342257265
1.3024,-998.1957082628253
1.3040666666666667,-998.1954195528269
1.30575,-998.1951727523445
1.3074166666666667,-998.194972517991
1.3090833333333334,-998.1948421328304
1.31075,-998.1948048799275
1.3124166666666668,-998.1948886989592
1.3140833333333335,-998.1951122163772
1.31575,-998.1954754321815
1.3174166666666667,-998.1959271236304
1.3190833333333334,-998.1964114113694
1.32075,-998.1968398197539
1.3224166666666668,-998.1971424995908
1.3240833333333335,-998.1972821979771
1.32575,-998.1972542582998
1.3274166666666667,-998.1970912768492
1.3290833333333334,-998.1968491329797
1.33075,-998.1965883626586
1.3324166666666668,-998.1963648452406
1.3341,-998.1961972071772
1.3357666666666668,-998.1961040749196
1.3374333333333335,-998.1960714786295
1.3391,-998.1960994183067
1.3407666666666667,-998.1961878939514
1.3424333333333334,-998.1963415621763
1.3441,-998.1965650795943
1.3457666666666668,-998.1968444763668
1.3474333333333335,-998.1971518128166
1.3491,-998.1974498360406
1.3507666666666667,-998.1977012931359
1.3524333333333334,-998.197882901038
1.3541,-998.1979993163599
1.3557666666666668,-998.198069165553
1.3574333333333335,-998.1981297015204
1.3591,-998.1982042073264
1.3607666666666667,-998.1983066528096
1.3624333333333334,-998.198441694583
1.3641166666666666,-998.1985953628079
1.3657833333333333,-998.1987490310328
1.36745,-998.1988747595805
1.3691166666666668,-998.1989306389349
1.3707833333333335,-998.198893386032
1.3724500000000002,-998.1987443744199
1.3741166666666667,-998.1984929173246
1.3757833333333334,-998.1981669544234
1.37745,-998.1978270216835
1.3791166666666668,-998.1975196852337
1.3807833333333335,-998.1973008244286
1.38245,-998.1971704392681
1.3841166666666667,-998.1971238731393
1.3857833333333334,-998.1971192165264
1.38745,-998.1971238731393
1.3891166666666668,-998.1971145599135
1.3907833333333335,-998.1970773070105
1.3924666666666667,-998.1970167710432
1.3941333333333334,-998.196951578463
1.3958000000000002,-998.1968817292698
1.3974666666666666,-998.1968211933024
1.3991333333333333,-998.1967699705608
1.4008,-998.1967327176578
1.4024666666666668,-998.1967140912063
1.4041333333333335,-998.1967187478192
1.4058000000000002,-998.1967560007222
1.4074666666666666,-998.1968305065282
1.4091333333333333,-998.1969469218501
1.4108,-998.1970866202363
1.4124666666666668,-998.1972402884612
1.4141333333333335,-998.197398613299
1.4158000000000002,-998.197547624911
1.4174666666666667,-998.197696636523
1.4191333333333334,-998.1978363349092
1.4208,-998.1979713766826
1.4224833333333333,-998.1980738221658
1.42415,-998.1981250449076
1.4258166666666667,-998.198106418456
1.4274833333333334,-998.1980132861985
1.4291500000000001,-998.1978689311993
1.4308166666666666,-998.1977012931359
1.4324833333333333,-998.1975522815238
1.43415,-998.1974638058792
1.4358166666666667,-998.1974498360406
1.4374833333333334,-998.1975057153951
1.4391500000000002,-998.1976128174912
1.4408166666666666,-998.1977245762002
1.4424833333333333,-998.1978130518448
1.44415,-998.1978409915221
1.4458333333333333,-998.1978037386191
1.4475,-998.1977106063616
1.4491666666666667,-998.1975802212011
1.4508333333333334,-998.1974265529763
1.4525000000000001,-998.1972682281385
1.4541666666666668,-998.1971005900749
1.4558333333333333,-998.1969236387857
1.4575,-998.1967373742707
1.4591666666666667,-998.1965464531428
1.4608333333333334,-998.1963695018535
1.4625000000000001,-998.1962344600802
1.4641666666666668,-998.1961599542741
1.4658333333333333,-998.1961552976612
1.4675,-998.1961972071772
1.4691666666666667,-998.1962577431445
1.4708333333333334,-998.1962996526604
1.4725000000000001,-998.1963043092733
1.4741666666666668,-998.1962856828218
1.4758333333333333,-998.196276369596
1.4775,-998.1963322489505
1.4791666666666667,-998.1964952304012
1.48085,-998.1968025668509
1.4825166666666667,-998.1972589149127
1.4841833333333334,-998.1978270216835
1.4858500000000001,-998.198441694583
1.4875166666666668,-998.1990237711924
1.4891833333333333,-998.1994894324799
1.49085,-998.1997874557039
1.4925166666666667,-998.1998945578001
1.4941833333333334,-998.1998386784456
1.4958500000000001,-998.1996803536078
1.4975166666666668,-998.1994847758671
1.4991833333333333,-998.1993078245778
1.50085,-998.1991820960302
1.5025166666666667,-998.1991262166757
1.5041833333333334,-998.1991401865143
1.5058500000000001,-998.1992379753847
1.5075166666666668,-998.199414926674
1.5091833333333333,-998.1996617271564
1.5108666666666668,-998.1999644069932
1.5125333333333335,-998.2002903698944
1.5142,-998.2005930497314
1.5158666666666667,-998.2008305369881
1.5175333333333334,-998.2009748919871
1.5192,-998.2010074882772
1.5208666666666668,-998.2009236692455
1.5225333333333335,-998.2007467179562
1.5242,-998.2005092306996
1.5258666666666667,-998.2002531169915
1.5275333333333334,-998.2000016598962
1.5292000000000001,-998.1997921123168
1.5308666666666668,-998.1996337874791
1.5325333333333333,-998.1995359986087
1.5342,-998.1994987457057
1.5358666666666667,-998.1995080589314
1.5375333333333334,-998.1995546250602
1.5392000000000001,-998.1996198176405
1.5408833333333334,-998.1996803536078
1.54255,-998.1997315763494
1.5442166666666668,-998.1997688292524
1.5458833333333335,-998.1997921123168
1.54755,-998.1998060821554
1.5492166666666667,-998.199820051994
1.5508833333333334,-998.1998433350585
1.55255,-998.1998712747358
1.5542166666666668,-998.1998899011872
1.5558833333333335,-998.1998759313486
1.55755,-998.1998153953812
1.5592166666666667,-998.1996943234465
1.5608833333333334,-998.19952202877
1.56255,-998.1993078245778
1.5642166666666668,-998.1990936203855
1.5658833333333335,-998.1989026992577
1.56755,-998.19877697071
1.5692333333333335,-998.1987350611942
1.5709000000000002,-998.19877697071
1.5725666666666667,-998.1988887294191
1.5742333333333334,-998.1990563674825
1.5759,-998.1992566018362
1.5775666666666668,-998.1994614928027
1.5792333333333335,-998.1996477573177
1.5809,-998.1998014255425
1.5825666666666667,-998.1999131842516
1.5842333333333334,-998.1999876900576
1.5859,-998.2000389127992
1.5875666666666668,-998.2000901355409
1.5892333333333335,-998.200159984734
1.5909,-998.2002438037657
1.5925666666666667,-998.200346249249
1.5942333333333334,-998.2004533513451
1.5959,-998.2005651100542
1.5975666666666668,-998.2007001518275
1.59925,-998.2008631332782
1.6009166666666668,-998.2010726808576
1.6025833333333335,-998.2013241379528
1.6042500000000002,-998.2015988781125
1.6059166666666667,-998.2018736182721
1.6075833333333334,-998.202101792303
1.60925,-998.2022601171407
1.6109166666666668,-998.2023206531081
1.6125833333333335,-998.2023020266566
1.6142500000000002,-998.2022508039149
1.6159166666666667,-998.2022182076248
1.6175833333333334,-998.2022647737535
1.61925,-998.2024137853656
1.6209166666666668,-998.2026466160094
1.6225833333333335,-998.2029306693947
1.62425,-998.2032147227801
1.6259166666666667,-998.2034522100367
1.6276000000000002,-998.2036151914874
1.6292666666666666,-998.2036850406805
1.6309333333333333,-998.2036757274548
1.6326,-998.2036105348745
1.6342666666666668,-998.2035127460042
1.6359333333333335,-998.2034103005209
1.6376000000000002,-998.2033218248763
1.6392666666666666,-998.203261288909
1.6409333333333334,-998.2032380058445
1.6426,-998.2032566322961
1.6442666666666668,-998.2033264814892
1.6459333333333335,-998.2034568666496
1.6476000000000002,-998.203629161326
1.6492666666666667,-998.2038107692282
1.6509333333333334,-998.2039458110015
1.6526,-998.2039830639046
1.6542666666666668,-998.2038666485827
1.6559333333333335,-998.2035732819716
1.6576166666666667,-998.2031169339098
1.6592833333333334,-998.202548827139
1.6609500000000001,-998.2019620939167
1.6626166666666669,-998.2014498665004
1.6642833333333333,-998.2010819940833
1.66595,-998.200905042794
1.6676166666666667,-998.2009190126327
1.6692833333333335,-998.2010819940833
1.6709500000000002,-998.2013334511786
1.6726166666666666,-998.2016081913382
1.6742833333333333,-998.2018596484335
1.67595,-998.2020645394
1.6776166666666668,-998.2022228642377
1.6792833333333335,-998.2023532493982
1.6809500000000002,-998.2024696647201
1.6826166666666666,-998.2025814234291
1.6842833333333334,-998.2026745556866
1.68595,-998.2027164652025
1.6876333333333333,-998.202697838751
1.6893,-998.2026093631064
1.6909666666666667,-998.2024650081072
1.6926333333333334,-998.2022927134309
1.6943000000000001,-998.2021297319802
1.6959666666666668,-998.2019946902068
1.6976333333333333,-998.2019015579493
1.6993,-998.2018596484335
1.7009666666666667,-998.2018689616592
1.7026333333333334,-998.2019248410137
1.7043000000000001,-998.202022629884
1.7059666666666669,-998.2021530150446
1.7076333333333333,-998.2022973700438
1.7093,-998.2024324118171
1.7109666666666667,-998.2025441705262
1.7126333333333335,-998.2026140197192
1.7143000000000002,-998.2026373027836
1.7159833333333334,-998.202623332945
1.7176500000000001,-998.2025907366549
1.7193166666666668,-998.202548827139
1.7209833333333333,-998.2025348573004
1.72265,-998.2025627969776
1.7243166666666667,-998.2026373027836
1.7259833333333334,-998.2027444048797
1.7276500000000001,-998.2028561635888
1.7293166666666668,-998.2029306693947
1.7309833333333333,-998.2029353260076
1.73265,-998.2028515069759
1.7343166666666667,-998.2026931821381
1.7359833333333334,-998.2024929477844
1.7376500000000001,-998.2023066832695
1.7393166666666668,-998.2021716414961
1.7409833333333333,-998.2021204187545
1.74265,-998.2021623282703
1.7443333333333335,-998.2022787435923
1.746,-998.2024417250428
1.7476666666666667,-998.2026000498806
1.7493333333333334,-998.2027118085896
1.7510000000000001,-998.2027583747183
1.7526666666666668,-998.202735091654
1.7543333333333335,-998.2026698990737
1.756,-998.2025814234291
1.7576666666666667,-998.2024929477844
1.7593333333333334,-998.2024184419785
1.7610000000000001,-998.2023485927854
1.7626666666666668,-998.2022740869794
1.7643333333333333,-998.2021902679476
1.766,-998.2020878224644
1.7676666666666667,-998.2019667505296
1.7693333333333334,-998.2018270521434
1.7710000000000001,-998.2016640706927
1.7726666666666668,-998.2014684929519
1.77435,-998.201240318921
1.7760166666666668,-998.2009795486
1.7776833333333335,-998.2007048084404
1.77935,-998.2004440381194
1.7810166666666667,-998.2002438037657
1.7826833333333334,-998.2001413582825
1.78435,-998.200159984734
1.7860166666666668,-998.2002950265073
1.7876833333333335,-998.2005185439253
1.78935,-998.2007839708592
1.7910166666666667,-998.2010447411802
1.7926833333333334,-998.2012449755339
1.7943500000000001,-998.2013707040816
1.7960166666666668,-998.2014079569846
1.7976833333333335,-998.2013613908558
1.79935,-998.2012449755339
1.8010166666666667,-998.2010773374705
1.8026833333333334,-998.2008864163425
1.8043500000000001,-998.2007001518275
1.8060333333333334,-998.2005371703768
1.8077,-998.2004254116679
1.8093666666666668,-998.2003928153778
1.8110333333333335,-998.2004533513451
1.8127,-998.20060701957
1.8143666666666667,-998.2008445068267
1.8160333333333334,-998.2011239035992
1.8177,-998.2013893305331
1.8193666666666668,-998.2015849082738
1.8210333333333335,-998.2016594140798
1.8227,-998.2015942214996
1.8243666666666667,-998.2013846739202
1.8260333333333334,-998.2010773374705
1.8277,-998.2007141216661
1.8293666666666668,-998.2003602190877
1.8310333333333335,-998.2000482260249
1.8327,-998.199820051994
1.8343833333333335,-998.1996850102207
1.8360500000000002,-998.1996337874791
1.8377166666666667,-998.1996617271564
1.8393833333333334,-998.1997595160267
1.84105,-998.1999131842516
1.8427166666666668,-998.2001180752181
1.8443833333333335,-998.2003741889263
1.8460500000000002,-998.2006675555374
1.8477166666666667,-998.2009935184386
1.8493833333333334,-998.2013334511786
1.85105,-998.2016733839184
1.8527166666666668,-998.2019993468197
1.8543833333333335,-998.2022834002051
1.8560500000000002,-998.2025162308489
1.8577166666666667,-998.2026885255252
1.8593833333333334,-998.2027956276214
1.86105,-998.2028282239115
1.8627333333333334,-998.2027909710085
1.8644,-998.2026792122995
1.8660666666666668,-998.2024929477844
1.8677333333333335,-998.2022368340763
1.8694000000000002,-998.2019248410137
1.8710666666666667,-998.2015895648867
1.8727333333333334,-998.2012729152111
1.8744,-998.2010214581159
1.8760666666666668,-998.2008584766653
1.8777333333333335,-998.2007979406978
1.8794000000000002,-998.2008305369881
1.8810666666666667,-998.2009376390841
1.8827333333333334,-998.2010819940833
1.8844,-998.201240318921
1.8860666666666668,-998.2013986437588
1.8877333333333335,-998.2015476553709
1.8894000000000002,-998.2016966669828
1.8910666666666667,-998.201841021982
1.8927500000000002,-998.2019714071424
1.8944166666666669,-998.2020691960129
1.8960833333333333,-998.2021297319802
1.89775,-998.2021576716575
1.8994166666666668,-998.2021716414961
1.9010833333333335,-998.2022182076248
1.9027500000000002,-998.202325309721
1.9044166666666669,-998.2025162308489
1.9060833333333334,-998.2027770011699
1.90775,-998.2030796810068
1.9094166666666668,-998.2033870174565
1.9110833333333335,-998.2036571010033
1.9127500000000002,-998.2038806184213
1.9144166666666667,-998.2040622263235
1.9160833333333334,-998.2042391776127
1.91775,-998.2044533818049
1.9194166666666668,-998.2047281219646
1.9210833333333335,-998.2050773679302
1.9227666666666667,-998.2054685234118
1.9244333333333334,-998.2058643355061
1.9261000000000001,-998.2062042682461
1.9277666666666669,-998.2064417555027
1.9294333333333333,-998.2065581708246
1.9311,-998.2065348877602
1.9327666666666667,-998.2063951893739
1.9344333333333334,-998.2061623587301
1.9361000000000002,-998.205868992119
1.9377666666666669,-998.2055616556693
1.9394333333333333,-998.205272945671
1.9411,-998.2050401150273
1.9427666666666668,-998.2048911034152
1.9444333333333335,-998.2048398806736
1.9461000000000002,-998.2049097298667
1.9477666666666669,-998.2050913377689
1.9494333333333334,-998.2053707345414
1.9511,-998.2057013540556
1.9527833333333335,-998.2060319735697
1.95445,-998.2063113703422
1.9561166666666667,-998.2064743517928
1.9577833333333334,-998.2064836650186
1.9594500000000001,-998.2063253401808
1.9611166666666668,-998.2059947206667
1.9627833333333333,-998.2055290593792
1.96445,-998.2049935488985
1.9661166666666667,-998.2044533818049
1.9677833333333334,-998.2039737506788
1.9694500000000001,-998.2035965650359
1.9711166666666669,-998.2033544211664
1.9727833333333333,-998.2032519756832
1.97445,-998.2032938851991
1.9761166666666667,-998.2034754931011
1.9777833333333334,-998.203782829551
1.9794500000000002,-998.2041972680968
1.9811333333333334,-998.2046768992229
1.9828000000000001,-998.2051705001877
1.9844666666666668,-998.2056128784109
1.9861333333333335,-998.2059667809895
1.9878,-998.2061949550204
1.9894666666666667,-998.2063020571164
1.9911333333333334,-998.2063346534065
1.9928000000000001,-998.2063439666323
1.9944666666666668,-998.206390532761
1.9961333333333335,-998.2065116046958
1.9978,-998.2067071824366
1.9994666666666667,-998.206953982919
2.001133333333333,-998.2072100966271
2.0028,-998.2074289574323
2.0044666666666666,-998.2075779690442
2.0061333333333335,-998.2076385050116
2.0078,-998.2076152219472
2.0094833333333333,-998.2075314029155
2.01115,-998.2074149875937
2.0128166666666667,-998.2073078854975
2.0144833333333336,-998.2072287230786
2.01615,-998.2071914701756
2.0178166666666666,-998.2071961267885
2.0194833333333335,-998.2072240664658
2.02115,-998.2072613193687
2.022816666666667,-998.2072939156589
2.0244833333333334,-998.2073171987232
2.02615,-998.2073218553361
2.027816666666667,-998.2073032288846
2.0294833333333333,-998.207252006143
2.0311500000000002,-998.2071542172727
2.0328166666666667,-998.2070191754992
2.0344833333333336,-998.2068655072743
2.036166666666667,-998.2067118390495
2.0378333333333334,-998.2065907671147
2.0395000000000003,-998.2065209179216
2.041166666666667,-998.2064929782443
2.0428333333333333,-998.2064883216315
2.0445,-998.2064650385671
2.0461666666666667,-998.2063765629224
2.0478333333333336,-998.206208924859
2.0495,-998.2059714376023
2.0511666666666666,-998.2057060106685
2.0528333333333335,-998.2054731800247
2.0545,-998.2053288250255
2.056166666666667,-998.2052915721225
2.0578333333333334,-998.2053381382512
2.0595,-998.2054266138958
2.061166666666667,-998.2055011197019
2.0628333333333333,-998.2055290593792
2.0645166666666666,-998.205496463089
2.0661666666666667,-998.2054173006701
2.0678333333333336,-998.2053381382512
2.069516666666667,-998.2053008853483
2.0711833333333334,-998.2053241684126
2.0728500000000003,-998.2054126440572
2.074516666666667,-998.2055383726049
2.0761833333333333,-998.2056501313139
2.07785,-998.2057060106685
2.0795166666666667,-998.2056920408298
2.0811833333333336,-998.2056128784109
2.08285,-998.2055011197019
2.0845166666666666,-998.2053940176057
2.0861833333333335,-998.2053241684126
2.08785,-998.2052915721225
2.089516666666667,-998.2052776022839
2.0911833333333334,-998.2052543192195
2.0928500000000003,-998.2051891266392
2.094516666666667,-998.2050680547045
2.0961833333333333,-998.2049050732538
2.09785,-998.2047234653518
2.0995333333333335,-998.2045604839011
2.1012,-998.204448725192
2.102866666666667,-998.204411472289
2.1045333333333334,-998.2044347553534
2.1062000000000003,-998.2044999479338
2.1078666666666668,-998.2045558272882
2.1095333333333333,-998.2045697971269
2.1112,-998.2045092611595
2.1128666666666667,-998.2043742193861
2.1145333333333336,-998.2041972680968
2.1162,-998.2040296300333
2.1178666666666666,-998.20392718455
2.1195333333333335,-998.20392718455
2.1212,-998.2040389432591
2.122866666666667,-998.204229864387
2.1245333333333334,-998.2044533818049
2.1262000000000003,-998.2046443029328
2.1278833333333336,-998.204751405029
2.12955,-998.2047327785775
2.131216666666667,-998.2045884235783
2.1328833333333335,-998.2043555929346
2.13455,-998.2041087924522
2.136216666666667,-998.2039225279372
2.1378833333333334,-998.2038806184213
2.1395500000000003,-998.2040203168076
2.1412166666666668,-998.2043509363217
2.1428833333333333,-998.2048352240607
2.14455,-998.2054079874443
2.1462166666666667,-998.2059807508281
2.1478833333333336,-998.20646969518
2.14955,-998.2068003146941
2.1512166666666666,-998.2069306998546
2.1528833333333335,-998.2068561940486
2.15455,-998.2066047369533
2.156216666666667,-998.2062415211491
2.1579,-998.2058410524418
2.1595666666666666,-998.2054918064762
2.1612333333333336,-998.2052636324453
2.1629,-998.2051937832521
2.164566666666667,-998.2052776022839
2.1662333333333335,-998.2054778366376
2.1679,-998.2057199805071
2.169566666666667,-998.2059434979251
2.1712333333333333,-998.2060785396984
2.1729000000000003,-998.2061064793756
2.1745666666666668,-998.2060226603439
2.1762333333333332,-998.2058457090546
2.1779,-998.2056128784109
2.1795666666666667,-998.2053660779285
2.1812333333333336,-998.2051425605105
2.1829,-998.2049609526084
2.184566666666667,-998.2048352240607
2.1862333333333335,-998.2047467484161
2.1879166666666667,-998.2046862124487
2.1895833333333337,-998.2046349897071
2.19125,-998.2045837669655
2.1929166666666666,-998.2045372008367
2.1945833333333336,-998.2044813214823
2.19625,-998.2044254421277
2.197916666666667,-998.2043649061603
2.1995833333333334,-998.2043090268058
2.20125,-998.2042717739029
2.202916666666667,-998.2042857437415
2.2045833333333333,-998.2043742193861
2.2062500000000003,-998.2045325442239
2.2079166666666667,-998.2047374351904
2.2095833333333332,-998.2049423261568
2.21125,-998.2050773679302
2.2129166666666666,-998.205086681156
2.2145833333333336,-998.2049469827697
2.216266666666667,-998.2046629293843
2.2179333333333333,-998.2042810871286
2.2196000000000002,-998.2038573353569
2.2212666666666667,-998.2034568666496
2.2229333333333336,-998.2031309037484
2.2246,-998.2029073863304
2.2262666666666666,-998.2027863143957
2.2279333333333335,-998.2027537181054
2.2296,-998.2027770011699
2.231266666666667,-998.2028142540729
2.2329333333333334,-998.2028282239115
2.2346,-998.2027816577828
2.236266666666667,-998.2026559292351
2.2379333333333333,-998.2024230985913
2.2396000000000003,-998.2020785092386
2.2412666666666667,-998.2016221611768
2.2429333333333332,-998.2010773374705
2.2446,-998.2004906042481
2.2462833333333334,-998.1999318107031
2.24795,-998.1994847758671
2.249616666666667,-998.1992193489332
2.2512833333333333,-998.1991820960302
2.2529500000000002,-998.199377673771
2.2546166666666667,-998.1997548594138
2.2562833333333336,-998.2002158640885
2.25795,-998.2006303026344
2.2596166666666666,-998.2008724465039
2.2612833333333335,-998.2008584766653
2.26295,-998.2005651100542
2.264616666666667,-998.2000295995734
2.2662833333333334,-998.1993404208679
2.26795,-998.1986046760336
2.269616666666667,-998.197920153941
2.2712833333333333,-998.1973473905573
2.2729500000000002,-998.1969096689471
2.2746166666666667,-998.1965976758844
2.2763,-998.1963974415307
2.277966666666667,-998.196276369596
2.2796333333333334,-998.1962204902416
2.2813000000000003,-998.1962158336287
2.282966666666667,-998.196239116693
2.2846333333333333,-998.196276369596
2.2863,-998.1963043092733
2.2879666666666667,-998.1962903394347
2.2896333333333336,-998.1962111770158
2.2913,-998.1960481955651
2.2929666666666666,-998.1957874252441
2.2946333333333335,-998.1954614623429
2.2963,-998.1951029031515
2.297966666666667,-998.1947443439601
2.2996333333333334,-998.1944137244459
2.3013,-998.1941296710605
2.302966666666667,-998.1938828705781
2.30465,-998.193664009773
2.3063166666666666,-998.1934637754193
2.3079833333333335,-998.1932775109044
2.30965,-998.1931145294537
2.311316666666667,-998.1929934575189
2.3129833333333334,-998.1929282649387
2.3146500000000003,-998.192918951713
2.316316666666667,-998.1929562046159
2.3179833333333333,-998.1930120839705
2.31965,-998.1930586500993
2.3213166666666667,-998.1930539934864
2.3229833333333336,-998.1929841442932
2.32465,-998.1928397892941
2.3263166666666666,-998.1926348983276
2.3279833333333335,-998.1924160375224
2.32965,-998.1922297730074
2.3313333333333333,-998.1921133576856
2.333,-998.1920947312341
2.3346666666666667,-998.1921645804272
2.3363333333333336,-998.1923089354264
2.338,-998.1924858867155
2.3396666666666666,-998.1926628380048
2.3413333333333335,-998.1927978797783
2.343,-998.1928677289714
2.344666666666667,-998.192844445907
2.3463333333333334,-998.1927140607464
2.3480000000000003,-998.1924812301027
2.349666666666667,-998.1921785502658
2.3513333333333333,-998.1918479307517
2.353,-998.1915545641406
2.3546666666666667,-998.1913357033354
2.3563333333333336,-998.1912239446264
2.358,-998.1912053181749
2.3596666666666666,-998.1912565409165
2.3613333333333335,-998.1913310467226
2.3630166666666668,-998.1913776128513
2.3646833333333332,-998.1913589863998
2.36635,-998.1912518843036
2.3680166666666667,-998.1910563065629
2.3696833333333336,-998.1908048494677
2.37135,-998.1905533923724
2.373016666666667,-998.1903671278574
2.3746833333333335,-998.1902972786642
2.37635,-998.190381097696
2.378016666666667,-998.1906185849526
2.3796833333333334,-998.1909818007568
2.3813500000000003,-998.1914288355929
2.383016666666667,-998.1919177799448
2.3846833333333333,-998.1924113809096
2.38635,-998.1928910120357
2.3880166666666667,-998.1933380468718
2.3896833333333336,-998.1937478288048
2.39135,-998.1941063879962
2.3930166666666666,-998.194409067833
2.3947000000000003,-998.1946465550897
2.3963666666666668,-998.1948141931532
2.3980333333333332,-998.1949259518622
2.3997,-998.1950004576682
2.4013666666666666,-998.1950609936356
2.4030333333333336,-998.1951308428287
2.4047,-998.1952100052476
2.406366666666667,-998.1952984808922
2.4080333333333335,-998.1953776433111
2.4097,-998.1954195528269
2.411366666666667,-998.1953962697626
2.4130333333333334,-998.195307794118
2.4147000000000003,-998.1951727523445
2.4163666666666668,-998.1950237407326
2.4180333333333333,-998.1949073254107
2.4197,-998.1948654158948
2.4213666666666667,-998.1949166386364
2.42305,-998.195047023797
2.424716666666667,-998.195233288312
2.4263833333333333,-998.1954381792785
2.4280500000000003,-998.1956244437935
2.4297166666666667,-998.1957874252441
2.4313833333333332,-998.1959224670175
2.43305,-998.1960481955651
2.4347166666666666,-998.1961785807257
2.4363833333333336,-998.1963275923376
2.43805,-998.196499887014
2.439716666666667,-998.1966814949162
2.4413833333333335,-998.196872416044
2.44305,-998.197058680559
2.444716666666667,-998.197249601687
2.4463833333333334,-998.1974498360406
2.4480500000000003,-998.1976780100715
2.4497166666666668,-998.1979387803925
2.4514,-998.1982368036165
2.453066666666667,-998.1985487966791
2.4547333333333334,-998.198851476516
2.4564,-998.1991029336114
2.458066666666667,-998.1992798849005
2.4597333333333333,-998.1993683605452
2.4614000000000003,-998.1993823303839
2.4630666666666667,-998.1993590473195
2.4647333333333337,-998.1993311076421
2.4664,-998.1993404208679
2.4680666666666666,-998.1994009568353
2.4697333333333336,-998.1995080589314
2.4714,-998.1996570705435
2.473066666666667,-998.1998340218328
2.4747333333333335,-998.2000202863477
2.4764,-998.2002018942499
2.478066666666667,-998.2003788455391
2.4797333333333333,-998.2005511402155
2.4814166666666666,-998.2007141216661
2.4830833333333335,-998.2008771031168
2.48475,-998.2010447411802
2.486416666666667,-998.2012216924695
2.4880833333333334,-998.2014172702103
2.48975,-998.2016361310154
2.491416666666667,-998.201878274885
2.4930833333333333,-998.2021530150446
2.4947500000000002,-998.2024556948815
2.4964166666666667,-998.2027770011699
2.4980833333333337,-998.2031122772969
2.49975,-998.2034522100367
2.5014166666666666,-998.2037921427767
2.5030833333333335,-998.204150701968
2.50475,-998.2045325442239
2.506416666666667,-998.2049656092213
2.5080833333333334,-998.2054545535732
2.50975,-998.2060040338924
2.5114333333333336,-998.206576797276
2.5131,-998.2071169643696
2.5147666666666666,-998.2075733124314
2.5164333333333335,-998.2078946187198
2.5181,-998.2080529435575
2.519766666666667,-998.2080529435575
2.5214333333333334,-998.2079272150099
2.5231000000000003,-998.2077223240434
2.524766666666667,-998.2074988066254
2.5264333333333333,-998.2072985722717
2.5281000000000002,-998.2071681871113
2.5297666666666667,-998.2071216209824
2.5314333333333336,-998.2071681871113
2.5331,-998.2073171987232
2.5347666666666666,-998.2075826256571
2.5364333333333335,-998.2079598113
2.5381,-998.2084394424262
2.539766666666667,-998.2089889227454
2.54145,-998.2095477162904
2.5431166666666667,-998.210050630481
2.5447833333333336,-998.2104185028982
2.54645,-998.2106047674132
2.5481166666666666,-998.2105954541875
2.5497833333333335,-998.2104138462853
2.55145,-998.2101204796742
2.553116666666667,-998.2097852035471
2.5547833333333334,-998.2094825237102
2.5564500000000003,-998.2092590062922
2.558116666666667,-998.2091379343575
2.5597833333333333,-998.2091053380673
2.5614500000000002,-998.2091239645189
2.5631166666666667,-998.2091612174219
2.5647833333333336,-998.2092031269377
2.56645,-998.2092357232278
2.5681166666666666,-998.2092776327437
2.5698000000000003,-998.209338168711
2.571466666666667,-998.20941733113
2.5731333333333333,-998.2095058067746
2.5748,-998.2095709993548
2.5764666666666667,-998.2095942824192
2.5781333333333336,-998.2095523729033
2.5798,-998.2094452708072
2.5814666666666666,-998.2092916025823
2.5831333333333335,-998.209119307906
2.5848,-998.2089563264553
2.586466666666667,-998.2088073148433
2.5881333333333334,-998.2086443333927
2.5898000000000003,-998.2084208159747
2.591466666666667,-998.2080948530734
2.5931333333333333,-998.207624535173
2.5948,-998.2070098622735
2.5964666666666667,-998.2062787740521
2.59815,-998.2054824932504
2.599816666666667,-998.2046815558358
2.6014833333333334,-998.2039039014857
2.6031500000000003,-998.2031774698771
2.604816666666667,-998.2024929477844
2.6064833333333333,-998.2018223955305
2.60815,-998.2011518432764
2.6098166666666667,-998.2004719777966
2.6114833333333336,-998.1997921123168
2.61315,-998.1991588129658
2.614816666666667,-998.1986186458723
2.6164833333333335,-998.198218177165
2.61815,-998.1979760332955
2.619816666666667,-998.1978735878122
2.6214833333333334,-998.1978782444252
2.6231500000000003,-998.1979108407153
2.624816666666667,-998.1978968708767
2.6265,-998.197771142329
2.628166666666667,-998.1974917455565
2.6298333333333335,-998.1970540239462
2.6315,-998.1964859171754
2.633166666666667,-998.1958386479857
2.6348333333333334,-998.1951774089574
2.6365000000000003,-998.194562736058
2.6381666666666668,-998.1940365388031
2.6398333333333333,-998.1936221002571
2.6415,-998.193328733646
2.6431666666666667,-998.1931331559052
2.6448333333333336,-998.1930120839705
2.6465,-998.1929375781644
2.648166666666667,-998.1928910120357
2.6498333333333335,-998.1928584157456
2.6515,-998.192844445907
2.653166666666667,-998.1928584157456
2.6548333333333334,-998.1929096384872
2.6565000000000003,-998.1930074273577
2.6581833333333336,-998.1931657521953
2.65985,-998.193365986549
2.661516666666667,-998.1935988171928
2.6631833333333335,-998.1938316478365
2.66485,-998.1940411954159
2.666516666666667,-998.1942041768665
2.6681833333333334,-998.194334562027
2.6698500000000003,-998.1944509773489
2.6715166666666668,-998.1945999889609
2.6731833333333332,-998.1948328196047
2.67485,-998.195196035409
2.6765166666666667,-998.195717576051
2.6781833333333336,-998.1963834716921
2.67985,-998.1971704392681
2.681516666666667,-998.1980179428114
2.6831833333333335,-998.1988794161933
2.68485,-998.1997176065108
2.686516666666667,-998.2005278571511
2.6882,-998.2013055115013
2.6898666666666666,-998.2020645394
2.6915333333333336,-998.2028049408472
2.6932,-998.2035080893913
2.694866666666667,-998.2041274189037
2.6965333333333334,-998.20463964632
2.6982,-998.2050075187371
2.699866666666667,-998.2052450059938
2.7015333333333333,-998.2053800477671
2.7032000000000003,-998.2054685234118
2.7048666666666668,-998.205570968895
2.7065333333333337,-998.2057246371199
2.7082,-998.205948154538
2.7098666666666666,-998.2062182380847
2.7115333333333336,-998.2065162613087
2.7132,-998.2068142845327
2.714866666666667,-998.2070983379181
2.7165500000000002,-998.2073917045292
2.7182166666666667,-998.2077036975919
2.7198833333333337,-998.2080622567833
2.72155,-998.2084720387163
2.7232166666666666,-998.2089004471009
2.7248833333333335,-998.2093009158081
2.72655,-998.209603595645
2.728216666666667,-998.2097479506441
2.7298833333333334,-998.2096967279025
2.73155,-998.2094638972587
2.733216666666667,-998.2090960248415
2.7348833333333333,-998.2086769296828
2.7365500000000003,-998.208257834524
2.7382166666666667,-998.2078946187198
2.7398833333333337,-998.2075919388828
2.74155,-998.2073451384005
2.7432166666666666,-998.2071449040468
2.7448833333333336,-998.2070005490477
2.746566666666667,-998.2069213866289
2.7482333333333333,-998.2069306998546
2.7499000000000002,-998.2070471151765
2.7515666666666667,-998.2072659759816
2.7532333333333336,-998.2075593425927
2.7549,-998.207885305494
2.7565666666666666,-998.2081647022666
2.7582333333333335,-998.2083369969429
2.7599,-998.2083369969429
2.761566666666667,-998.2081414192022
2.7632333333333334,-998.2077642335593
2.7649,-998.2072473495301
2.766566666666667,-998.2066652729206
2.7682333333333333,-998.2061018227628
2.7699000000000003,-998.2056128784109
2.7715666666666667,-998.2052403493809
2.7732333333333337,-998.2049842356728
2.7749,-998.2048305674479
2.7765833333333334,-998.2047607182548
2.7782500000000003,-998.2047653748676
2.779916666666667,-998.2048398806736
2.7815833333333333,-998.204974922447
2.7832500000000002,-998.2051518737362
2.7849166666666667,-998.2053614213156
2.7865833333333336,-998.2055756255079
2.78825,-998.2057618900229
2.7899166666666666,-998.2058922751834
2.7915833333333335,-998.205948154538
2.79325,-998.205906245022
2.794916666666667,-998.2057758598615
2.7965833333333334,-998.2055849387336
2.7982500000000003,-998.2053567647027
2.799916666666667,-998.2051285906718
2.8015833333333333,-998.2049190430924
2.8032500000000002,-998.2047420918033
2.8049333333333335,-998.204602393417
2.8066,-998.2044859780951
2.808266666666667,-998.2044021590633
2.8099333333333334,-998.2043462797088
2.8116000000000003,-998.2043323098702
2.813266666666667,-998.2043742193861
2.8149333333333333,-998.2044813214823
2.8166,-998.2046629293843
2.8182666666666667,-998.2049097298667
2.8199333333333336,-998.2052077530908
2.8216,-998.2055290593792
2.8232666666666666,-998.2058363958289
2.8249333333333335,-998.2060878529242
2.8266,-998.2062275513105
2.828266666666667,-998.2062322079233
2.8299333333333334,-998.2060738830855
2.8316000000000003,-998.2057712032487
2.833266666666667,-998.2053567647027
2.83495,-998.2048911034152
2.836616666666667,-998.204448725192
2.8382833333333335,-998.2040994792264
2.83995,-998.2038945882599
2.841616666666667,-998.2038666485827
2.8432833333333334,-998.204006346969
2.8449500000000003,-998.2042717739029
2.846616666666667,-998.2046117066427
2.8482833333333333,-998.2049562959954
2.84995,-998.205235692768
2.8516166666666667,-998.2054033308315
2.8532833333333336,-998.2054266138958
2.85495,-998.2053148551869
2.8566166666666666,-998.2050913377689
2.8582833333333335,-998.2048026277706
2.85995,-998.204490634708
2.861616666666667,-998.2041926114839
2.8632833333333334,-998.2039364977758
2.8649666666666667,-998.2037595464866
2.8666333333333336,-998.2036757274548
2.8683,-998.203703667132
2.869966666666667,-998.2038480221312
2.8716333333333335,-998.2041041358393
2.8733,-998.2044533818049
2.874966666666667,-998.2048538505122
2.8766333333333334,-998.2052589758324
2.8783000000000003,-998.205608221798
2.879966666666667,-998.205868992119
2.8816333333333333,-998.2060273169568
2.8833,-998.2061204492143
2.8849666666666667,-998.2061996116332
2.8866333333333336,-998.206316026955
2.8883,-998.2065116046958
2.889966666666667,-998.2067630617911
2.8916333333333335,-998.2070331453378
2.8933166666666668,-998.2072426929172
2.8949833333333337,-998.2073358251747
2.89665,-998.2072659759816
2.8983166666666667,-998.2070238321121
2.8999833333333336,-998.206651303082
2.90165,-998.206208924859
2.903316666666667,-998.2057665466358
2.9049833333333335,-998.2053893609929
2.90665,-998.2051192774461
2.908316666666667,-998.2049702658342
2.9099833333333334,-998.2049376695439
2.9116500000000003,-998.2049982055114
2.9133166666666668,-998.205123934059
2.9149833333333333,-998.2053008853483
2.91665,-998.2055197461534
2.9183333333333334,-998.2057758598615
2.9199833333333336,-998.2060459434083
2.921666666666667,-998.2063113703422
2.9233333333333333,-998.2065302311473
2.9250000000000003,-998.2066652729206
2.9266666666666667,-998.2066885559851
2.9283333333333337,-998.2065907671147
2.93,-998.206390532761
2.9316666666666666,-998.2061204492143
2.9333333333333336,-998.2058363958289
2.935,-998.2055849387336
2.936666666666667,-998.2053986742186
2.9383333333333335,-998.2052915721225
2.94,-998.2052403493809
2.941666666666667,-998.2052217229294
2.9433333333333334,-998.2052077530908
2.9450000000000003,-998.2051798134135
2.9466666666666668,-998.2051565303491
2.9483333333333337,-998.205161186962
2.95,-998.2052403493809
2.9516833333333334,-998.2054173006701
2.95335,-998.2056920408298
2.955016666666667,-998.2060459434083
2.9566833333333333,-998.2064184724383
2.9583500000000003,-998.2067630617911
2.9600166666666667,-998.2070145188864
2.9616833333333337,-998.2071449040468
2.96335,-998.207135590821
2.9650166666666666,-998.2069958924349
2.9666833333333336,-998.2067397787267
2.96835,-998.2064091592125
2.970016666666667,-998.2060412867954
2.9716833333333335,-998.2056966974427
2.97335,-998.2054033308315
2.975016666666667,-998.2051844700263
2.9766833333333333,-998.2050354584144
2.9783500000000003,-998.2049330129311
2.9800166666666668,-998.2048678203508
2.9817,-998.2048165976092
2.983366666666667,-998.2047700314805
2.9850333333333334,-998.2047327785775
2.9867000000000004,-998.204709495513
2.988366666666667,-998.2047048389002
2.9900333333333333,-998.2047281219646
2.9917000000000002,-998.2047840013191
2.9933666666666667,-998.2048724769637
2.9950333333333337,-998.2049888922857
2.9967,-998.2051146208332
2.9983666666666666,-998.2052263795423
