min,µS/cm
0.0,-998.5969825641238
0.0016666666666667052,-998.5967637033186
0.003349999999999964,-998.5964982763848
0.005016666666666669,-998.596190939935
0.006683333333333374,-998.5957951278406
0.00835000000000008,-998.5952270210698
0.010016666666666563,-998.5943981439781
0.011683333333333268,-998.5932898701137
0.013349999999999973,-998.5919720486701
0.015016666666666678,-998.5906495706134
0.016683333333333383,-998.5895925194908
0.01835000000000009,-998.5890849486874
0.02001666666666657,-998.589322435944
0.021683333333333277,-998.5903981135182
0.023349999999999982,-998.5922467888297
0.025016666666666687,-998.5946728841377
0.026683333333333392,-998.5973970026697
0.028350000000000097,-998.6000838682987
0.03001666666666658,-998.6024354578008
0.031683333333333286,-998.6042049706933
0.03336666666666677,-998.6052527085902
0.03503333333333325,-998.6055367619756
0.036699999999999955,-998.6051223234298
0.03836666666666666,-998.6041537479517
0.040033333333333365,-998.6028312698951
0.04170000000000007,-998.6013504670008
0.043366666666666775,-998.5999022603966
0.04503333333333326,-998.5986356616945
0.046699999999999964,-998.597648459765
0.04836666666666667,-998.5970011905753
0.050033333333333374,-998.5967171371899
0.05170000000000008,-998.596786986383
0.05336666666666656,-998.5971734852517
0.05503333333333327,-998.5978254110543
0.05669999999999997,-998.5986636013718
0.05836666666666668,-998.5995949239468
0.06004999999999994,-998.6005169332961
0.06170000000000009,-998.6013364971622
0.06338333333333335,-998.601979109739
0.06505000000000005,-998.6023982048977
0.06671666666666676,-998.6025798127998
0.06838333333333324,-998.6025565297355
0.07004999999999995,-998.602384235059
0.07171666666666665,-998.6021374345767
0.07338333333333336,-998.6019046039329
0.07505000000000006,-998.601755592321
0.07671666666666677,-998.601718339418
0.07838333333333325,-998.6017975018368
0.08004999999999995,-998.601941856836
0.08171666666666666,-998.6020908684479
0.08338333333333336,-998.6021886573184
0.08505000000000007,-998.602202627157
0.08671666666666678,-998.6021141515123
0.08838333333333326,-998.6019558266746
0.09006666666666674,-998.601755592321
0.09171666666666667,-998.6015507013544
0.09339999999999993,-998.6013597802265
0.09506666666666663,-998.601192142163
0.09673333333333334,-998.6010524437768
0.09840000000000004,-998.6009406850677
0.10006666666666675,-998.6008615226489
0.10173333333333323,-998.6008382395845
0.10339999999999994,-998.600894118939
0.10506666666666664,-998.6010338173253
0.10673333333333335,-998.6012573347433
0.10840000000000005,-998.6015460447416
0.11006666666666676,-998.6018440679655
0.11173333333333324,-998.6020955250608
0.11339999999999995,-998.60223988006
0.11506666666666665,-998.6022445366729
0.11674999999999991,-998.6021001816737
0.11840000000000006,-998.6018440679655
0.12008333333333332,-998.6015320749029
0.12175000000000002,-998.601234051679
0.12341666666666673,-998.6010105342609
0.12508333333333344,-998.600894118939
0.12674999999999992,-998.6008801491004
0.12841666666666662,-998.6009406850677
0.13008333333333333,-998.6010291607124
0.13175000000000003,-998.6011316061956
0.13341666666666674,-998.6012293950661
0.13508333333333322,-998.6013504670008
0.13674999999999993,-998.6015087918386
0.13841666666666663,-998.6017323092566
0.14008333333333334,-998.6020210192548
0.14175000000000004,-998.6023516387689
0.14341666666666675,-998.6026822582832
0.14508333333333345,-998.602947685217
0.14674999999999994,-998.6030920402161
0.14841666666666664,-998.6030780703775
0.15010000000000012,-998.6029150889269
0.15175000000000005,-998.6026356921543
0.1534333333333333,-998.6023004160273
0.15510000000000002,-998.6019604832875
0.15676666666666672,-998.6016717732891
0.15843333333333343,-998.6014529124841
0.1600999999999999,-998.6012945876463
0.16176666666666661,-998.6011735157115
0.16343333333333332,-998.6010524437768
0.16510000000000002,-998.6009080887776
0.16676666666666673,-998.6007357941013
0.16843333333333343,-998.6005448729734
0.17009999999999992,-998.6003586084584
0.17176666666666662,-998.6001909703948
0.17343333333333333,-998.60003730217
0.17510000000000003,-998.5998836339451
0.17676666666666674,-998.5997020260429
0.17843333333333344,-998.5994691953991
0.1801166666666667,-998.5991711721751
0.1817833333333334,-998.5988126129838
0.1834500000000001,-998.5984261141151
0.1851166666666666,-998.5980489284723
0.1867833333333333,-998.5977183089581
0.18845,-998.5974575386371
0.1901166666666667,-998.5972526476705
0.19178333333333342,-998.5970756963814
0.1934499999999999,-998.5968987450921
0.1951166666666666,-998.5966985107384
0.1967833333333333,-998.5964656800946
0.19845000000000002,-998.5962188796123
0.20011666666666672,-998.5959860489685
0.20178333333333343,-998.595781158002
0.20345000000000013,-998.5956228331643
0.2051166666666666,-998.5954924480037
0.2068000000000001,-998.5953574062304
0.20845000000000002,-998.595185111554
0.21013333333333328,-998.5949429676845
0.2118,-998.5946216613961
0.2134666666666667,-998.5942258493017
0.2151333333333334,-998.5938067541429
0.2168000000000001,-998.5934155986614
0.2184666666666666,-998.5931315452759
0.2201333333333333,-998.5930151299541
0.2218,-998.5930896357601
0.2234666666666667,-998.5933504060811
0.2251333333333334,-998.5937229351111
0.2267999999999999,-998.5941327170442
0.2284666666666666,-998.5944959328484
0.2301333333333333,-998.5947427333308
0.2318,-998.5948405222011
0.2334666666666667,-998.5948032692982
0.23513333333333342,-998.5946542576862
0.23681666666666668,-998.5944307402682
0.2384666666666666,-998.5941699699472
0.24015000000000009,-998.593913856239
0.2418166666666668,-998.5936856822082
0.24348333333333327,-998.5934947610803
0.24514999999999998,-998.593355062694
0.24681666666666668,-998.5932526172107
0.2484833333333334,-998.5931734547919
0.2501500000000001,-998.5931129188244
0.2518166666666666,-998.59305703947
0.2534833333333333,-998.5929965035026
0.25515,-998.5929406241481
0.2568166666666667,-998.5928894014064
0.2584833333333334,-998.5928707749549
0.2601499999999999,-998.5928847447935
0.2618166666666668,-998.5929499373739
0.2634833333333333,-998.5930523828571
0.26515,-998.5931874246305
0.2668333333333335,-998.5933084965652
0.2684833333333334,-998.5933876589842
0.27016666666666667,-998.5933830023712
0.27183333333333337,-998.5932898701137
0.2735000000000001,-998.5931222320502
0.2751666666666668,-998.5929219976966
0.27683333333333326,-998.5927403897945
0.27849999999999997,-998.5926239744725
0.2801666666666667,-998.5925913781824
0.2818333333333334,-998.5926332876983
0.2835000000000001,-998.5927264199559
0.28516666666666657,-998.5928195522133
0.2868333333333333,-998.5928800881807
0.2885,-998.5928707749549
0.2901666666666667,-998.5927822993103
0.2918333333333334,-998.592605348021
0.2935000000000001,-998.5923632041515
0.2951666666666668,-998.5920791507662
0.29685000000000006,-998.591785784155
0.2985,-998.5915017307697
0.30018333333333347,-998.5912456170615
0.30184999999999995,-998.5910360694821
0.30351666666666666,-998.590891714483
0.30518333333333336,-998.590817208677
0.30685000000000007,-998.5908265219027
0.3085166666666668,-998.5909149975473
0.31018333333333326,-998.5910872922237
0.31184999999999996,-998.5913154662546
0.31351666666666667,-998.5915715799628
0.31518333333333337,-998.5918323502838
0.3168500000000001,-998.5920605243147
0.31851666666666656,-998.5922328189911
0.3201833333333335,-998.5923352644743
0.32184999999999997,-998.5923585475387
0.3235166666666667,-998.5923026681842
0.3251833333333334,-998.5921769396366
0.32686666666666664,-998.5920093015731
0.32853333333333334,-998.5917997539937
0.33020000000000005,-998.591562266737
0.33186666666666675,-998.5912921831903
0.33353333333333346,-998.5909895033534
0.33519999999999994,-998.5906775102907
0.33686666666666665,-998.5903794870667
0.33853333333333335,-998.5901373431972
0.34020000000000006,-998.5899743617466
0.34186666666666676,-998.5899138257791
0.34353333333333325,-998.5899417654564
0.34519999999999995,-998.5900255844882
0.34686666666666666,-998.5901094035199
0.34853333333333336,-998.59014199981
0.35020000000000007,-998.5900907770684
0.35186666666666655,-998.5899417654564
0.3535333333333335,-998.5897182480384
0.35519999999999996,-998.5894667909431
0.3568833333333332,-998.5892339602995
0.35855000000000015,-998.5890663222359
0.36021666666666663,-998.5889825032041
0.36188333333333333,-998.5889685333655
0.36355000000000004,-998.5889918164299
0.36521666666666674,-998.5890011296557
0.36688333333333345,-998.5889685333655
0.36854999999999993,-998.5888660878823
0.37021666666666664,-998.5887031064316
0.37188333333333334,-998.5885075286909
0.37355000000000005,-998.5883398906274
0.37521666666666675,-998.5882560715955
0.37688333333333324,-998.5882933244986
0.37854999999999994,-998.5884609625621
0.38021666666666665,-998.5887310461088
0.38188333333333335,-998.5890476957844
0.38355000000000006,-998.5893550322342
0.38521666666666676,-998.5896158025552
0.3869,-998.5897974104573
0.3885666666666667,-998.5899091691663
0.39023333333333343,-998.5899464220693
0.39190000000000014,-998.5899417654564
0.3935666666666666,-998.5898998559405
0.3952333333333333,-998.5898300067474
0.39690000000000003,-998.5897415311028
0.39856666666666674,-998.5896251157809
0.40023333333333344,-998.5894947306205
0.4018999999999999,-998.5893643454599
0.40356666666666663,-998.589252586751
0.40523333333333333,-998.5891827375577
0.40690000000000004,-998.5891687677191
0.40856666666666674,-998.5892013640092
0.4102333333333332,-998.5892665565896
0.4119166666666667,-998.5893364057827
0.4135833333333334,-998.5893922851371
0.4152499999999999,-998.5894295380401
0.4169166666666668,-998.5894481644916
0.4185833333333333,-998.5894807607818
0.42025,-998.5895552665878
0.4219166666666667,-998.5897089348126
0.4235833333333334,-998.5899603919079
0.42525000000000013,-998.5903142944865
0.4269166666666666,-998.5907520160968
0.4285833333333333,-998.5912409604487
0.43025,-998.5917438746392
0.4319166666666667,-998.5922467888297
0.43358333333333343,-998.5927310765687
0.4352499999999999,-998.5932153643078
0.4369166666666666,-998.5937136218854
0.4385833333333333,-998.5942444757532
0.44025000000000003,-998.594807925911
0.44191666666666674,-998.5953993157462
0.4435833333333332,-998.5960000188071
0.44525000000000015,-998.5965820954166
0.4469333333333334,-998.5971176058972
0.4485999999999999,-998.5975972370234
0.4502666666666668,-998.5979977057306
0.4519333333333333,-998.5983329818577
0.4536,-998.5986216918559
0.4552666666666667,-998.5988824621769
0.4569333333333334,-998.5991432324979
0.4586000000000001,-998.599399346206
0.4602666666666666,-998.5996321768498
0.4619333333333333,-998.5998184413648
0.4636,-998.5999488265253
0.4652666666666667,-998.6000419587829
0.4669333333333334,-998.6000186757185
0.4685999999999999,-998.5985937521787
0.4702666666666666,-998.5884842456264
0.4719333333333333,-998.5420904115504
0.4736,-998.3794488936567
0.4752833333333333,-997.9130658311365
0.47695,-996.7744401641071
0.4786166666666667,-994.344312229354
0.4802833333333334,-989.7232525934107
0.4819500000000001,-981.7824889820919
0.4836166666666668,-969.3181193290828
0.4852833333333333,-951.2984198291313
0.48695,-927.1545433100101
0.4886166666666667,-897.0386632238694
0.4902833333333334,-861.9709316929667
0.49195,-823.8217098749344
0.4936166666666667,-785.1176805724938
0.4952833333333333,-748.7057804822483
0.49695,-717.3437768208532
0.4986166666666667,-693.3016426364434
0.5002833333333333,-678.0516638783979
0.50195,-672.1015696749564
0.5036166666666667,-674.9916731729134
0.5053,-685.4428493815674
0.5069666666666667,-701.6150377232651
0.5086333333333334,-721.4202455810365
0.5103,-742.8311327206115
0.5119666666666667,-764.1351645645384
0.5136333333333334,-784.1007880792491
0.5153,-802.04242412096
0.5169666666666667,-817.7902367048852
0.5186333333333334,-831.5858807561854
0.5203,-843.9342448692463
0.5219666666666667,-855.4433616136403
0.5236333333333334,-866.6808907253113
0.5253,-878.0677667251173
0.5269666666666667,-889.8194743738601
0.5286333333333334,-901.9355480102522
0.5303,-914.2297836552513
0.5319666666666667,-926.3881207100992
0.5336333333333334,-938.0389847504157
0.5353166666666667,-948.8211064361134
0.5369833333333334,-958.4385952718735
0.5386500000000001,-966.6970935495091
0.5403166666666667,-973.5201164025441
0.5419833333333334,-978.9462392120372
0.5436500000000001,-983.1103919926613
0.5453166666666667,-986.2136938544985
0.5469833333333334,-988.4885889424423
0.54865,-990.165598220269
0.5503166666666667,-991.4468419698285
0.5519833333333334,-992.4892154487266
0.55365,-993.397981391008
0.5553166666666667,-994.2295779447209
0.5569833333333334,-995.0012112944393
0.55865,-995.7040664719902
0.5603166666666667,-996.3171561231451
0.5619833333333334,-996.8193066291601
0.5636666666666666,-997.197651768661
0.5653333333333334,-997.4519819940682
0.5670000000000001,-997.5951774965949
0.5686666666666667,-997.6505259972301
0.5703333333333334,-997.647243085153
0.5720000000000001,-997.6153499435704
0.5736666666666667,-997.5811424653889
0.5753333333333334,-997.5639595638793
0.5770000000000001,-997.5746232073636
0.5786666666666667,-997.6155594911498
0.5803333333333334,-997.6822794404264
0.5820000000000001,-997.7657212865379
0.5836666666666667,-997.8548628268088
0.5853333333333334,-997.939175459528
0.5870000000000001,-998.0104402629707
0.5886666666666667,-998.063805046521
0.5903333333333334,-998.098035807767
0.5920000000000001,-998.1150510712131
0.5936833333333333,-998.1190278186086
0.59535,-998.1152606187925
0.5970166666666666,-998.1090533538298
0.5986833333333333,-998.1048158361133
0.60035,-998.1055096714317
0.6020166666666666,-998.1124247415514
0.6036833333333333,-998.125318902603
0.60535,-998.1427858574981
0.6070166666666666,-998.1627394436686
0.6086833333333334,-998.1829444869342
0.6103500000000001,-998.2014498665004
0.6120166666666667,-998.2168911947947
0.6136833333333334,-998.2286258592403
0.6153500000000001,-998.2367097391918
0.6170166666666667,-998.2417714773871
0.6186833333333334,-998.2447936191433
0.6203500000000001,-998.2468611552598
0.6220166666666667,-998.2489519744408
0.6237,-998.2518064781333
0.6253666666666667,-998.2558111652061
0.6270333333333333,-998.2610498546907
0.6287,-998.2673129990079
0.6303666666666667,-998.274214099289
0.6320333333333333,-998.2812874942465
0.6337,-998.2880908056572
0.6353666666666667,-998.2942794441684
0.6370333333333333,-998.2996718018779
0.6387,-998.3042399391086
0.6403666666666668,-998.3080956145693
0.6420333333333333,-998.3114437192266
0.6437,-998.3144984572727
0.6453666666666666,-998.3174647196743
0.6470333333333333,-998.3204961746561
0.6487,-998.3236812978628
0.6503666666666666,-998.3270480289716
0.65205,-998.3305870547567
0.6537166666666667,-998.3342378392509
0.6553833333333333,-998.3379351898739
0.65705,-998.3415999442067
0.6587166666666667,-998.3451529398305
0.6603833333333333,-998.3485382973909
0.66205,-998.3517327338233
0.6637166666666667,-998.3547129660634
0.6653833333333333,-998.3574976205628
0.66705,-998.3601099803858
0.6687166666666667,-998.3625826418225
0.6703833333333333,-998.3649621710018
0.67205,-998.3672811642136
0.6737166666666667,-998.3695722177483
0.6753833333333333,-998.3718399882185
0.67705,-998.3740751623986
0.6787166666666667,-998.37626377045
0.6803833333333333,-998.3783639028568
0.6820666666666667,-998.380333650103
0.6837333333333334,-998.38215904235
0.6854,-998.3838307663723
0.6870666666666667,-998.3853767618469
0.6887333333333334,-998.3868296250639
0.6904,-998.3882592052166
0.6920666666666667,-998.389702755208
0.6937333333333333,-998.3911975279409
0.6954,-998.3927435234156
0.6970666666666667,-998.3943128019545
0.6987333333333333,-998.3958820804935
0.7004,-998.3974141061294
0.7020666666666667,-998.3988949090237
0.7037333333333333,-998.4003244891765
0.7054,-998.4017400994906
0.7070666666666667,-998.4031650230303
0.70875,-998.4046365126989
0.7104166666666667,-998.4061778515606
0.7120833333333334,-998.4077797263897
0.71375,-998.4094328239604
0.7154166666666667,-998.4110952347569
0.7170833333333334,-998.4127390191019
0.71875,-998.4143408939309
0.7204166666666667,-998.4158915460183
0.7220833333333334,-998.4173909753642
0.72375,-998.4188438385813
0.7254166666666667,-998.4202315092181
0.7270833333333334,-998.4215353608232
0.72875,-998.4227321103322
0.7304166666666667,-998.4238077879063
0.7320833333333334,-998.4247717067715
0.73375,-998.4256564632177
0.7354166666666667,-998.4265086233739
0.7370833333333334,-998.4273747533688
0.73875,-998.4283153891695
0.7404333333333334,-998.4293584704536
0.7421,-998.4305226236723
0.7437666666666667,-998.4317752525359
0.7454333333333334,-998.4330651343023
0.7471,-998.43430844994
0.7487666666666667,-998.4354353502558
0.7504333333333334,-998.4364039257339
0.7521,-998.4372002065355
0.7537666666666667,-998.4378614455637
0.7554333333333334,-998.438452835399
0.7571,-998.4390628516855
0.7587666666666667,-998.439756687004
0.7604333333333334,-998.4405669376443
0.7621,-998.4414889469936
0.7637666666666667,-998.4424668356974
0.7654333333333334,-998.4434400677883
0.7671,-998.4443387940732
0.7687666666666667,-998.4451443881006
0.7704500000000001,-998.4458382234191
0.7721166666666667,-998.4464482397058
0.7737833333333334,-998.446997720025
0.7754500000000001,-998.4475146040542
0.7771166666666667,-998.4480175182447
0.7787833333333334,-998.448492492758
0.7804500000000001,-998.4489441842069
0.7821166666666667,-998.4493772492043
0.7837833333333334,-998.4498242840402
0.7854500000000001,-998.4503411680695
0.7871166666666667,-998.4509837806462
0.7887833333333334,-998.4517986878994
0.79045,-998.4528045162805
0.7921166666666667,-998.4539826393379
0.7937833333333334,-998.4552632078786
0.79545,-998.456553089645
0.7971166666666667,-998.4577638089926
0.7988000000000001,-998.458830173341
0.8004666666666667,-998.4597149297873
0.8021333333333334,-998.460436704783
0.8038000000000001,-998.4610420644567
0.8054666666666667,-998.4615775749375
0.8071333333333334,-998.4620898023537
0.8088000000000001,-998.4626066863829
0.8104666666666667,-998.4631375402506
0.8121333333333334,-998.4636683941184
0.8138000000000001,-998.4641992479861
0.8154666666666667,-998.464730101854
0.8171333333333334,-998.4652842387861
0.8188000000000001,-998.4658942550727
0.8204666666666667,-998.4665974036169
0.8221333333333334,-998.4674216240959
0.8238000000000001,-998.4683529466708
0.8254666666666667,-998.4693680882777
0.8271333333333334,-998.4703925431103
0.8288166666666668,-998.4713564619755
0.8304833333333334,-998.472194652293
0.8321500000000001,-998.4728884876114
0.8338166666666668,-998.4734659076079
0.8354833333333334,-998.473982791637
0.8371500000000001,-998.474508988892
0.8388166666666667,-998.4750957221142
0.8404833333333334,-998.4757569611426
0.8421500000000001,-998.4764833927511
0.8438166666666667,-998.4772517338755
0.8454833333333334,-998.4780247316128
0.8471500000000001,-998.4787884161243
0.8488166666666667,-998.4795241609586
0.8504833333333334,-998.4802459359543
0.8521500000000001,-998.4809444278856
0.8538166666666667,-998.4816196367525
0.8554833333333334,-998.4822529361035
0.8571500000000001,-998.4828256994872
0.8588333333333333,-998.4833099872262
0.8605,-998.4837057993205
0.8621666666666667,-998.484027105609
0.8638333333333333,-998.4843297854459
0.8655,-998.4846697181857
0.8671666666666668,-998.4851027831832
0.8688333333333333,-998.485666233341
0.8705,-998.4863600686595
0.8721666666666668,-998.4871703192997
0.8738333333333334,-998.4880643889718
0.8755000000000001,-998.4889863983211
0.8771666666666668,-998.4898851246061
0.8788333333333334,-998.4907140016978
0.8805000000000001,-998.4914450899192
0.8821666666666667,-998.4920783892703
0.8838333333333334,-998.4926464960411
0.8855000000000001,-998.493172693296
0.8871833333333333,-998.4936988905508
0.88885,-998.4942250878057
0.8905166666666667,-998.4947419718349
0.8921833333333333,-998.4952402294126
0.89385,-998.4956965774743
0.8955166666666667,-998.4961110160202
0.8971833333333333,-998.496492858276
0.89885,-998.4968467608545
0.9005166666666667,-998.4971820369815
0.9021833333333333,-998.4975126564957
0.90385,-998.4978432760098
0.9055166666666667,-998.498173895524
0.9071833333333333,-998.4985045150381
0.90885,-998.4988491043908
0.9105166666666668,-998.4992076635823
0.9121833333333333,-998.4995941624509
0.91385,-998.5000318840612
0.9155166666666668,-998.5005347982517
0.9172,-998.501121531474
0.9188666666666667,-998.501792083728
0.9205333333333334,-998.5025045454979
0.9222,-998.5032216638807
0.9238666666666667,-998.5038782462962
0.9255333333333334,-998.5044323832283
0.9272,-998.5048607916128
0.9288666666666667,-998.505186754514
0.9305333333333333,-998.5054475248351
0.9322,-998.5056943253174
0.9338666666666667,-998.5059644088642
0.9355333333333333,-998.5062950283784
0.9372,-998.5066954970856
0.9388666666666667,-998.5071565017603
0.9405333333333333,-998.5076687291765
0.9422,-998.5082088962702
0.9438666666666667,-998.5087583765894
0.94555,-998.5092985436829
0.9472166666666667,-998.5098014578734
0.9488833333333334,-998.5102531493224
0.95055,-998.5106303349653
0.9522166666666667,-998.5109423280279
0.9538833333333334,-998.5112030983489
0.95555,-998.5114312723798
0.9572166666666667,-998.5116734162493
0.9588833333333334,-998.5119621262476
0.96055,-998.5123393118905
0.9622166666666667,-998.5128235996295
0.9638833333333334,-998.5134056762389
0.96555,-998.5140715718801
0.9672166666666667,-998.5147793770371
0.9688833333333334,-998.5154778689683
0.97055,-998.5161297947709
0.9722166666666667,-998.5166979015416
0.9738833333333334,-998.5171542496034
0.9755666666666667,-998.5175128087949
0.9772333333333334,-998.5177875489545
0.9789,-998.5179970965339
0.9805666666666667,-998.5181693912102
0.9822333333333334,-998.5183090895965
0.9839,-998.5184115350797
0.9855666666666667,-998.5184767276601
0.9872333333333334,-998.5185046673373
0.9889,-998.5185000107244
0.9905666666666667,-998.5185000107244
0.9922333333333334,-998.5185279504017
0.9939,-998.5186164260463
0.9955666666666667,-998.5187887207227
0.9972333333333334,-998.5190355212051
0.9989,-998.5193428576548
1.0005666666666666,-998.519673477169
1.00225,-998.520008753296
1.0039166666666668,-998.5203300595844
1.0055833333333333,-998.5206327394213
1.00725,-998.5209167928067
1.0089166666666667,-998.5211822197406
1.0105833333333334,-998.5214103937715
1.01225,-998.5215920016735
1.0139166666666668,-998.5216944471568
1.0155833333333333,-998.5217084169955
1.01725,-998.5216339111895
1.0189166666666667,-998.5214895561903
1.0205833333333334,-998.5213172615139
1.02225,-998.521168249902
1.0239166666666668,-998.5211030573216
1.0255833333333333,-998.521168249902
1.02725,-998.5213731408685
1.0289166666666667,-998.5217130736083
1.0305833333333334,-998.5221275121543
1.0322500000000001,-998.5225512639258
1.0339333333333334,-998.5229331061817
1.0356,-998.5232404426314
1.0372666666666668,-998.5234686166623
1.0389333333333335,-998.5236548811773
1.0406,-998.5238411456924
1.0422666666666667,-998.5240646631104
1.0439333333333334,-998.5243533731086
1.0456,-998.5246979624613
1.0472666666666668,-998.5250611782657
1.0489333333333333,-998.5253917977798
1.0506,-998.5256385982622
1.0522666666666667,-998.5257643268098
1.0539333333333334,-998.5257736400356
1.0556,-998.5256898210038
1.0572666666666668,-998.5255780622948
1.0589333333333333,-998.5254756168115
1.0606,-998.525419737457
1.0622666666666667,-998.525419737457
1.06395,-998.5254616469729
1.0656166666666667,-998.5255128697145
1.0672833333333334,-998.5255501226176
1.06895,-998.5255734056819
1.0706166666666668,-998.525606001972
1.0722833333333335,-998.5256851643909
1.07395,-998.525866772293
1.0756166666666667,-998.526164795517
1.0772833333333334,-998.5265932039016
1.07895,-998.5271054313179
1.0806166666666668,-998.5276502550242
1.0822833333333335,-998.5281624824405
1.08395,-998.5285815775993
1.0856166666666667,-998.5288796008233
1.0872833333333334,-998.5290751785641
1.08895,-998.5292055637246
1.0906166666666668,-998.5293312922722
1.0922833333333335,-998.5295035869486
1.0939666666666668,-998.5297410742053
1.0956333333333335,-998.530048410655
1.0973,-998.5304023132336
1.0989666666666666,-998.5307748422636
1.1006333333333334,-998.5311520279065
1.1023,-998.5315292135493
1.1039666666666668,-998.5319250256438
1.1056333333333335,-998.5323580906412
1.1073,-998.5328237519286
1.1089666666666667,-998.5333033830548
1.1106333333333334,-998.5337597311166
1.1123,-998.5341415733724
1.1139666666666668,-998.5344023436934
1.1156333333333335,-998.534528072241
1.1173,-998.5345513553054
1.1189666666666667,-998.5345187590152
1.1206333333333334,-998.5344861627251
1.1223,-998.5345047891766
1.1239833333333333,-998.534602578047
1.12565,-998.5347655594976
1.1273166666666667,-998.5349704504641
1.1289833333333334,-998.5351846546564
1.1306500000000002,-998.5353942022358
1.1323166666666666,-998.5355897799766
1.1339833333333333,-998.5357853577174
1.13565,-998.5359995619095
1.1373166666666668,-998.5362603322307
1.1389833333333335,-998.5365676686804
1.1406500000000002,-998.5369308844846
1.1423166666666666,-998.5373127267404
1.1439833333333334,-998.5376759425446
1.14565,-998.537964652543
1.1473166666666668,-998.538146260445
1.1489833333333335,-998.5382067964124
1.15065,-998.5381695435094
1.1523333333333334,-998.5380810678648
1.1540000000000001,-998.5379832789945
1.1556666666666666,-998.5379134298013
1.1573333333333333,-998.537885490124
1.159,-998.537885490124
1.1606666666666667,-998.5378808335112
1.1623333333333334,-998.5378342673824
1.1640000000000001,-998.5377038822219
1.1656666666666666,-998.5374710515781
1.1673333333333333,-998.537140432064
1.169,-998.5367632464212
1.1706666666666667,-998.5364093438426
1.1723333333333334,-998.5361532301345
1.1740000000000002,-998.5360507846513
1.1756666666666666,-998.5361252904572
1.1773333333333333,-998.5363674343267
1.179,-998.5367585898083
1.1806833333333333,-998.5372521907731
1.18235,-998.5378109843181
1.1840166666666667,-998.538407030766
1.1856833333333334,-998.539007733827
1.1873500000000001,-998.5395851538235
1.1890166666666668,-998.5401066944655
1.1906833333333333,-998.540539759463
1.19235,-998.5408517525256
1.1940166666666667,-998.5410100773634
1.1956833333333334,-998.5410147339762
1.1973500000000001,-998.5408843488157
1.1990166666666666,-998.5406654880106
1.2006833333333333,-998.5404233441411
1.20235,-998.540204483336
1.2040166666666667,-998.540050815111
1.2056833333333334,-998.5399716526922
1.2073500000000001,-998.5399576828536
1.2090166666666666,-998.5399902791437
1.2107,-998.5400321886596
1.2123666666666668,-998.5400647849497
1.2140333333333333,-998.5400601283368
1.2157,-998.5400042489823
1.2173666666666667,-998.5399064601119
1.2190333333333334,-998.5397621051128
1.2207000000000001,-998.539603780275
1.2223666666666668,-998.5394361422116
1.2240333333333333,-998.5392778173738
1.2257,-998.5391381189875
1.2273666666666667,-998.5390217036656
1.2290333333333334,-998.5389239147952
1.2307000000000001,-998.5388633788278
1.2323666666666668,-998.538858722215
1.2340333333333333,-998.5389332280209
1.2357,-998.5390962094716
1.2373666666666667,-998.5393476665669
1.2390333333333334,-998.5396689728552
1.2407166666666667,-998.5400461584982
1.2423833333333334,-998.5404419705926
1.24405,-998.5408331260741
1.2457166666666668,-998.5412149683299
1.2473833333333333,-998.5415688709083
1.24905,-998.5418901771968
1.2507166666666667,-998.5421788871951
1.2523833333333334,-998.5424350009032
1.25405,-998.5426585183212
1.2557166666666668,-998.5428680659006
1.2573833333333333,-998.5430636436413
1.25905,-998.5432592213821
1.2607166666666667,-998.5434547991229
1.2623833333333334,-998.5436550334765
1.2640500000000001,-998.543859924443
1.2657166666666668,-998.5440601587966
1.2673833333333333,-998.5442417666987
1.26905,-998.5443721518593
1.2707333333333335,-998.544418717988
1.2724,-998.5443488687949
1.2740666666666667,-998.5441486344413
1.2757333333333334,-998.5438366413787
1.2774,-998.5434734255743
1.2790666666666668,-998.5431241796088
1.2807333333333335,-998.5428447828361
1.2824,-998.5426771447727
1.2840666666666667,-998.5426259220311
1.2857333333333334,-998.5426724881598
1.2874,-998.542774933643
1.2890666666666668,-998.5428820357392
1.2907333333333333,-998.5429611981581
1.2924,-998.5429798246096
1.2940833333333335,-998.5429332584808
1.29575,-998.5428168431589
1.2974166666666667,-998.5426538617083
1.2990833333333334,-998.5424489707418
1.30075,-998.5422254533238
1.3024166666666668,-998.5420159057444
1.3040833333333335,-998.541843611068
1.30575,-998.5417411655848
1.3074166666666667,-998.5417271957461
1.3090833333333334,-998.541806358165
1.31075,-998.5419646830028
1.3124166666666668,-998.5421602607436
1.3140833333333335,-998.5423465252585
1.31575,-998.5424675971933
1.3174166666666667,-998.5424722538062
1.3190833333333334,-998.5423232421941
1.32075,-998.542029875583
1.3224166666666668,-998.5416294068758
1.3240833333333335,-998.5412009984913
1.32575,-998.5408331260741
1.3274166666666667,-998.5406142652689
1.3291000000000002,-998.5405909822045
1.3307666666666667,-998.540763276881
1.3324333333333334,-998.5410938963951
1.3341,-998.5415223047796
1.3357666666666668,-998.5419693396157
1.3374333333333335,-998.542369808323
1.3391,-998.5426818013856
1.3407666666666667,-998.5428866923521
1.3424333333333334,-998.5429798246096
1.3441,-998.5429844812224
1.3457666666666668,-998.5429239452551
1.3474333333333335,-998.5428214997718
1.3491,-998.5427004278371
1.3507666666666667,-998.5425840125151
1.3524333333333334,-998.5424908802577
1.3541,-998.5424303442903
1.3557666666666668,-998.5424210310646
1.3574333333333335,-998.5424722538062
1.3591166666666668,-998.5425979823538
1.3607833333333335,-998.5427982167074
1.3624500000000002,-998.5430636436413
1.3641166666666666,-998.5433616668654
1.3657833333333333,-998.5436503768636
1.36745,-998.543897177346
1.3691166666666668,-998.5440787852482
1.3707833333333335,-998.5441905439571
1.3724500000000002,-998.5442417666987
1.3741166666666667,-998.5442650497631
1.3757833333333334,-998.544269706376
1.37745,-998.5442790196017
1.3791166666666668,-998.5442836762146
1.3807833333333335,-998.5442650497631
1.38245,-998.5441998571829
1.3841166666666667,-998.5440694720224
1.3857833333333334,-998.5438832075074
1.3874666666666666,-998.5436596900894
1.3891333333333333,-998.5434408292842
1.3908,-998.5432685346078
1.3924666666666667,-998.5431707457375
1.3941333333333334,-998.5431614325117
1.3958000000000002,-998.5432312817048
1.3974666666666666,-998.5433430404139
1.3991333333333333,-998.5434547991229
1.4008,-998.5435432747674
1.4024666666666668,-998.5435851842834
1.4041333333333335,-998.5435898408963
1.4058000000000002,-998.5435665578318
1.4074666666666666,-998.5435293049288
1.4091333333333333,-998.5434687689615
1.4108,-998.543375636704
1.4124666666666668,-998.5432312817048
1.4141333333333335,-998.5430170775126
1.4158000000000002,-998.5427469939658
1.4174833333333334,-998.5424443141289
1.4191500000000001,-998.5421416342921
1.4208166666666668,-998.5418948338097
1.4224833333333333,-998.5417365089719
1.42415,-998.5416992560689
1.4258166666666667,-998.5417784184878
1.4274833333333334,-998.5419367433256
1.4291500000000001,-998.5421230078406
1.4308166666666666,-998.5422766760654
1.4324833333333333,-998.5423604950972
1.43415,-998.5423511818714
1.4358166666666667,-998.5422720194525
1.4374833333333334,-998.5421416342921
1.4391500000000002,-998.5420112491315
1.4408166666666666,-998.5419274300998
1.4424833333333333,-998.5419181168741
1.44415,-998.54199262268
1.4458333333333333,-998.5421323210663
1.4475,-998.5423092723555
1.4491666666666667,-998.5424862236448
1.4508333333333334,-998.5426538617083
1.4525000000000001,-998.5427982167074
1.4541666666666668,-998.5429379150937
1.4558333333333333,-998.543072956867
1.4575,-998.5432126552533
1.4591666666666667,-998.5433570102525
1.4608333333333334,-998.5435013652516
1.4625000000000001,-998.543636407025
1.4641666666666668,-998.5437574789597
1.4658333333333333,-998.543859924443
1.4675,-998.5439623699262
1.4691666666666667,-998.5440741286353
1.4708333333333334,-998.5441998571829
1.4725000000000001,-998.5443302423434
1.4741666666666668,-998.5444513142781
1.47585,-998.5445165068584
1.4775166666666668,-998.5444885671811
1.4791833333333333,-998.5443535254078
1.48085,-998.544120694764
1.4825166666666667,-998.5438366413787
1.4841833333333334,-998.5435619012189
1.4858500000000001,-998.5433616668654
1.4875166666666668,-998.5432871610593
1.4891833333333333,-998.5433430404139
1.49085,-998.543524648316
1.4925166666666667,-998.5437807620241
1.4941833333333334,-998.5440508455708
1.4958500000000001,-998.5442743629889
1.4975166666666668,-998.544418717988
1.4991833333333333,-998.5444606275039
1.50085,-998.544418717988
1.5025166666666667,-998.5443348989563
1.5041833333333334,-998.5442557365374
1.5058666666666667,-998.544232453473
1.5075333333333334,-998.5442743629889
1.5092,-998.544381465085
1.5108666666666668,-998.5445211634712
1.5125333333333335,-998.5446655184704
1.5142,-998.5447819337923
1.5158666666666667,-998.5448657528241
1.5175333333333334,-998.5449262887914
1.5192,-998.5449821681459
1.5208666666666668,-998.5450753004035
1.5225333333333335,-998.5452289686283
1.5242,-998.5454524860463
1.5258666666666667,-998.5457365394317
1.5275333333333334,-998.5460671589459
1.5292000000000001,-998.5464117482986
1.5308666666666668,-998.5467563376515
1.5325333333333333,-998.5470823005527
1.5342166666666668,-998.5473663539381
1.5358833333333335,-998.547594527969
1.53755,-998.5477295697423
1.5392166666666667,-998.547743539581
1.5408833333333334,-998.5476364374848
1.54255,-998.5474129200668
1.5442166666666668,-998.5471242100685
1.5458833333333335,-998.5468355000703
1.54755,-998.5466073260394
1.5492166666666667,-998.5465095371691
1.5508833333333334,-998.5465793863622
1.55255,-998.5468215302317
1.5542166666666668,-998.5472126857131
1.5558833333333335,-998.5476969734522
1.55755,-998.5481998876427
1.5592166666666667,-998.5486515790916
1.5608833333333334,-998.5490008250573
1.56255,-998.5492057160238
1.5642333333333334,-998.5492615953783
1.5659,-998.5491917461851
1.5675666666666668,-998.5490334213474
1.5692333333333335,-998.548823873768
1.5709000000000002,-998.54860035635
1.5725666666666667,-998.5483814955448
1.5742333333333334,-998.5481766045783
1.5759,-998.5479856834505
1.5775666666666668,-998.5478133887741
1.5792333333333335,-998.5476597205492
1.5809,-998.5475386486145
1.5825666666666667,-998.5474548295826
1.5842333333333334,-998.5474222332925
1.5859,-998.5474362031312
1.5875666666666668,-998.5474687994213
1.58925,-998.5475107089372
1.5909166666666668,-998.5475479618402
1.5925833333333335,-998.5475805581303
1.5942500000000002,-998.5476224676462
1.5959166666666667,-998.547701630065
1.5975833333333334,-998.5478227019998
1.59925,-998.5479856834505
1.6009166666666668,-998.5481626347397
1.6025833333333335,-998.5483256161904
1.6042500000000002,-998.5484373748993
1.6059166666666667,-998.5484746278024
1.6075833333333334,-998.5484420315122
1.60925,-998.5483582124805
1.6109166666666668,-998.5482511103844
1.6125833333333335,-998.5481393516753
1.6142500000000002,-998.5480322495793
1.6159166666666667,-998.5479204908702
1.6175833333333334,-998.5477994189355
1.61925,-998.5476457507106
1.6209166666666668,-998.5474641428084
1.6226,-998.5472545952291
1.6242666666666667,-998.5470497042626
1.6259333333333335,-998.5468774095862
1.6276000000000002,-998.546774964103
1.6292666666666666,-998.5467609942643
1.6309333333333333,-998.546844813296
1.6326,-998.5470077947467
1.6342666666666668,-998.5472033724874
1.6359333333333335,-998.5473849803896
1.6376000000000002,-998.5475107089372
1.6392666666666666,-998.5475479618402
1.6409333333333334,-998.5474967390986
1.6426,-998.5473896370024
1.6442666666666668,-998.5472732216806
1.6459333333333335,-998.547180089423
1.6476000000000002,-998.5471242100685
1.6492666666666667,-998.5470916137784
1.6509333333333334,-998.5470543608754
1.6526166666666668,-998.5469751984565
1.6542833333333333,-998.5468401566832
1.65595,-998.5466725186196
1.6576166666666667,-998.5465002239432
1.6592833333333334,-998.5463838086214
1.6609500000000001,-998.5463558689441
1.6626166666666669,-998.5464396879759
1.6642833333333333,-998.5466352657166
1.66595,-998.5469146624891
1.6676166666666667,-998.5472452820034
1.6692833333333335,-998.5475805581303
1.6709500000000002,-998.5478972078058
1.6726166666666666,-998.5481859178041
1.6742833333333333,-998.5484420315122
1.67595,-998.5486702055431
1.6776166666666668,-998.5488750965096
1.6792833333333335,-998.5490380779603
1.6809666666666667,-998.5491312102178
1.6826333333333334,-998.5491312102178
1.6843000000000001,-998.5490147948959
1.6859666666666668,-998.5487959340908
1.6876333333333333,-998.5485072240925
1.6893,-998.5482045442556
1.6909666666666667,-998.547962400386
1.6926333333333334,-998.5478366718385
1.6943000000000001,-998.5478599549028
1.6959666666666668,-998.5480089665149
1.6976333333333333,-998.5482417971587
1.6993,-998.5484746278024
1.7009666666666667,-998.5486282960272
1.7026333333333334,-998.5486608923173
1.7043000000000001,-998.5485537902213
1.7059666666666669,-998.5483349294161
1.7076333333333333,-998.548078815708
1.7093,-998.5478413284513
1.7109666666666667,-998.5476923168393
1.71265,-998.5476504073234
1.7143166666666667,-998.5477062866779
1.7159833333333334,-998.5478227019998
1.7176500000000001,-998.5479484305474
1.7193166666666668,-998.5480369061921
1.7209833333333333,-998.5480695024822
1.72265,-998.5480462194179
1.7243166666666667,-998.5479903400634
1.7259833333333334,-998.5479158342573
1.7276500000000001,-998.5478413284513
1.7293166666666668,-998.5477714792582
1.7309833333333333,-998.5476969734522
1.73265,-998.5476178110333
1.7343166666666667,-998.5475339920016
1.7359833333333334,-998.5474548295826
1.7376500000000001,-998.547403606841
1.7393166666666668,-998.5473849803896
1.741,-998.5474175766797
1.7426666666666668,-998.5474874258729
1.7443333333333335,-998.5475712449046
1.746,-998.5476410940977
1.7476666666666667,-998.5476690337749
1.7493333333333334,-998.5476271242591
1.7510000000000001,-998.547520022163
1.7526666666666668,-998.5473570407123
1.7543333333333335,-998.547180089423
1.756,-998.5470403910368
1.7576666666666667,-998.5469751984565
1.7593333333333334,-998.5470031381338
1.7610000000000001,-998.5471242100685
1.7626666666666668,-998.5473011613578
1.7643333333333333,-998.5474734560341
1.766,-998.547594527969
1.7676666666666667,-998.5476271242591
1.76935,-998.5475712449046
1.7710166666666667,-998.5474455163569
1.7726833333333334,-998.5473058179707
1.77435,-998.5472033724874
1.7760166666666668,-998.5471847460359
1.7776833333333335,-998.5472825349063
1.77935,-998.5474920824857
1.7810166666666667,-998.5477761358711
1.7826833333333334,-998.548078815708
1.78435,-998.5483349294161
1.7860166666666668,-998.5484979108668
1.7876833333333335,-998.5485491336084
1.78935,-998.5484932542539
1.7910166666666667,-998.5483628690934
1.7926833333333334,-998.5482045442556
1.7943500000000001,-998.5480555326436
1.7960166666666668,-998.5479577437732
1.7976833333333335,-998.547925147483
1.7993666666666668,-998.547962400386
1.8010333333333335,-998.5480741590951
1.8027000000000002,-998.5482417971587
1.8043666666666667,-998.5484373748993
1.8060333333333334,-998.5486329526401
1.8077,-998.5487959340908
1.8093666666666668,-998.5488890663482
1.8110333333333335,-998.5489030361869
1.8127,-998.548823873768
1.8143666666666667,-998.5486702055431
1.8160333333333334,-998.5484792844153
1.8177,-998.5482930199003
1.8193666666666668,-998.5481719479654
1.8210333333333335,-998.5481579781268
1.8227,-998.5482743934488
1.8243666666666667,-998.5485072240925
1.8260333333333334,-998.5488005907036
1.8277,-998.5491032705405
1.8293833333333334,-998.5493361011843
1.83105,-998.5494711429577
1.8327166666666668,-998.5494851127963
1.8343833333333335,-998.5494106069903
1.8360500000000002,-998.5492709086041
1.8377166666666667,-998.5491125837663
1.8393833333333334,-998.5489775419929
1.84105,-998.5488890663482
1.8427166666666668,-998.548861126671
1.8443833333333335,-998.5488890663482
1.8460500000000002,-998.5489728853801
1.8477166666666667,-998.5490939573148
1.8493833333333334,-998.5492476255397
1.85105,-998.5494245768289
1.8527166666666668,-998.5496248111825
1.8543833333333335,-998.5498250455362
1.8560500000000002,-998.5500113100512
1.8577166666666667,-998.5501463518245
1.8594000000000002,-998.550206887792
1.8610666666666666,-998.5501789481148
1.8627333333333334,-998.5500671894057
1.8644,-998.5498948947293
1.8660666666666668,-998.5496900037629
1.8677333333333335,-998.5494897694092
1.8694000000000002,-998.5493267879585
1.8710666666666667,-998.5492057160238
1.8727333333333334,-998.549121896992
1.8744,-998.5490567044118
1.8760666666666668,-998.5490054816702
1.8777333333333335,-998.5489635721543
1.8794000000000002,-998.548935632477
1.8810666666666667,-998.5489496023156
1.8827333333333334,-998.549010138283
1.8844,-998.5491358668306
1.8860833333333333,-998.549308161507
1.88775,-998.5495223656993
1.8894166666666667,-998.5497365698916
1.8910833333333334,-998.5499228344065
1.8927500000000002,-998.5500532195671
1.8944166666666669,-998.5501184121473
1.8960833333333333,-998.5501230687602
1.89775,-998.5500858158572
1.8994166666666668,-998.5500299365027
1.9010833333333335,-998.5499787137611
1.9027500000000002,-998.5499274910195
1.9044166666666669,-998.5498809248907
1.9060833333333334,-998.5498390153748
1.90775,-998.5497877926332
1.9094166666666668,-998.5497412265045
1.9110833333333335,-998.5497086302144
1.9127500000000002,-998.5497179434401
1.9144166666666667,-998.5497877926332
1.9161000000000001,-998.5499321476324
1.9177666666666668,-998.5501370385988
1.9194333333333333,-998.5503698692426
1.9211,-998.5505887300477
1.9227666666666667,-998.5507470548855
1.9244333333333334,-998.5508262173043
1.9261000000000001,-998.5508308739172
1.9277666666666669,-998.5507843077885
1.9294333333333333,-998.5507191152083
1.9311,-998.5506678924667
1.9327666666666667,-998.5506259829507
1.9344333333333334,-998.5505747602091
1.9361000000000002,-998.5504816279516
1.9377666666666669,-998.5503093332752
1.9394333333333333,-998.5500345931156
1.9411,-998.5496713773113
1.9427666666666668,-998.5492662519912
1.9444333333333335,-998.5489030361869
1.9461000000000002,-998.5486515790916
1.9477833333333334,-998.5485770732856
1.9494500000000001,-998.5487074584462
1.9511166666666668,-998.5490287647345
1.9527833333333335,-998.5494897694092
1.95445,-998.5500252798898
1.9561166666666667,-998.5505468205318
1.9577833333333334,-998.5510031685936
1.9594500000000001,-998.5513524145592
1.9611166666666668,-998.5515899018159
1.9627833333333333,-998.5517249435893
1.96445,-998.5517575398794
1.9661166666666667,-998.5517109737507
1.9677833333333334,-998.5515805885901
1.9694500000000001,-998.5513803542365
1.9711166666666669,-998.5511335537541
1.9727833333333333,-998.5508634702073
1.97445,-998.5506213263378
1.9761333333333335,-998.5504583448873
1.9778,-998.5504210919843
1.9794666666666667,-998.5505281940804
1.9811333333333334,-998.550765681337
1.9828000000000001,-998.5510916442382
1.9844666666666668,-998.5514502034297
1.9861333333333335,-998.5517761663309
1.9878,-998.5520089969747
1.9894666666666667,-998.5521207556836
1.9911333333333334,-998.5521021292321
1.9928000000000001,-998.5519950271361
1.9944666666666668,-998.5518367022983
1.9961333333333335,-998.5516830340734
1.9978,-998.5515666187515
1.9994666666666667,-998.5514921129455
2.001133333333333,-998.5514455468168
2.0028,-998.5513803542365
2.0044666666666666,-998.5512639389146
2.00615,-998.5510683611739
2.007816666666667,-998.5508122474657
2.0094833333333333,-998.5505375073061
2.01115,-998.5503046766623
2.0128166666666667,-998.550164978276
2.0144833333333336,-998.5501463518245
2.01615,-998.5502348274692
2.0178166666666666,-998.5503931523069
2.0194833333333335,-998.550579416822
2.02115,-998.5507330850469
2.022816666666667,-998.550840187143
2.0244833333333334,-998.5508867532717
2.02615,-998.5508867532717
2.027816666666667,-998.5508634702073
2.0294833333333333,-998.5508355305301
2.0311500000000002,-998.5507936210142
2.0328166666666667,-998.5507330850469
2.0345,-998.5506259829507
2.036166666666667,-998.5504536882744
2.0378333333333334,-998.5501975745663
2.0395000000000003,-998.5498855815035
2.041166666666667,-998.5495549619894
2.0428333333333333,-998.5492569387654
2.0445,-998.549047391186
2.0461666666666667,-998.5489589155414
2.0478333333333336,-998.5489915118316
2.0495,-998.5491358668306
2.0511666666666666,-998.5493640408615
2.0528333333333335,-998.5496387810211
2.0545,-998.5499414608581
2.056166666666667,-998.5502534539207
2.0578333333333334,-998.5505701035962
2.0595,-998.5508867532717
2.061166666666667,-998.5511847764958
2.0628333333333333,-998.5514315769782
2.0645166666666666,-998.5515992150416
2.0661833333333335,-998.5516690642348
2.06785,-998.5516318113317
2.069516666666667,-998.5515060827842
2.0711833333333334,-998.5513337881077
2.0728500000000003,-998.5511475235927
2.074516666666667,-998.5510031685936
2.0761833333333333,-998.5509240061748
2.07785,-998.5509193495619
2.0795166666666667,-998.5509938553679
2.0811833333333336,-998.5511195839155
2.08285,-998.5512685955275
2.0845166666666666,-998.5514222637524
2.0861833333333335,-998.5515526489129
2.08785,-998.551664407622
2.089516666666667,-998.5517668531052
2.0911833333333334,-998.5518832684271
2.0928500000000003,-998.5520183102004
2.0945333333333336,-998.5521766350382
2.0962,-998.5523396164888
2.0978666666666665,-998.5524793148751
2.0995333333333335,-998.5525724471325
2.1012,-998.5526003868098
2.102866666666667,-998.552553820681
2.1045333333333334,-998.5524420619721
2.1062000000000003,-998.5522837371343
2.1078666666666668,-998.5520974726193
2.1095333333333333,-998.5519018948786
2.1112,-998.5517109737507
2.1128666666666667,-998.5515433356871
2.1145333333333336,-998.5514082939138
2.1162,-998.5513198182691
2.1178666666666666,-998.551287221979
2.1195333333333335,-998.5513058484305
2.1212,-998.5513710410107
2.1228833333333332,-998.5514641732683
2.12455,-998.5515619621386
2.1262166666666666,-998.5516457811705
2.1278833333333336,-998.5516923472992
2.12955,-998.5516876906863
2.131216666666667,-998.551622498106
2.1328833333333335,-998.5515060827842
2.13455,-998.5513663843979
2.136216666666667,-998.5512266860117
2.1378833333333334,-998.5511056140768
2.1395500000000003,-998.5510217950451
2.1412166666666668,-998.5509705723035
2.1428833333333333,-998.5509472892392
2.14455,-998.5509426326263
2.1462166666666667,-998.5509566024649
2.1478833333333336,-998.5509752289164
2.14955,-998.5510031685936
2.1512166666666666,-998.5510357648837
2.1529000000000003,-998.5510590479481
2.1545666666666667,-998.5510869876254
2.1562333333333332,-998.5511149273026
2.1579,-998.5511568368186
2.1595666666666666,-998.5512220293988
2.1612333333333336,-998.5513198182691
2.1629,-998.5514595166554
2.164566666666667,-998.551622498106
2.1662333333333335,-998.5517854795567
2.1679,-998.5519205213301
2.169566666666667,-998.5519996837489
2.1712333333333333,-998.5520043403618
2.1729000000000003,-998.5519298345558
2.1745666666666668,-998.5517901361695
2.1762333333333332,-998.5515899018159
2.1779,-998.5513570711721
2.1795833333333334,-998.5511195839155
2.18125,-998.5509100363362
2.182916666666667,-998.5507610247241
2.1845833333333333,-998.5506818623053
2.1862500000000002,-998.5506632358538
2.1879166666666667,-998.5506818623053
2.1895833333333337,-998.5506958321439
2.19125,-998.5506818623053
2.1929166666666666,-998.5506352961764
2.1945833333333336,-998.5505747602091
2.19625,-998.5505375073061
2.197916666666667,-998.5505654469833
2.1995833333333334,-998.5506865189182
2.20125,-998.5509240061748
2.202916666666667,-998.5512639389146
2.2045833333333333,-998.5516550943962
2.2062500000000003,-998.5520555631034
2.2079166666666667,-998.5524048090691
2.2095833333333332,-998.5526562661644
2.211266666666667,-998.552781994712
2.2129333333333334,-998.5527866513248
2.2146,-998.5526842058416
2.216266666666667,-998.5525119111652
2.2179333333333333,-998.5523163334244
2.2196000000000002,-998.5521300689095
2.2212666666666667,-998.551962430846
2.2229333333333336,-998.5518227324596
2.2246,-998.5517156303636
2.2262666666666666,-998.5516457811705
2.2279333333333335,-998.5516364679447
2.2296,-998.5517063171378
2.231266666666667,-998.5518599853626
2.2329333333333334,-998.5520928160064
2.2346,-998.5523815260048
2.236266666666667,-998.5526935190674
2.2379333333333333,-998.5529915422914
2.2396000000000003,-998.5532476559995
2.2412833333333335,-998.5534432337403
2.24295,-998.5535689622878
2.244616666666667,-998.5536201850296
2.2462833333333334,-998.5535969019652
2.24795,-998.5535130829334
2.249616666666667,-998.5533826977729
2.2512833333333333,-998.5532150597094
2.2529500000000002,-998.5530287951943
2.2546166666666667,-998.5528285608407
2.2562833333333336,-998.5526376397129
2.25795,-998.5524979413266
2.2596166666666666,-998.5524606884236
2.2612833333333335,-998.5525817603583
2.26295,-998.552893753421
2.264616666666667,-998.5534013242244
2.2662833333333334,-998.554048593414
2.26795,-998.5547610551839
2.2696333333333336,-998.5554269508251
2.2713,-998.5559671179186
2.2729666666666666,-998.5563163638843
2.2746333333333335,-998.5564607188834
2.2763,-998.5564141527547
2.277966666666667,-998.5562278882396
2.2796333333333334,-998.55595314808
2.2813000000000003,-998.5556504682431
2.282966666666667,-998.5553524450191
2.2846333333333333,-998.555096331311
2.2863,-998.5548960969573
2.2879666666666667,-998.5547703684097
2.2896333333333336,-998.5547377721196
2.2913,-998.5548029646998
2.2929666666666666,-998.5549892292148
2.2946333333333335,-998.5552965656645
2.2963,-998.5557110042105
2.297966666666667,-998.5562046051753
2.2996333333333334,-998.5567075193658
2.3013166666666667,-998.5571452409761
2.3029833333333336,-998.5574432642001
2.30465,-998.5575503662963
2.3063166666666666,-998.5574525774258
2.3079833333333335,-998.557182493879
2.30965,-998.5568053082362
2.311316666666667,-998.5564094961418
2.3129833333333334,-998.5560742200148
2.3146500000000003,-998.555841389371
2.316316666666667,-998.5557110042105
2.3179833333333333,-998.5556597814689
2.31965,-998.5556271851788
2.3213166666666667,-998.5555666492114
2.3229833333333336,-998.5554502338895
2.32465,-998.5552919090517
2.3263166666666666,-998.5551103011496
2.3279833333333335,-998.5549566329247
2.3296666666666668,-998.5548681572801
2.3313333333333333,-998.554872813893
2.333,-998.5549706027633
2.3346666666666667,-998.5551382408269
2.3363333333333336,-998.5553338185676
2.338,-998.5555247396954
2.3396666666666666,-998.5556877211461
2.3413333333333335,-998.555841389371
2.343,-998.5560136840473
2.344666666666667,-998.5562232316267
2.3463333333333334,-998.5564840019478
2.3480000000000003,-998.5567820251719
2.349666666666667,-998.5570660785572
2.3513333333333333,-998.5572942525881
2.353,-998.5574246377486
2.3546666666666667,-998.5574386075872
2.3563333333333336,-998.5573501319426
2.358016666666667,-998.5572011203305
2.3596833333333334,-998.55703813888
2.3613500000000003,-998.5569170669452
2.3630166666666668,-998.5568658442036
2.3646833333333332,-998.5568937838808
2.36635,-998.556996229364
2.3680166666666667,-998.5571685240404
2.3696833333333336,-998.5573920414585
2.37135,-998.5576621250052
2.373016666666667,-998.5579648048421
2.3746833333333335,-998.5582767979048
2.37635,-998.5585748211288
2.378016666666667,-998.558826278224
2.3796833333333334,-998.5589985729005
2.3813500000000003,-998.5590637654807
2.383016666666667,-998.5590125427391
2.3846833333333333,-998.5588588745142
2.38635,-998.5586213872575
2.3880333333333335,-998.5583326772593
2.3897,-998.5580393106482
2.391366666666667,-998.55778319694
2.3930333333333333,-998.5575783059735
2.3947000000000003,-998.5574292943614
2.3963666666666668,-998.5573315054911
2.3980333333333332,-998.557261656298
2.3997,-998.5572011203305
2.4013666666666666,-998.5571312711375
2.4030333333333336,-998.5570614219444
2.4047,-998.556996229364
2.406366666666667,-998.5569636330739
2.4080333333333335,-998.5569869161383
2.4097,-998.5570893616216
2.411366666666667,-998.557261656298
2.4130333333333334,-998.5574665472644
2.4147000000000003,-998.5576667816181
2.4163666666666668,-998.5578064800044
2.41805,-998.5578437329074
2.419716666666667,-998.5577599138757
2.4213833333333334,-998.5575689927477
2.42305,-998.5573082224267
2.424716666666667,-998.5570334822671
2.4263833333333333,-998.5568006516233
2.4280500000000003,-998.5566562966242
2.4297166666666667,-998.5566237003341
2.4313833333333332,-998.5567028627529
2.43305,-998.5568751574293
2.4347166666666666,-998.557112644686
2.4363833333333336,-998.5573827282327
2.43805,-998.5576621250052
2.439716666666667,-998.5579228953262
2.4413833333333335,-998.5581464127442
2.44305,-998.5583140508078
2.444716666666667,-998.5584025264524
2.4463833333333334,-998.5584071830652
2.4480666666666666,-998.5583280206464
2.4497333333333335,-998.5581650391957
2.4514,-998.5579228953262
2.453066666666667,-998.5576295287151
2.4547333333333334,-998.5572942525881
2.4564,-998.5569496632353
2.458066666666667,-998.5566330135598
2.4597333333333333,-998.556362930013
2.4614000000000003,-998.5561580390465
2.4630666666666667,-998.5560090274345
2.4647333333333337,-998.5558926121126
2.4664,-998.5557715401778
2.4680666666666666,-998.5556039021144
2.4697333333333336,-998.5553710714706
2.4714,-998.5550730482466
2.473066666666667,-998.5547377721196
2.4747500000000002,-998.5544071526054
2.4764166666666667,-998.554127755833
2.4780833333333336,-998.5539321780922
2.47975,-998.5538437024476
2.4814166666666666,-998.5538623288991
2.4830833333333335,-998.5539554611565
2.48475,-998.5540858463171
2.486416666666667,-998.5541882918003
2.4880833333333334,-998.554234857929
2.48975,-998.5542115748647
2.491416666666667,-998.5541324124458
2.4930833333333333,-998.5540346235754
2.4947500000000002,-998.5539601177694
2.4964166666666667,-998.5539461479308
2.4980833333333337,-998.5540159971239
2.49975,-998.5541650087359
2.5014166666666666,-998.5543698997025
2.5030833333333335,-998.5545980737334
2.504766666666667,-998.554793651474
2.5064333333333333,-998.5549193800217
2.5081,-998.5549612895376
2.5097666666666667,-998.5549240366346
2.5114333333333336,-998.5548495308286
2.5131,-998.5547796816354
2.5147666666666666,-998.5547610551839
2.5164333333333335,-998.5548215911514
2.5181,-998.5549612895376
2.519766666666667,-998.5551568672784
2.5214333333333334,-998.555357101632
2.5231000000000003,-998.555506113244
2.524766666666667,-998.5555713058243
2.5264333333333333,-998.5555107698568
2.5281000000000002,-998.5553338185676
2.5297666666666667,-998.555059078408
2.5314333333333336,-998.5547191456681
2.5331,-998.554351273251
2.5347666666666666,-998.5540020272853
2.5364500000000003,-998.5536946908355
2.538116666666667,-998.5534572035789
2.5397833333333333,-998.5532988787411
2.54145,-998.5532429993866
2.5431166666666667,-998.5532895655153
2.5447833333333336,-998.5534572035789
2.54645,-998.5537412569643
2.5481166666666666,-998.5541137859943
2.5497833333333335,-998.5545468509916
2.55145,-998.5549845726019
2.553116666666667,-998.5553617582449
2.5547833333333334,-998.555617871953
2.5564500000000003,-998.5557156608234
2.558116666666667,-998.5556458116303
2.5597833333333333,-998.5554222942122
2.5614500000000002,-998.555096331311
2.5631166666666667,-998.5547191456681
2.5648,-998.5543559298638
2.566466666666667,-998.554048593414
2.5681333333333334,-998.5538204193831
2.5698000000000003,-998.553676064384
2.571466666666667,-998.5536062151909
2.5731333333333333,-998.5535875887393
2.5748,-998.5536108718038
2.5764666666666667,-998.5536620945454
2.5781333333333336,-998.5537459135771
2.5798,-998.5538530156733
2.5814666666666666,-998.5539880574466
2.5831333333333335,-998.5541324124458
2.5848,-998.5542674542191
2.586466666666667,-998.5543605864767
2.5881333333333334,-998.5543838695411
2.5898000000000003,-998.5543186769607
2.591466666666667,-998.5541556955102
2.5931333333333333,-998.5539182082535
2.594816666666667,-998.5536294982553
2.5964833333333335,-998.553340788257
2.59815,-998.5530939877746
2.599816666666667,-998.5529216930983
2.6014833333333334,-998.5528565005179
2.6031500000000003,-998.5528984100339
2.604816666666667,-998.5530381084201
2.6064833333333333,-998.5532616258381
2.60815,-998.553527052772
2.6098166666666667,-998.5537971363187
2.6114833333333336,-998.554048593414
2.61315,-998.5542395145419
2.614816666666667,-998.554351273251
2.6164833333333335,-998.5543605864767
2.61815,-998.5542534843805
2.619816666666667,-998.5540346235754
2.6214833333333334,-998.553713317287
2.6231666666666666,-998.5533361316441
2.6248333333333336,-998.5529589460012
2.6265,-998.5526469529386
2.628166666666667,-998.5524560318107
2.6298333333333335,-998.552409465682
2.6315,-998.5524932847137
2.633166666666667,-998.552670236003
2.6348333333333334,-998.5528844401953
2.6365000000000003,-998.5530846745488
2.6381666666666668,-998.5532104030965
2.6398333333333333,-998.5532523126124
2.6415,-998.5532150597094
2.6431666666666667,-998.5531312406777
2.6448333333333336,-998.5530520782587
2.6465,-998.5530194819686
2.648166666666667,-998.5530567348716
2.6498333333333335,-998.5531452105163
2.6515166666666667,-998.5532569692252
2.6531833333333337,-998.5533501014828
2.65485,-998.5533873543858
2.6565166666666666,-998.5533547580957
2.6581833333333336,-998.5532849089025
2.65985,-998.5532150597094
2.661516666666667,-998.5532010898708
2.6631833333333335,-998.5532709390639
2.66485,-998.5534292639016
2.666516666666667,-998.5536341548682
2.6681833333333334,-998.5538111061574
2.6698500000000003,-998.5538856119634
2.6715166666666668,-998.5538157627702
2.6731833333333332,-998.5535969019652
2.67485,-998.5532709390639
2.6765166666666667,-998.5529123798725
2.6781833333333336,-998.552591073584
2.67985,-998.552367556166
2.681516666666667,-998.5522557974571
2.6832000000000003,-998.5522464842313
2.6848666666666667,-998.55229305036
2.6865333333333337,-998.5523396164888
2.6882,-998.5523489297145
2.6898666666666666,-998.5522744239086
2.6915333333333336,-998.5521160990708
2.6932,-998.5518832684271
2.694866666666667,-998.5516038716545
2.6965333333333334,-998.5513058484305
2.6982,-998.5510031685936
2.699866666666667,-998.550691175531
2.7015333333333333,-998.5503372729524
2.7032000000000003,-998.5499088645679
2.7048666666666668,-998.5493780107001
2.7065333333333337,-998.548749367962
2.7082,-998.5480601892565
2.7098666666666666,-998.5473523840994
2.7115500000000003,-998.5466864884582
2.713216666666667,-998.546099755236
2.7148833333333333,-998.5456061542712
2.7165500000000002,-998.5451824024996
2.7182166666666667,-998.5448005602439
2.7198833333333337,-998.5444280312138
2.72155,-998.5440508455708
2.7232166666666666,-998.5436596900894
2.7248833333333335,-998.5432545647692
2.72655,-998.5428354696104
2.728216666666667,-998.5423930913873
2.7298833333333334,-998.5419134602612
2.73155,-998.5413919196192
2.733216666666667,-998.5408144996226
2.7348833333333333,-998.5401718870459
2.7365500000000003,-998.5394780517274
2.7382166666666667,-998.5387516201189
2.7398833333333337,-998.5380298451232
2.741566666666667,-998.5373406664177
2.7432333333333334,-998.5367120236795
2.7449000000000003,-998.5361625433602
2.746566666666667,-998.5357015386855
2.7482333333333333,-998.5353243530427
2.7499000000000002,-998.5350263298186
2.7515666666666667,-998.5348214388522
2.7532333333333336,-998.5347050235303
2.7549,-998.5346863970788
2.7565666666666666,-998.5347609028847
2.7582500000000003,-998.5349285409483
2.759916666666667,-998.5351706848178
2.7615833333333333,-998.5354547382032
2.76325,-998.5357481048143
2.7649166666666667,-998.5360275015869
2.7665833333333336,-998.5362649888435
2.76825,-998.5364605665842
2.7699166666666666,-998.5366282046477
2.7715833333333335,-998.5367958427113
2.77325,-998.5369914204521
2.774916666666667,-998.5372335643216
2.7765833333333334,-998.5375409007713
2.7782500000000003,-998.5379041165755
2.779916666666667,-998.5383232117343
2.7815833333333333,-998.5387981862476
2.7832500000000002,-998.5393336967282
2.7849166666666667,-998.5399250865635
2.7865833333333336,-998.5405816689788
2.78825,-998.541284817523
2.7899166666666666,-998.5420205623573
2.7915833333333335,-998.5427656204173
2.79325,-998.5435013652516
2.794916666666667,-998.5441998571829
2.7965833333333334,-998.5448471263726
2.7982500000000003,-998.5454198897562
2.7999333333333336,-998.5459088341081
2.8016,-998.5462999895897
2.803266666666667,-998.5466026694265
2.8049333333333335,-998.5468355000703
2.8066,-998.5470264211982
2.808266666666667,-998.5472126857131
2.8099333333333334,-998.5474175766797
2.8116000000000003,-998.5476457507106
2.813266666666667,-998.5479111776444
2.8149333333333333,-998.5482138574813
2.8166,-998.5485444769955
2.8182666666666667,-998.5488890663482
2.8199333333333336,-998.5492429689268
2.8216,-998.5495875582795
2.8232666666666666,-998.5499181777936
2.8249333333333335,-998.5502301708564
2.8266,-998.5505375073061
2.828266666666667,-998.5508355305301
2.82995,-998.5511288971412
2.8316166666666667,-998.5514129505267
2.8332833333333336,-998.5516830340734
2.83495,-998.5519158647172
2.836616666666667,-998.5520928160064
2.8382833333333335,-998.5522045747155
2.83995,-998.5522418276184
2.841616666666667,-998.5522185445541
2.8432833333333334,-998.552148695361
2.8449500000000003,-998.5520509064905
2.846616666666667,-998.5519531176202
2.8483,-998.5518786118141
2.849966666666667,-998.551846015524
2.8516333333333335,-998.551846015524
2.8533,-998.5518739552012
2.854966666666667,-998.5518925816529
2.8566333333333334,-998.5518739552012
2.8583000000000003,-998.551808762621
2.8599666666666668,-998.5516876906863
2.8616333333333333,-998.5515433356871
2.8633,-998.5514082939138
2.8649666666666667,-998.5513291314949
2.8666333333333336,-998.5513431013335
2.8683,-998.5514595166554
2.869966666666667,-998.5516783774606
2.8716333333333335,-998.5519810572974
2.8733,-998.5523349598759
2.874966666666667,-998.5527121455189
2.8766333333333334,-998.5530939877746
2.8783000000000003,-998.553452546966
2.879966666666667,-998.5537691966415
2.8816333333333333,-998.5540346235754
2.8833,-998.554234857929
2.8849666666666667,-998.5543605864767
2.8866333333333336,-998.5544118092183
2.888316666666667,-998.5543978393797
2.8899833333333333,-998.5543326467995
2.8916500000000003,-998.5542581409934
2.8933166666666668,-998.5542022616389
2.8949833333333337,-998.5542162314775
2.89665,-998.5543326467995
2.8983166666666667,-998.5545794472819
2.8999833333333336,-998.5549519763118
2.90165,-998.5554176375994
2.903316666666667,-998.5559205517899
2.9049833333333335,-998.5563955263032
2.90665,-998.5567820251719
2.908316666666667,-998.5570567653315
2.9099833333333334,-998.5572104335563
2.9116500000000003,-998.5572756261366
2.9133166666666668,-998.5572849393624
2.9149833333333333,-998.5572849393624
2.91665,-998.5572849393624
2.9183333333333334,-998.5572895959752
2.92,-998.5572756261366
2.921666666666667,-998.5572150901692
2.9233333333333333,-998.5570893616216
2.9250000000000003,-998.5569170669452
2.9266666666666667,-998.5567401156559
2.9283333333333337,-998.5566283569469
2.93,-998.5566283569469
2.9316666666666666,-998.5567587421074
2.9333333333333336,-998.5570101992028
2.935,-998.5573268488782
2.936666666666667,-998.5576434985537
2.9383333333333335,-998.5578902990361
2.94,-998.5580346540353
2.9416833333333336,-998.5580625937125
2.9433333333333334,-998.5579974011323
2.9450000000000003,-998.5578902990361
2.9466833333333335,-998.55778319694
2.94835,-998.5577273175854
2.950016666666667,-998.5577273175854
2.9516833333333334,-998.5577738837143
2.95335,-998.5578297630688
2.955016666666667,-998.5578670159717
2.9566833333333333,-998.5578716725846
2.9583500000000003,-998.5578670159717
2.9600166666666667,-998.5578809858104
2.9616833333333337,-998.5579461783906
2.96335,-998.5580858767769
2.9650166666666666,-998.5583000809692
2.9666833333333336,-998.5585608512902
2.96835,-998.5588216216112
2.970016666666667,-998.5590404824163
2.9716833333333335,-998.5591708675768
2.97335,-998.5591941506411
2.9750333333333336,-998.5591149882223
2.9767,-998.5589520067716
2.9783666666666666,-998.5587378025795
2.9800333333333335,-998.55849565871
2.9817,-998.5582395450018
2.983366666666667,-998.557969461455
2.9850333333333334,-998.5576760948438
2.9867000000000004,-998.5573408187169
2.988366666666667,-998.5569682896868
2.9900333333333333,-998.5565585077538
2.9917000000000002,-998.5561580390465
2.9933666666666667,-998.5558087930809
2.9950333333333337,-998.5555619925985
2.9967,-998.555468860341
2.9983666666666666,-998.555543366147
