min,µS/cm
0.0,-1000.2437192016484
0.0016666666666667052,-1000.2443292179352
0.0033333333333334103,-1000.2448228188999
0.004999999999999893,-1000.2450323664793
0.006666666666666599,-1000.2447995358356
0.008333333333333304,-1000.2440218814854
0.010016666666666563,-1000.2427087166545
0.011683333333333268,-1000.2409950831164
0.013349999999999973,-1000.2391091549019
0.015016666666666678,-1000.2373582684609
0.016683333333333383,-1000.2360078507271
0.01835000000000009,-1000.2352767625057
0.02001666666666657,-1000.2352488228285
0.021683333333333277,-1000.2359147184695
0.023349999999999982,-1000.2371394076557
0.025016666666666687,-1000.2387319692591
0.026683333333333392,-1000.2404502594101
0.028350000000000097,-1000.2420707606907
0.03001666666666658,-1000.2433792689086
0.031683333333333286,-1000.2442360856776
0.03334999999999999,-1000.2445713618047
0.035016666666666696,-1000.2443897539025
0.0366833333333334,-1000.2437890508417
0.03836666666666666,-1000.2429275774597
0.040033333333333365,-1000.2420009114975
0.04170000000000007,-1000.2411953174701
0.043366666666666775,-1000.240678433441
0.04503333333333326,-1000.2405433916675
0.046699999999999964,-1000.2408041619885
0.04836666666666667,-1000.2413955518238
0.050033333333333374,-1000.2421871760125
0.05170000000000008,-1000.2430207097171
0.05336666666666656,-1000.2437331714871
0.05503333333333327,-1000.2442128026132
0.05669999999999997,-1000.2443850972896
0.05836666666666668,-1000.2442407422905
0.06003333333333338,-1000.2438216471318
0.06170000000000009,-1000.2432162874579
0.06336666666666657,-1000.2425131389138
0.06503333333333328,-1000.2418006771438
0.06669999999999998,-1000.2411394381156
0.06838333333333324,-1000.240562018119
0.07004999999999995,-1000.2400730737671
0.07171666666666665,-1000.2396819182857
0.07338333333333336,-1000.2393885516746
0.07505000000000006,-1000.2392162569981
0.07671666666666677,-1000.2391929739338
0.07838333333333325,-1000.2393187024813
0.08004999999999995,-1000.2395887860281
0.08171666666666666,-1000.2399566584453
0.08338333333333336,-1000.2403524705396
0.08505000000000007,-1000.2407063731182
0.08671666666666678,-1000.2409578302135
0.08838333333333326,-1000.2410789021482
0.09004999999999996,-1000.2410695889224
0.09171666666666667,-1000.2409671434392
0.09338333333333337,-1000.2408041619885
0.09505000000000008,-1000.2406318673122
0.09671666666666656,-1000.2404642292487
0.09840000000000004,-1000.2403105610238
0.10006666666666675,-1000.2401755192504
0.10173333333333323,-1000.2400497907028
0.10339999999999994,-1000.2399520018324
0.10506666666666664,-1000.2399054357037
0.10673333333333335,-1000.2399473452195
0.10840000000000005,-1000.2401010134444
0.11006666666666676,-1000.240380410217
0.11173333333333324,-1000.2407622524727
0.11339999999999995,-1000.241199974083
0.11506666666666665,-1000.241609756016
0.11673333333333336,-1000.2418984660143
0.11840000000000006,-1000.2419915982717
0.12006666666666677,-1000.2418379300469
0.12173333333333325,-1000.2414467745654
0.12339999999999995,-1000.2408786677946
0.12506666666666666,-1000.2402313986049
0.12673333333333336,-1000.2396120690925
0.12841666666666662,-1000.2391184681277
0.13008333333333333,-1000.2388297581294
0.13175000000000003,-1000.2387692221621
0.13341666666666674,-1000.2389368602256
0.13508333333333322,-1000.2392861061912
0.13674999999999993,-1000.2397703939303
0.13841666666666663,-1000.2403105610238
0.14008333333333334,-1000.2408414148915
0.14175000000000004,-1000.2412931063404
0.14341666666666675,-1000.2416004427903
0.14508333333333345,-1000.2417308279507
0.14674999999999994,-1000.2416656353705
0.14841666666666664,-1000.2414048650495
0.15008333333333335,-1000.2409811132778
0.15175000000000005,-1000.2404502594101
0.15341666666666676,-1000.2398774960265
0.15508333333333324,-1000.2393559553843
0.15676666666666672,-1000.2389694565157
0.15843333333333343,-1000.2387878486136
0.1600999999999999,-1000.2388483845809
0.16176666666666661,-1000.2391231247406
0.16343333333333332,-1000.2395655029637
0.16510000000000002,-1000.2400963568315
0.16676666666666673,-1000.2406225540865
0.16843333333333343,-1000.2410695889224
0.17009999999999992,-1000.2413676121465
0.17176666666666662,-1000.2414933406941
0.17343333333333333,-1000.2414467745654
0.17510000000000003,-1000.2412605100503
0.17676666666666674,-1000.2410043963422
0.17843333333333344,-1000.2407436260212
0.18009999999999993,-1000.2405294218289
0.18176666666666663,-1000.2403757536041
0.18343333333333334,-1000.240263994895
0.1851166666666666,-1000.2401755192504
0.1867833333333333,-1000.2400963568315
0.18845,-1000.2400358208641
0.1901166666666667,-1000.2400218510255
0.19178333333333342,-1000.2400963568315
0.1934499999999999,-1000.2402686515079
0.1951166666666666,-1000.240524765216
0.1967833333333333,-1000.2408134752143
0.19845000000000002,-1000.2410556190838
0.20011666666666672,-1000.2411720344057
0.20178333333333343,-1000.2411068418255
0.20345000000000013,-1000.2408553847303
0.2051166666666666,-1000.2404549160229
0.20678333333333332,-1000.2399799415097
0.20845000000000002,-1000.2395282500607
0.21011666666666673,-1000.2391696908694
0.21178333333333343,-1000.23896014329
0.21344999999999992,-1000.2389042639355
0.21511666666666662,-1000.2389834263544
0.2168000000000001,-1000.2391417511922
0.2184666666666666,-1000.2393233590942
0.2201333333333333,-1000.2394909971578
0.2218,-1000.2396306955441
0.2234666666666667,-1000.2397471108659
0.2251333333333334,-1000.2398495563491
0.2267999999999999,-1000.239965971671
0.2284666666666666,-1000.2400870436057
0.2301333333333333,-1000.2401941457019
0.2318,-1000.2402593382822
0.2334666666666667,-1000.2402360552178
0.23513333333333342,-1000.2401056700572
0.23680000000000012,-1000.2398588695748
0.2384666666666666,-1000.2395422198994
0.2401333333333333,-1000.2392255702239
0.24180000000000001,-1000.2389787697415
0.24346666666666672,-1000.2388856374839
0.24514999999999998,-1000.2389880829672
0.24681666666666668,-1000.239295419417
0.2484833333333334,-1000.2397703939303
0.2501500000000001,-1000.2403338440881
0.2518166666666666,-1000.2408972942461
0.2534833333333333,-1000.2413629555336
0.25515,-1000.241647008919
0.2568166666666667,-1000.2417168581121
0.2584833333333334,-1000.2415725031129
0.2601499999999999,-1000.2412418835988
0.2618166666666668,-1000.2407995053757
0.2634833333333333,-1000.2403105610238
0.26515,-1000.2398495563491
0.2668333333333335,-1000.2394677140934
0.2684833333333334,-1000.2392022871595
0.27016666666666667,-1000.239071901999
0.27183333333333337,-1000.2390812152247
0.2735000000000001,-1000.2392255702239
0.2751666666666668,-1000.2394863405449
0.27683333333333326,-1000.2398402431234
0.27849999999999997,-1000.2402453684435
0.2801666666666667,-1000.2406504937637
0.2818333333333334,-1000.2409950831164
0.2835000000000001,-1000.2412092873087
0.28516666666666657,-1000.2412605100503
0.2868333333333333,-1000.2411394381156
0.2885,-1000.2408786677946
0.2901666666666667,-1000.2405340784418
0.2918333333333334,-1000.2401988023148
0.2935000000000001,-1000.2399473452195
0.2951666666666668,-1000.2398402431234
0.2968333333333333,-1000.2399100923166
0.2985,-1000.2401382663475
0.3001666666666667,-1000.2404781990873
0.3018333333333334,-1000.2408507281174
0.30351666666666666,-1000.2411673777929
0.30518333333333336,-1000.2413722687594
0.30685000000000007,-1000.241423491501
0.3085166666666668,-1000.2413303592434
0.31018333333333326,-1000.2411208116641
0.31184999999999996,-1000.2408460715045
0.31351666666666667,-1000.2405527048933
0.31518333333333337,-1000.240263994895
0.3168500000000001,-1000.2399939113483
0.31851666666666656,-1000.2397331410273
0.3201833333333335,-1000.2394909971578
0.32184999999999997,-1000.2392628231269
0.3235166666666667,-1000.239071901999
0.3251833333333334,-1000.2389461734514
0.3268500000000001,-1000.2389089205484
0.3285166666666668,-1000.2389647999029
0.3301833333333333,-1000.2391091549019
0.33185,-1000.2393000760298
0.33353333333333346,-1000.2394863405449
0.33519999999999994,-1000.2396167257053
0.33686666666666665,-1000.2396539786084
0.33853333333333335,-1000.2395748161895
0.34020000000000006,-1000.2394025215132
0.34186666666666676,-1000.2391790040951
0.34353333333333325,-1000.2389554866771
0.34519999999999995,-1000.2387971618393
0.34686666666666666,-1000.2387459390977
0.34853333333333336,-1000.2388204449037
0.35020000000000007,-1000.2390160226445
0.35186666666666655,-1000.2393000760298
0.35355000000000003,-1000.2396493219956
0.35519999999999996,-1000.2400358208641
0.3568833333333332,-1000.2404316329586
0.35853333333333337,-1000.2408274450529
0.3602000000000001,-1000.2411953174701
0.3618666666666668,-1000.2415073105327
0.36355000000000004,-1000.2417122014992
0.36521666666666674,-1000.2417680808537
0.36688333333333345,-1000.2416283824675
0.36854999999999993,-1000.2412837931147
0.37021666666666664,-1000.2407575958598
0.37188333333333334,-1000.2401103266701
0.37355000000000005,-1000.2394397744162
0.37521666666666675,-1000.2388344147423
0.37688333333333324,-1000.2383780666805
0.37854999999999994,-1000.2381266095853
0.38021666666666665,-1000.2381033265209
0.38188333333333335,-1000.2382895910359
0.38355000000000006,-1000.2386341803887
0.38521666666666676,-1000.2390579321603
0.38688333333333347,-1000.2394723707063
0.38854999999999995,-1000.2397890203817
0.39023333333333343,-1000.239965971671
0.39190000000000014,-1000.2399939113483
0.3935666666666666,-1000.2398868092522
0.3952333333333333,-1000.2396958881243
0.39690000000000003,-1000.2394677140934
0.39856666666666674,-1000.2392441966754
0.40023333333333344,-1000.2390486189346
0.4018999999999999,-1000.2388856374839
0.40356666666666663,-1000.2387645655492
0.40523333333333333,-1000.2386807465175
0.40690000000000004,-1000.2386434936144
0.40856666666666674,-1000.2386667766789
0.4102333333333332,-1000.2387599089363
0.41190000000000015,-1000.238922890387
0.41356666666666664,-1000.2391417511922
0.41523333333333334,-1000.2393885516746
0.41690000000000005,-1000.2396120690925
0.41856666666666675,-1000.2397564240916
0.42025,-1000.2397843637689
0.4219166666666667,-1000.2396772616728
0.4235833333333334,-1000.239444431029
0.42525000000000013,-1000.2391231247406
0.4269166666666666,-1000.2387692221621
0.4285833333333333,-1000.238438602648
0.43025,-1000.2381685191012
0.4319166666666667,-1000.237991567812
0.43358333333333343,-1000.2379077487801
0.4352499999999999,-1000.2379077487801
0.4369166666666666,-1000.2379822545862
0.4385833333333333,-1000.2381266095853
0.44025000000000003,-1000.238322187326
0.44191666666666674,-1000.2385550179698
0.4435833333333332,-1000.2387831920007
0.44525000000000015,-1000.2389741131286
0.44691666666666663,-1000.239071901999
0.44858333333333333,-1000.239034649096
0.4502666666666668,-1000.2388344147423
0.4519333333333333,-1000.238475855551
0.4536,-1000.2379822545862
0.4552666666666667,-1000.2374281176541
0.4569333333333334,-1000.2368926071733
0.4586000000000001,-1000.2364735120146
0.4602666666666666,-1000.2362593078224
0.4619333333333333,-1000.2362965607253
0.4636,-1000.2365945839493
0.4652666666666667,-1000.2370974981399
0.4669333333333334,-1000.2377121710394
0.4685999999999999,-1000.2383175307132
0.4702666666666666,-1000.2388018184522
0.4719333333333333,-1000.2390812152247
0.4736,-1000.2391184681277
0.4752666666666667,-1000.238922890387
0.47693333333333343,-1000.2385317349055
0.47860000000000014,-1000.2380334773278
0.4802833333333334,-1000.23750262346
0.4819500000000001,-1000.237018335721
0.4836166666666668,-1000.2366271802395
0.4852833333333333,-1000.2363617533056
0.48695,-1000.2362267115323
0.4886166666666667,-1000.2362220549194
0.4902833333333334,-1000.2363338136283
0.4919500000000001,-1000.2365433612077
0.4936166666666666,-1000.236832071206
0.4952833333333333,-1000.237167347333
0.49695,-1000.2375165932987
0.4986166666666667,-1000.2378239297484
0.5002833333333334,-1000.2380195074892
0.5019499999999999,-1000.2380707302308
0.5036166666666668,-1000.237954314909
0.5052833333333333,-1000.2377028578137
0.5069666666666666,-1000.2373768949124
0.5086166666666667,-1000.2370509320111
0.5103,-1000.2367994749159
0.5119666666666667,-1000.2366690897553
0.5136333333333334,-1000.2366690897553
0.5152999999999999,-1000.2367855050773
0.5169666666666668,-1000.2369764262052
0.5186333333333333,-1000.2371999436232
0.5203,-1000.2374094912025
0.5219666666666667,-1000.2375957557175
0.5236333333333334,-1000.2377494239424
0.5253000000000001,-1000.23787515249
0.5269666666666666,-1000.2379682847476
0.5286333333333335,-1000.2380241641021
0.5303,-1000.2380334773278
0.5319666666666667,-1000.2379775979733
0.5336333333333334,-1000.2378332429741
0.5352999999999999,-1000.2375957557175
0.5369833333333334,-1000.237279106042
0.5386500000000001,-1000.2369205468506
0.5403166666666666,-1000.2365619876592
0.5419833333333335,-1000.2362686210481
0.54365,-1000.2360916697588
0.5453166666666667,-1000.2360823565331
0.5469833333333334,-1000.236236024758
0.5486499999999999,-1000.2365107649176
0.5503166666666668,-1000.2368460410446
0.5519833333333333,-1000.2371533774943
0.55365,-1000.2373629250737
0.5553166666666667,-1000.2374188044282
0.5569833333333334,-1000.2373023891064
0.5586500000000001,-1000.2370323055596
0.5603166666666666,-1000.236645806691
0.5619833333333335,-1000.236194115242
0.5636666666666668,-1000.2357377671804
0.5653333333333332,-1000.2353326418602
0.5670000000000002,-1000.2350253054104
0.5686666666666667,-1000.2348390408954
0.5703333333333334,-1000.2347831615409
0.5720000000000001,-1000.2348623239598
0.5736666666666665,-1000.2350579017005
0.5753333333333335,-1000.235337298473
0.577,-1000.2356725746
0.5786666666666667,-1000.2360311337915
0.5803333333333334,-1000.2363664099184
0.5820000000000001,-1000.2366411500781
0.5836666666666668,-1000.2368041315287
0.5853333333333333,-1000.2368274145931
0.5870000000000002,-1000.2366830595939
0.5886666666666667,-1000.2363896929828
0.5903333333333334,-1000.2359705978241
0.5920000000000001,-1000.235490966698
0.5936666666666666,-1000.2350206487976
0.5953333333333335,-1000.234629493316
0.5970166666666668,-1000.2343780362207
0.5986833333333332,-1000.2342988738019
0.6003500000000002,-1000.234405975898
0.6020166666666666,-1000.2346760594447
0.6036833333333333,-1000.235076528152
0.60535,-1000.2355468460524
0.6070166666666665,-1000.2360264771786
0.6086833333333335,-1000.2364455723373
0.61035,-1000.2367342823356
0.6120166666666667,-1000.2368553542703
0.6136833333333334,-1000.2367994749159
0.6153500000000001,-1000.2365806141107
0.6170166666666668,-1000.2362220549194
0.6186833333333333,-1000.2357657068576
0.6203500000000002,-1000.2352534794413
0.6220166666666667,-1000.2347459086379
0.6236833333333334,-1000.2342988738019
0.6253500000000001,-1000.2339822241263
0.6270333333333333,-1000.2338518389658
0.6287,-1000.2339310013847
0.6303666666666667,-1000.2342243679958
0.6320333333333332,-1000.2346946858962
0.6337000000000002,-1000.2352814191186
0.6353666666666666,-1000.2358914354052
0.6370333333333333,-1000.2364269458858
0.6387,-1000.2368087881416
0.6403666666666668,-1000.2369717695923
0.6420333333333335,-1000.236906577012
0.6436999999999999,-1000.2366318368523
0.6453666666666666,-1000.236194115242
0.6470333333333333,-1000.2356679179871
0.6487,-1000.2351324075065
0.6503833333333333,-1000.2346574329932
0.6520333333333332,-1000.2343081870276
0.6537166666666667,-1000.2341358923512
0.6553666666666667,-1000.2341545188027
0.6570499999999999,-1000.234368722995
0.6587166666666668,-1000.2347319387992
0.6603833333333333,-1000.2351836302481
0.66205,-1000.2356492915357
0.6637166666666667,-1000.2360357904043
0.6653833333333332,-1000.236273277661
0.6670500000000001,-1000.2363058739511
0.6687166666666666,-1000.2361009829846
0.6703833333333333,-1000.2356725746
0.67205,-1000.2350858413778
0.6737166666666667,-1000.2344246023495
0.6753833333333334,-1000.2337913029985
0.6770499999999999,-1000.2332790755822
0.6787166666666669,-1000.2329437994551
0.6803833333333333,-1000.2328087576818
0.68205,-1000.2328692936492
0.6837333333333335,-1000.2330881544543
0.6853833333333332,-1000.2334234305813
0.6870666666666667,-1000.2338192426757
0.6887333333333334,-1000.2342243679958
0.6903999999999999,-1000.2346015536388
0.6920666666666668,-1000.2349135467014
0.6937333333333333,-1000.2351370641194
0.6954,-1000.23526744928
0.6970666666666667,-1000.2353047021829
0.6987333333333332,-1000.2352534794413
0.7004000000000001,-1000.2351230942808
0.7020666666666666,-1000.2349414863786
0.7037333333333333,-1000.2347459086379
0.7054,-1000.2345829271873
0.7070666666666667,-1000.2344991081555
0.7087333333333334,-1000.2345317044457
0.7103999999999999,-1000.2346993425091
0.7120666666666668,-1000.2350066789589
0.7137500000000001,-1000.2354211175048
0.7154,-1000.2359100618567
0.7170833333333335,-1000.23641763266
0.71875,-1000.2368739807218
0.7204166666666667,-1000.2372185700747
0.7220833333333334,-1000.2374001779767
0.7237499999999999,-1000.2373955213639
0.7254166666666668,-1000.2371999436232
0.7270833333333333,-1000.2368646674961
0.72875,-1000.2364455723373
0.7304166666666667,-1000.2360357904043
0.7320833333333334,-1000.235709827503
0.7337500000000001,-1000.2355235629881
0.7354166666666666,-1000.2355235629881
0.7370833333333335,-1000.2357191407289
0.73875,-1000.2360916697588
0.7404166666666667,-1000.2366132104008
0.7420833333333334,-1000.2372325399133
0.7437666666666667,-1000.2378891223286
0.7454333333333334,-1000.2384991386153
0.7471000000000001,-1000.2389927395801
0.7487666666666666,-1000.2392907628041
0.7504333333333335,-1000.2393419855457
0.7521,-1000.2391324379663
0.7537666666666667,-1000.2386854031304
0.7554333333333334,-1000.2380800434565
0.7570999999999999,-1000.2374234610411
0.7587666666666668,-1000.2368367278189
0.7604333333333333,-1000.23641763266
0.7621,-1000.2362220549194
0.7637666666666667,-1000.2362686210481
0.7654333333333334,-1000.2365293913691
0.7671000000000001,-1000.236943829915
0.7687666666666666,-1000.2374467441056
0.7704333333333335,-1000.2379775979733
0.7721,-1000.238475855551
0.7737833333333333,-1000.2388949507098
0.7754500000000002,-1000.2391929739338
0.7771166666666667,-1000.2393233590942
0.7787833333333334,-1000.2392441966754
0.7804500000000001,-1000.2387505957106
0.7821166666666666,-1000.2369391733022
0.7837833333333335,-1000.2304618247927
0.78545,-1000.2094232478223
0.7871166666666667,-1000.1488779672184
0.7887833333333334,-999.9941247515353
0.7904499999999999,-999.6387832796381
0.7921166666666668,-998.8969801919986
0.7937833333333333,-997.4747016082865
0.79545,-994.948964097979
0.7971166666666667,-990.7660824203706
0.7987833333333334,-984.2693577447297
0.8004500000000001,-974.7618767315345
0.8021166666666666,-961.6030058644726
0.8038000000000001,-944.326851025376
0.8054666666666668,-922.7624679555942
0.8071333333333333,-897.12953702413
0.8088000000000002,-868.0848222542949
0.8104666666666667,-836.7029488257612
0.8121333333333334,-804.3888121863775
0.8138000000000001,-772.7329110599742
0.8154666666666666,-743.332710463243
0.8171333333333335,-717.6096694160298
0.8188,-696.6522292684076
0.8204666666666667,-681.1092890245418
0.8221333333333334,-671.148570566973
0.8238000000000001,-666.4821415517862
0.8254666666666668,-666.4497315261744
0.8271333333333333,-670.1417223877002
0.8288000000000002,-676.5390982276476
0.8304833333333335,-684.6474859326368
0.8321333333333334,-693.6064691718698
0.8338166666666669,-702.7617239871815
0.8354833333333334,-711.6954357883407
0.8371500000000001,-720.2176985890687
0.8388166666666668,-728.3272551038895
0.8404833333333332,-736.1534939781546
0.8421500000000002,-743.8922956324612
0.8438166666666667,-751.7470422907486
0.8454833333333334,-759.883076306378
0.8471500000000001,-768.3999840022996
0.8488166666666666,-777.322370920946
0.8504833333333335,-786.6064462748386
0.85215,-796.1578251776089
0.8538166666666667,-805.8547744554722
0.8554833333333334,-815.5717564819249
0.8571500000000001,-825.198837940208
0.8588166666666668,-834.6545048219406
0.8605,-843.8908312674104
0.8621666666666667,-852.8917379923593
0.8638333333333335,-861.6659002665738
0.8654999999999999,-870.2367035999134
0.8671666666666669,-878.6314590268914
0.8688333333333333,-886.8719827788286
0.8705,-894.9679093877636
0.8721666666666668,-902.9133389251834
0.8738333333333332,-910.686855628475
0.8755000000000002,-918.2542753025211
0.8771666666666667,-925.5731808606411
0.8788333333333334,-932.598142387624
0.8805000000000001,-939.2857602514725
0.8821666666666665,-945.5987116999918
0.8838333333333335,-951.5084284131921
0.8855,-956.9963258490881
0.8871666666666667,-962.0530768120908
0.8888333333333334,-966.6763762788271
0.8905166666666666,-970.8684873631543
0.8921833333333333,-974.6354450353587
0.89385,-977.988150426181
0.8955166666666667,-980.9443778269665
0.8971833333333334,-983.5297246386901
0.8988499999999999,-985.7765915737378
0.9005166666666669,-987.7217379341469
0.9021833333333333,-989.4030825185604
0.90385,-990.8567187333744
0.9055166666666667,-992.1146421656547
0.9071833333333332,-993.2035910865309
0.9088500000000002,-994.1449440057133
0.9105166666666666,-994.9554647295529
0.9121833333333333,-995.6485643031302
0.91385,-996.2356933375055
0.9155166666666668,-996.7275341026148
0.9171833333333335,-997.1348759704897
0.91885,-997.4689460347728
0.9205333333333334,-997.7413625445876
0.9222000000000001,-997.9637251226062
0.9238666666666666,-998.147042001666
0.9255333333333335,-998.3011432915465
0.9272,-998.4341966912309
0.9288666666666667,-998.5524513751978
0.9305333333333334,-998.6601821140666
0.9321999999999999,-998.7598941655643
0.9338666666666668,-998.852663207265
0.9355333333333333,-998.9386196243291
0.9372,-999.0173862311138
0.9388666666666667,-999.0885066795576
0.9405333333333332,-999.151715542726
0.9422000000000001,-999.2071338925543
0.9438666666666666,-999.255301896136
0.9455333333333333,-999.2971182797556
0.9472,-999.3337332267937
0.9488666666666667,-999.366348143372
0.95055,-999.3960759599674
0.9522166666666667,-999.4238247160911
0.9538833333333334,-999.4502370243194
0.9555500000000001,-999.4756761004569
0.9572166666666666,-999.5002676730511
0.9588833333333335,-999.5239465495217
0.96055,-999.5465404351925
0.9622166666666667,-999.5678351258709
0.9638833333333334,-999.5876397004293
0.9655499999999999,-999.6058377435459
0.9672166666666668,-999.6223920023173
0.9688833333333333,-999.6373909523885
0.97055,-999.6510068884357
0.9722166666666667,-999.6634726411028
0.9738833333333334,-999.6750536373235
0.9755500000000001,-999.6859873643546
0.9772333333333334,-999.6964693999367
0.9788833333333333,-999.7066347858433
0.9805666666666668,-999.7165626844934
0.9822333333333333,-999.726281035564
0.9839,-999.7357712126038
0.9855666666666667,-999.7449959627097
0.9872333333333334,-999.7538994065271
0.9889,-999.7624349779275
0.9905666666666667,-999.7705654240076
0.9922333333333334,-999.778276774929
0.9939,-999.7855783439175
0.9955666666666667,-999.7924887574243
0.9972333333333334,-999.7990359551269
0.9989,-999.8052432200896
1.0005666666666666,-999.8111431486025
1.0022333333333333,-999.8167729935687
1.0039,-999.8221700078911
1.0055666666666667,-999.8273714444728
1.00725,-999.8324331826682
1.0089000000000001,-999.8373924753803
1.0105833333333334,-999.8422958887379
1.01225,-999.8471899888698
1.0139166666666668,-999.8520934022274
1.0155833333333333,-999.8570107854237
1.01725,-999.8619281686199
1.0189166666666667,-999.8668036423003
1.0205833333333334,-999.8715859837232
1.02225,-999.8762100003083
1.0239166666666668,-999.8806244693141
1.0255833333333333,-999.8847781679988
1.02725,-999.8886431566852
1.0289166666666667,-999.8922334052121
1.0305833333333334,-999.8955675400307
1.0322500000000001,-999.8987107537215
1.0339166666666668,-999.9017282388646
1.0355833333333333,-999.9046898446534
1.0372666666666668,-999.9076607636678
1.0389166666666667,-999.9107061884881
1.0406,-999.9138540587918
1.0422666666666667,-999.9171230010303
1.0439333333333334,-999.9204990453647
1.0456,-999.9239402822795
1.0472666666666668,-999.9273954890331
1.0489333333333333,-999.9307994730449
1.0506,-999.9340963549605
1.0522666666666667,-999.9372209421998
1.0539333333333334,-999.9401452950855
1.0556,-999.942850787166
1.0572666666666668,-999.94535138828
1.0589333333333333,-999.9476890079434
1.0606,-999.9499288387364
1.0622666666666667,-999.9521407298521
1.0639333333333334,-999.9544038437094
1.0656,-999.9567647464372
1.0672833333333334,-999.9592327512611
1.06895,-999.9617845751167
1.0706166666666668,-999.9643689952625
1.0722833333333335,-999.9669208191182
1.07395,-999.9693701974905
1.0756166666666667,-999.9716752208637
1.0772833333333334,-999.9738032929478
1.07895,-999.9757451005167
1.0806166666666668,-999.9775053001836
1.0822833333333335,-999.9791118316255
1.08395,-999.9805926345199
1.0856166666666667,-999.9819989316081
1.0872833333333334,-999.9834005720836
1.08895,-999.9848627485264
1.0906166666666668,-999.9864599667427
1.0922833333333335,-999.9882527626996
1.09395,-999.9902690760746
1.0956166666666667,-999.9925042502547
1.0973,-999.9949117191112
1.0989666666666666,-999.997416976838
1.1006333333333334,-999.9999036081135
1.1023,-1000.0022551976155
1.1039666666666668,-1000.0043739564737
1.1056333333333335,-1000.006190035495
1.1073,-1000.0076941214538
1.1089666666666667,-1000.00891881064
1.1106333333333334,-1000.0099292956339
1.1123,-1000.0108093954673
1.1139666666666668,-1000.0116522423978
1.1156333333333335,-1000.0125416554569
1.1173,-1000.0135381706122
1.1189666666666667,-1000.0146836973795
1.1206333333333334,-1000.0159968622104
1.1223,-1000.0174543820402
1.1239833333333333,-1000.0190236605793
1.1256333333333335,-1000.0206488184728
1.1273166666666667,-1000.0222600065275
1.1289833333333334,-1000.0238013453892
1.1306500000000002,-1000.0252309255419
1.1323166666666666,-1000.0265068374698
1.1339833333333333,-1000.0276244245598
1.13565,-1000.0285790301992
1.1373166666666668,-1000.0293892808395
1.1389833333333335,-1000.0300924293837
1.1406500000000002,-1000.0307490117991
1.1423166666666666,-1000.0314102508274
1.1439833333333334,-1000.0321320258231
1.14565,-1000.0329515896891
1.1473166666666668,-1000.0338829122642
1.1489833333333335,-1000.0349306501611
1.15065,-1000.0360808335413
1.1523166666666667,-1000.0373008661146
1.1540000000000001,-1000.0385441817523
1.1556666666666666,-1000.0397688709385
1.1573333333333333,-1000.0409330241573
1.159,-1000.0420040451186
1.1606666666666667,-1000.0429726205966
1.1623333333333334,-1000.043815467527
1.1640000000000001,-1000.0445279292969
1.1656666666666666,-1000.0451053492935
1.1673333333333333,-1000.0455616973553
1.169,-1000.0459109433209
1.1706666666666667,-1000.0461996533191
1.1723333333333334,-1000.0464930199303
1.1740000000000002,-1000.0468608923475
1.1756666666666666,-1000.0473777763766
1.1773333333333333,-1000.0480902381465
1.179,-1000.0490401871731
1.1806666666666668,-1000.0502229668434
1.1823333333333335,-1000.0515920110287
1.1840166666666667,-1000.053072813923
1.1856666666666666,-1000.0545768998818
1.1873500000000001,-1000.0559925101958
1.1890166666666668,-1000.0572404824463
1.1906833333333333,-1000.058264937279
1.19235,-1000.0590379350162
1.1940166666666667,-1000.0595967285612
1.1956833333333334,-1000.0599878840428
1.1973500000000001,-1000.060313846944
1.1990166666666666,-1000.0606630929096
1.2006833333333333,-1000.06113341081
1.20235,-1000.0617853366126
1.2040166666666667,-1000.0626561232203
1.2056833333333334,-1000.0637411140202
1.2073500000000001,-1000.0649937428836
1.2090166666666666,-1000.0663488172304
1.2106833333333333,-1000.0677225180285
1.21235,-1000.0690403394723
1.2140333333333333,-1000.0702324323684
1.2157,-1000.0712289475237
1.2173666666666667,-1000.0719879754223
1.2190333333333334,-1000.0724629499356
1.2207000000000001,-1000.0726631842892
1.2223666666666668,-1000.0726212747733
1.2240333333333333,-1000.0724163838069
1.2257,-1000.0721556134858
1.2273666666666667,-1000.0719414092936
1.2290333333333334,-1000.0718901865519
1.2307000000000001,-1000.0720764510669
1.2323666666666668,-1000.0725421123544
1.2340333333333333,-1000.0732825138016
1.2357,-1000.0742557458925
1.2373666666666667,-1000.0754012726599
1.2390333333333334,-1000.0766306184589
1.2407000000000001,-1000.077859964258
1.2423666666666666,-1000.0790101476382
1.24405,-1000.0800113194064
1.2457166666666668,-1000.0808169134338
1.2473833333333333,-1000.0813989900431
1.24905,-1000.0817715190732
1.2507166666666667,-1000.0819531269753
1.2523833333333334,-1000.0820136629427
1.25405,-1000.0820322893942
1.2557166666666668,-1000.0820974819744
1.2573833333333333,-1000.082302372941
1.25905,-1000.0827028416483
1.2607166666666667,-1000.0833221711606
1.2623833333333334,-1000.0841370784138
1.2640500000000001,-1000.085100997279
1.2657166666666668,-1000.0861301087244
1.2673833333333333,-1000.0871359371055
1.26905,-1000.0880300067776
1.2707166666666667,-1000.0887378119345
1.2723833333333334,-1000.0892081298349
1.2740666666666667,-1000.0894409604787
1.2757333333333334,-1000.0894735567688
1.2774,-1000.0893617980598
1.2790666666666668,-1000.0891895033834
1.2807333333333335,-1000.0890358351586
1.2824,-1000.0889659859654
1.2840666666666667,-1000.0890451483843
1.2857333333333334,-1000.0893105753182
1.2874,-1000.0897808932186
1.2890666666666668,-1000.0904561020856
1.2907333333333333,-1000.0913036056288
1.2924,-1000.0922721811069
1.2940666666666667,-1000.0932919793265
1.2957333333333334,-1000.0942745246432
1.2974,-1000.0951453112509
1.2990666666666668,-1000.0958251767306
1.3007333333333333,-1000.0962768681795
1.3024,-1000.0964957289847
1.3040833333333335,-1000.0965329818877
1.30575,-1000.0964817591461
1.3074166666666667,-1000.096449162856
1.3090833333333334,-1000.0965329818877
1.31075,-1000.0968170352731
1.3124166666666668,-1000.0973199494637
1.3140833333333335,-1000.0980230980078
1.31575,-1000.098875258164
1.3174166666666667,-1000.0997972675133
1.3190833333333334,-1000.1007146202497
1.32075,-1000.1015528105672
1.3224166666666668,-1000.10226992895
1.3240833333333335,-1000.1028473489465
1.32575,-1000.1032990403954
1.3274166666666667,-1000.1036389731354
1.3290833333333334,-1000.1038857736178
1.3307666666666667,-1000.1040673815198
1.3324166666666668,-1000.1041931100675
1.3341,-1000.1042769290992
1.3357666666666668,-1000.1043514349052
1.3374333333333335,-1000.1044445671628
1.3391,-1000.1046028920005
1.3407666666666667,-1000.1048729755473
1.3424333333333334,-1000.1052967273189
1.3441,-1000.1058834605412
1.3457666666666668,-1000.1066238619884
1.3474333333333335,-1000.1074480824673
1.3491,-1000.1082676463333
1.3507666666666667,-1000.1089894213289
1.3524333333333334,-1000.1095202751968
1.3541,-1000.1098089851951
1.3557666666666668,-1000.1098602079367
1.3574333333333335,-1000.1097111963246
1.3591,-1000.1094643958422
1.3607833333333335,-1000.1092315651985
1.3624500000000002,-1000.1091198064895
1.3641166666666666,-1000.1092175953598
1.3657833333333333,-1000.1095668413255
1.36745,-1000.1101628877735
1.3691166666666668,-1000.1109638251882
1.3707833333333335,-1000.111899804376
1.3724500000000002,-1000.1128870063055
1.3741166666666667,-1000.1138509251707
1.3757833333333334,-1000.1147263683913
1.37745,-1000.1154574566127
1.3791166666666668,-1000.1160255633835
1.3807833333333335,-1000.1164074056393
1.38245,-1000.1166169532187
1.3841166666666667,-1000.1166635193474
1.3857833333333334,-1000.1165703870898
1.38745,-1000.1163887791878
1.3891166666666668,-1000.1161885448341
1.3908,-1000.1160488464478
1.39245,-1000.1160581596736
1.3941333333333334,-1000.1162863337045
1.3958000000000002,-1000.1167659648306
1.3974666666666666,-1000.1174923964392
1.3991333333333333,-1000.1184097491756
1.4008,-1000.1194295473953
1.4024666666666668,-1000.1204493456149
1.4041333333333335,-1000.1213760115771
1.4058000000000002,-1000.1221350394758
1.4074666666666666,-1000.1226845197951
1.4091333333333333,-1000.1230058260835
1.4108,-1000.1231036149538
1.4124666666666668,-1000.1230197959221
1.4141333333333335,-1000.1228055917298
1.4158000000000002,-1000.1225168817316
1.4174666666666667,-1000.1222188585076
1.4191333333333334,-1000.1219627447995
1.4208166666666668,-1000.1218183898003
1.4224833333333333,-1000.1218463294775
1.42415,-1000.1220791601213
1.4258166666666667,-1000.1225541346346
1.4274833333333334,-1000.123247969953
1.4291500000000001,-1000.1241140999477
1.4308166666666666,-1000.1250687055872
1.4324833333333333,-1000.126009341388
1.43415,-1000.126833561867
1.4358166666666667,-1000.127466861218
1.4374833333333334,-1000.127876643151
1.4391500000000002,-1000.1280768775047
1.4408166666666666,-1000.1281141304077
1.4424833333333333,-1000.128062907666
1.44415,-1000.1279930584728
1.4458166666666667,-1000.1279790886342
1.4475,-1000.128062907666
1.4491500000000002,-1000.1282677986325
1.4508333333333334,-1000.1286077313724
1.4525000000000001,-1000.1290780492728
1.4541666666666668,-1000.1296508126565
1.4558333333333333,-1000.1302980818461
1.4575,-1000.1309826039388
1.4591666666666667,-1000.131643842967
1.4608333333333334,-1000.1322492026409
1.4625000000000001,-1000.1327521168314
1.4641666666666668,-1000.1331293024742
1.4658333333333333,-1000.133362133118
1.4675,-1000.1334599219884
1.4691666666666667,-1000.1334366389241
1.4708333333333334,-1000.133324880215
1.4725000000000001,-1000.133175868603
1.4741666666666668,-1000.1330408268296
1.4758333333333333,-1000.1329802908623
1.4775166666666668,-1000.1330501400554
1.4791666666666667,-1000.1332829706992
1.48085,-1000.1336834394065
1.4825166666666667,-1000.1342142932742
1.4841833333333334,-1000.1348289661737
1.4858500000000001,-1000.135452952299
1.4875166666666668,-1000.1360164024569
1.4891833333333333,-1000.136463437293
1.49085,-1000.1367614605169
1.4925166666666667,-1000.1369011589032
1.4941833333333334,-1000.1369151287419
1.4958500000000001,-1000.1368452795488
1.4975166666666668,-1000.1367568039041
1.4991833333333333,-1000.1367195510011
1.50085,-1000.1367894001942
1.5025166666666667,-1000.1370036043865
1.5041833333333334,-1000.137394759868
1.5058500000000001,-1000.1379488968001
1.5075333333333334,-1000.1386520453443
1.5091833333333333,-1000.1394576393717
1.5108666666666668,-1000.140305142915
1.5125333333333335,-1000.1411340200068
1.5142,-1000.1418930479055
1.5158666666666667,-1000.1425263472565
1.5175333333333334,-1000.1429873519312
1.5192,-1000.1432481222522
1.5208666666666668,-1000.1432946883809
1.5225333333333335,-1000.143141020156
1.5242,-1000.1428383403191
1.5258666666666667,-1000.1424611546763
1.5275333333333334,-1000.1420932822591
1.5292000000000001,-1000.1418231987124
1.5308666666666668,-1000.1417160966162
1.5325333333333333,-1000.1418045722609
1.5342,-1000.1420886256462
1.5358666666666667,-1000.142544973708
1.53755,-1000.1431177370916
1.5392000000000001,-1000.1437370666041
1.5408833333333334,-1000.1443144866006
1.54255,-1000.1447801478881
1.5442166666666668,-1000.1450642012735
1.5458833333333335,-1000.1451340504666
1.54755,-1000.1449896954675
1.5492166666666667,-1000.1446683891792
1.5508833333333334,-1000.144226010956
1.55255,-1000.143741723217
1.5542166666666668,-1000.1433133148324
1.5558833333333335,-1000.1430246048342
1.55755,-1000.1429407858024
1.5592166666666667,-1000.1430991106402
1.5608833333333334,-1000.1434949227346
1.56255,-1000.1440956257954
1.5642166666666668,-1000.1448360272426
1.5658833333333335,-1000.1456509344958
1.5675666666666668,-1000.1464611851361
1.5692333333333335,-1000.1472015865833
1.5709000000000002,-1000.147806946257
1.5725666666666667,-1000.1482306980287
1.5742333333333334,-1000.1484728418982
1.5759,-1000.1485426910913
1.5775666666666668,-1000.1484914683497
1.5792333333333335,-1000.1483797096407
1.5809,-1000.1482679509317
1.5825666666666667,-1000.1481934451257
1.5842333333333334,-1000.1481841318999
1.5859,-1000.148253981093
1.5875666666666668,-1000.1484029927051
1.5892333333333335,-1000.1486404799617
1.5909,-1000.1489617862501
1.5925666666666667,-1000.1493575983445
1.5942333333333334,-1000.1498186030192
1.5959,-1000.1503168605968
1.5975833333333334,-1000.1508104615616
1.59925,-1000.1512668096234
1.6009166666666668,-1000.1516393386534
1.6025833333333335,-1000.1518861391357
1.6042500000000002,-1000.1519978978448
1.6059166666666667,-1000.1519653015546
1.6075833333333334,-1000.1518116333298
1.60925,-1000.1516020857504
1.6109166666666668,-1000.1514158212353
1.6125833333333335,-1000.1513226889779
1.6142500000000002,-1000.151392538171
1.6159166666666667,-1000.1516486518791
1.6175833333333334,-1000.152063090425
1.61925,-1000.1525939442928
1.6209166666666668,-1000.1531573944507
1.6225833333333335,-1000.1536882483185
1.62425,-1000.1541259699287
1.6259166666666667,-1000.1544472762172
1.6276000000000002,-1000.1546475105707
1.6292666666666666,-1000.1547359862154
1.6309333333333333,-1000.1547359862154
1.6326,-1000.1546568237965
1.6342666666666668,-1000.1545124687974
1.6359333333333335,-1000.1543122344438
1.6376000000000002,-1000.1540933736386
1.6392666666666666,-1000.1539024525107
1.6409333333333334,-1000.1537953504146
1.6426,-1000.153818633479
1.6442666666666668,-1000.1540142112198
1.6459333333333335,-1000.154377427024
1.6476000000000002,-1000.1548803412145
1.6492666666666667,-1000.1554670744368
1.6509333333333334,-1000.1560770907234
1.6526,-1000.1566312276557
1.6542833333333333,-1000.1570596360401
1.6559333333333335,-1000.1573157497482
1.6576166666666667,-1000.15736697249
1.6592833333333334,-1000.1572272741037
1.6609500000000001,-1000.1569385641054
1.6626166666666669,-1000.156580004914
1.6642833333333333,-1000.1562261023355
1.66595,-1000.1559513621759
1.6676166666666667,-1000.1558023505638
1.6692833333333335,-1000.1558023505638
1.6709500000000002,-1000.1559420489501
1.6726166666666666,-1000.1561981626583
1.6742833333333333,-1000.1565474086239
1.67595,-1000.1569665037827
1.6776166666666668,-1000.1574181952316
1.6792833333333335,-1000.1578791999062
1.6809500000000002,-1000.1583076082907
1.6826166666666666,-1000.1586661674821
1.6843000000000001,-1000.1588989981259
1.68595,-1000.1589735039319
1.6876333333333333,-1000.1588664018358
1.6893,-1000.1585916616762
1.6909666666666667,-1000.1582051628075
1.6926333333333334,-1000.1577953808744
1.6943000000000001,-1000.1574647613603
1.6959666666666668,-1000.1573157497482
1.6976333333333333,-1000.157404225393
1.6993,-1000.1577581279714
1.7009666666666667,-1000.158335547968
1.7026333333333334,-1000.1590759494152
1.7043000000000001,-1000.1598629169911
1.7059666666666669,-1000.1605940052125
1.7076333333333333,-1000.1611621119832
1.7093,-1000.1615020447232
1.7109666666666667,-1000.1615765505292
1.7126333333333335,-1000.1613902860141
1.7143166666666667,-1000.1609758474682
1.7159833333333334,-1000.1603984274717
1.7176500000000001,-1000.1597325318305
1.7193166666666668,-1000.1590573229636
1.7209833333333333,-1000.1584659331285
1.72265,-1000.1580375247439
1.7243166666666667,-1000.1578326337774
1.7259833333333334,-1000.157888513132
1.7276500000000001,-1000.1582005061946
1.7293166666666668,-1000.158745329901
1.7309833333333333,-1000.1594438218323
1.73265,-1000.1602075063438
1.7343166666666667,-1000.1609199681137
1.7359833333333334,-1000.1614834182716
1.7376500000000001,-1000.1618186943987
1.7393166666666668,-1000.1618885435918
1.7409833333333333,-1000.1617069356896
1.74265,-1000.1613250934339
1.7443333333333335,-1000.160836149082
1.746,-1000.1603378915044
1.7476666666666667,-1000.1599467360228
1.7493333333333334,-1000.1597371884434
1.7510000000000001,-1000.1597558148949
1.7526666666666668,-1000.1600165852159
1.7543333333333335,-1000.1604915597292
1.756,-1000.1611248590802
1.7576666666666667,-1000.1618512906888
1.7593333333333334,-1000.1626010053617
1.7610000000000001,-1000.163299497293
1.7626666666666668,-1000.163895543741
1.7643333333333333,-1000.1643332653513
1.766,-1000.1645800658337
1.7676666666666667,-1000.1646126621238
1.7693333333333334,-1000.1644217409959
1.7710000000000001,-1000.1640305855144
1.7726666666666668,-1000.1634904184209
1.77435,-1000.1628757455213
1.7760166666666668,-1000.162293668912
1.7776833333333335,-1000.1618373208502
1.77935,-1000.1616044902064
1.7810166666666667,-1000.1616417431094
1.7826833333333334,-1000.1619583927849
1.78435,-1000.1625125297171
1.7860166666666668,-1000.1632156782613
1.7876833333333335,-1000.1639421098698
1.78935,-1000.1645707526079
1.7910166666666667,-1000.164980534541
1.7926833333333334,-1000.1650829800242
1.7943500000000001,-1000.1648594626062
1.7960166666666668,-1000.1643379219641
1.7976833333333335,-1000.1636208035814
1.79935,-1000.1628245227797
1.8010166666666667,-1000.1620887779454
1.8026833333333334,-1000.1615299844004
1.8043666666666667,-1000.1612366177892
1.8060333333333334,-1000.1612599008537
1.8077,-1000.1616044902064
1.8093666666666668,-1000.1622424461704
1.8110333333333335,-1000.1631085761651
1.8127,-1000.1640957780946
1.8143666666666667,-1000.1651109197014
1.8160333333333334,-1000.1660282724379
1.8177,-1000.1667593606593
1.8193666666666668,-1000.1672157087211
1.8210333333333335,-1000.1673647203331
1.8227,-1000.1672110521082
1.8243666666666667,-1000.166805926788
1.8260333333333334,-1000.1662378200173
1.8277,-1000.1656184905048
1.8293666666666668,-1000.1650550403469
1.8310333333333335,-1000.1646312885753
1.8327,-1000.1643984579315
1.8343833333333335,-1000.1643844880929
1.8360500000000002,-1000.164566095995
1.8377166666666667,-1000.1649060287349
1.8393833333333334,-1000.1653530635709
1.84105,-1000.1658652909872
1.8427166666666668,-1000.1663868316293
1.8443833333333335,-1000.1668664627554
1.8460500000000002,-1000.1672622748498
1.8477166666666667,-1000.1675183885579
1.8493833333333334,-1000.1676022075897
1.85105,-1000.1675044187193
1.8527166666666668,-1000.1672529616241
1.8543833333333335,-1000.1669083722713
1.8560500000000002,-1000.1665311866284
1.8577166666666667,-1000.16620988034
1.8593833333333334,-1000.1660003327606
1.86105,-1000.165949110019
1.8627166666666668,-1000.1660841517923
1.8644,-1000.1663868316293
1.8660666666666668,-1000.1668152400138
1.8677333333333335,-1000.1673181542043
1.8694000000000002,-1000.1678303816205
1.8710666666666667,-1000.1682960429081
1.8727333333333334,-1000.1686639153253
1.8744,-1000.168896745969
1.8760666666666668,-1000.168971251775
1.8777333333333335,-1000.1688920893562
1.8794000000000002,-1000.1686825417768
1.8810666666666667,-1000.1684031450043
1.8827333333333334,-1000.1681190916189
1.8844,-1000.1678816043623
1.8860666666666668,-1000.1677465625888
1.8877333333333335,-1000.1677279361373
1.8894000000000002,-1000.1678443514592
1.8910666666666667,-1000.1680958085545
1.8927333333333334,-1000.1684823074231
1.8944166666666669,-1000.1690038480651
1.8960833333333333,-1000.1696418040291
1.89775,-1000.1703449525733
1.8994166666666668,-1000.1710527577303
1.9010833333333335,-1000.1716767438555
1.9027500000000002,-1000.1721330919173
1.9044166666666669,-1000.1723612659482
1.9060833333333334,-1000.1723240130452
1.90775,-1000.1720399596599
1.9094166666666668,-1000.1715649851466
1.9110833333333335,-1000.17098756515
1.9127500000000002,-1000.1704241149921
1.9144166666666667,-1000.1699677669303
1.9160833333333334,-1000.1696790569321
1.91775,-1000.1695952379004
1.9194166666666668,-1000.1696930267707
1.9210833333333335,-1000.1699351706402
1.9227666666666667,-1000.1702657901543
1.9244333333333334,-1000.1706196927329
1.9261000000000001,-1000.1709316857955
1.9277666666666669,-1000.1711598598264
1.9294333333333333,-1000.1712669619226
1.9311,-1000.1712436788581
1.9327666666666667,-1000.1711039804719
1.9344333333333334,-1000.1708897762796
1.9361000000000002,-1000.1706476324101
1.9377666666666669,-1000.1704194583792
1.9394333333333333,-1000.1702564769286
1.9411,-1000.1701912843483
1.9427666666666668,-1000.1702564769286
1.9444333333333335,-1000.1704613678951
1.9461000000000002,-1000.1708152704737
1.9477666666666669,-1000.1712995582127
1.9494333333333334,-1000.1718769782092
1.9511166666666668,-1000.1724823378829
1.9527833333333335,-1000.1730364748151
1.95445,-1000.1734555699738
1.9561166666666667,-1000.173674430779
1.9577833333333334,-1000.1736511477146
1.9594500000000001,-1000.1733950340065
1.9611166666666668,-1000.1729526557833
1.9627833333333333,-1000.1724031754641
1.96445,-1000.1718583517577
1.9661166666666667,-1000.1714113169216
1.9677833333333334,-1000.1711505466006
1.9694500000000001,-1000.1711179503105
1.9711166666666669,-1000.1713228412771
1.9727833333333333,-1000.1717372798229
1.97445,-1000.1723100432066
1.9761166666666667,-1000.1729619690091
1.9777833333333334,-1000.1736185514245
1.9794500000000002,-1000.1742052846469
1.9811166666666669,-1000.1746569760957
1.9828000000000001,-1000.1749363728683
1.9844666666666668,-1000.1750108786742
1.9861333333333335,-1000.1748711802879
1.9878,-1000.1745405607738
1.9894666666666667,-1000.1740562730348
1.9911333333333334,-1000.1734835096512
1.9928000000000001,-1000.1729014330417
1.9944666666666668,-1000.1723985188512
1.9961333333333335,-1000.1720539294985
1.9978,-1000.171918887725
1.9994666666666667,-1000.1720259898212
2.001133333333333,-1000.1723659225611
2.0028,-1000.1728967764288
2.0044666666666666,-1000.1735580154572
2.0061333333333335,-1000.1742611640013
2.0078,-1000.1749224030295
2.009466666666667,-1000.1754532568974
2.01115,-1000.1757885330244
2.0128166666666667,-1000.1758816652818
2.0144833333333336,-1000.1757186838313
2.01615,-1000.1753228717369
2.0178166666666666,-1000.1747501083532
2.0194833333333335,-1000.1740748994863
2.02115,-1000.1733857207807
2.022816666666667,-1000.1727710478813
2.0244833333333334,-1000.1723053865937
2.02615,-1000.1720399596599
2.0278333333333336,-1000.1720027067569
2.0295,-1000.1722029411104
2.0311666666666666,-1000.1726127230435
2.0328333333333335,-1000.1731854864271
2.0345,-1000.1738420688425
2.036166666666667,-1000.1744846814194
2.0378333333333334,-1000.1750155352871
2.0395000000000003,-1000.1753508114141
2.041166666666667,-1000.1754439436717
2.0428333333333333,-1000.1752856188339
2.0445,-1000.1749130898038
2.0461666666666667,-1000.1744055190004
2.0478333333333336,-1000.1738746651326
2.0495,-1000.1734276302966
2.0511666666666666,-1000.1731668599756
2.0528333333333335,-1000.1731435769112
2.0545,-1000.1733717509421
2.056166666666667,-1000.1738141291653
2.0578333333333334,-1000.1744008623875
2.0595,-1000.1750341617386
2.061166666666667,-1000.175616238348
2.0628333333333333,-1000.1760539599583
2.0645000000000002,-1000.176286790602
2.0661666666666667,-1000.1762681641505
2.0678333333333336,-1000.1759980806038
2.069516666666667,-1000.1755137928648
2.0711833333333334,-1000.1748665236751
2.0728500000000003,-1000.1741447486794
2.074516666666667,-1000.1734229736837
2.0761833333333333,-1000.1727850177199
2.07785,-1000.172296073368
2.0795166666666667,-1000.1720120199826
2.0811833333333336,-1000.1719514840152
2.08285,-1000.1721237786916
2.0845166666666666,-1000.1724963077216
2.0861833333333335,-1000.1730178483637
2.08785,-1000.1736138948116
2.089516666666667,-1000.1742099412597
2.0911833333333334,-1000.1747407951275
2.0928500000000003,-1000.1751598902862
2.094516666666667,-1000.175429973833
2.0961833333333333,-1000.1755324193163
2.09785,-1000.1754532568974
2.0995333333333335,-1000.175206456415
2.1012,-1000.1748292707721
2.102866666666667,-1000.1743636094845
2.1045333333333334,-1000.1738839783584
2.1062000000000003,-1000.1734648831997
2.1078666666666668,-1000.1731668599756
2.1095333333333333,-1000.1730225049765
2.1112,-1000.1730364748151
2.1128666666666667,-1000.1732041128786
2.1145333333333336,-1000.1734974794898
2.1162,-1000.1738839783584
2.1178666666666666,-1000.1743170433558
2.1195500000000003,-1000.1747501083532
2.1212166666666668,-1000.1751179807703
2.1228833333333332,-1000.1753740944785
2.12455,-1000.1754858531875
2.1262166666666666,-1000.1754253172202
2.1278833333333336,-1000.175206456415
2.12955,-1000.1748478972236
2.131216666666667,-1000.1744101756133
2.1328833333333335,-1000.1739538275516
2.13455,-1000.17356267207
2.136216666666667,-1000.1733065583619
2.1378833333333334,-1000.1732273959431
2.1395500000000003,-1000.1733205282005
2.1412166666666668,-1000.1735719852958
2.1428833333333333,-1000.1739305444871
2.14455,-1000.1743310131944
2.1462166666666667,-1000.174722168676
2.1478833333333336,-1000.1750434749644
2.14955,-1000.1752530225438
2.1512166666666666,-1000.1753275283497
2.1528833333333335,-1000.1752623357695
2.15455,-1000.1750621014158
2.156216666666667,-1000.1747454517404
2.1579,-1000.1743542962588
2.1595666666666666,-1000.1739305444871
2.1612333333333336,-1000.173525419167
2.1629,-1000.17319014304
2.164566666666667,-1000.1729945652993
2.1662333333333335,-1000.1729759388478
2.1679,-1000.1731622033627
2.169566666666667,-1000.1735300757799
2.1712333333333333,-1000.1740423031962
2.1729000000000003,-1000.1746336930313
2.1745666666666668,-1000.1752297394794
2.1762333333333332,-1000.1757512801214
2.1779,-1000.1761517488287
2.1795666666666667,-1000.1763845794724
2.1812333333333336,-1000.176440458827
2.1829,-1000.1763333567308
2.1845833333333333,-1000.1760912128613
2.1862333333333335,-1000.1757699065729
2.1879166666666667,-1000.1754066907686
2.1895833333333337,-1000.1750481315772
2.19125,-1000.1747314819017
2.1929166666666666,-1000.1744800248065
2.1945833333333336,-1000.1743077301301
2.19625,-1000.1742192544855
2.197916666666667,-1000.1742192544855
2.1995833333333334,-1000.1742937602914
2.20125,-1000.1744288020648
2.202916666666667,-1000.1745917835154
2.2045833333333333,-1000.1747501083532
2.2062500000000003,-1000.1748665236751
2.2079166666666667,-1000.1749130898038
2.2095833333333332,-1000.1748711802879
2.21125,-1000.174759421579
2.2129166666666666,-1000.1745871269026
2.2145833333333336,-1000.1744101756133
2.21625,-1000.1742565073885
2.2179333333333333,-1000.1741773449695
2.2196000000000002,-1000.1741866581953
2.2212666666666667,-1000.1742891036786
2.2229333333333336,-1000.1744707115807
2.2246,-1000.1747035422245
2.2262666666666666,-1000.1749596559326
2.2279333333333335,-1000.1751971431893
2.2296,-1000.1753880643171
2.231266666666667,-1000.1755184494776
2.2329333333333334,-1000.1755696722192
2.2346,-1000.1755324193163
2.236266666666667,-1000.1754066907686
2.2379333333333333,-1000.1751971431893
2.2396000000000003,-1000.1749224030295
2.2412666666666667,-1000.1746104099669
2.2429333333333332,-1000.1742984169043
2.2446,-1000.1740516164219
2.2462833333333334,-1000.1739119180356
2.24795,-1000.1739165746485
2.249616666666667,-1000.1740748994863
2.2512833333333333,-1000.1743682660974
2.2529500000000002,-1000.1747547649661
2.2546166666666667,-1000.1751785167378
2.2562833333333336,-1000.1755976118965
2.25795,-1000.1759608277008
2.2596166666666666,-1000.1762262546347
2.2612833333333335,-1000.1763659530209
2.26295,-1000.1763519831823
2.264616666666667,-1000.1761843451188
2.2662833333333334,-1000.175877008669
2.26795,-1000.175467226736
2.269616666666667,-1000.1750248485129
2.2712833333333333,-1000.1746010967412
2.2729500000000002,-1000.1742611640013
2.2746166666666667,-1000.1740469598091
2.2763,-1000.1739864238417
2.277966666666667,-1000.1741028391635
2.2796333333333334,-1000.1743868925489
2.2813000000000003,-1000.1748199575463
2.282966666666667,-1000.1753508114141
2.2846333333333333,-1000.1759096049592
2.2863,-1000.1764125191497
2.2879666666666667,-1000.1767617651153
2.2896333333333336,-1000.176887493663
2.2913,-1000.1767477952767
2.2929666666666666,-1000.176361296408
2.2946333333333335,-1000.1757931896373
2.2963,-1000.1751552336733
2.297966666666667,-1000.1745871269026
2.2996333333333334,-1000.1741866581953
2.3013,-1000.1740376465833
2.302966666666667,-1000.1741447486794
2.30465,-1000.1744846814194
2.3063166666666666,-1000.1749689691584
2.3079833333333335,-1000.1754951664133
2.30965,-1000.1759422012493
2.311316666666667,-1000.1762215980218
2.3129833333333334,-1000.1762681641505
2.3146500000000003,-1000.1760818996355
2.316316666666667,-1000.1756954007669
2.3179833333333333,-1000.1751831733507
2.31965,-1000.1746243798056
2.3213166666666667,-1000.1741028391635
2.3229833333333336,-1000.173674430779
2.32465,-1000.1733670943293
2.3263166666666666,-1000.1731994562657
2.3279833333333335,-1000.1731575467498
2.32965,-1000.1732320525559
2.331316666666667,-1000.1733903773936
2.333,-1000.1736185514245
2.3346666666666667,-1000.1738886349713
2.3363333333333336,-1000.1741726883566
2.338,-1000.1744474285164
2.3396666666666666,-1000.174684915773
2.3413333333333335,-1000.1748618670622
2.343,-1000.1749643125455
2.344666666666667,-1000.1749922522228
2.3463333333333334,-1000.1749549993198
2.3480000000000003,-1000.1748944633523
2.349666666666667,-1000.174833927385
2.3513333333333333,-1000.1748106443206
2.353,-1000.1748525538364
2.3546666666666667,-1000.1749643125455
2.3563333333333336,-1000.1751366072218
2.358,-1000.1753601246398
2.3596666666666666,-1000.1756115817351
2.3613333333333335,-1000.175877008669
2.363,-1000.1761331223771
2.3646833333333332,-1000.176361296408
2.36635,-1000.1765382476973
2.3680166666666667,-1000.1766453497935
2.3696833333333336,-1000.1766732894707
2.37135,-1000.1766267233419
2.373016666666667,-1000.1765009947943
2.3746833333333335,-1000.1763147302793
2.37635,-1000.1760725864098
2.378016666666667,-1000.1757745631858
2.3796833333333334,-1000.1754392870588
2.3813500000000003,-1000.1750760712545
2.383016666666667,-1000.1746988856116
2.3846833333333333,-1000.1743356698073
2.38635,-1000.1740190201318
2.3880166666666667,-1000.173786189488
2.3896833333333336,-1000.173674430779
2.39135,-1000.1736977138434
2.3930333333333333,-1000.1738513820683
2.3947000000000003,-1000.1740981825507
2.3963666666666668,-1000.1743915491618
2.3980333333333332,-1000.1746756025472
2.3997,-1000.174903776578
2.4013666666666666,-1000.1750621014158
2.4030333333333336,-1000.1751412638347
2.4047,-1000.1751552336733
2.406366666666667,-1000.1751226373832
2.4080333333333335,-1000.1750621014158
2.4097,-1000.1750015654485
2.411366666666667,-1000.1749596559326
2.4130333333333334,-1000.1749643125455
2.4147000000000003,-1000.1750341617386
2.4163666666666668,-1000.1751831733507
2.4180333333333333,-1000.1754206606073
2.4197,-1000.1757140272184
2.4213666666666667,-1000.1760073938295
2.42305,-1000.1762215980218
2.424716666666667,-1000.1762821339892
2.4263833333333333,-1000.1761424356029
2.4280500000000003,-1000.1757885330244
2.4297166666666667,-1000.1752716489952
2.4313833333333332,-1000.17468025916
2.43305,-1000.1741168090022
2.4347166666666666,-1000.1736790873919
2.4363833333333336,-1000.1734322869095
2.43805,-1000.1733996906194
2.439716666666667,-1000.1735580154572
2.4413833333333335,-1000.1738653519069
2.44305,-1000.1742704772271
2.444716666666667,-1000.1747128554503
2.4463833333333334,-1000.1751692035119
2.4480500000000003,-1000.1756069251222
2.4497166666666668,-1000.1760213636682
2.4513833333333332,-1000.1763845794724
2.453066666666667,-1000.1766826026965
2.4547333333333334,-1000.176887493663
2.4564,-1000.1769713126947
2.458066666666667,-1000.1769107767274
2.4597333333333333,-1000.1766919159222
2.4614000000000003,-1000.1763426699565
2.4630666666666667,-1000.1759002917333
2.4647333333333337,-1000.1754346304459
2.4664,-1000.1750295051257
2.4680666666666666,-1000.1747733914176
2.4697333333333336,-1000.174722168676
2.4714,-1000.174903776578
2.473066666666667,-1000.175280962221
2.4747333333333335,-1000.1757838764115
2.4764,-1000.1763054170535
2.478066666666667,-1000.1767291688252
2.4797333333333333,-1000.176961999469
2.4814000000000003,-1000.1769526862432
2.4830833333333335,-1000.1766919159222
2.48475,-1000.1762262546347
2.486416666666667,-1000.1756302081866
2.4880833333333334,-1000.1749969088356
2.48975,-1000.1744288020648
2.491416666666667,-1000.1740003936803
2.4930833333333333,-1000.1737629064237
2.4947500000000002,-1000.1737442799722
2.4964166666666667,-1000.1739445143257
2.4980833333333337,-1000.1743403264202
2.49975,-1000.1748944633523
2.5014166666666666,-1000.1755324193163
2.5030833333333335,-1000.1761750318931
2.50475,-1000.176738482051
2.506416666666667,-1000.1771575772098
2.5080833333333334,-1000.1773810946278
2.50975,-1000.1773950644664
2.5114333333333336,-1000.1772181131771
2.5131,-1000.176887493663
2.5147666666666666,-1000.1764544286656
2.5164333333333335,-1000.1759934239909
2.5181,-1000.1755650156064
2.519766666666667,-1000.1752157696408
2.5214333333333334,-1000.174982938997
2.5231000000000003,-1000.1748758369008
2.524766666666667,-1000.1748804935137
2.5264333333333333,-1000.1749643125455
2.5281000000000002,-1000.1751086675446
2.5297666666666667,-1000.1752716489952
2.5314333333333336,-1000.1754346304459
2.5331,-1000.1755696722192
2.5347666666666666,-1000.1756441780252
2.5364333333333335,-1000.1756395214123
2.5381,-1000.1755370759291
2.5397833333333333,-1000.1753414981883
2.54145,-1000.1750714146416
2.5431166666666667,-1000.174759421579
2.5447833333333336,-1000.1744567417421
2.54645,-1000.1742145978726
2.5481166666666666,-1000.1740935259378
2.5497833333333335,-1000.1741261222279
2.55145,-1000.174344983033
2.553116666666667,-1000.1747361385146
2.5547833333333334,-1000.1752530225438
2.5564500000000003,-1000.1758304425402
2.558116666666667,-1000.1763845794724
2.5597833333333333,-1000.1768409275342
2.5614500000000002,-1000.1771436073711
2.5631166666666667,-1000.1772553660801
2.5647833333333336,-1000.1771762036612
2.56645,-1000.1769340597917
2.5681166666666666,-1000.1765801572132
2.5697833333333335,-1000.1761843451188
2.571466666666667,-1000.1758118160888
2.5731333333333333,-1000.1755091362519
2.5748,-1000.1753135585111
2.5764666666666667,-1000.1752297394794
2.5781333333333336,-1000.1752530225438
2.5798,-1000.1753601246398
2.5814666666666666,-1000.1755277627034
2.5831333333333335,-1000.1757326536699
2.5848,-1000.1759608277008
2.586466666666667,-1000.176179688506
2.5881333333333334,-1000.1763659530209
2.5898000000000003,-1000.1764823683428
2.591466666666667,-1000.1764916815686
2.5931333333333333,-1000.1763706096338
2.5948,-1000.1761098393127
2.5964666666666667,-1000.175727997057
2.5981333333333336,-1000.1752763056081
2.599816666666667,-1000.1748246141592
2.6014833333333334,-1000.174461398355
2.6031500000000003,-1000.1742518507756
2.604816666666667,-1000.1742518507756
2.6064833333333333,-1000.1744753681936
2.60815,-1000.1749084331909
2.6098166666666667,-1000.1755231060905
2.6114833333333336,-1000.176249537699
2.61315,-1000.1770132222106
2.614816666666667,-1000.177744310432
2.6164833333333335,-1000.1783636399445
2.61815,-1000.1788106747804
2.619816666666667,-1000.1790621318756
2.6214833333333334,-1000.179090071553
2.6231500000000003,-1000.1789131202637
2.6248333333333336,-1000.178563874298
2.6265,-1000.1780888997847
2.628166666666667,-1000.177558045917
2.6298333333333335,-1000.1770458185007
2.6315,-1000.1766174101161
2.633166666666667,-1000.1763287001179
2.6348333333333334,-1000.1761983149574
2.6365000000000003,-1000.1762029715703
2.6381666666666668,-1000.1763100736664
2.6398333333333333,-1000.1764544286656
2.6415,-1000.1765661873745
2.6431666666666667,-1000.1765987836646
2.6448333333333336,-1000.1765056514072
2.6465,-1000.1762821339892
2.648166666666667,-1000.1759561710879
2.6498333333333335,-1000.1755836420579
2.6515,-1000.1752343960923
2.653166666666667,-1000.1749782823841
2.6548333333333334,-1000.1748572104493
2.6565000000000003,-1000.174903776578
2.6581833333333336,-1000.1751086675446
2.65985,-1000.1754439436717
2.661516666666667,-1000.1758723520561
2.6631833333333335,-1000.1763473265694
2.66485,-1000.1768223010827
2.666516666666667,-1000.177260022693
2.6681833333333334,-1000.177632551723
2.6698500000000003,-1000.1778979786569
2.6715166666666668,-1000.1780283638174
2.6731833333333332,-1000.1779864543015
2.67485,-1000.1777582802706
2.6765166666666667,-1000.177367124789
2.6781833333333336,-1000.1768548973728
2.67985,-1000.1763007604407
2.681516666666667,-1000.175802502863
2.6831833333333335,-1000.1754346304459
2.6848666666666667,-1000.175243709318
2.686516666666667,-1000.1752297394794
2.6882,-1000.1753647812527
2.6898666666666666,-1000.1755929552836
2.6915333333333336,-1000.1758490689917
2.6932,-1000.1760865562484
2.694866666666667,-1000.1762541943119
2.6965333333333334,-1000.1763333567308
2.6982,-1000.1763100736664
2.699866666666667,-1000.176179688506
2.7015333333333333,-1000.1759515144751
2.7032000000000003,-1000.1756348647995
2.7048666666666668,-1000.1752483659309
2.7065333333333337,-1000.1748292707721
2.7082,-1000.1744148322261
2.7098666666666666,-1000.1740469598091
2.7115333333333336,-1000.1737629064237
2.7132,-1000.1736092381988
2.714866666666667,-1000.1736138948116
2.7165333333333335,-1000.1737908461009
2.7182166666666667,-1000.1741400920665
2.7198833333333337,-1000.1746383496442
2.72155,-1000.1752297394794
2.7232166666666666,-1000.1758304425402
2.7248833333333335,-1000.1763426699565
2.72655,-1000.1766826026965
2.728216666666667,-1000.1767897047926
2.7298833333333334,-1000.176663976245
2.73155,-1000.1763426699565
2.733216666666667,-1000.1759049483463
2.7348833333333333,-1000.175429973833
2.7365500000000003,-1000.1750015654485
2.7382166666666667,-1000.1746662893214
2.7398833333333337,-1000.1744520851292
2.74155,-1000.1743542962588
2.7432166666666666,-1000.174344983033
2.7448833333333336,-1000.1743962057747
2.746566666666667,-1000.1744800248065
2.7482333333333333,-1000.174573157064
2.7499000000000002,-1000.1746662893214
2.7515666666666667,-1000.1747407951275
2.7532333333333336,-1000.1747920178691
2.7549,-1000.1748059877077
2.7565666666666666,-1000.1747780480305
2.7582333333333335,-1000.1746988856116
2.7599,-1000.174573157064
2.761566666666667,-1000.1744055190004
2.7632333333333334,-1000.1742192544855
2.7649,-1000.1740376465833
2.766566666666667,-1000.1738932915841
2.7682333333333333,-1000.173823442391
2.7699000000000003,-1000.1738420688425
2.7715666666666667,-1000.1739584841645
2.7732333333333337,-1000.1741633751309
2.7749,-1000.1744148322261
2.7765833333333334,-1000.1746709459343
2.7782500000000003,-1000.1748944633523
2.779916666666667,-1000.1750527881901
2.7815833333333333,-1000.1751133241575
2.7832500000000002,-1000.1750760712545
2.7849166666666667,-1000.1749410294811
2.7865833333333336,-1000.1747128554503
2.78825,-1000.1744148322261
2.7899166666666666,-1000.1740609296477
2.7915833333333335,-1000.1736790873919
2.79325,-1000.173301901749
2.794916666666667,-1000.1729712822348
2.7965833333333334,-1000.1727477648169
2.7982500000000003,-1000.1726825722366
2.799916666666667,-1000.1728036441714
2.8015833333333333,-1000.1731342636855
2.8032500000000002,-1000.173637177876
2.8049166666666667,-1000.1742704772271
2.8066,-1000.174945686094
2.808266666666667,-1000.1755510457677
2.8099333333333334,-1000.1759841107652
2.8116000000000003,-1000.1761517488287
2.813266666666667,-1000.1760167070553
2.8149333333333333,-1000.1755929552836
2.8166,-1000.1749503427069
2.8182666666666667,-1000.1742099412597
2.8199333333333336,-1000.1734788530383
2.8216,-1000.1728734933645
2.8232666666666666,-1000.1724590548185
2.8249333333333335,-1000.1722634770779
2.8266,-1000.1722821035294
2.828266666666667,-1000.1724683680443
2.8299333333333334,-1000.1727524214298
2.8316000000000003,-1000.1730737277181
2.833266666666667,-1000.1733717509421
2.83495,-1000.1735952683601
2.836616666666667,-1000.1737070270692
2.8382833333333335,-1000.1736977138434
2.83995,-1000.17356267207
2.841616666666667,-1000.1733298414263
2.8432833333333334,-1000.1730364748151
2.8449500000000003,-1000.1727291383653
2.846616666666667,-1000.1724637114314
2.8482833333333333,-1000.1722914167551
2.84995,-1000.1722541638521
2.8516166666666667,-1000.1723612659482
2.8532833333333336,-1000.1725987532049
2.85495,-1000.1729386859447
2.8566166666666666,-1000.1733344980391
2.8582833333333335,-1000.1737442799722
2.85995,-1000.1741121523893
2.861616666666667,-1000.1744055190004
2.8632833333333334,-1000.1745824702897
2.8649666666666667,-1000.1746197231927
2.8666333333333336,-1000.1744939946451
2.8683,-1000.1742145978726
2.869966666666667,-1000.1738001593267
2.8716333333333335,-1000.1732925885233
2.8733,-1000.1727477648169
2.874966666666667,-1000.1722262241748
2.8766333333333334,-1000.1717791893388
2.8783000000000003,-1000.1714578830504
2.879966666666667,-1000.1712809317612
2.8816333333333333,-1000.1712623053096
2.8833,-1000.1713926904702
2.8849666666666667,-1000.1716394909525
2.8866333333333336,-1000.171956140628
2.8883,-1000.1722727903036
2.889966666666667,-1000.1725242473989
2.8916333333333335,-1000.1726592891722
2.8933166666666668,-1000.1726499759465
2.8949833333333337,-1000.1724963077216
2.89665,-1000.1722262241748
2.8983166666666667,-1000.1718909480478
2.8999833333333336,-1000.1715603285337
2.90165,-1000.171290244987
2.903316666666667,-1000.1711412333749
2.9049833333333335,-1000.171136576762
2.90665,-1000.1712669619226
2.908316666666667,-1000.171513762405
2.9099833333333334,-1000.1718397253062
2.9116500000000003,-1000.1722122543362
2.9133166666666668,-1000.1726127230435
2.9149833333333333,-1000.1730271615894
2.91665,-1000.1734462567481
2.9183166666666667,-1000.1738513820683
2.9199833333333336,-1000.1742099412597
2.921666666666667,-1000.1744800248065
2.9233333333333333,-1000.1746104099669
2.9250000000000003,-1000.1745498739996
2.9266666666666667,-1000.1742797904528
2.9283333333333337,-1000.173823442391
2.93,-1000.1732320525559
2.9316666666666666,-1000.1725894399791
2.9333333333333336,-1000.171998050144
2.935,-1000.171551015308
2.936666666666667,-1000.1713181846642
2.9383333333333335,-1000.1713321545028
2.94,-1000.1715649851466
2.941666666666667,-1000.1719421707894
2.9433333333333334,-1000.1723845490126
2.9450000000000003,-1000.1728036441714
2.9466666666666668,-1000.1731342636855
2.9483333333333337,-1000.1733344980391
2.95,-1000.1733857207807
2.9516666666666667,-1000.1732832752975
2.95335,-1000.1730457880409
2.955016666666667,-1000.1727058553009
2.9566833333333333,-1000.1723053865937
2.9583500000000003,-1000.1719002612735
2.9600166666666667,-1000.1715277322436
2.9616833333333337,-1000.1712390222452
2.96335,-1000.1710806974075
2.9650166666666666,-1000.1710900106333
2.9666833333333336,-1000.1712995582127
2.96835,-1000.1717000269199
2.970016666666667,-1000.172258820465
2.9716833333333335,-1000.1728967764288
2.97335,-1000.1735300757799
2.975016666666667,-1000.1740423031962
2.9766833333333333,-1000.174344983033
2.9783500000000003,-1000.1743868925489
2.9800166666666668,-1000.1741680317438
2.9817,-1000.173753593198
2.983366666666667,-1000.1732413657817
2.9850333333333334,-1000.172743108204
2.9867000000000004,-1000.1723379828838
2.988366666666667,-1000.1720818691757
2.9900333333333333,-1000.1719840803053
2.9917000000000002,-1000.1720213332084
2.9933666666666667,-1000.1721656882074
2.9950333333333337,-1000.1723659225611
2.9967,-1000.1725894399791
2.9983666666666666,-1000.1727896743328
3.0000333333333336,-1000.172929372719
3.0017,-1000.1729852520735
3.003366666666667,-1000.1729386859447
3.0050333333333334,-1000.1727896743328
3.0067,-1000.1725428738504
3.008366666666667,-1000.1722262241748
3.0100333333333333,-1000.1718769782092
3.0117166666666666,-1000.171551015308
3.0133833333333335,-1000.1712995582127
3.01505,-1000.1711784862779
3.016716666666667,-1000.1712297090195
3.0183833333333334,-1000.1714671962761
3.0200500000000003,-1000.1718909480478
3.021716666666667,-1000.1724683680443
3.0233833333333333,-1000.1731435769112
3.0250500000000002,-1000.1738467254554
3.0267166666666667,-1000.1744939946451
3.0283833333333336,-1000.1750062220614
3.03005,-1000.1753042452854
3.0317166666666666,-1000.1753414981883
3.0333833333333335,-1000.1750993543188
3.03505,-1000.1746057533541
3.036716666666667,-1000.1739352011
3.0383833333333334,-1000.1731715165885
3.0400500000000004,-1000.1724264585284
3.0417333333333336,-1000.171774532726
3.0434,-1000.171290244987
3.045066666666667,-1000.1709968783757
3.0467333333333335,-1000.1709084027311
3.0484,-1000.1710248180531
3.050066666666667,-1000.1713135280513
3.0517333333333334,-1000.17173262321
3.0534000000000003,-1000.1722215675619
3.055066666666667,-1000.1726872288494
3.0567333333333333,-1000.173041131428
3.0584000000000002,-1000.1731947996528
3.0600666666666667,-1000.1731063240082
3.0617333333333336,-1000.1727757044941
3.0634,-1000.1722495072393
3.0650666666666666,-1000.1716255211139
3.0667333333333335,-1000.1710155048272
3.0684,-1000.1705219038624
3.0700833333333333,-1000.1702238806384
3.07175,-1000.1701493748325
3.0734166666666667,-1000.1702937298317
3.0750833333333336,-1000.1706057228943
3.07675,-1000.1710155048272
3.078416666666667,-1000.1714625396633
3.0800833333333335,-1000.1718816348221
3.08175,-1000.1722401940134
3.083416666666667,-1000.1725009643345
3.0850833333333334,-1000.1726546325593
3.0867500000000003,-1000.1726872288494
3.088416666666667,-1000.1726034098177
3.0900833333333333,-1000.1724031754641
3.09175,-1000.1720911824015
3.0934166666666667,-1000.1716720872427
3.0950833333333336,-1000.1711784862779
3.09675,-1000.170652289023
3.0984166666666666,-1000.1701773145097
3.1001000000000003,-1000.1698234119312
3.101766666666667,-1000.1696697437063
3.1034333333333333,-1000.1697582193509
3.1051,-1000.1700748690265
3.1067666666666667,-1000.170577783217
3.1084333333333336,-1000.1711645164393
3.1101,-1000.1717419364358
3.111766666666667,-1000.1722122543362
3.1134333333333335,-1000.1725149341731
3.1151,-1000.172631349495
3.116766666666667,-1000.1725708135276
3.1184333333333334,-1000.1723659225611
3.1201000000000003,-1000.1720632427242
3.121766666666667,-1000.1717046835328
3.1234333333333333,-1000.1713274978899
3.1251,-1000.1709782519242
3.1267666666666667,-1000.1706941985389
3.12845,-1000.1705172472496
3.130116666666667,-1000.1704799943466
3.1317833333333334,-1000.1706010662814
3.1334500000000003,-1000.1708804630539
3.1351166666666668,-1000.1712809317612
3.1367833333333337,-1000.1717419364358
3.13845,-1000.1721656882074
3.1401166666666667,-1000.1724637114314
3.1417833333333336,-1000.1725615003019
3.14345,-1000.1724264585284
3.145116666666667,-1000.1720911824015
3.1467833333333335,-1000.1716115512753
3.14845,-1000.1710900106333
3.150116666666667,-1000.17061503612
3.1517833333333334,-1000.17027510338
3.1534500000000003,-1000.1701400616067
3.155116666666667,-1000.1702238806384
3.1567833333333333,-1000.1705125906367
3.15845,-1000.1709456556341
3.1601333333333335,-1000.1714485698246
3.1618,-1000.1719328575637
3.163466666666667,-1000.1723426394967
3.1651333333333334,-1000.1726266928821
3.1668000000000003,-1000.1727617346555
3.1684666666666668,-1000.1727337949783
3.1701333333333337,-1000.1725475304632
3.1718,-1000.1722122543362
3.1734666666666667,-1000.1717559062745
3.1751333333333336,-1000.1712064259551
3.1768,-1000.1706010662814
3.178466666666667,-1000.1699863933818
3.1801333333333335,-1000.1694182866111
3.1818,-1000.168971251775
3.183466666666667,-1000.1687151380669
3.1851333333333334,-1000.1686918550025
3.1868000000000003,-1000.1689246856463
3.1884833333333336,-1000.1693670638695
3.19015,-1000.1699537970917
3.191816666666667,-1000.170577783217
3.1934833333333335,-1000.1711272635363
3.19515,-1000.1715230756307
3.196816666666667,-1000.1717093401456
3.1984833333333333,-1000.1716814004684
3.2001500000000003,-1000.171471852889
3.2018166666666668,-1000.1711412333749
3.2034833333333337,-1000.1707547345062
3.20515,-1000.1703775488634
3.2068166666666666,-1000.1700515859621
3.2084833333333336,-1000.1698047854798
3.21015,-1000.1696511172548
3.211816666666667,-1000.1696045511261
3.2135000000000002,-1000.1696604304806
3.2151666666666667,-1000.1698234119312
3.2168333333333337,-1000.1700655558008
3.2185,-1000.170354265799
3.2201666666666666,-1000.1706336625715
3.2218333333333335,-1000.1708432101509
3.2235,-1000.1709316857955
3.225166666666667,-1000.1708571799895
3.2268333333333334,-1000.1706057228943
3.2285000000000004,-1000.1702005975741
3.230166666666667,-1000.1696976833836
3.2318333333333333,-1000.1691761427415
3.2335000000000003,-1000.1687430777441
3.2351666666666667,-1000.1684962772617
3.2368333333333337,-1000.1685009338746
3.2385,-1000.1687803306471
3.2401666666666666,-1000.1692972146762
3.2418333333333336,-1000.1699631103174
3.2435,-1000.1706569456359
3.245166666666667,-1000.1712623053096
3.2468500000000002,-1000.1716907136941
3.2485166666666667,-1000.1718909480478
3.2501833333333336,-1000.1718536951448
3.25185,-1000.1716255211139
3.2535166666666666,-1000.1712529920839
3.2551833333333335,-1000.1708106138608
3.25685,-1000.1703589224119
3.258516666666667,-1000.169944483866
3.2601833333333334,-1000.1696138643518
3.2618500000000004,-1000.1693950035467
3.263516666666667,-1000.1693111845149
3.2651833333333333,-1000.169385690321
3.2668500000000003,-1000.1696278341905
3.2685166666666667,-1000.1700422727363
3.2701833333333337,-1000.1706103795071
3.27185,-1000.1712576486967
3.2735166666666666,-1000.1718862914349
3.2751833333333336,-1000.1723845490126
3.276866666666667,-1000.1726406627207
3.2785333333333333,-1000.1725801267534
3.2802000000000002,-1000.1721982844975
3.2818666666666667,-1000.1715370454693
3.2835333333333336,-1000.1706848853131
3.2852,-1000.1697675325767
3.2868666666666666,-1000.1689153724205
3.2885333333333335,-1000.1682448201665
3.2902,-1000.1678303816205
3.291866666666667,-1000.167704653073
3.2935333333333334,-1000.1678490080722
3.2952000000000004,-1000.168226193715
3.296866666666667,-1000.1687663608085
3.2985333333333333,-1000.169385690321
3.3002000000000002,-1000.1700003632204
3.3018666666666667,-1000.1705358737012
3.3035333333333337,-1000.1709316857955
3.3052,-1000.1711458899878
3.3068833333333334,-1000.1711552032135
3.3085500000000003,-1000.1709689386985
3.310216666666667,-1000.1706057228943
3.3118833333333333,-1000.1701121219295
3.31355,-1000.1695486717715
3.3152166666666667,-1000.1689991914523
3.3168833333333336,-1000.1685475000033
3.31855,-1000.1682867296823
3.320216666666667,-1000.168263446618
3.3218833333333335,-1000.1685009338746
3.32355,-1000.1689479687107
3.325216666666667,-1000.1695253887071
3.3268833333333334,-1000.1701214351552
3.3285500000000003,-1000.1706290059586
3.330216666666667,-1000.1709735953114
3.3318833333333333,-1000.1711132936977
3.3335500000000002,-1000.1710434445046
3.3352333333333335,-1000.1707966440222
3.3369,-1000.1704148017664
3.338566666666667,-1000.1699677669303
3.3402333333333334,-1000.1695021056428
3.3419000000000003,-1000.1690690406455
3.343566666666667,-1000.168710481454
3.3452333333333333,-1000.1684590243588
3.3469,-1000.1683519222627
3.3485666666666667,-1000.1684031450043
3.3502333333333336,-1000.1686266624223
3.3519,-1000.1690131612909
3.353566666666667,-1000.1695160754814
3.3552333333333335,-1000.170093495478
3.3569,-1000.1706569456359
3.358566666666667,-1000.1711272635363
3.3602333333333334,-1000.1714299433731
3.3619000000000003,-1000.1715230756307
3.3635833333333336,-1000.1713880338573
3.36525,-1000.1710574143432
3.366916666666667,-1000.1705917530556
3.3685833333333335,-1000.170056242575
3.37025,-1000.1695207320943
3.371916666666667,-1000.1690411009681
3.3735833333333334,-1000.1686639153253
3.3752500000000003,-1000.1684031450043
3.376916666666667,-1000.1682867296823
3.3785833333333337,-1000.1683146693596
3.38025,-1000.168486964036
3.3819166666666667,-1000.1687710174214
3.3835833333333336,-1000.1691156067742
3.38525,-1000.1694601961269
3.386916666666667,-1000.1697349362865
3.3885833333333335,-1000.1698932611243
3.39025,-1000.1698979177372
3.391916666666667,-1000.1697442495123
3.3935833333333334,-1000.1694601961269
3.3952666666666667,-1000.169087667097
3.3969333333333336,-1000.168710481454
3.3986,-1000.1683938317785
3.400266666666667,-1000.1682168804892
3.4019333333333335,-1000.1682168804892
3.4036,-1000.1684078016171
3.405266666666667,-1000.1687570475827
3.4069333333333334,-1000.1692180522574
3.4086000000000003,-1000.169716309835
3.410266666666667,-1000.1701819711226
3.4119333333333337,-1000.1705591567655
3.4136,-1000.1707919874093
3.4152666666666667,-1000.170838553538
3.4169333333333336,-1000.1706755720874
3.4186,-1000.1703076996703
3.420266666666667,-1000.1697582193509
3.4219333333333335,-1000.1690783538712
3.4236166666666668,-1000.1683193259724
3.4252833333333337,-1000.1675556414609
3.42695,-1000.1668618061425
3.4286166666666666,-1000.1663123258232
3.4302833333333336,-1000.1659770496963
3.43195,-1000.1658978872774
3.433616666666667,-1000.1660888084052
3.4352833333333335,-1000.1665265300155
3.43695,-1000.1671412029151
3.438616666666667,-1000.1678303816205
3.4402833333333334,-1000.1684823074231
3.4419500000000003,-1000.1689852216136
3.4436166666666668,-1000.1692739316119
3.4452833333333337,-1000.1693111845149
3.44695,-1000.16912492
3.4486166666666667,-1000.16878498726
3.4502833333333336,-1000.1683798619399
3.45195,-1000.1680119895227
3.4536333333333333,-1000.1677651890403
3.4553000000000003,-1000.1677139662987
3.4569666666666667,-1000.1678769477494
3.4586333333333337,-1000.1682494767794
3.4603,-1000.1687989570986
3.4619666666666666,-1000.1694508829012
3.4636333333333336,-1000.170130748381
3.4653,-1000.1707547345062
3.466966666666667,-1000.171248335471
3.4686333333333335,-1000.171551015308
3.4703000000000004,-1000.1716301777268
3.471966666666667,-1000.1714578830504
3.4736333333333334,-1000.1710481011174
3.4753000000000003,-1000.1704241149921
3.4769666666666668,-1000.1696604304806
3.4786333333333337,-1000.1688408666146
3.4803,-1000.1680771821029
3.4819833333333334,-1000.1674671658163
3.4836500000000004,-1000.1670899801734
3.485316666666667,-1000.166992191303
3.4869833333333333,-1000.1671598293666
3.4886500000000003,-1000.1675370150094
3.4903166666666667,-1000.1680259593613
3.4919833333333337,-1000.1685149037132
3.49365,-1000.1689014025819
3.4953166666666666,-1000.1691156067742
3.4969833333333336,-1000.1691388898386
3.49865,-1000.1689805650008
3.500316666666667,-1000.1686778851639
3.5019833333333334,-1000.1682867296823
3.5036500000000004,-1000.1678490080722
3.505316666666667,-1000.1674159430747
3.507,-1000.1670108177545
3.508666666666667,-1000.1666662284018
3.5103333333333335,-1000.1664101146937
3.512,-1000.1662797295331
3.513666666666667,-1000.1662983559846
3.5153333333333334,-1000.1664799638868
3.5170000000000003,-1000.1668152400138
3.518666666666667,-1000.1672715880756
3.5203333333333333,-1000.1677838154918
3.5220000000000002,-1000.1682587900051
3.5236666666666667,-1000.1686080359708
3.5253333333333337,-1000.1687384211313
3.527,-1000.1686080359708
3.5286666666666666,-1000.1682215371021
3.5303333333333335,-1000.1676348038799
3.532,-1000.1669456251743
3.533666666666667,-1000.1662704163074
3.5353333333333334,-1000.1657162793753
3.5370000000000004,-1000.1653670334096
3.538666666666667,-1000.1652506180877
3.5403333333333333,-1000.1653623767967
3.542016666666667,-1000.1656557434079
3.5436833333333335,-1000.1660701819537
3.54535,-1000.1665404998541
3.547016666666667,-1000.1670154743674
3.5486833333333334,-1000.1674485393648
3.5503500000000003,-1000.1678070985562
3.552016666666667,-1000.1680632122643
3.5536833333333333,-1000.168188940812
3.5553500000000002,-1000.1681563445219
3.5570166666666667,-1000.1679374837167
3.5586833333333336,-1000.1675416716223
3.56035,-1000.166992191303
3.562016666666667,-1000.1663635485648
3.5636833333333335,-1000.1657442190525
3.56535,-1000.1652366482491
3.567016666666667,-1000.1649339684122
3.5686833333333334,-1000.1648874022834
3.5703666666666667,-1000.1651062630885
3.5720333333333336,-1000.1655486413117
3.5737,-1000.1661260613082
3.575366666666667,-1000.1667267643692
3.5770333333333335,-1000.1672343351726
3.5787,-1000.1675556414609
3.580366666666667,-1000.1676394604928
3.5820333333333334,-1000.1674671658163
3.5837000000000003,-1000.167066697109
3.585366666666667,-1000.1664985903383
3.5870333333333333,-1000.1658466645357
3.5887000000000002,-1000.1652133651847
3.5903666666666667,-1000.1646731980911
3.5920333333333336,-1000.1642866992225
3.5937,-1000.1640771516431
3.595366666666667,-1000.164044555353
3.5970333333333335,-1000.1641656272877
3.5987,-1000.1644077711572
3.6003833333333337,-1000.1647244208328
3.60205,-1000.1650550403469
3.6037166666666667,-1000.1653530635709
3.6053833333333336,-1000.1655486413117
3.60705,-1000.1655905508276
3.608716666666667,-1000.1654368826028
3.6103833333333335,-1000.1650690101856
3.61205,-1000.1645148732534
3.613716666666667,-1000.1638536342251
3.6153833333333334,-1000.1631784253582
3.6170500000000003,-1000.1626149752003
3.618716666666667,-1000.1622471027832
3.6203833333333333,-1000.1621353440742
3.62205,-1000.1622703858476
3.6237166666666667,-1000.1626056619746
3.6253833333333336,-1000.1630713232621
3.62705,-1000.1635928639041
3.628716666666667,-1000.1641144045461
3.6304000000000003,-1000.1645940356723
3.6320666666666668,-1000.1649991609925
3.6337333333333337,-1000.1653111540551
3.6354,-1000.1655067317959
3.6370666666666667,-1000.1655812376018
3.6387333333333336,-1000.1655253582474
3.6404,-1000.1653577201838
3.642066666666667,-1000.165087636637
3.6437333333333335,-1000.1647523605101
3.6454,-1000.1643891447058
3.647066666666667,-1000.1640492119659
3.6487333333333334,-1000.163783785032
3.6504000000000003,-1000.1636533998715
3.652066666666667,-1000.1636766829358
3.6537333333333337,-1000.1638676040637
3.6554,-1000.164198223578
3.6570666666666667,-1000.1645986922852
3.6587500000000004,-1000.1649712213152
3.660416666666667,-1000.1652226784105
3.6620833333333334,-1000.1652599313135
3.6637500000000003,-1000.1650317572826
3.6654166666666668,-1000.1645521261564
3.6670833333333337,-1000.1638815739024
3.66875,-1000.163113232778
3.6704166666666667,-1000.1623681747179
3.6720833333333336,-1000.1617441885927
3.67375,-1000.1613157802082
3.675416666666667,-1000.1611108892416
3.6770833333333335,-1000.1611015760159
3.67875,-1000.1612505876278
3.680416666666667,-1000.1615160145618
3.6820833333333334,-1000.1618559473017
3.6837500000000003,-1000.1622471027832
3.685416666666667,-1000.162661541329
3.6870833333333337,-1000.163075979875
3.688766666666667,-1000.1634485089049
3.6904333333333335,-1000.1637418755162
3.6921000000000004,-1000.1639095135796
3.693766666666667,-1000.1639281400311
3.6954333333333333,-1000.1637977548706
3.6971000000000003,-1000.1635462977754
3.6987666666666668,-1000.163224991487
3.7004333333333337,-1000.1628990285857
3.7021,-1000.1626382582647
3.7037666666666667,-1000.1624985598785
3.7054333333333336,-1000.1624939032656
3.7071,-1000.1626149752003
3.708766666666667,-1000.1628245227797
3.7104333333333335,-1000.1630620100364
3.7121000000000004,-1000.1632762142286
3.713766666666667,-1000.1634159126148
3.7154333333333334,-1000.1634624787437
3.7171166666666666,-1000.1633972861633
3.7187833333333336,-1000.1632436179385
3.72045,-1000.1630107872948
3.722116666666667,-1000.1627313905223
3.7237833333333334,-1000.1624287106853
3.7254500000000004,-1000.1621213742355
3.727116666666667,-1000.1618512906888
3.7287833333333333,-1000.1616370864965
3.7304500000000003,-1000.1615253277876
3.7321166666666667,-1000.1615392976262
3.7337833333333337,-1000.1616976224639
3.73545,-1000.1619863324621
3.7371166666666666,-1000.1623774879437
3.7387833333333336,-1000.1628012397153
3.74045,-1000.1632017084225
3.742116666666667,-1000.1634997316467
3.7437833333333335,-1000.1636487432586
3.7454500000000004,-1000.1636254601942
3.747116666666667,-1000.1634298824534
3.7488,-1000.1630946063265
3.750466666666667,-1000.162661541329
3.7521333333333335,-1000.1621865668158
3.7538,-1000.161730218754
3.755466666666667,-1000.161357689724
3.7571333333333334,-1000.1611108892416
3.7588000000000004,-1000.1610317268228
3.760466666666667,-1000.1611295156931
3.7621333333333333,-1000.1613995992399
3.7638000000000003,-1000.1618186943987
3.7654666666666667,-1000.1623402350407
3.7671333333333337,-1000.1629036851986
3.7688,-1000.1634485089049
3.7704666666666666,-1000.1639141701925
3.7721333333333336,-1000.1642447897067
3.7738,-1000.1643891447058
3.775466666666667,-1000.1643239521255
3.7771500000000002,-1000.1640398987402
3.7788166666666667,-1000.1635695808397
3.7804833333333336,-1000.1629735343918
3.78215,-1000.1623402350407
3.783816666666667,-1000.1617674716571
3.7854833333333335,-1000.1613483764983
3.78715,-1000.1611434855317
3.788816666666667,-1000.1611667685961
3.7904833333333334,-1000.161394942627
3.7921500000000004,-1000.1617628150442
3.793816666666667,-1000.16217725359
3.7954833333333333,-1000.162554439233
3.7971500000000002,-1000.1628245227797
3.7988166666666667,-1000.1629549079402
3.8004833333333337,-1000.1629455947144
3.80215,-1000.1628245227797
3.8038333333333334,-1000.1626429148776
3.8055000000000003,-1000.1624613069754
3.807166666666667,-1000.1623169519763
3.8088333333333337,-1000.1622424461704
3.8105,-1000.1622471027832
3.8121666666666667,-1000.1623216085892
3.8138333333333336,-1000.1624519937496
3.8155,-1000.1626289450389
3.817166666666667,-1000.1628431492312
3.8188333333333335,-1000.1630899497136
3.8205,-1000.1633553766475
3.822166666666667,-1000.1636254601942
3.8238333333333334,-1000.1638443209994
3.8255000000000003,-1000.1639653929342
3.827166666666667,-1000.163932796644
3.8288333333333333,-1000.163709279226
3.8305000000000002,-1000.1633041539059
3.8321666666666667,-1000.1627593301995
3.8338333333333336,-1000.1621353440742
3.835516666666667,-1000.1615160145618
3.8371833333333334,-1000.1609805040811
3.8388500000000003,-1000.1605893485996
3.840516666666667,-1000.1603704877945
3.8421833333333337,-1000.1603378915044
3.84385,-1000.1604869031163
3.8455166666666667,-1000.1607849263404
3.8471833333333336,-1000.1611993648862
3.84885,-1000.1616650261738
3.850516666666667,-1000.1621353440742
3.8521833333333335,-1000.1625497826201
3.85385,-1000.1628617756827
3.855516666666667,-1000.1630433835849
3.8571833333333334,-1000.1630852931007
3.8588500000000003,-1000.163001474069
3.860516666666667,-1000.1628245227797
3.8621833333333333,-1000.1625823789102
3.8638500000000002,-1000.1623216085892
3.8655333333333335,-1000.1620841213326
3.8672,-1000.161916483269
3.868866666666667,-1000.1618466340759
3.8705333333333334,-1000.1619071700433
3.8722000000000003,-1000.1620887779454
3.873866666666667,-1000.1623728313308
3.8755333333333337,-1000.1627174206835
3.8772,-1000.1630573534235
3.8788666666666667,-1000.1633414068089
3.8805333333333336,-1000.1635183580981
3.8822,-1000.1635556110011
3.883866666666667,-1000.1634578221308
3.8855333333333335,-1000.1632389613256
3.8872,-1000.1629455947144
3.888866666666667,-1000.1626242884261
3.8905333333333334,-1000.1623216085892
3.8922000000000003,-1000.1620654948811
3.893866666666667,-1000.1618932002046
3.89555,-1000.1618186943987
3.897216666666667,-1000.1618559473017
3.8988833333333335,-1000.1620189287523
3.9005500000000004,-1000.1622890122991
3.902216666666667,-1000.1626382582647
3.9038833333333334,-1000.163001474069
3.9055500000000003,-1000.1633134671316
3.907216666666667,-1000.1635090448724
3.9088833333333337,-1000.1635323279368
3.91055,-1000.1633646898732
3.9122166666666667,-1000.1630247571334
3.9138833333333336,-1000.162554439233
3.91555,-1000.1620235853652
3.917216666666667,-1000.1615067013361
3.9188833333333335,-1000.1610829495644
3.92055,-1000.1607942395661
3.922216666666667,-1000.1606685110185
3.9239,-1000.1606917940828
3.9255666666666666,-1000.1608314924691
3.9272333333333336,-1000.1610456966614
3.9289,-1000.1613018103695
3.930566666666667,-1000.1615718939163
3.9322333333333335,-1000.1618512906888
3.9339000000000004,-1000.1621493139128
3.935566666666667,-1000.1624566503625
3.9372333333333334,-1000.1627593301995
3.9389000000000003,-1000.1630294137462
3.9405666666666668,-1000.1632203348742
3.9422333333333337,-1000.163299497293
3.9439,-1000.1632436179385
3.9455666666666667,-1000.1630666666492
3.9472333333333336,-1000.162815209554
3.9489,-1000.1625497826201
3.950566666666667,-1000.1623495482664
3.9522500000000003,-1000.1622890122991
3.9539166666666667,-1000.1624193974595
3.9555833333333337,-1000.1627546735866
3.95725,-1000.1632575877771
3.9589166666666666,-1000.1638443209994
3.9605833333333336,-1000.1644077711572
3.96225,-1000.164826866316
3.963916666666667,-1000.165017787444
3.9655833333333335,-1000.1649293117994
3.9672500000000004,-1000.1645707526079
3.968916666666667,-1000.1639886759986
3.9705833333333334,-1000.1632715576158
3.9722500000000003,-1000.1625032164914
3.9739166666666668,-1000.1617814414957
3.9755833333333337,-1000.1611760818218
3.97725,-1000.1607523300502
3.9789166666666667,-1000.160538125858
3.9805833333333336,-1000.1605567523095
3.98225,-1000.160798896179
3.9839333333333333,-1000.1612319611763
3.9856000000000003,-1000.1617814414957
3.9872666666666667,-1000.1623728313308
3.9889333333333337,-1000.1629036851986
3.9906,-1000.1632855274544
3.992266666666667,-1000.1634485089049
3.9939333333333336,-1000.1633600332603
3.9956,-1000.1630340703591
3.997266666666667,-1000.1625358127815
3.9989333333333335,-1000.1619583927849
