min,µS/cm
0.0,-999.8971135355054
0.0016666666666667052,-999.896866735023
0.0033333333333334103,-999.896601308089
0.004999999999999893,-999.8962567187363
0.006666666666666599,-999.8957212082556
0.008333333333333304,-999.8949016443896
0.010000000000000009,-999.8937468043965
0.011666666666666714,-999.8923358506953
0.01333333333333342,-999.890855047801
0.014999999999999902,-999.8895418829702
0.016666666666666607,-999.888652469911
0.01835000000000009,-999.8883684165256
0.02001666666666657,-999.8887456021685
0.021683333333333277,-999.8897234908723
0.023349999999999982,-999.891115818122
0.025016666666666687,-999.8926618135965
0.026683333333333392,-999.894100706975
0.028350000000000097,-999.8952276072908
0.03001666666666658,-999.895930755835
0.031683333333333286,-999.8962148092204
0.03334999999999999,-999.8961868695432
0.035016666666666696,-999.8959866351895
0.0366833333333334,-999.8957724309972
0.038350000000000106,-999.8956420458368
0.04001666666666659,-999.8956373892239
0.041683333333333294,-999.8957212082556
0.04335,-999.8958050272873
0.045016666666666705,-999.8957910574487
0.04668333333333341,-999.8955908230951
0.04836666666666667,-999.8951577580978
0.050033333333333374,-999.894510488908
0.05170000000000008,-999.8937142081064
0.05336666666666656,-999.8928806744017
0.05503333333333327,-999.8921402729545
0.05669999999999997,-999.8916047624739
0.05836666666666668,-999.8913486487658
0.06003333333333338,-999.8913905582816
0.06170000000000009,-999.8917072079571
0.06336666666666657,-999.8922194353735
0.06503333333333328,-999.8928294516601
0.06669999999999998,-999.8934208414952
0.06836666666666669,-999.8939004726213
0.07003333333333339,-999.8941891826197
0.0717000000000001,-999.894249718587
0.07336666666666658,-999.8940820805235
0.07503333333333329,-999.8937328345579
0.07671666666666677,-999.8932764864961
0.07838333333333325,-999.8927921987571
0.08004999999999995,-999.8923777602112
0.08171666666666666,-999.8920983634387
0.08338333333333336,-999.8919959179555
0.08505000000000007,-999.8920750803743
0.08671666666666678,-999.8922939411794
0.08838333333333326,-999.8925966210163
0.09004999999999996,-999.8928946442403
0.09171666666666667,-999.8931321314969
0.09338333333333337,-999.8932532034318
0.09505000000000008,-999.8932578600446
0.09671666666666656,-999.893164727787
0.09838333333333327,-999.8930157161751
0.10004999999999997,-999.8928573913373
0.10171666666666668,-999.8927316627897
0.10338333333333338,-999.8926478437579
0.10505000000000009,-999.8926012776292
0.10671666666666657,-999.892573337952
0.10840000000000005,-999.892536085049
0.11006666666666676,-999.8924569226301
0.11173333333333324,-999.8923405073082
0.11339999999999995,-999.8921821824704
0.11506666666666665,-999.892014544407
0.11673333333333336,-999.891860876182
0.11840000000000006,-999.8917491174731
0.12006666666666677,-999.8916978947314
0.12173333333333325,-999.8917025513442
0.12339999999999995,-999.8917491174731
0.12506666666666666,-999.8918096534404
0.12673333333333336,-999.891860876182
0.12840000000000007,-999.8918841592464
0.13006666666666655,-999.8918701894078
0.13173333333333326,-999.8918143100533
0.13339999999999996,-999.8917304910216
0.13506666666666667,-999.8916420153769
0.13674999999999993,-999.8915768227967
0.13841666666666663,-999.8915581963452
0.14008333333333334,-999.8915861360224
0.14175000000000004,-999.8916559852155
0.14341666666666675,-999.8917444608602
0.14508333333333345,-999.8918282798919
0.14674999999999994,-999.8918748460206
0.14841666666666664,-999.8918748460206
0.15008333333333335,-999.8918096534404
0.15175000000000005,-999.8916839248927
0.15341666666666676,-999.8915069736036
0.15508333333333324,-999.8912974260242
0.15674999999999994,-999.8910692519933
0.15841666666666665,-999.8908410779624
0.16008333333333336,-999.8906175605443
0.16175000000000006,-999.8904126695778
0.16341666666666677,-999.8902310616756
0.16510000000000002,-999.8900820500637
0.16676666666666673,-999.8899609781289
0.16843333333333343,-999.8898678458714
0.17009999999999992,-999.8897886834526
0.17176666666666662,-999.889695551195
0.17343333333333333,-999.8895791358732
0.17510000000000003,-999.8894161544225
0.17676666666666674,-999.889211263456
0.17843333333333344,-999.8889830894251
0.18009999999999993,-999.8887456021685
0.18176666666666663,-999.8885267413633
0.18343333333333334,-999.888354446687
0.18510000000000004,-999.8882287181393
0.18676666666666675,-999.8881542123333
0.18843333333333323,-999.8881076462046
0.19009999999999994,-999.8880610800758
0.19176666666666664,-999.8879912308827
0.19343333333333335,-999.887870158948
0.1951166666666666,-999.8876932076587
0.1967833333333333,-999.8874743468535
0.19845000000000002,-999.8872415162098
0.20011666666666672,-999.8870273120175
0.20178333333333343,-999.8868457041154
0.20345000000000013,-999.8867153189549
0.2051166666666666,-999.8866268433103
0.20678333333333332,-999.8865709639557
0.20845000000000002,-999.886524397827
0.21011666666666673,-999.8864778316982
0.21178333333333343,-999.8864172957309
0.21344999999999992,-999.8863381333119
0.21511666666666662,-999.8862496576673
0.21678333333333333,-999.8861611820228
0.21845000000000003,-999.8860959894424
0.22011666666666674,-999.8860633931523
0.22178333333333322,-999.8860727063781
0.22344999999999993,-999.8860959894424
0.2251333333333334,-999.886114615894
0.2267999999999999,-999.8860913328296
0.2284666666666666,-999.8859935439592
0.2301333333333333,-999.8858165926699
0.2318,-999.8855604789618
0.2334666666666667,-999.885253142512
0.23513333333333342,-999.8849178663851
0.23680000000000012,-999.8845779336451
0.2384666666666666,-999.8842519707439
0.2401333333333333,-999.8839632607456
0.24180000000000001,-999.8837071470375
0.24346666666666672,-999.8834929428452
0.24513333333333343,-999.8833253047817
0.2467999999999999,-999.8832088894599
0.2484666666666666,-999.8831530101053
0.2501333333333333,-999.8831530101053
0.2518166666666666,-999.8831995762341
0.2534833333333333,-999.8832601122015
0.25515,-999.8833066783302
0.2568166666666667,-999.8832973651045
0.2584833333333334,-999.8831995762341
0.2601499999999999,-999.8830086551062
0.2618166666666668,-999.8827339149466
0.2634833333333333,-999.8824032954324
0.26515,-999.8820540494668
0.2668166666666667,-999.8817187733398
0.2684833333333334,-999.8814254067286
0.2701500000000001,-999.881183262859
0.2718166666666666,-999.8809783718925
0.2734833333333333,-999.8807874507647
0.27515,-999.8805825597982
0.2768166666666667,-999.8803590423802
0.2784833333333334,-999.8801075852849
0.2801499999999999,-999.8798468149639
0.2818166666666666,-999.8796046710944
0.2835000000000001,-999.879395123515
0.28516666666666657,-999.879246111903
0.2868333333333333,-999.8791762627098
0.2885,-999.8791948891613
0.2901666666666667,-999.8792880214189
0.2918333333333334,-999.8794416896437
0.2935000000000001,-999.8796093277073
0.2951666666666668,-999.8797583393192
0.2968333333333333,-999.8798468149639
0.2985,-999.879842158351
0.3001666666666667,-999.8797210864162
0.3018333333333334,-999.8794882557725
0.3035000000000001,-999.8791529796455
0.3051666666666666,-999.8787338844867
0.3068333333333333,-999.878272879812
0.3085,-999.8778072185245
0.3101666666666667,-999.8773648403014
0.31184999999999996,-999.8769783414327
0.31351666666666667,-999.8766523785315
0.31518333333333337,-999.8763869515976
0.3168500000000001,-999.8761820606311
0.31851666666666656,-999.8760237357933
0.3201833333333335,-999.8759073204715
0.32184999999999997,-999.8758141882139
0.3235166666666667,-999.8757257125693
0.3251833333333334,-999.8756372369247
0.3268500000000001,-999.8755394480543
0.3285166666666668,-999.8754370025711
0.3301833333333333,-999.8753345570877
0.33185,-999.8752460814432
0.3335166666666667,-999.8751715756372
0.3351833333333334,-999.8751156962826
0.3368500000000001,-999.8750691301539
0.3385166666666666,-999.8750225640251
0.3401833333333333,-999.8749573714449
0.34185,-999.8748595825745
0.34353333333333325,-999.8747338540269
0.34519999999999995,-999.8745941556406
0.34686666666666666,-999.8744637704801
0.34853333333333336,-999.8743799514483
0.35020000000000007,-999.8743566683839
0.35186666666666655,-999.874393921287
0.3535333333333335,-999.8744591138673
0.35519999999999996,-999.874505679996
0.35686666666666667,-999.8744730837059
0.35853333333333337,-999.8743147588681
0.3602000000000001,-999.874021392257
0.3618666666666668,-999.8736116103239
0.36353333333333326,-999.8731366358106
0.36519999999999997,-999.8726570046845
0.3668666666666667,-999.8722565359773
0.3685333333333334,-999.8719724825919
0.3702000000000001,-999.8718420974313
0.37188333333333334,-999.8718420974313
0.37355000000000005,-999.8719305730759
0.37521666666666675,-999.8720376751721
0.37688333333333324,-999.8720982111395
0.37854999999999994,-999.8720516450107
0.38021666666666665,-999.8718793503343
0.38188333333333335,-999.8715906403361
0.38355000000000006,-999.8712274245319
0.38521666666666676,-999.8708595521147
0.38688333333333347,-999.8705382458263
0.38854999999999995,-999.8703054151825
0.39021666666666666,-999.8701703734091
0.39188333333333336,-999.8701144940546
0.39355000000000007,-999.8700865543774
0.39521666666666677,-999.8700446448615
0.39688333333333325,-999.8699375427653
0.39854999999999996,-999.8697373084117
0.40021666666666667,-999.8694485984134
0.4018999999999999,-999.8690993524478
0.40356666666666663,-999.8687314800306
0.40523333333333333,-999.868382234065
0.40690000000000004,-999.8680795542282
0.40856666666666674,-999.8678327537458
0.4102333333333332,-999.8676278627793
0.41190000000000015,-999.8674555681029
0.41356666666666664,-999.8672925866522
0.41523333333333334,-999.8671296052016
0.41690000000000005,-999.866966623751
0.41856666666666675,-999.866812955526
0.42023333333333346,-999.8666918835913
0.42189999999999994,-999.8666080645596
0.42356666666666665,-999.8665708116565
0.42523333333333335,-999.8665754682694
0.42690000000000006,-999.8666173777854
0.42856666666666676,-999.8667011968171
0.43025,-999.8668502084291
0.4319166666666667,-999.8670737258471
0.43358333333333343,-999.8673810622969
0.4352499999999999,-999.8677535913268
0.4369166666666666,-999.8681447468084
0.4385833333333333,-999.8684986493869
0.44025000000000003,-999.8687407932564
0.44191666666666674,-999.868833925514
0.4435833333333332,-999.8687454498693
0.44525000000000015,-999.868493992774
0.44691666666666663,-999.8681168071312
0.44858333333333333,-999.8676883987466
0.45025000000000004,-999.867264646975
0.45191666666666674,-999.8669154010094
0.45358333333333345,-999.8666592873012
0.45524999999999993,-999.8665102756892
0.45691666666666664,-999.8664264566575
0.45858333333333334,-999.8663659206901
0.4602666666666666,-999.8662727884325
0.4619333333333333,-999.8661051503691
0.4636,-999.8658583498867
0.4652666666666667,-999.8655370435982
0.4669333333333334,-999.8651971108584
0.4685999999999999,-999.8648990876344
0.4702666666666666,-999.8647081665065
0.4719333333333333,-999.8646662569906
0.4736,-999.8647780156996
0.4752666666666667,-999.8650201595691
0.47693333333333343,-999.8653600923091
0.47860000000000014,-999.8657419345648
0.4802666666666666,-999.8661284334335
0.4819333333333333,-999.8664683661733
0.48360000000000003,-999.8667198232686
0.48526666666666673,-999.8668408952034
0.48693333333333344,-999.8667989856874
0.4885999999999999,-999.8665847814952
0.4902833333333334,-999.8662215656909
0.4919500000000001,-999.8657559044034
0.4936166666666666,-999.8652483336
0.4952833333333333,-999.8647780156996
0.49695,-999.8644054866696
0.4986166666666667,-999.8641819692516
0.5002833333333334,-999.8641307465099
0.5019499999999999,-999.8642471618318
0.5036166666666668,-999.8644893057013
0.5052833333333333,-999.8648059553768
0.50695,-999.865136574891
0.5086166666666667,-999.8654252848893
0.5102833333333332,-999.8656208626301
0.5119500000000001,-999.8657233081133
0.5136166666666666,-999.8657372779519
0.5152833333333333,-999.8656907118232
0.51695,-999.8656255192429
0.5186333333333333,-999.8655742965012
0.5203,-999.8655603266626
0.5219666666666667,-999.8655789531141
0.5236333333333334,-999.8656068927914
0.5253000000000001,-999.8656068927914
0.5269666666666666,-999.8655603266626
0.5286333333333335,-999.8654532245665
0.5303,-999.8653088695673
0.5319666666666667,-999.8651598579554
0.5336333333333334,-999.865062069085
0.5352999999999999,-999.8650527558592
0.5369666666666668,-999.8651505447297
0.5386333333333333,-999.8653507790832
0.5403,-999.8656115494043
0.5419666666666667,-999.8658769763382
0.5436333333333334,-999.8660958371433
0.5453166666666667,-999.8662308789167
0.5469833333333334,-999.866291414884
0.5486499999999999,-999.8663053847226
0.5503166666666668,-999.8663333243999
0.5519833333333333,-999.8664171434317
0.55365,-999.8666080645596
0.5553166666666667,-999.8669014311707
0.5569833333333334,-999.8672786168136
0.5586500000000001,-999.8676930553595
0.5603166666666666,-999.8680935240668
0.5619833333333335,-999.8684381134195
0.56365,-999.8686942271277
0.5653166666666667,-999.8688478953526
0.5669833333333334,-999.8689177445457
0.5686499999999999,-999.8689224011586
0.5703166666666668,-999.8688898048684
0.5719833333333333,-999.8688525519655
0.57365,-999.8688385821268
0.5753166666666667,-999.8688758350298
0.5769833333333334,-999.8689829371259
0.5786666666666667,-999.8691598884152
0.5803333333333334,-999.8694113455105
0.5820000000000001,-999.8697186819602
0.5836666666666668,-999.8700679279259
0.5853333333333333,-999.8704311437301
0.5870000000000002,-999.8707850463087
0.5886666666666667,-999.8710923827584
0.5903333333333334,-999.871334526628
0.5920000000000001,-999.8714881948529
0.5936666666666666,-999.8715627006588
0.5953333333333335,-999.8715766704975
0.597,-999.8715301043687
0.5986666666666667,-999.8711436055
0.6003333333333334,-999.868680257289
0.6019999999999999,-999.8570899478426
0.6036666666666668,-999.8142537660032
0.6053333333333333,-999.6833144685642
0.6070166666666665,-999.3400895033684
0.6086833333333335,-998.5489635721543
0.61035,-996.9158568405154
0.6120166666666667,-993.8549627521331
0.6136833333333334,-988.5904756321528
0.6153500000000001,-980.2127727215238
0.6170166666666668,-967.7975023946714
0.6186833333333333,-950.5777950168484
0.6203500000000002,-928.1389792115143
0.6220166666666667,-900.5910814276855
0.6236833333333334,-868.6720909870565
0.6253500000000001,-833.7477645062598
0.6270166666666666,-797.6965935890081
0.6286833333333335,-762.6950278704497
0.63035,-730.9408582425401
0.6320166666666667,-704.3663927839913
0.6336833333333334,-684.3939799277084
0.6353500000000001,-671.7760724349768
0.6370333333333333,-666.5432689089995
0.6387,-668.0617158618112
0.6403666666666668,-675.1812345698388
0.6420333333333335,-686.4411806158913
0.6436999999999999,-700.2946784255536
0.6453666666666666,-715.3135122336976
0.6470333333333333,-730.3443694162855
0.6487,-744.5992439727296
0.6503666666666668,-757.6765263256042
0.6520333333333332,-769.5211334012082
0.6537000000000002,-780.3407966999062
0.6553666666666667,-790.4997425109613
0.6570333333333334,-800.410928577376
0.6587000000000001,-810.4444112677334
0.6603666666666665,-820.8632566131946
0.6620333333333335,-831.7918660267218
0.6637,-843.2150962032448
0.6653833333333332,-855.0018588337125
0.6670500000000001,-866.9439753829241
0.6687166666666666,-878.8004987308758
0.6703833333333333,-890.3386215168697
0.67205,-901.3648801023909
0.6737166666666667,-911.7433246745464
0.6753833333333334,-921.4002270816826
0.6770499999999999,-930.3174824129405
0.6787166666666669,-938.5183225099548
0.6803833333333333,-946.049606868089
0.68205,-952.9640623149295
0.6837166666666668,-959.3057217818246
0.6853833333333332,-965.1010767394216
0.6870500000000002,-970.3579828936411
0.6887166666666666,-975.0712993438688
0.6903833333333333,-979.2326069340262
0.69205,-982.8398800375126
0.6937166666666665,-985.9043550611959
0.6953833333333335,-988.4537714479742
0.6970666666666667,-990.5318734191973
0.6987333333333332,-992.1950851530745
0.7004000000000001,-993.5073978237376
0.7020666666666666,-994.5346838769199
0.7037333333333333,-995.3393838346653
0.7054,-995.9764131326118
0.7070666666666667,-996.4906289225867
0.7087333333333334,-996.9159220330957
0.7103999999999999,-997.2758223289977
0.7120666666666668,-997.5851285260102
0.7137333333333333,-997.8521666479539
0.7154,-998.0811742125456
0.7170666666666667,-998.2744608997714
0.7187333333333332,-998.4340011134902
0.7204000000000002,-998.5624770627182
0.7220666666666666,-998.6636699171102
0.7237333333333333,-998.7423527048633
0.7254166666666668,-998.803875874171
0.7270833333333333,-998.8535759033884
0.72875,-998.8962025376485
0.7304166666666667,-998.9354950370898
0.7320833333333334,-998.973930719762
0.7337500000000001,-999.0127203050129
0.7354166666666666,-999.0519988346156
0.7370833333333335,-999.0910910997032
0.73875,-999.1289074528631
0.7404166666666667,-999.1642790842635
0.7420833333333334,-999.1962327618135
0.7437499999999999,-999.2241957221293
0.7454166666666668,-999.2480329234377
0.7470833333333333,-999.2680563588012
0.74875,-999.2848900143453
0.7504166666666667,-999.2993581105486
0.7520833333333332,-999.3122848678903
0.7537666666666667,-999.3244153444303
0.7554333333333334,-999.3362803940364
0.7570999999999999,-999.3481733833198
0.7587666666666668,-999.3601688180864
0.7604333333333333,-999.3721782226917
0.7621,-999.3840106760077
0.7637666666666667,-999.3954519738422
0.7654333333333334,-999.4063111950672
0.7671000000000001,-999.4164579545225
0.7687666666666666,-999.4258317162403
0.7704333333333335,-999.4344417934466
0.7721,-999.4423487221088
0.7737666666666667,-999.4496456344843
0.7754333333333334,-999.4564396326693
0.7770999999999999,-999.4628378187599
0.7787666666666668,-999.4689426382394
0.7804333333333333,-999.4748472233651
0.7821,-999.4806214233305
0.7837833333333335,-999.4863211174898
0.78545,-999.4919742455203
0.7871166666666667,-999.4975808074221
0.7887833333333334,-999.5031314899694
0.7904499999999999,-999.5085704138077
0.7921166666666668,-999.5138649826469
0.7937833333333333,-999.5189779435839
0.79545,-999.5238906701672
0.7971166666666667,-999.5286078190098
0.7987833333333334,-999.5331619864019
0.8004500000000001,-999.5375764554076
0.8021166666666666,-999.5418838223172
0.8037833333333335,-999.546107370195
0.80545,-999.5502610688798
0.8071166666666667,-999.5543449183714
0.8087833333333334,-999.5583402922183
0.8104499999999999,-999.5622285639691
0.8121166666666668,-999.5659911071723
0.8138000000000001,-999.5696092953764
0.8154666666666666,-999.5730691587427
0.8171333333333335,-999.5763846671099
0.8188,-999.5795697903166
0.8204666666666667,-999.5826571246529
0.8221333333333334,-999.585674609796
0.8238000000000001,-999.5886641552619
0.8254666666666668,-999.5916350742763
0.8271333333333333,-999.5945733970005
0.8288000000000002,-999.5974651535961
0.8304666666666667,-999.6002777477728
0.8321333333333334,-999.602992553079
0.8338000000000001,-999.6056142261278
0.8354666666666666,-999.6081613933706
0.8371333333333335,-999.6106713077103
0.8388,-999.6131625955986
0.8404666666666667,-999.615649226874
0.8421500000000002,-999.6181218883107
0.8438166666666667,-999.6205572968445
0.8454833333333334,-999.6229135429593
0.8471500000000001,-999.625167343591
0.8488166666666666,-999.627290759062
0.8504833333333335,-999.6292884459856
0.85215,-999.6311790308129
0.8538166666666667,-999.6330090796729
0.8554833333333334,-999.6348111888556
0.8571500000000001,-999.6366226112641
0.8588166666666668,-999.6384573167369
0.8604833333333333,-999.6403106486613
0.8621500000000002,-999.6421593239727
0.8638166666666667,-999.6439893728327
0.8654833333333334,-999.6457635423382
0.8671500000000001,-999.6474632060376
0.8688166666666666,-999.6490743940925
0.8704833333333335,-999.6505877932769
0.8721666666666668,-999.6519940903653
0.8738333333333332,-999.6532839721317
0.8755000000000002,-999.654466751802
0.8771666666666667,-999.655547085989
0.8788333333333334,-999.6565482577572
0.8805000000000001,-999.6575075200095
0.8821666666666665,-999.6584528124232
0.8838333333333335,-999.659430701127
0.8855,-999.6604830956368
0.8871666666666667,-999.6616379356299
0.8888333333333334,-999.6629138475577
0.8905000000000001,-999.6642922049688
0.8921666666666668,-999.6657590380245
0.8938333333333333,-999.6672631239832
0.8955000000000002,-999.6687718665547
0.8971666666666667,-999.6702386996104
0.8988333333333334,-999.6716403400859
0.9005166666666669,-999.6729674747553
0.9021833333333333,-999.6742294168446
0.90385,-999.6754494494179
0.9055166666666667,-999.676641542314
0.9071833333333332,-999.6778150087584
0.9088500000000002,-999.6789651921387
0.9105166666666666,-999.680073466003
0.9121833333333333,-999.681116547287
0.91385,-999.6820758095394
0.9155166666666668,-999.682946596147
0.9171833333333335,-999.6837475335616
0.91885,-999.6845065614602
0.9205166666666669,-999.6852655893589
0.9221833333333334,-999.6860572135477
0.9238500000000001,-999.6869140303168
0.9255166666666668,-999.6878406962788
0.9271833333333332,-999.688841868047
0.9288500000000002,-999.6899035757826
0.9305166666666667,-999.6910211628726
0.9321999999999999,-999.6921620330271
0.9338666666666668,-999.6933168730202
0.9355333333333333,-999.6944530865617
0.9372,-999.6955427339745
0.9388666666666667,-999.6965625321942
0.9405333333333332,-999.6974845415435
0.9422000000000001,-999.6983041054095
0.9438666666666666,-999.6990258804052
0.9455333333333333,-999.6996871194335
0.9472,-999.7003250753975
0.9488666666666667,-999.7009676879742
0.9505333333333335,-999.701647553454
0.9521999999999999,-999.7023693284497
0.9538666666666669,-999.7031097298968
0.9555333333333333,-999.7038315048925
0.9572,-999.7045020571466
0.9588666666666668,-999.7050748205302
0.96055,-999.7055358252048
0.9622166666666667,-999.7058850711704
0.9638833333333334,-999.7061365282657
0.9655499999999999,-999.7063321060065
0.9672166666666668,-999.7065323403601
0.9688833333333333,-999.7068024239069
0.97055,-999.7071982360013
0.9722166666666667,-999.7077616861592
0.9738833333333334,-999.7084974309935
0.9755500000000001,-999.7093775308269
0.9772166666666666,-999.7103414496921
0.9788833333333333,-999.7113379648474
0.98055,-999.7123065403255
0.9822166666666667,-999.7132099232232
0.9838833333333333,-999.714038800315
0.98555,-999.714788514988
0.9872166666666667,-999.7154870069193
0.9888833333333333,-999.7161482459475
0.9905666666666667,-999.7168048283629
0.9922333333333334,-999.7174567541655
0.9939,-999.7181133365808
0.9955666666666667,-999.7187606057705
0.9972333333333334,-999.719379935283
0.9989,-999.7199480420537
1.0005666666666666,-999.7204369864056
1.0022333333333333,-999.7208234852742
1.0039,-999.7211028820468
1.0055666666666667,-999.7212891465617
1.0072333333333334,-999.7214055618837
1.0089000000000001,-999.7215080073669
1.0105666666666666,-999.7216523623661
1.0122333333333333,-999.7218898496227
1.0139,-999.7222716918784
1.0155666666666667,-999.7228072023591
1.0172333333333334,-999.7234917244517
1.0189166666666667,-999.7242833486406
1.0205833333333334,-999.7251215389581
1.02225,-999.7259504160498
1.0239166666666668,-999.7267094439486
1.0255833333333333,-999.7273799962026
1.02725,-999.7279574161992
1.0289166666666667,-999.7284696436154
1.0305833333333334,-999.7289632445802
1.0322500000000001,-999.729494098448
1.0339166666666668,-999.7300948015088
1.0355833333333333,-999.730797950053
1.03725,-999.7315988874676
1.0389166666666667,-999.7324696740752
1.0405833333333334,-999.733373056973
1.0422500000000001,-999.7342531568064
1.0439166666666668,-999.7350587508339
1.0455833333333333,-999.7357432729266
1.04725,-999.7362834400201
1.0489333333333333,-999.7366792521144
1.0506,-999.7369539922742
1.0522666666666667,-999.7371542266277
1.0539333333333334,-999.7373358345299
1.0556,-999.7375500387221
1.0572666666666668,-999.737852718559
1.0589333333333333,-999.7382671571049
1.0606,-999.7388026675856
1.0622666666666667,-999.7394545933881
1.0639333333333334,-999.7401856816095
1.0656,-999.7409447095082
1.0672666666666668,-999.7416851109554
1.0689333333333333,-999.7423603198223
1.0706,-999.7429703361089
1.0722666666666667,-999.743524473041
1.0739333333333334,-999.7440646401346
1.0756000000000001,-999.7446234336796
1.0772666666666668,-999.7452287933534
1.07895,-999.7458620927044
1.0806166666666668,-999.7464953920555
1.0822833333333335,-999.7470821252778
1.08395,-999.7475664130168
1.0856166666666667,-999.7479156589824
1.0872833333333334,-999.748115893336
1.08895,-999.748195055755
1.0906166666666668,-999.7482043689807
1.0922833333333335,-999.7482043689807
1.09395,-999.7482602483352
1.0956166666666667,-999.7484232297859
1.0972833333333334,-999.7487352228485
1.09895,-999.7491962275232
1.1006166666666668,-999.749796930584
1.1022833333333333,-999.7504907659024
1.10395,-999.7512358239625
1.1056166666666667,-999.7519669121839
1.1073,-999.7526234945993
1.1089666666666667,-999.7531636616928
1.1106333333333334,-999.7535548171744
1.1123,-999.7538016176568
1.1139666666666668,-999.7539320028172
1.1156333333333335,-999.7540111652361
1.1173,-999.7541229239451
1.1189666666666667,-999.7543324715245
1.1206333333333334,-999.7546910307159
1.1223,-999.755207914745
1.1239666666666668,-999.7558644971605
1.1256333333333335,-999.7566048986076
1.1273,-999.7573592698934
1.1289666666666667,-999.7580624184376
1.1306333333333334,-999.7586584648856
1.1323,-999.7591194695602
1.1339666666666668,-999.7594407758487
1.13565,-999.759654980041
1.1373166666666668,-999.7598039916529
1.1389833333333335,-999.7599390334263
1.1406500000000002,-999.7601113281027
1.1423166666666666,-999.760358128585
1.1439833333333334,-999.7606794348735
1.14565,-999.761070590355
1.1473166666666668,-999.7614850289009
1.1489833333333335,-999.7618901542211
1.15065,-999.7622440567995
1.1523166666666667,-999.7625281101849
1.1539833333333334,-999.7627562842158
1.15565,-999.7629565185695
1.1573166666666668,-999.7631846926004
1.1589833333333335,-999.7634734025986
1.16065,-999.7638459316287
1.1623166666666667,-999.7643069363033
1.1639833333333334,-999.7648471033968
1.16565,-999.765438493232
1.1673333333333333,-999.7660578227444
1.169,-999.7666724956439
1.1706666666666667,-999.7672499156405
1.1723333333333334,-999.767752829831
1.1740000000000002,-999.768162611764
1.1756666666666666,-999.7684746048267
1.1773333333333333,-999.7686981222447
1.179,-999.7688471338566
1.1806666666666668,-999.7689542359528
1.1823333333333335,-999.7690520248232
1.1840000000000002,-999.7691824099837
1.1856666666666666,-999.7693640178858
1.1873333333333334,-999.7696108183682
1.189,-999.7699134982051
1.1906666666666668,-999.7702394611064
1.1923333333333335,-999.7705467975561
1.194,-999.7707935980385
1.1956833333333334,-999.7709519228763
1.1973500000000001,-999.7710124588436
1.1990166666666666,-999.7710124588436
1.2006833333333333,-999.7710031456179
1.20235,-999.7710310852951
1.2040166666666667,-999.7711475006171
1.2056833333333334,-999.7713663614222
1.2073500000000001,-999.7716783544848
1.2090166666666666,-999.7720601967405
1.2106833333333333,-999.7724792918993
1.21235,-999.7729170135096
1.2140166666666667,-999.7733500785071
1.2156833333333334,-999.7737784868915
1.2173500000000002,-999.7742022386632
1.2190166666666666,-999.7746399602735
1.2206833333333333,-999.775105621561
1.22235,-999.7756085357515
1.2240166666666668,-999.7761393896193
1.2257,-999.7766795567128
1.2273666666666667,-999.7771917841291
1.2290333333333334,-999.7776341623522
1.2307000000000001,-999.7779880649308
1.2323666666666668,-999.7782395220261
1.2340333333333333,-999.778388533638
1.2357,-999.7784630394441
1.2373666666666667,-999.7784909791213
1.2390333333333334,-999.7785142621857
1.2407000000000001,-999.7785701415402
1.2423666666666666,-999.778686556862
1.2440333333333333,-999.778872821377
1.2457,-999.7791196218594
1.2473666666666667,-999.7794036752448
1.2490333333333334,-999.7796923852432
1.2507000000000001,-999.7799624687899
1.2523666666666666,-999.7801952994337
1.25405,-999.7803769073357
1.2557166666666668,-999.7805259189478
1.2573833333333333,-999.7806656173341
1.25905,-999.7808192855589
1.2607166666666667,-999.7810102066868
1.2623833333333334,-999.7812523505563
1.2640500000000001,-999.7815317473288
1.2657166666666668,-999.7818390837786
1.2673833333333333,-999.7821371070027
1.26905,-999.7824071905494
1.2707166666666667,-999.7826400211932
1.2723833333333334,-999.7828402555468
1.2740500000000001,-999.7830265200618
1.2757166666666668,-999.7832174411897
1.2773833333333333,-999.7834269887691
1.27905,-999.7836365363485
1.2807166666666667,-999.7838367707021
1.2823833333333334,-999.7839904389269
1.2840500000000001,-999.7840882277974
1.2857333333333334,-999.7841208240875
1.2874,-999.7841115108617
1.2890666666666668,-999.7840835711845
1.2907333333333333,-999.7840742579588
1.2924,-999.7841068542489
1.2940666666666667,-999.7841906732806
1.2957333333333334,-999.7843117452154
1.2974,-999.7844467869887
1.2990666666666668,-999.7845771721493
1.3007333333333333,-999.784698244084
1.3024,-999.7848379424703
1.3040666666666667,-999.7850242069852
1.3057333333333334,-999.7852896339192
1.3074000000000001,-999.7856575063363
1.3090666666666668,-999.786118511011
1.3107333333333333,-999.786640051653
1.3124,-999.7871755621336
1.3140833333333335,-999.7876598498726
1.31575,-999.7880463487413
1.3174166666666667,-999.7882884926108
1.3190833333333334,-999.7883723116425
1.32075,-999.7883024624495
1.3224166666666668,-999.7881115413215
1.3240833333333335,-999.7878554276134
1.32575,-999.7875946572924
1.3274166666666667,-999.787385109713
1.3290833333333334,-999.7872826642298
1.33075,-999.787310603907
1.3324166666666668,-999.7874735853576
1.3340833333333333,-999.7877390122916
1.33575,-999.7880742884186
1.3374166666666667,-999.7884375042228
1.3390833333333334,-999.7887914068014
1.34075,-999.7891173697026
1.3424333333333334,-999.789401423088
1.3441,-999.7896295971188
1.3457666666666668,-999.7898018917953
1.3474333333333335,-999.7899136505042
1.3491,-999.7899695298588
1.3507666666666667,-999.7899741864717
1.3524333333333334,-999.7899415901816
1.3541,-999.7898903674399
1.3557666666666668,-999.7898298314725
1.3574333333333335,-999.7897646388923
1.3591,-999.7896947896992
1.3607666666666667,-999.7896202838931
1.3624333333333334,-999.7895411214743
1.3641,-999.7894619590554
1.3657666666666668,-999.7894060797008
1.3674333333333335,-999.7893967664751
1.3691,-999.7894712722812
1.3707666666666667,-999.7896575367961
1.3724500000000002,-999.7899648732459
1.3741166666666667,-999.7903839684046
1.3757833333333334,-999.7908729127565
1.37745,-999.7913618571084
1.3791166666666668,-999.7917856088801
1.3807833333333335,-999.7920789754912
1.38245,-999.7922047040389
1.3841166666666667,-999.7921721077488
1.3857833333333334,-999.7920277527496
1.38745,-999.7918368316217
1.3891166666666668,-999.791678506784
1.3907833333333335,-999.7916133142037
1.39245,-999.7916645369454
1.3941166666666667,-999.7918228617831
1.3957833333333334,-999.7920463792011
1.39745,-999.7922652400063
1.3991166666666668,-999.7924235648441
1.4007833333333335,-999.79249807065
1.4024666666666668,-999.7924887574243
1.4041333333333335,-999.7924468479084
1.4058000000000002,-999.7924235648441
1.4074666666666666,-999.7924747875857
1.4091333333333333,-999.7926284558106
1.4108,-999.792875256293
1.4124666666666668,-999.7931965625813
1.4141333333333335,-999.7935318387083
1.4158000000000002,-999.793843831771
1.4174666666666667,-999.7940766624148
1.4191500000000001,-999.7942023909624
1.4208166666666668,-999.7942117041881
1.4224833333333333,-999.7941232285435
1.42415,-999.7939695603186
1.4258166666666667,-999.7937879524164
1.4274833333333334,-999.7936249709659
1.4291500000000001,-999.7935178688697
1.4308166666666666,-999.7934806159667
1.4324833333333333,-999.7935271820954
1.43415,-999.7936389408045
1.4358166666666667,-999.7937926090293
1.4374833333333334,-999.7939509338671
1.4391500000000002,-999.7940813190277
1.4408166666666666,-999.7941651380594
1.4424833333333333,-999.7941837645109
1.44415,-999.7941325417693
1.4458166666666667,-999.7940161264473
1.4474833333333335,-999.7938578016096
1.4491500000000002,-999.793694820159
1.4508166666666666,-999.7935551217727
1.4524833333333333,-999.7934806159667
1.45415,-999.7934899291924
1.4558166666666668,-999.7935970312886
1.4574833333333335,-999.7937832958036
1.4591500000000002,-999.794030096286
1.4608333333333334,-999.7943048364456
1.4625000000000001,-999.7945702633796
1.4641666666666668,-999.7947984374103
1.4658333333333333,-999.7949753886996
1.4675,-999.7951057738602
1.4691666666666667,-999.7952035627305
1.4708333333333334,-999.7953106648267
1.4725000000000001,-999.7954363933743
1.4741666666666668,-999.7955900615992
1.4758333333333333,-999.7957483864369
1.4775,-999.795860145146
1.4791666666666667,-999.7958927414361
1.4808333333333334,-999.7957996091786
1.4825000000000002,-999.7955807483735
1.4841666666666666,-999.7952687553108
1.4858333333333333,-999.7949055395065
1.4875,-999.7945609501538
1.4891833333333333,-999.7943048364456
1.49085,-999.7941837645109
1.4925166666666667,-999.7942349872525
1.4941833333333334,-999.7944538480576
1.4958500000000001,-999.7948310337006
1.4975166666666668,-999.7953246346653
1.4991833333333333,-999.7958694583717
1.50085,-999.7963956556266
1.5025166666666667,-999.7968426904627
1.5041833333333334,-999.7971500269124
1.5058500000000001,-999.7972990385244
1.5075166666666668,-999.7972990385244
1.5091833333333333,-999.797201249654
1.5108666666666668,-999.797052238042
1.5125333333333335,-999.7969125396558
1.5142,-999.7968147507854
1.5158666666666667,-999.7967774978824
1.5175333333333334,-999.7967774978824
1.5192,-999.796791467721
1.5208666666666668,-999.796791467721
1.5225333333333335,-999.7967635280438
1.5242,-999.7966983354635
1.5258666666666667,-999.796605203206
1.5275333333333334,-999.7964887878841
1.5292000000000001,-999.7963677159494
1.5308666666666668,-999.7962652704662
1.5325333333333333,-999.796195421273
1.5342,-999.796195421273
1.5358666666666667,-999.7962792403048
1.5375333333333334,-999.7964515349811
1.5392000000000001,-999.7966890222377
1.5408666666666668,-999.7969684190102
1.5425333333333333,-999.797238502557
1.5442,-999.7974480501364
1.5458666666666667,-999.7975644654583
1.5475333333333334,-999.7975551522326
1.5492166666666667,-999.797424767072
1.5508833333333334,-999.7971872798154
1.55255,-999.7968985698171
1.5542166666666668,-999.7966098598189
1.5558833333333335,-999.7963770291751
1.55755,-999.7962326741759
1.5592166666666667,-999.7962000778858
1.5608833333333334,-999.796269927079
1.56255,-999.7964049688524
1.5642166666666668,-999.7965632936902
1.5658833333333335,-999.796716961915
1.56755,-999.7968426904627
1.5692166666666667,-999.7969311661072
1.5708833333333334,-999.7969870454617
1.5725500000000001,-999.7970289549777
1.5742166666666668,-999.797052238042
1.5758833333333333,-999.7970568946549
1.5775666666666668,-999.7970336115906
1.5792333333333335,-999.7969730756231
1.5809,-999.7968706301399
1.5825666666666667,-999.796716961915
1.5842333333333334,-999.7965167275614
1.5859,-999.7962885535305
1.5875666666666668,-999.7960417530481
1.5892333333333335,-999.7957996091786
1.5909,-999.7955947182121
1.5925666666666667,-999.7954503632129
1.5942333333333334,-999.7953805140198
1.5959,-999.7953898272456
1.5975666666666668,-999.7954736462773
1.5992333333333335,-999.7956040314378
1.6009,-999.7957576996627
1.6025666666666667,-999.7958927414361
1.6042333333333334,-999.7959905303064
1.6059,-999.7960510662739
1.6075833333333334,-999.796083662564
1.60925,-999.7961069456284
1.6109166666666668,-999.7961488551442
1.6125833333333335,-999.7962093911116
1.6142500000000002,-999.7962932101434
1.6159166666666667,-999.7963956556266
1.6175833333333334,-999.7965027577227
1.61925,-999.7966098598189
1.6209166666666668,-999.7967076486892
1.6225833333333335,-999.7967774978824
1.62425,-999.7968054375597
1.6259166666666667,-999.796791467721
1.6275833333333334,-999.7967262751407
1.62925,-999.7966191730446
1.6309166666666668,-999.7964841312712
1.6325833333333335,-999.7963397762721
1.63425,-999.7962140477244
1.6359166666666667,-999.7961395419185
1.6376000000000002,-999.7961395419185
1.6392666666666666,-999.7962373307888
1.6409333333333334,-999.7964329085296
1.6426,-999.796716961915
1.6442666666666668,-999.7970568946549
1.6459333333333335,-999.7974061406205
1.6476000000000002,-999.7977088204574
1.6492666666666667,-999.797909054811
1.6509333333333334,-999.7979695907784
1.6526,-999.7978950849724
1.6542666666666668,-999.7976995072316
1.6559333333333335,-999.7974340802978
1.6576000000000002,-999.7971593401381
1.6592666666666667,-999.7969358227201
1.6609333333333334,-999.7967961243339
1.6626,-999.7967588714309
1.6642666666666668,-999.7968333772369
1.6659333333333335,-999.7969963586875
1.6676166666666667,-999.7972198761055
1.6692833333333335,-999.7974759898136
1.6709500000000002,-999.7977321035219
1.6726166666666666,-999.7979556209398
1.6742833333333333,-999.7981139457776
1.67595,-999.7981884515835
1.6776166666666668,-999.798169825132
1.6792833333333335,-999.7980487531973
1.6809500000000002,-999.797839205618
1.6826166666666666,-999.7975551522326
1.6842833333333334,-999.797238502557
1.68595,-999.7969311661072
1.6876166666666668,-999.7966890222377
1.6892833333333335,-999.7965493238515
1.6909500000000002,-999.7965306974
1.6926166666666667,-999.7966377994961
1.6942833333333334,-999.7968380338498
1.6959666666666668,-999.7970848343322
1.6976333333333333,-999.7973176649759
1.6993,-999.7974946162652
1.7009666666666667,-999.7975877485227
1.7026333333333334,-999.7975924051356
1.7043000000000001,-999.7975365257811
1.7059666666666669,-999.7974387369106
1.7076333333333333,-999.7973362914274
1.7093,-999.7972617856215
1.7109666666666667,-999.79724315917
1.7126333333333335,-999.7972897252987
1.7143000000000002,-999.7974154538463
1.7159666666666666,-999.7976063749742
1.7176333333333333,-999.7978531754566
1.7193,-999.7981279156162
1.7209666666666668,-999.7984026557758
1.7226333333333335,-999.7986354864196
1.7243166666666667,-999.798807781096
1.7259833333333334,-999.7988869435148
1.7276500000000001,-999.798882286902
1.7293166666666668,-999.7987891546445
1.7309833333333333,-999.7986308298067
1.73265,-999.7984259388402
1.7343166666666667,-999.7981931081964
1.7359833333333334,-999.797946307714
1.7376500000000001,-999.7976995072316
1.7393166666666668,-999.7974806464265
1.7409833333333333,-999.7973083517502
1.74265,-999.7972152194926
1.7443166666666667,-999.7972152194926
1.7459833333333334,-999.7973036951373
1.7476500000000001,-999.7974666765879
1.7493166666666669,-999.7976715675544
1.7509833333333333,-999.7978718019081
1.75265,-999.7980347833587
1.7543166666666667,-999.7981325722291
1.756,-999.7981558552934
1.7576666666666667,-999.7981325722291
1.7593333333333334,-999.7980906627132
1.7610000000000001,-999.7980673796488
1.7626666666666668,-999.798099975939
1.7643333333333333,-999.7981977648093
1.766,-999.7983514330342
1.7676666666666667,-999.7985376975492
1.7693333333333334,-999.7987286186772
1.7710000000000001,-999.798882286902
1.7726666666666668,-999.7989707625467
1.7743333333333333,-999.7989661059338
1.776,-999.7988496906119
1.7776666666666667,-999.7986075467423
1.7793333333333334,-999.7982536441639
1.7810000000000001,-999.7978205791665
1.7826666666666668,-999.7973456046532
1.78435,-999.7968985698171
1.7860166666666668,-999.7965446672387
1.7876833333333335,-999.7963304630464
1.78935,-999.7962838969177
1.7910166666666667,-999.7964049688524
1.7926833333333334,-999.7966564259476
1.7943500000000001,-999.7969684190102
1.7960166666666668,-999.7972757554601
1.7976833333333335,-999.7975318691682
1.79935,-999.7976995072316
1.8010166666666667,-999.7977833262635
1.8026833333333334,-999.7977926394892
1.8043500000000001,-999.797764699812
1.8060166666666668,-999.797722790296
1.8076833333333335,-999.7976808807801
1.80935,-999.7976389712643
1.8110166666666667,-999.7975877485227
1.8126833333333334,-999.7975132427167
1.8143666666666667,-999.7973921707819
1.8160333333333334,-999.7972291893312
1.8177,-999.7970336115906
1.8193666666666668,-999.796828720624
1.8210333333333335,-999.7966564259476
1.8227,-999.7965539804644
1.8243666666666667,-999.7965539804644
1.8260333333333334,-999.7966657391734
1.8277,-999.796865973527
1.8293666666666668,-999.7971127740094
1.8310333333333335,-999.7973456046532
1.8327,-999.797503929491
1.8343666666666667,-999.7975318691682
1.8360333333333334,-999.7974014840077
1.8377000000000001,-999.7971127740094
1.8393666666666668,-999.7966983354635
1.8410333333333335,-999.7962047344987
1.8427166666666668,-999.795706476921
1.8443833333333335,-999.7952827251494
1.8460500000000002,-999.794998671764
1.8477166666666667,-999.7948822564422
1.8493833333333334,-999.794924165958
1.85105,-999.7950871474087
1.8527166666666668,-999.7953153214396
1.8543833333333335,-999.7955528086962
1.8560500000000002,-999.7957576996627
1.8577166666666667,-999.7959067112747
1.8593833333333334,-999.7959951869193
1.86105,-999.796046409661
1.8627166666666668,-999.7960696927254
1.8643833333333335,-999.7960883191769
1.86605,-999.7961069456284
1.8677166666666667,-999.7961255720799
1.8693833333333334,-999.7961348853056
1.87105,-999.7961116022412
1.8727333333333334,-999.796046409661
1.8744,-999.7959206811133
1.8760666666666668,-999.7957251033725
1.8777333333333335,-999.7954457066
1.8794000000000002,-999.7950824907958
1.8810666666666667,-999.7946401125727
1.8827333333333334,-999.7941465116079
1.8844,-999.793657567256
1.8860666666666668,-999.7932198456457
1.8877333333333335,-999.7929031959702
1.8894000000000002,-999.7927448711324
1.8910666666666667,-999.7927681541968
1.8927333333333334,-999.7929590753247
1.8944,-999.793280381613
1.8960666666666668,-999.793657567256
1.8977333333333335,-999.7940207830602
1.8994000000000002,-999.794290866607
1.9010666666666667,-999.7944072819289
1.9027500000000002,-999.794365372413
1.9044166666666669,-999.7941837645109
1.9060833333333334,-999.7939369640285
1.90775,-999.7936901635461
1.9094166666666668,-999.7935132122568
1.9110833333333335,-999.793434049838
1.9127500000000002,-999.7934480196766
1.9144166666666667,-999.7935132122568
1.9160833333333334,-999.7935923746758
1.91775,-999.7936435974174
1.9194166666666668,-999.7936482540302
1.9210833333333335,-999.7936063445144
1.9227500000000002,-999.7935318387083
1.9244166666666667,-999.7934480196766
1.9260833333333334,-999.7933735138706
1.92775,-999.7933316043546
1.9294166666666668,-999.7933129779032
1.9311,-999.793317634516
1.9327666666666667,-999.793317634516
1.9344333333333334,-999.7932896948388
1.9361000000000002,-999.7932245022586
1.9377666666666669,-999.7931220567754
1.9394333333333333,-999.7929963282277
1.9411,-999.7928799129058
1.9427666666666668,-999.7928100637126
1.9444333333333335,-999.7928147203255
1.9461000000000002,-999.792912509196
1.9477666666666669,-999.7931080869367
1.9494333333333334,-999.7933828270964
1.9511,-999.7937134466105
1.9527666666666668,-999.7940766624148
1.9544333333333335,-999.7944538480576
1.9561000000000002,-999.7948217204748
1.9577666666666667,-999.7951476833761
1.9594333333333334,-999.7953991404713
1.9611166666666668,-999.7955528086962
1.9627833333333333,-999.7955807483735
1.96445,-999.7954689896644
1.9661166666666667,-999.7952315024078
1.9677833333333334,-999.7948915696679
1.9694500000000001,-999.7945097274121
1.9711166666666669,-999.7941371983821
1.9727833333333333,-999.7938391751582
1.97445,-999.7936482540302
1.9761166666666667,-999.7935877180629
1.9777833333333334,-999.7936389408045
1.9794500000000002,-999.7937786391907
1.9811166666666669,-999.7939649037057
1.9827833333333333,-999.7941511682208
1.98445,-999.7943048364456
1.9861166666666668,-999.794402625316
1.9877833333333335,-999.794439878219
1.9894500000000002,-999.7944445348319
1.9911333333333334,-999.7944445348319
1.9928000000000001,-999.7944538480576
1.9944666666666668,-999.7944817877349
1.9961333333333335,-999.7944957575735
1.9978,-999.7944585046705
1.9994666666666667,-999.7943374327358
2.001133333333333,-999.7941139153178
2.0028,-999.793801922255
2.0044666666666666,-999.7934526762895
2.0061333333333335,-999.7931313700011
2.0078,-999.7928799129058
2.009466666666667,-999.7927402145195
2.0111333333333334,-999.7927029616166
2.0128,-999.7927402145195
2.014466666666667,-999.7928007504869
2.01615,-999.7928240335513
2.0178166666666666,-999.7927728108097
2.0194833333333335,-999.7926331124235
2.02115,-999.7924189082312
2.022816666666667,-999.792162794523
2.0244833333333334,-999.7919113374278
2.02615,-999.7917111030741
2.027816666666667,-999.7915807179136
2.0294833333333333,-999.7915341517848
2.0311500000000002,-999.7915620914621
2.0328166666666667,-999.7916505671068
2.0344833333333336,-999.7917762956544
2.03615,-999.7919159940407
2.0378166666666666,-999.7920603490397
2.0394833333333335,-999.7921953908132
2.04115,-999.792311806135
2.042816666666667,-999.7924002817797
2.0444833333333334,-999.7924515045213
2.04615,-999.792460817747
2.047816666666667,-999.7924235648441
2.0495,-999.7923444024251
2.0511666666666666,-999.7922326437161
2.0528333333333335,-999.7920929453298
2.0545,-999.7919253072664
2.056166666666667,-999.7917297295256
2.0578333333333334,-999.7915201819462
2.0595,-999.7913152909797
2.061166666666667,-999.7911383396905
2.0628333333333333,-999.79100795453
2.0645000000000002,-999.7909287921111
2.0661666666666667,-999.7909101656596
2.0678333333333336,-999.7909474185626
2.0695,-999.7910312375943
2.0711666666666666,-999.7911476529163
2.0728333333333335,-999.7912920079153
2.0745,-999.7914410195274
2.076166666666667,-999.7915807179136
2.07785,-999.7917017898484
2.0795166666666667,-999.7917809522672
2.0811833333333336,-999.7917949221059
2.08285,-999.7917250729128
2.0845166666666666,-999.7915574348492
2.0861833333333335,-999.7912966645282
2.08785,-999.7909660450141
2.089516666666667,-999.7906074858226
2.0911833333333334,-999.7902722096957
2.0928500000000003,-999.7900160959875
2.094516666666667,-999.7898577711497
2.0961833333333333,-999.789811205021
2.09785,-999.7898251748596
2.0995166666666667,-999.7898531145369
2.1011833333333336,-999.7898298314725
2.10285,-999.7897180727635
2.1045166666666666,-999.789513181797
2.1061833333333335,-999.7892477548631
2.10785,-999.7889683580906
2.1095333333333333,-999.7887262142211
2.1112,-999.7885678893833
2.1128666666666667,-999.7885120100289
2.1145333333333336,-999.7885399497061
2.1162,-999.7886237687378
2.1178666666666666,-999.7887029311568
2.1195333333333335,-999.7887215576083
2.1212,-999.7886423951893
2.122866666666667,-999.7884607872872
2.1245333333333334,-999.7881907037404
2.1262000000000003,-999.7878787106778
2.127866666666667,-999.7875760308409
2.1295333333333333,-999.7873292303585
2.1312,-999.7871802187465
2.1328666666666667,-999.7871569356821
2.1345333333333336,-999.7872686943912
2.1362,-999.7875108382607
2.1378833333333334,-999.7878554276134
2.1395500000000003,-999.7882698661593
2.1412166666666668,-999.7886936179309
2.1428833333333333,-999.7890754601867
2.14455,-999.7893595135721
2.1462166666666667,-999.7895038685713
2.1478833333333336,-999.7894805855069
2.14955,-999.7892850077661
2.1512166666666666,-999.7889497316391
2.1528833333333335,-999.7885259798675
2.15455,-999.7880789450314
2.156216666666667,-999.787683132937
2.1578833333333334,-999.7873757964873
2.1595500000000003,-999.7871662489079
2.161216666666667,-999.7870405203603
2.1628833333333333,-999.7869520447156
2.16455,-999.7868682256839
2.1662333333333335,-999.7867471537492
2.1679,-999.7865841722985
2.169566666666667,-999.7863839379448
2.1712333333333333,-999.7861743903654
2.1729000000000003,-999.7859834692375
2.1745666666666668,-999.7858251443998
2.1762333333333332,-999.7857133856908
2.1779,-999.7856342232719
2.1795666666666667,-999.7855830005303
2.1812333333333336,-999.7855364344016
2.1829,-999.7854852116599
2.184566666666667,-999.7854246756925
2.1862333333333335,-999.7853501698866
2.1879,-999.7852663508547
2.189566666666667,-999.7851732185973
2.1912333333333334,-999.7850754297269
2.1929000000000003,-999.7849729842436
2.1945666666666668,-999.7848658821475
2.19625,-999.7847541234385
2.197916666666667,-999.784623738278
2.1995833333333334,-999.7844654134402
2.20125,-999.7842744923123
2.202916666666667,-999.7840556315072
2.2045833333333333,-999.7838274574764
2.2062500000000003,-999.783617909897
2.2079166666666667,-999.7834595850592
2.2095833333333332,-999.7833757660275
2.21125,-999.7833757660275
2.2129166666666666,-999.7834549284463
2.2145833333333336,-999.7835946268326
2.21625,-999.7837762347347
2.217916666666667,-999.7839857823141
2.2195833333333335,-999.7841999865063
2.22125,-999.7843955642471
2.222916666666667,-999.7845306060204
2.2245833333333334,-999.7845818287622
2.2262666666666666,-999.784511979569
2.2279333333333335,-999.7843164018283
2.2296,-999.7839764690883
2.231266666666667,-999.7835061511879
2.2329333333333334,-999.7829194179657
2.2346,-999.7822488657116
2.236266666666667,-999.7815503737803
2.2379333333333333,-999.7808891347521
2.2396000000000003,-999.7803443110456
2.2412666666666667,-999.779957812177
2.2429333333333332,-999.7797529212105
2.2446,-999.7796923852432
2.2462666666666666,-999.7797296381461
2.2479333333333336,-999.7797948307264
2.2496,-999.7798367402422
2.251266666666667,-999.7798274270165
2.2529333333333335,-999.7797622344362
2.2546,-999.7796737587917
2.2562833333333336,-999.7795899397598
2.25795,-999.7795526868568
2.2596166666666666,-999.779585283147
2.2612833333333335,-999.7796877286303
2.26295,-999.7798367402422
2.264616666666667,-999.7799857518543
2.2662833333333334,-999.7800835407246
2.26795,-999.7800835407246
2.269616666666667,-999.7799671254028
2.2712833333333333,-999.7797436079848
2.2729500000000002,-999.7794409281479
2.2746166666666667,-999.7791103086337
2.2762833333333337,-999.7787983155711
2.27795,-999.7785422018629
2.2796166666666666,-999.7783466241222
2.2812833333333336,-999.7781976125101
2.28295,-999.7780765405754
2.2846333333333333,-999.777941498802
2.2863,-999.7777785173514
2.2879666666666667,-999.777568969772
2.2896333333333336,-999.777308199451
2.2913,-999.7770055196141
2.2929666666666666,-999.776670243487
2.2946333333333335,-999.7763256541343
2.2963,-999.7759950346201
2.297966666666667,-999.775701668009
2.2996333333333334,-999.775478150591
2.3013,-999.7753477654305
2.302966666666667,-999.7753198257533
2.3046333333333333,-999.7753943315593
2.3063000000000002,-999.7755619696228
2.3079666666666667,-999.7757901436537
2.3096333333333336,-999.7760322875232
2.311316666666667,-999.7762371784896
2.3129833333333334,-999.7763675636502
2.3146500000000003,-999.7763815334888
2.316316666666667,-999.7762604615541
2.3179833333333333,-999.776004347846
2.31965,-999.7756457886545
2.3213166666666667,-999.7752406633343
2.3229833333333336,-999.7748634776915
2.32465,-999.7745933941447
2.3263166666666666,-999.7744769788228
2.3279833333333335,-999.774546828016
2.32965,-999.7747703454339
2.331316666666667,-999.7750869951095
2.3329833333333334,-999.7754269278494
2.33465,-999.7757156378476
2.336316666666667,-999.7759019023626
2.3379833333333333,-999.7759717515557
2.3396500000000002,-999.7759205288141
2.3413166666666667,-999.7757948002666
2.3429833333333336,-999.775627162203
2.344666666666667,-999.7754548675266
2.3463333333333334,-999.775291886076
2.3480000000000003,-999.775142874464
2.349666666666667,-999.7749985194648
2.3513333333333333,-999.7748401946271
2.353,-999.7746818697893
2.3546666666666667,-999.7745328581773
2.3563333333333336,-999.7744164428555
2.358,-999.774360563501
2.3596666666666666,-999.7743652201139
2.3613333333333335,-999.7744304126941
2.363,-999.7745375147903
2.364666666666667,-999.7746678999507
2.3663333333333334,-999.7747936284984
2.3680000000000003,-999.7749007305945
2.369666666666667,-999.7749659231747
2.3713333333333333,-999.7749798930133
2.373016666666667,-999.7749472967232
2.3746833333333335,-999.7748774475301
2.37635,-999.7747843152727
2.378016666666667,-999.7746678999507
2.3796833333333334,-999.7745421714031
2.3813500000000003,-999.7744071296297
2.383016666666667,-999.7742627746305
2.3846833333333333,-999.774137046083
2.38635,-999.7740485704384
2.3880166666666667,-999.7740392572125
2.3896833333333336,-999.7741137630186
2.39135,-999.7742627746305
2.3930166666666666,-999.7744397259198
2.3946833333333335,-999.7745887375319
2.39635,-999.7746399602735
2.398016666666667,-999.7745701110804
2.3996833333333334,-999.7743745333396
2.4013500000000003,-999.77409979318
2.4030333333333336,-999.7738157397946
2.4047,-999.7736015356023
2.406366666666667,-999.7735223731834
2.4080333333333335,-999.7736015356023
2.4097,-999.7738343662461
2.411366666666667,-999.7741836122117
2.4130333333333334,-999.7745794243061
2.4147000000000003,-999.7749472967232
2.4163666666666668,-999.7752220368828
2.4180333333333333,-999.7753757051078
2.4197,-999.7754083013979
2.4213666666666667,-999.7753570786563
2.4230333333333336,-999.7752732596246
2.4247,-999.77521738027
2.426366666666667,-999.77521738027
2.4280333333333335,-999.7752965426889
2.4297,-999.775440897688
2.4313833333333332,-999.7756178489773
2.43305,-999.7758041134923
2.4347166666666666,-999.7759670949429
2.4363833333333336,-999.7761067933292
2.43805,-999.7762278652639
2.439716666666667,-999.776339623973
2.4413833333333335,-999.7764513826819
2.44305,-999.7765817678425
2.444716666666667,-999.7767307794544
2.4463833333333334,-999.7768891042922
2.4480500000000003,-999.7770520857429
2.4497166666666668,-999.7772057539677
2.4513833333333332,-999.7773501089669
2.45305,-999.7774758375145
2.4547166666666667,-999.7775782829978
2.4563833333333336,-999.7776527888037
2.45805,-999.7776853850938
2.459716666666667,-999.7776574454166
2.4614000000000003,-999.7775736263849
2.4630666666666667,-999.7774432412243
2.4647333333333337,-999.7772942296124
2.4664,-999.7771731576776
2.4680666666666666,-999.7771405613875
2.4697333333333336,-999.7772430068708
2.4714,-999.7775037771918
2.473066666666667,-999.7779275289633
2.4747333333333335,-999.778467696057
2.4764,-999.7790590858921
2.478066666666667,-999.7796225360499
2.4797333333333333,-999.7800742274989
2.4814000000000003,-999.7803489676585
2.4830666666666668,-999.7804141602388
2.4847333333333332,-999.780293088304
2.4864,-999.7800509444345
2.4880666666666666,-999.7797855175006
2.4897333333333336,-999.7796132228242
2.491416666666667,-999.7796132228242
2.4930833333333333,-999.7798274270165
2.4947500000000002,-999.7802418655624
2.4964166666666667,-999.7807913458817
2.4980833333333337,-999.7813920489426
2.49975,-999.7819275594233
2.5014166666666666,-999.7823233715176
2.5030833333333335,-999.7825142926455
2.50475,-999.782495666194
2.506416666666667,-999.7823000884532
2.5080833333333334,-999.7819927520035
2.50975,-999.7816621324894
2.511416666666667,-999.7813827357169
2.5130833333333333,-999.7812104410405
2.5147500000000003,-999.7811638749117
2.5164166666666667,-999.7812383807177
2.5180833333333337,-999.7814013621684
2.519766666666667,-999.7816155663605
2.5214333333333334,-999.7818344271657
2.5231000000000003,-999.7820346615193
2.524766666666667,-999.7821929863571
2.5264333333333333,-999.782309401679
2.5281000000000002,-999.7823932207108
2.5297666666666667,-999.7824444434524
2.5314333333333336,-999.7824630699039
2.5331,-999.782458413291
2.5347666666666666,-999.7824444434524
2.5364333333333335,-999.7824491000653
2.5381,-999.7825096360326
2.539766666666667,-999.7826586476447
2.5414333333333334,-999.7829194179657
2.5431,-999.7832826337699
2.544766666666667,-999.7837063855416
2.5464333333333333,-999.7841254807004
2.5481000000000003,-999.7844654134402
2.5497833333333335,-999.7846516779553
2.55145,-999.7846470213424
2.553116666666667,-999.7844561002145
2.5547833333333334,-999.7841208240875
2.5564500000000003,-999.7837110421544
2.558116666666667,-999.7833012602214
2.5597833333333333,-999.7829566708687
2.5614500000000002,-999.7827238402249
2.5631166666666667,-999.7826074249031
2.5647833333333336,-999.7826027682902
2.56645,-999.7826679608704
2.5681166666666666,-999.7827750629665
2.5697833333333335,-999.7828961349013
2.57145,-999.783017206836
2.573116666666667,-999.7831429353837
2.5747833333333334,-999.7832733205441
2.57645,-999.7834083623176
2.578116666666667,-999.783538747478
2.5798,-999.7836318797356
2.5814666666666666,-999.7836737892515
2.5831333333333335,-999.7836458495742
2.5848,-999.7835480607038
2.586466666666667,-999.7834130189304
2.5881333333333334,-999.7832872903828
2.5898000000000003,-999.7832220978025
2.591466666666667,-999.7832640073184
2.5931333333333333,-999.7834316453819
2.5948,-999.7837156987673
2.5964666666666667,-999.7840789145716
2.5981333333333336,-999.7844654134402
2.5998,-999.784810002793
2.6014666666666666,-999.7850754297269
2.6031333333333335,-999.7852244413389
2.6048,-999.7852523810161
2.6064833333333333,-999.7851778752101
2.60815,-999.7850195503723
2.6098166666666667,-999.784810002793
2.6114833333333336,-999.7845911419879
2.61315,-999.7843862510214
2.614816666666667,-999.784213956345
2.6164833333333335,-999.7840882277974
2.61815,-999.7840044087656
2.619816666666667,-999.7839671558626
2.6214833333333334,-999.7839671558626
2.6231500000000003,-999.7840090653784
2.624816666666667,-999.7840789145716
2.6264833333333333,-999.7841673902162
2.62815,-999.7842558658608
2.6298166666666667,-999.7843164018283
2.6314833333333336,-999.7843350282798
2.63315,-999.7843024319897
2.6348166666666666,-999.7842279261836
2.6364833333333335,-999.7841487637647
2.6381666666666668,-999.784102197636
2.6398333333333333,-999.784139450539
2.6415,-999.7842884621509
2.6431666666666667,-999.7845445758591
2.6448333333333336,-999.7848612255347
2.6465,-999.7851639053715
2.648166666666667,-999.7853734529509
2.6498333333333335,-999.7854153624668
2.6515,-999.7852663508547
2.653166666666667,-999.7849450445664
2.6548333333333334,-999.7845073229561
2.6565000000000003,-999.7840370050557
2.658166666666667,-999.7836132532841
2.6598333333333333,-999.7833012602214
2.6615,-999.7831382787708
2.6631666666666667,-999.7831149957065
2.6648333333333336,-999.7831941581253
2.666516666666667,-999.7833059168343
2.6681833333333334,-999.783394392479
2.6698500000000003,-999.7834130189304
2.6715166666666668,-999.7833617961888
2.6731833333333332,-999.7832593507055
2.67485,-999.7831522486094
2.6765166666666667,-999.7830823994163
2.6781833333333336,-999.7830917126421
2.67985,-999.7831755316738
2.681516666666667,-999.78331523006
2.6831833333333335,-999.7834688982849
2.68485,-999.7835853136069
2.686516666666667,-999.7836225665098
2.6881833333333334,-999.7835620305424
2.6898500000000003,-999.7834037057047
2.691516666666667,-999.7831615618352
2.6931833333333333,-999.7828914782884
2.69485,-999.7826400211932
2.6965166666666667,-999.7824537566781
2.6982,-999.7823652810335
2.699866666666667,-999.782383907485
2.7015333333333333,-999.7825003228069
2.7032000000000003,-999.782681930709
2.7048666666666668,-999.7828961349013
2.7065333333333337,-999.7831056824807
2.7082,-999.783277977157
2.7098666666666666,-999.7834083623176
2.7115333333333336,-999.7834828681235
2.7132,-999.7834921813493
2.714866666666667,-999.7834363019948
2.7165333333333335,-999.7833198866729
2.7182,-999.7831475919966
2.719866666666667,-999.7829333878043
2.7215333333333334,-999.7827238402249
2.7232000000000003,-999.7825375757099
2.7248666666666668,-999.7824118471623
2.72655,-999.7823466545819
2.728216666666667,-999.7823233715176
2.7298833333333334,-999.7823047450661
2.73155,-999.7822674921631
2.733216666666667,-999.78219764297
2.7348833333333333,-999.7821045107124
2.7365500000000003,-999.7820206916807
2.7382166666666667,-999.7819834387777
2.7398833333333337,-999.7820206916807
2.74155,-999.7821277937769
2.7432166666666666,-999.7822907752275
2.7448833333333336,-999.7824537566781
2.74655,-999.782570172
2.748216666666667,-999.7825841418386
2.7498833333333335,-999.7824677265168
2.75155,-999.7822162694215
2.753216666666667,-999.78185771023
2.7549,-999.7814386150714
2.7565666666666666,-999.7810148632997
2.7582333333333335,-999.7806469908826
2.7599,-999.7803722507228
2.761566666666667,-999.780218582498
2.7632333333333334,-999.7801859862079
2.7649,-999.7802511787881
2.766566666666667,-999.7803908771743
2.7682333333333333,-999.780553858625
2.7699000000000003,-999.7807168400757
2.7715666666666667,-999.7808565384619
2.7732333333333337,-999.7809636405581
2.7749,-999.781038146364
2.7765666666666666,-999.7810847124928
2.7782333333333336,-999.78111265217
2.7799,-999.7811079955571
2.781566666666667,-999.7810614294284
2.7832333333333334,-999.7809403574937
2.7849166666666667,-999.7807214966886
2.7865833333333336,-999.7803908771743
2.78825,-999.779957812177
2.7899166666666666,-999.7794642112123
2.7915833333333335,-999.7789566404089
2.79325,-999.7784956357342
2.794916666666667,-999.778127763317
2.7965833333333334,-999.7778763062217
2.7982500000000003,-999.7777459210613
2.799916666666667,-999.7777179813841
2.8015833333333333,-999.777755234287
2.8032500000000002,-999.7778250834801
2.8049166666666667,-999.777904245899
2.8065833333333337,-999.7779787517051
2.80825,-999.7780439442853
2.8099166666666666,-999.778090510414
2.8115833333333335,-999.7780951670269
2.81325,-999.7780486008982
2.8149333333333333,-999.7779275289633
2.8166,-999.7777319512227
2.8182666666666667,-999.7774804941274
2.8199333333333336,-999.7771917841291
2.8216,-999.7769030741308
2.8232666666666666,-999.7766516170356
2.8249333333333335,-999.7764606959076
2.8266,-999.7763349673601
2.828266666666667,-999.7762790880056
2.8299333333333334,-999.7762697747798
2.8316000000000003,-999.7762744313927
2.833266666666667,-999.7762511483284
2.8349333333333333,-999.7761719859094
2.8366000000000002,-999.7760183176846
2.8382666666666667,-999.775780830428
2.8399333333333336,-999.7754828072038
2.8416,-999.7751475310769
2.8432666666666666,-999.7748215681756
2.8449500000000003,-999.7745328581773
2.846616666666667,-999.7743186539851
2.8482833333333333,-999.7741836122117
2.84995,-999.7741091064057
2.8516166666666667,-999.7740671968899
2.8532833333333336,-999.7740299439868
2.85495,-999.7739740646323
2.8566166666666666,-999.7738995588263
2.8582833333333335,-999.7738203964075
2.85995,-999.7737645170529
2.861616666666667,-999.7737552038271
2.8632833333333334,-999.7738017699559
2.8649500000000003,-999.7738902456006
2.866616666666667,-999.7739880344709
2.8682833333333333,-999.7740532270512
2.8699500000000002,-999.7740439138254
2.8716166666666667,-999.7739414683422
2.8733,-999.7737458906014
2.874966666666667,-999.7734758070546
2.8766333333333334,-999.773163813992
2.8783000000000003,-999.7728378510908
2.879966666666667,-999.7725212014152
2.8816333333333333,-999.7722371480298
2.8833,-999.7719903475474
2.8849666666666667,-999.771780799968
2.8866333333333336,-999.7716178185175
2.8883,-999.7715014031955
2.889966666666667,-999.7714362106153
2.8916333333333335,-999.7714222407767
2.8933,-999.7714362106153
2.894966666666667,-999.7714548370668
2.89665,-999.7714362106153
2.8983166666666667,-999.7713384217449
2.8999833333333336,-999.77115215723
2.90165,-999.7708913869089
2.903316666666667,-999.7705933636848
2.9049833333333335,-999.770327936751
2.90665,-999.7701556420747
2.908316666666667,-999.7701230457844
2.9099833333333334,-999.7702394611064
2.9116500000000003,-999.7704816049759
2.9133166666666668,-999.7707842848127
2.9149833333333333,-999.7710683381981
2.91665,-999.7712499461003
2.9183166666666667,-999.7712732291646
2.9199833333333336,-999.771110247714
2.92165,-999.770774971587
2.923316666666667,-999.770327936751
2.9249833333333335,-999.7698529622377
2.92665,-999.7694524935305
2.928316666666667,-999.7692010364352
2.9299833333333334,-999.7691265306291
2.9316666666666666,-999.769210349661
2.9333333333333336,-999.7693826443373
2.935,-999.7695642522394
2.936666666666667,-999.7696666977228
2.9383333333333335,-999.7696480712711
2.94,-999.7694850898206
2.941666666666667,-999.7692150062738
2.9433333333333334,-999.7688983565982
2.9450000000000003,-999.7686049899871
2.9466666666666668,-999.7683814725691
2.9483333333333337,-999.7682604006344
2.95,-999.7682417741829
2.9516666666666667,-999.7682929969245
2.9533333333333336,-999.7683954424077
2.955,-999.7685072011168
2.956666666666667,-999.7686096466
2.9583500000000003,-999.768688809019
2.96,-999.7687353751477
2.9616833333333337,-999.7687353751477
2.96335,-999.7686934656318
2.9650166666666666,-999.7686143032129
2.9666833333333336,-999.7685072011168
2.96835,-999.7684000990206
2.970016666666667,-999.768311623376
2.9716833333333335,-999.768274370473
2.97335,-999.7683023101503
2.975016666666667,-999.7683907857948
2.9766833333333333,-999.7685211709554
2.9783500000000003,-999.7686608693416
2.9800166666666668,-999.7687633148249
2.9817,-999.7688005677279
2.98335,-999.7687446883734
2.9850166666666667,-999.7686096466
2.9866833333333336,-999.7684094122463
2.98835,-999.7681812382154
2.990016666666667,-999.7679670340233
2.9917000000000002,-999.7678040525726
2.9933666666666667,-999.7677248901538
2.9950333333333337,-999.7677295467666
2.9967,-999.7678040525726
2.9983666666666666,-999.767901841443
3.0000333333333336,-999.7679810038619
3.0017,-999.7680182567649
3.003366666666667,-999.7680089435391
3.0050333333333334,-999.7679716906362
3.0067,-999.7679390943459
3.008366666666667,-999.7679484075718
3.0100333333333333,-999.7680275699906
3.0117000000000003,-999.7681672683768
3.0133666666666667,-999.768348876279
3.0150333333333337,-999.7685211709554
3.0167,-999.7686422428901
3.0183833333333334,-999.7686655259545
3.0200500000000003,-999.7685770503099
3.021716666666667,-999.7683814725691
3.0233833333333333,-999.7681160456352
3.0250500000000002,-999.7678226790241
3.0267166666666667,-999.767566565316
3.0283833333333336,-999.7673896140267
3.03005,-999.767305794995
3.0317166666666666,-999.767305794995
3.0333833333333335,-999.7673570177366
3.03505,-999.7674175537039
3.036716666666667,-999.7674408367683
3.0383833333333334,-999.7674082404782
3.0400500000000004,-999.7673011383821
3.041716666666667,-999.7671148738671
3.0433833333333333,-999.7668634167718
3.0450500000000003,-999.7665793633864
3.0467166666666667,-999.7663046232268
3.0484,-999.7660904190345
3.050066666666667,-999.7659740037126
3.0517333333333334,-999.7659833169383
3.0534000000000003,-999.7661369851633
3.055066666666667,-999.7664117253229
3.0567333333333333,-999.7667795977401
3.0584000000000002,-999.767189379673
3.0600666666666667,-999.7675712219288
3.0617333333333336,-999.7678599319271
3.0634,-999.7679903170877
3.0650666666666666,-999.7679297811202
3.0667333333333335,-999.7676690107992
3.0684,-999.7672452590276
3.070066666666667,-999.7667376882242
3.0717333333333334,-999.7662394306466
3.0734000000000004,-999.7658249921006
3.075066666666667,-999.7655595651668
3.0767333333333333,-999.7654478064577
3.078416666666667,-999.7654617762963
3.0800833333333335,-999.7655269688767
3.08175,-999.7655781916183
3.083416666666667,-999.7655595651668
3.0850833333333334,-999.7654338366191
3.0867500000000003,-999.7652149758139
3.088416666666667,-999.76494954888
3.0900833333333333,-999.764688778559
3.09175,-999.7644978574311
3.0934166666666667,-999.7644047251737
3.0950833333333336,-999.7644186950123
3.09675,-999.7645118272698
3.0984166666666666,-999.7646468690432
3.1000833333333335,-999.764763284365
3.10175,-999.7648284769454
3.103416666666667,-999.7648191637196
3.1050833333333334,-999.7647400013007
3.1067500000000003,-999.7646003029145
3.1084333333333336,-999.7644326648509
3.1101,-999.7642603701745
3.111766666666667,-999.7641160151754
3.1134333333333335,-999.7640089130792
3.1151,-999.7639390638861
3.116766666666667,-999.7638924977574
3.1184333333333334,-999.7638505882416
3.1201000000000003,-999.7638086787257
3.121766666666667,-999.7637621125969
3.1234333333333333,-999.7637108898552
3.1251,-999.7636643237265
3.1267666666666667,-999.7636317274364
3.1284333333333336,-999.7636224142107
3.1301,-999.763645697275
3.131766666666667,-999.7637155464681
3.1334333333333335,-999.7638273051772
3.1351,-999.7639856300149
3.136766666666667,-999.764167237917
3.13845,-999.764358159045
3.1401166666666667,-999.7645304537214
3.1417833333333336,-999.7646608388818
3.14345,-999.7647446579135
3.145116666666667,-999.7647679409779
3.1467833333333335,-999.7647446579135
3.14845,-999.7646608388818
3.150116666666667,-999.7645211404955
3.1517833333333334,-999.7643348759806
3.1534500000000003,-999.7641206717883
3.155116666666667,-999.7638924977574
3.1567833333333333,-999.7636782935651
3.15845,-999.7634920290501
3.1601166666666667,-999.763347674051
3.1617833333333336,-999.7632405719548
3.16345,-999.7631520963103
3.165116666666667,-999.7630543074398
3.1667833333333335,-999.7629425487308
3.1684666666666668,-999.7628307900219
3.1701333333333337,-999.7627516276029
3.1718,-999.7627655974416
3.1734666666666667,-999.7629285788922
3.1751333333333336,-999.763273168245
3.1768,-999.7637900522741
3.178466666666667,-999.7644093817865
3.1801333333333335,-999.7650426811376
3.1818,-999.7655828482311
3.183466666666667,-999.7659320941967
3.1851333333333334,-999.7660438529058
3.1868000000000003,-999.7659088111324
3.188466666666667,-999.7655642217796
3.1901333333333333,-999.7650892472664
3.1918,-999.7645770198501
3.1934666666666667,-999.7641113585626
3.19515,-999.763757455984
3.196816666666667,-999.7635432517917
3.1984833333333333,-999.76345943276
3.2001500000000003,-999.76345943276
3.2018166666666668,-999.7634827158244
3.2034833333333337,-999.7634780592115
3.20515,-999.7634035534055
3.2068166666666666,-999.7632498851806
3.2084833333333336,-999.7630310243754
3.21015,-999.762784223893
3.211816666666667,-999.7625513932493
3.2134833333333335,-999.7623558155086
3.21515,-999.7622068038966
3.216816666666667,-999.7620997018005
3.2184833333333334,-999.7620112261558
3.2201500000000003,-999.7619413769627
3.2218166666666668,-999.7618854976082
3.2234833333333337,-999.761857557931
3.22515,-999.761857557931
3.2268333333333334,-999.761894810834
3.2285000000000004,-999.7619413769627
3.230166666666667,-999.7619879430914
3.2318333333333333,-999.7620112261558
3.2335000000000003,-999.76200191293
3.2351666666666667,-999.761964660027
3.2368333333333337,-999.7619134372854
3.2385,-999.7618715277696
3.2401666666666666,-999.761857557931
3.2418333333333336,-999.761894810834
3.2435,-999.7619972563172
3.245166666666667,-999.7621602377678
3.2468333333333335,-999.7623604721215
3.2485,-999.7625886461524
3.250166666666667,-999.7628214767961
3.2518333333333334,-999.763044994214
3.2535000000000003,-999.7632545417935
3.2551833333333335,-999.7634547761471
3.25685,-999.7636270708235
3.258516666666667,-999.7637621125969
3.2601833333333334,-999.7638366184029
3.2618500000000004,-999.7638226485643
3.263516666666667,-999.7637015766295
3.2651833333333333,-999.7634640893729
3.2668500000000003,-999.7631288132459
3.2685166666666667,-999.7627190313128
3.2701833333333337,-999.7622813097025
3.27185,-999.7618668711567
3.2735166666666666,-999.7615409082554
3.2751833333333336,-999.7613593003533
3.27685,-999.7613499871275
3.278516666666667,-999.761517625191
3.2801833333333335,-999.7618203050279
3.2818500000000004,-999.7621881774451
3.283516666666667,-999.7625327667978
3.2851833333333333,-999.7627749106673
3.2868666666666666,-999.7628494164734
3.2885333333333335,-999.7627143747
3.2902,-999.7623697853472
3.291866666666667,-999.7618622145438
3.2935333333333334,-999.7612428850314
3.2952000000000004,-999.7605956158417
3.296866666666667,-999.7600042260066
3.2985333333333333,-999.7595339081062
3.3002000000000002,-999.7592312282693
3.3018666666666667,-999.7591194695602
3.3035333333333337,-999.7591893187534
3.3052,-999.7594174927843
3.3068666666666666,-999.7597434556856
3.3085333333333335,-999.7601020148769
3.3102,-999.7604279777782
3.311866666666667,-999.7606561518091
3.3135333333333334,-999.7607585972924
3.3152166666666667,-999.760735314228
3.3168833333333336,-999.760618898906
3.31855,-999.7604698872941
3.320216666666667,-999.7603488153593
3.3218833333333335,-999.7603162190692
3.32355,-999.760400038101
3.325216666666667,-999.7605909592288
3.3268833333333334,-999.7608703560014
3.3285500000000003,-999.7611870056769
3.330216666666667,-999.7614850289009
3.3318833333333333,-999.7617178595447
3.3335500000000002,-999.7618435880923
3.3352166666666667,-999.7618389314794
3.3368833333333336,-999.761703889706
3.33855,-999.7614757156751
3.3402166666666666,-999.7611963189026
3.3418833333333335,-999.7609262353559
3.343566666666667,-999.7607073745507
3.3452333333333333,-999.7605583629387
3.3469,-999.7604559174555
3.3485666666666667,-999.7603720984237
3.3502333333333336,-999.7602789661662
3.3519,-999.7601578942315
3.353566666666667,-999.7600042260066
3.3552333333333335,-999.7598412445559
3.3569,-999.7596829197182
3.358566666666667,-999.7595478779448
3.3602333333333334,-999.7594547456873
3.3619000000000003,-999.7594128361715
3.363566666666667,-999.7594174927843
3.3652333333333333,-999.7594547456873
3.3669000000000002,-999.759501311816
3.3685666666666667,-999.759538564719
3.3702333333333336,-999.7595339081062
3.3719,-999.7594687155259
3.3735833333333334,-999.7593290171396
3.3752500000000003,-999.7591241261731
3.376916666666667,-999.758868012465
3.3785833333333337,-999.7585932723053
3.38025,-999.7583138755328
3.3819166666666667,-999.7580577618247
3.3835833333333336,-999.7578202745681
3.38525,-999.7576107269887
3.386916666666667,-999.7574244624736
3.3885833333333335,-999.7572614810231
3.39025,-999.7571217826368
3.391916666666667,-999.7570007107021
3.3935833333333334,-999.7568982652188
3.3952500000000003,-999.7567958197355
3.396916666666667,-999.7566794044136
3.3985833333333333,-999.7565350494145
3.40025,-999.7563534415124
3.4019166666666667,-999.7561485505458
3.4036,-999.7559390029664
3.405266666666667,-999.7557527384515
3.4069333333333334,-999.755622353291
3.4086000000000003,-999.7555664739365
3.410266666666667,-999.7555897570008
3.4119333333333337,-999.7556828892583
3.4136,-999.7557993045803
3.4152666666666667,-999.7559110632892
3.4169333333333336,-999.7559855690953
3.4186,-999.7560135087725
3.420266666666667,-999.7560135087725
3.4219333333333335,-999.7560135087725
3.4236,-999.7560367918369
3.425266666666667,-999.7560926711914
3.4269333333333334,-999.7561671769973
3.4286000000000003,-999.7562370261905
3.430266666666667,-999.756255652642
3.4319333333333333,-999.7561951166746
3.433616666666667,-999.7560274786111
3.4352833333333335,-999.7557480818386
3.43695,-999.7553755528086
3.438616666666667,-999.7549518010369
3.4402833333333334,-999.7545187360396
3.4419500000000003,-999.7541415503966
3.4436166666666668,-999.7538714668499
3.4452833333333337,-999.7537271118507
3.44695,-999.7537038287863
3.4486166666666667,-999.753755051528
3.4502833333333336,-999.7538202441083
3.45195,-999.7538388705598
3.453616666666667,-999.7537643647537
3.4552833333333335,-999.753568787013
3.45695,-999.7532567939503
3.458616666666667,-999.7528656384688
3.4602833333333334,-999.7524418866972
3.4619666666666666,-999.7520460746027
3.4636333333333336,-999.7517247683144
3.4653,-999.7515012508964
3.466966666666667,-999.7513894921874
3.4686333333333335,-999.7513801789617
3.4703000000000004,-999.7514360583161
3.471966666666667,-999.7515105641221
3.4736333333333334,-999.7515571302508
3.4753000000000003,-999.7515338471865
3.4769666666666668,-999.7513988054131
3.4786333333333337,-999.7511333784793
3.4803,-999.7507515362234
3.4819666666666667,-999.7502765617102
3.4836333333333336,-999.749759677681
3.4853,-999.7492800465549
3.486966666666667,-999.748898204299
3.4886500000000003,-999.7486607170425
3.4903166666666667,-999.7485722413978
3.4919833333333337,-999.7486048376879
3.49365,-999.7486933133326
3.4953166666666666,-999.7487585059129
3.4969833333333336,-999.7487305662356
3.49865,-999.7485629281721
3.500316666666667,-999.7482509351095
3.5019833333333334,-999.7478318399507
3.5036500000000004,-999.747370835276
3.505316666666667,-999.7469563967302
3.5069833333333333,-999.7466537168932
3.5086500000000003,-999.7465326449585
3.5103166666666668,-999.7465978375387
3.5119833333333337,-999.7468213549568
3.51365,-999.7471380046322
3.5153166666666666,-999.747449997695
3.5169833333333336,-999.7476595452742
3.51865,-999.7476828283387
3.520316666666667,-999.7474965638237
3.5220000000000002,-999.747110064955
3.5236666666666667,-999.7466024941516
3.5253333333333337,-999.7460623270581
3.527,-999.7455873525448
3.5286666666666666,-999.7452613896436
3.5303333333333335,-999.745131004483
3.532,-999.7451915404504
3.533666666666667,-999.7454104012555
3.5353333333333334,-999.7457223943181
3.5370000000000004,-999.7460437006066
3.538666666666667,-999.7462998143147
3.5403333333333333,-999.7464348560881
3.5420000000000003,-999.7464395127009
3.5436666666666667,-999.7463230973791
3.5453333333333337,-999.7461461460898
3.547,-999.7459785080264
3.5486666666666666,-999.7459040022203
3.5503500000000003,-999.7459831646393
3.552016666666667,-999.7462625614118
3.5536833333333333,-999.7467421925379
3.5553500000000002,-999.7473987749532
3.5570166666666667,-999.7481717726906
3.5586833333333336,-999.7489866799438
3.56035,-999.7497503644553
3.562016666666667,-999.7503743505806
3.5636833333333335,-999.750802758965
3.56535,-999.7510029933187
3.567016666666667,-999.7509890234801
3.5686833333333334,-999.7508074155779
3.5703500000000004,-999.7505326754183
3.572016666666667,-999.7502486220329
3.5736833333333333,-999.7500297612278
3.5753500000000003,-999.7499226591317
3.5770166666666667,-999.7499505988089
3.5786833333333337,-999.750094953808
3.580366666666667,-999.7503091580003
3.5820333333333334,-999.7505513018698
3.5837000000000003,-999.7507748192878
3.585366666666667,-999.7509610838028
3.5870333333333333,-999.7511194086406
3.5887000000000002,-999.751254450414
3.5903666666666667,-999.7513894921874
3.5920333333333336,-999.7515385037993
3.5937,-999.7517107984758
3.595366666666667,-999.7519203460552
3.5970333333333335,-999.7521531766989
3.5987,-999.7523860073427
3.600366666666667,-999.7525955549221
3.6020333333333334,-999.7527399099212
3.6037000000000003,-999.7528144157272
3.605366666666667,-999.7528190723401
3.6070333333333333,-999.7527911326628
3.608716666666667,-999.7527725062113
3.6103833333333335,-999.7528097591144
3.61205,-999.7529215178233
3.613716666666667,-999.7530938124997
3.6153833333333334,-999.7532800770147
3.6170500000000003,-999.7534151187881
3.618716666666667,-999.7534384018525
3.6203833333333333,-999.7533173299178
3.62205,-999.7530565595968
3.6237166666666667,-999.7526747173409
3.6253833333333336,-999.7522369957306
3.62705,-999.7518225571847
3.628716666666667,-999.7515059075092
3.6303833333333335,-999.7513568958973
3.63205,-999.7514127752518
3.633716666666667,-999.7516735455728
3.6353833333333334,-999.7521112671831
3.6370500000000003,-999.7526607475023
3.6387333333333336,-999.7532614505632
3.6404,-999.7538481837855
3.642066666666667,-999.7543836942662
3.6437333333333335,-999.7548400423279
3.6454,-999.7551939449064
3.647066666666667,-999.7554454020017
3.6487333333333334,-999.7555944136137
3.6504000000000003,-999.755659606194
3.652066666666667,-999.7556549495811
3.6537333333333337,-999.7556037268395
3.6554,-999.7555292210335
3.6570666666666667,-999.7554360887759
3.6587333333333336,-999.7553429565185
3.6604,-999.755249824261
3.662066666666667,-999.7551566920034
3.6637333333333335,-999.7550682163588
3.6654,-999.7549797407141
3.667066666666667,-999.7549005782953
3.66875,-999.7548260724893
3.6704166666666667,-999.7547562232961
3.6720833333333336,-999.7546910307159
3.67375,-999.7546258381357
3.675416666666667,-999.7545559889426
3.6770833333333335,-999.754462856685
3.67875,-999.7543417847503
3.680416666666667,-999.7541834599125
3.6820833333333334,-999.7539878821717
3.6837500000000003,-999.7537690213666
3.685416666666667,-999.7535641304002
3.6870833333333337,-999.7534104621752
3.68875,-999.7533545828207
3.6904166666666667,-999.7534337452396
3.6920833333333336,-999.7536665758834
3.69375,-999.7540297916877
3.695416666666667,-999.7544954529751
3.6971000000000003,-999.7549983671656
3.6987666666666668,-999.755468685066
3.7004333333333337,-999.7558412140961
3.7021,-999.7560787013527
3.7037666666666667,-999.7561671769973
3.7054333333333336,-999.7561206108686
3.7071,-999.7559669426437
3.708766666666667,-999.7557620516773
3.7104333333333335,-999.7555385342592
3.7121000000000004,-999.7553336432927
3.713766666666667,-999.755170661842
3.7154333333333334,-999.7550542465202
3.7171000000000003,-999.7549890539399
3.7187666666666668,-999.7549750841013
3.7204333333333337,-999.7550169936172
3.7221,-999.7551054692618
3.7237666666666667,-999.7552265411965
3.7254333333333336,-999.7553708961957
3.727116666666667,-999.7555012813563
3.7287833333333333,-999.7555944136137
3.7304500000000003,-999.7556176966781
3.7321166666666667,-999.7555618173236
3.7337833333333337,-999.7554360887759
3.73545,-999.7552637940996
3.7371166666666666,-999.7550961560361
3.7387833333333336,-999.7549657708755
3.74045,-999.7548912650695
3.742116666666667,-999.7548633253923
3.7437833333333335,-999.7548586687794
3.7454500000000004,-999.7548260724893
3.747116666666667,-999.7547189703931
3.7487833333333334,-999.7545233926525
3.7504500000000003,-999.754239339267
3.7521166666666668,-999.7538994065271
3.7537833333333337,-999.7535641304002
3.75545,-999.7532893902404
3.7571333333333334,-999.7531077823384
3.7588000000000004,-999.753042589758
3.760466666666667,-999.7530751860482
3.7621333333333333,-999.7531683183057
3.7638000000000003,-999.7532567939503
3.7654666666666667,-999.7532754204018
3.7671333333333337,-999.7531729749186
3.7688,-999.7529308310491
3.7704666666666666,-999.7525769284706
3.7721333333333336,-999.7521624899247
3.7738,-999.751775991056
3.775466666666667,-999.7515059075092
3.7771333333333335,-999.7514127752518
3.7788000000000004,-999.751515220735
3.780466666666667,-999.7517946175075
3.7821333333333333,-999.752185772989
3.783816666666667,-999.7525955549221
3.7854833333333335,-999.7529541141134
3.78715,-999.7531822881443
3.788816666666667,-999.7532381674988
3.7904833333333334,-999.7531170955641
3.7921500000000004,-999.7528516686302
3.793816666666667,-999.7525024226645
3.7954833333333333,-999.7521345502474
3.7971500000000002,-999.7518179005718
3.7988166666666667,-999.7515943831539
3.8004833333333337,-999.7514686546062
3.80215,-999.7514453715419
3.803816666666667,-999.7515012508964
3.8054833333333336,-999.7516176662183
3.80715,-999.7517713344431
3.808816666666667,-999.7519436291195
3.8104833333333334,-999.7521019539573
3.8121500000000004,-999.7522276825049
3.813816666666667,-999.7523068449237
3.8155,-999.752339441214
3.817166666666667,-999.752339441214
3.8188333333333335,-999.7523161581495
3.8205,-999.7523068449237
3.822166666666667,-999.752339441214
3.8238333333333334,-999.7524372300843
3.8255000000000003,-999.7526048681478
3.827166666666667,-999.7528283855659
3.8288333333333333,-999.7530565595968
3.8305000000000002,-999.7532241976602
3.8321666666666667,-999.7532567939503
3.8338333333333336,-999.7531170955641
3.8355,-999.7527864760499
3.837166666666667,-999.7523068449237
3.8388333333333335,-999.7517527079916
3.8405,-999.7512404805753
3.842166666666667,-999.7508632949325
3.84385,-999.750695656869
3.8455166666666667,-999.7507748192878
3.8471833333333336,-999.7510774991247
3.84885,-999.7515291905736
3.850516666666667,-999.7520321047641
3.8521833333333335,-999.7524744829873
3.85385,-999.7527585363727
3.855516666666667,-999.7528376987916
3.8571833333333334,-999.7526980004053
3.8588500000000003,-999.7523953205684
3.860516666666667,-999.7519855386354
3.8621833333333333,-999.7515431604122
3.8638500000000002,-999.7511240652535
3.8655166666666667,-999.7507608494492
3.8671833333333336,-999.750472139451
3.86885,-999.75024396542
3.870516666666667,-999.7500623575179
3.8721833333333335,-999.7499086892931
3.87385,-999.7497643342939
3.8755333333333337,-999.7496386057463
3.8772,-999.7495640999402
3.8788666666666667,-999.7495687565531
3.8805333333333336,-999.7496758586493
3.8822,-999.7498807496158
3.883866666666667,-999.7501461765497
3.8855333333333335,-999.7504255733222
3.8872,-999.7506723738046
3.888866666666667,-999.7508306986423
3.8905333333333334,-999.750881921384
3.8922000000000003,-999.7508167288037
3.893866666666667,-999.7506444341274
3.8955333333333337,-999.7503883204192
3.8972,-999.7500763273565
3.8988666666666667,-999.7497317380038
3.9005333333333336,-999.7493731788123
3.9022,-999.7490053063952
3.9038833333333334,-999.7486420905909
3.9055500000000003,-999.7483021578511
3.907216666666667,-999.7479994780142
3.9088833333333337,-999.7477573341447
3.91055,-999.747594352694
3.9122166666666667,-999.7475338167267
3.9138833333333336,-999.7475757262425
3.91555,-999.7477200812417
3.917216666666667,-999.7479529118855
3.9188833333333335,-999.7482555917223
3.92055,-999.7485815546236
3.922216666666667,-999.748902860912
3.9238833333333334,-999.7491822576845
3.9255500000000003,-999.749387148651
3.927216666666667,-999.7495035639729
3.9288833333333337,-999.7495221904244
3.93055,-999.7494430280055
3.9322333333333335,-999.7492660767163
3.9339000000000004,-999.7490099630081
3.935566666666667,-999.7486933133326
3.9372333333333334,-999.7483673504313
3.9389000000000003,-999.7480693272073
3.9405666666666668,-999.7478411531764
3.9422333333333337,-999.7477014547902
3.9439,-999.7476548886614
3.9455666666666667,-999.7476874849516
3.9472333333333336,-999.7477666473704
3.9489,-999.7478458097893
3.950566666666667,-999.747892375918
3.9522333333333335,-999.7478877193051
3.9539,-999.747817870112
3.955566666666667,-999.7476921415645
3.9572333333333334,-999.7475431299524
3.9589000000000003,-999.7473941183404
3.960566666666667,-999.7472823596314
3.96225,-999.7472311368898
3.963916666666667,-999.7472451067284
3.9655833333333335,-999.7473149559215
3.9672500000000004,-999.7474174014047
3.968916666666667,-999.7475151902752
3.9705833333333334,-999.7475803828554
3.9722500000000003,-999.7475990093069
3.9739166666666668,-999.7475710696297
3.9755833333333337,-999.747519846888
3.97725,-999.7474686241464
3.9789166666666667,-999.7474546543078
3.9805833333333336,-999.7474872505979
3.98225,-999.7475757262425
3.983916666666667,-999.7477061114031
3.9855833333333335,-999.747855123015
3.9872500000000004,-999.7479948214013
3.988916666666667,-999.7480832970459
3.9906,-999.7481019234974
3.992266666666667,-999.7480274176914
3.9939333333333336,-999.7478737494665
3.9956,-999.7476548886614
3.997266666666667,-999.7473941183404
3.9989333333333335,-999.7471193781807
