min,µS/cm
0.0,-1000.1042583026477
0.0016666666666667052,-1000.1040580682941
0.0033333333333334103,-1000.1038764603919
0.004999999999999893,-1000.1036622561998
0.006666666666666599,-1000.1033362932984
0.008333333333333304,-1000.1028007828178
0.010000000000000009,-1000.1020138152419
0.011666666666666714,-1000.101003330248
0.01333333333333342,-1000.0998997129965
0.014999999999999902,-1000.0988659449382
0.016666666666666607,-1000.0980882905881
0.018333333333333313,-1000.0976971351065
0.020000000000000018,-1000.0977576710739
0.021666666666666723,-1000.0982698984902
0.023333333333333428,-1000.0991593115493
0.02499999999999991,-1000.1003048383167
0.026666666666666616,-1000.1015760936316
0.028350000000000097,-1000.1028426923336
0.03001666666666658,-1000.1039928757139
0.031683333333333286,-1000.1049288549018
0.03334999999999999,-1000.1056040637687
0.035016666666666696,-1000.1059952192502
0.0366833333333334,-1000.1061116345721
0.038350000000000106,-1000.1059998758631
0.04001666666666659,-1000.1057204790906
0.041683333333333294,-1000.1053619198992
0.04335,-1000.1049987040949
0.045016666666666705,-1000.1047006808709
0.04668333333333341,-1000.1045004465172
0.048350000000000115,-1000.104398001034
0.0500166666666666,-1000.1043514349052
0.0516833333333333,-1000.1043048687765
0.05335000000000001,-1000.1041884534546
0.055016666666666714,-1000.1039416529723
0.05668333333333342,-1000.1035504974907
0.05836666666666668,-1000.1030243002358
0.06003333333333338,-1000.1024329104007
0.06170000000000009,-1000.1018694602427
0.06336666666666657,-1000.1014177687938
0.06503333333333328,-1000.1011569984728
0.06669999999999998,-1000.1011197455698
0.06836666666666669,-1000.1012920402462
0.07003333333333339,-1000.1016226597603
0.0717000000000001,-1000.1020417549191
0.07336666666666658,-1000.1024748199166
0.07503333333333329,-1000.1028892584624
0.07669999999999999,-1000.1032571308796
0.0783666666666667,-1000.103573780555
0.0800333333333334,-1000.1038485207147
0.0817000000000001,-1000.1040766947456
0.08336666666666659,-1000.104248989422
0.0850333333333333,-1000.1043560915181
0.08671666666666678,-1000.1043700613567
0.08838333333333326,-1000.1042676158735
0.09004999999999996,-1000.1040394418426
0.09171666666666667,-1000.1037134789414
0.09338333333333337,-1000.1033269800727
0.09505000000000008,-1000.1029591076556
0.09671666666666656,-1000.1026936807217
0.09838333333333327,-1000.102605205077
0.10004999999999997,-1000.1027402468504
0.10171666666666668,-1000.1031034626546
0.10338333333333338,-1000.1036436297483
0.10505000000000009,-1000.1042722724864
0.10671666666666657,-1000.1048916019988
0.10838333333333328,-1000.1053805463507
0.11004999999999998,-1000.105669256349
0.11171666666666669,-1000.1057204790906
0.11338333333333339,-1000.1055388711884
0.1150500000000001,-1000.1051756553842
0.11671666666666658,-1000.1047193073224
0.11840000000000006,-1000.1042676158735
0.12006666666666677,-1000.1038997434564
0.12173333333333325,-1000.1036669128126
0.12339999999999995,-1000.1035924070065
0.12506666666666666,-1000.1036715694255
0.12673333333333336,-1000.1038671471662
0.12840000000000007,-1000.1041418873259
0.13006666666666655,-1000.1044445671628
0.13173333333333326,-1000.1047053374838
0.13339999999999996,-1000.1048729755473
0.13506666666666667,-1000.1048962586117
0.13673333333333337,-1000.1047612168383
0.13840000000000008,-1000.1044864766786
0.14006666666666678,-1000.1041092910357
0.14173333333333327,-1000.1037181355542
0.14339999999999997,-1000.1034061424916
0.14506666666666668,-1000.1032664441053
0.14674999999999994,-1000.1033782028143
0.14841666666666664,-1000.1037740149087
0.15008333333333335,-1000.104435253937
0.15175000000000005,-1000.1052827574803
0.15341666666666676,-1000.1061768271524
0.15508333333333324,-1000.1069777645669
0.15674999999999994,-1000.1075365581119
0.15841666666666665,-1000.1077600755299
0.16008333333333336,-1000.1076157205308
0.16175000000000006,-1000.1071407460175
0.16341666666666677,-1000.1064329408605
0.16508333333333325,-1000.1056226902202
0.16674999999999995,-1000.1048683189345
0.16841666666666666,-1000.1043095253893
0.17008333333333336,-1000.1040347852297
0.17175000000000007,-1000.1040766947456
0.17341666666666677,-1000.1043933444212
0.17510000000000003,-1000.1049009152246
0.17676666666666674,-1000.1054736786082
0.17843333333333344,-1000.1059905626373
0.18009999999999993,-1000.1063537784416
0.18176666666666663,-1000.1064981334407
0.18343333333333334,-1000.106414314409
0.18510000000000004,-1000.1061302610236
0.18676666666666675,-1000.1057158224777
0.18843333333333323,-1000.105254817803
0.19009999999999994,-1000.1048310660314
0.19176666666666664,-1000.1045237295816
0.19343333333333335,-1000.1043886878083
0.19510000000000005,-1000.1044492237756
0.19676666666666676,-1000.1046867110323
0.19843333333333346,-1000.1050545834494
0.20009999999999994,-1000.105478335221
0.20176666666666665,-1000.1058601774769
0.20343333333333335,-1000.1061209477979
0.2051166666666666,-1000.1061954536038
0.20678333333333332,-1000.1060557552175
0.20845000000000002,-1000.1057251357034
0.21011666666666673,-1000.1052734442545
0.21178333333333343,-1000.1047798432897
0.21344999999999992,-1000.1043514349052
0.21511666666666662,-1000.1040580682941
0.21678333333333333,-1000.1039369963594
0.21845000000000003,-1000.103988219101
0.22011666666666674,-1000.104174483616
0.22178333333333322,-1000.104435253937
0.22344999999999993,-1000.1047053374838
0.22511666666666663,-1000.1049335115147
0.22678333333333334,-1000.1050871797395
0.22845000000000004,-1000.1051709987713
0.23011666666666675,-1000.1051942818357
0.23178333333333345,-1000.1051709987713
0.23344999999999994,-1000.105110462804
0.23513333333333342,-1000.105031300385
0.23680000000000012,-1000.1049335115147
0.2384666666666666,-1000.1048170961927
0.2401333333333333,-1000.1047006808709
0.24180000000000001,-1000.1045889221618
0.24346666666666672,-1000.1044957899044
0.24513333333333343,-1000.1044259407113
0.2467999999999999,-1000.1043793745825
0.2484666666666666,-1000.1043421216795
0.2501333333333333,-1000.1043002121636
0.2518166666666666,-1000.1042257063576
0.2534833333333333,-1000.1041092910357
0.25515,-1000.1039369963594
0.2568166666666667,-1000.1037181355542
0.2584833333333334,-1000.1034806482976
0.2601499999999999,-1000.1032664441053
0.2618166666666668,-1000.1031314023319
0.2634833333333333,-1000.1031081192675
0.26515,-1000.1032245345895
0.2668166666666667,-1000.1034620218461
0.2684833333333334,-1000.1037972979731
0.2701500000000001,-1000.1041698270031
0.2718166666666666,-1000.1045004465172
0.2734833333333333,-1000.1047239639353
0.27515,-1000.1047891565155
0.2768166666666667,-1000.1046680845808
0.2784833333333334,-1000.1043514349052
0.2801499999999999,-1000.103871803779
0.2818166666666666,-1000.1032757573311
0.2834833333333333,-1000.1026331447542
0.28515,-1000.1020324416934
0.2868166666666667,-1000.1015528105672
0.2884833333333334,-1000.1012501307304
0.29015000000000013,-1000.1011569984728
0.2918166666666666,-1000.1012827270205
0.2935000000000001,-1000.1015947200831
0.2951666666666668,-1000.102046411532
0.2968333333333333,-1000.102567952174
0.2985,-1000.1030662097517
0.3001666666666667,-1000.1034713350718
0.3018333333333334,-1000.1037134789414
0.3035000000000001,-1000.1037600450701
0.3051666666666666,-1000.103611033458
0.3068333333333333,-1000.1033083536212
0.3085,-1000.1029218547526
0.3101666666666667,-1000.1025400124968
0.3118333333333334,-1000.1022559591114
0.3134999999999999,-1000.1021348871766
0.3151666666666668,-1000.1022047363698
0.3168333333333333,-1000.1024515368522
0.3185,-1000.1028100960435
0.3201666666666667,-1000.1031919382993
0.32184999999999997,-1000.1034992747491
0.3235166666666667,-1000.1036669128126
0.3251833333333334,-1000.1036575995869
0.3268500000000001,-1000.1034853049105
0.3285166666666668,-1000.1032012515251
0.3301833333333333,-1000.1028799452366
0.33185,-1000.1026098616899
0.3335166666666667,-1000.1024608500779
0.3351833333333334,-1000.1024655066908
0.3368500000000001,-1000.1026191749156
0.3385166666666666,-1000.1028985716881
0.3401833333333333,-1000.1032291912023
0.34185,-1000.1035598107164
0.34353333333333325,-1000.1038252376503
0.34519999999999995,-1000.1039975323267
0.34686666666666666,-1000.1040487550683
0.34853333333333336,-1000.1039742492624
0.35020000000000007,-1000.1037972979731
0.35186666666666655,-1000.1035411842649
0.3535333333333335,-1000.1032524742667
0.35519999999999996,-1000.10298239072
0.35686666666666667,-1000.1027821563663
0.35853333333333337,-1000.1026983373346
0.3602000000000001,-1000.1027355902376
0.3618666666666668,-1000.1028939150752
0.36353333333333326,-1000.1031360589448
0.36519999999999997,-1000.1034247689431
0.3668666666666667,-1000.1037088223285
0.3685333333333334,-1000.1039276831336
0.3702000000000001,-1000.1040161587782
0.37186666666666657,-1000.1039090566821
0.3735333333333333,-1000.1035691239422
0.3752,-1000.1030056737843
0.3768666666666667,-1000.1022792421758
0.3785333333333334,-1000.1014783047613
0.3802000000000001,-1000.1007332467012
0.38188333333333335,-1000.1001697965432
0.38355000000000006,-1000.0998717733193
0.38521666666666676,-1000.0998857431579
0.38688333333333347,-1000.1001884229947
0.38854999999999995,-1000.100700650411
0.39021666666666666,-1000.1013153233106
0.39188333333333336,-1000.1019067131457
0.39355000000000007,-1000.1023630612075
0.39521666666666677,-1000.1026191749156
0.39688333333333325,-1000.1026564278186
0.39854999999999996,-1000.1025167294324
0.40021666666666667,-1000.1022652723371
0.40188333333333337,-1000.1019951887904
0.4035500000000001,-1000.101785641211
0.40521666666666656,-1000.1016925089535
0.40690000000000004,-1000.1017390750823
0.40854999999999997,-1000.1019160263714
0.4102166666666667,-1000.102195423144
0.41190000000000015,-1000.1025353558839
0.41356666666666664,-1000.1028846018495
0.41523333333333334,-1000.1031965949122
0.41690000000000005,-1000.1034201123302
0.41856666666666675,-1000.1035272144263
0.42023333333333346,-1000.1034946181362
0.42189999999999994,-1000.103313010234
0.42356666666666665,-1000.10301498701
0.42523333333333335,-1000.1026471145929
0.42690000000000006,-1000.1022838987886
0.42856666666666676,-1000.1019998454033
0.43023333333333325,-1000.1018508337912
0.43189999999999995,-1000.1018648036298
0.43356666666666666,-1000.1020277850805
0.43523333333333336,-1000.1022932120144
0.43690000000000007,-1000.1025912352384
0.43856666666666655,-1000.1028473489465
0.44025000000000003,-1000.1030010171714
0.44191666666666674,-1000.1030103303972
0.4435833333333332,-1000.102865975398
0.44525000000000015,-1000.1025912352384
0.44691666666666663,-1000.1022373326599
0.44858333333333333,-1000.1018787734685
0.45025000000000004,-1000.1015900634702
0.45191666666666674,-1000.1014410518583
0.45358333333333345,-1000.101487617987
0.45524999999999993,-1000.1017344184694
0.45691666666666664,-1000.1021488570152
0.45858333333333334,-1000.1026610844315
0.46025000000000005,-1000.1031733118479
0.46191666666666675,-1000.1035970636194
0.46358333333333324,-1000.1038485207147
0.46524999999999994,-1000.1038904302306
0.46691666666666665,-1000.1037181355542
0.46858333333333335,-1000.1033782028143
0.4702666666666666,-1000.1029218547526
0.4719333333333333,-1000.1024282537878
0.4736,-1000.1019625925003
0.4752666666666667,-1000.1015807502445
0.47693333333333343,-1000.1013292931492
0.47860000000000014,-1000.1012315042789
0.4802666666666666,-1000.1012873836333
0.4819333333333333,-1000.1014736481484
0.48360000000000003,-1000.1017530449209
0.48526666666666673,-1000.1020696945964
0.48693333333333344,-1000.1023723744332
0.4885999999999999,-1000.1026284881414
0.49026666666666663,-1000.1028054394307
0.49193333333333333,-1000.1028939150752
0.49360000000000004,-1000.1029171981397
0.49526666666666674,-1000.1028939150752
0.4969333333333332,-1000.1028566621723
0.49860000000000015,-1000.1028380357208
0.5002833333333334,-1000.102865975398
0.5019499999999999,-1000.102945137817
0.5036166666666668,-1000.1030755229774
0.5052833333333333,-1000.1032245345895
0.50695,-1000.1033735462014
0.5086166666666667,-1000.1034806482976
0.5102833333333332,-1000.1035272144263
0.5119500000000001,-1000.1034992747491
0.5136166666666666,-1000.1034014858787
0.5152833333333333,-1000.1032478176538
0.51695,-1000.1030662097517
0.5186166666666667,-1000.1028752886237
0.5202833333333334,-1000.1027076505603
0.5219499999999999,-1000.1025912352384
0.5236166666666668,-1000.1025493257225
0.5252833333333333,-1000.1025958918513
0.52695,-1000.1027355902376
0.5286333333333335,-1000.1029358245912
0.5303,-1000.1031500287835
0.5319666666666667,-1000.1033223234598
0.5336333333333334,-1000.1033921726529
0.5352999999999999,-1000.1033176668469
0.5369666666666668,-1000.1030755229774
0.5386333333333333,-1000.102684367496
0.5403,-1000.1021907665312
0.5419666666666667,-1000.1016505994376
0.5436333333333334,-1000.1011430286342
0.5453000000000001,-1000.1007332467012
0.5469666666666666,-1000.1004771329931
0.5486333333333333,-1000.1003933139613
0.5503,-1000.1004771329931
0.5519666666666667,-1000.100700650411
0.5536333333333334,-1000.1010079868608
0.5553166666666667,-1000.1013525762136
0.5569833333333334,-1000.1016831957277
0.5586500000000001,-1000.1019625925003
0.5603166666666666,-1000.1021628268538
0.5619833333333335,-1000.10226992895
0.56365,-1000.10226992895
0.5653166666666667,-1000.1021767966926
0.5669833333333334,-1000.1020184718548
0.5686499999999999,-1000.1018368639526
0.5703166666666668,-1000.1016552560504
0.5719833333333333,-1000.1015062444385
0.57365,-1000.101408455568
0.5753166666666667,-1000.1013665460522
0.5769833333333334,-1000.1013758592779
0.5786500000000001,-1000.1014363952453
0.5803166666666666,-1000.1015109010514
0.5819833333333335,-1000.1015714370187
0.58365,-1000.1015854068573
0.5853166666666667,-1000.1015341841157
0.5869833333333334,-1000.1013944857294
0.5886666666666667,-1000.1011709683114
0.5903333333333334,-1000.1008915715389
0.5920000000000001,-1000.1005982049278
0.5936666666666666,-1000.1003607176712
0.5953333333333335,-1000.1002489589622
0.597,-1000.1003094949295
0.5986666666666667,-1000.1005609520248
0.6003333333333334,-1000.1009847037965
0.6019999999999999,-1000.1015202142771
0.6036666666666668,-1000.102083664435
0.6053333333333333,-1000.1025865786255
0.607,-1000.1029544510427
0.6086666666666667,-1000.1031407155576
0.6103333333333334,-1000.1031453721705
0.6120000000000001,-1000.1029963605586
0.6136666666666666,-1000.1027821563663
0.6153333333333335,-1000.1025819220126
0.6170166666666668,-1000.1024794765294
0.6186833333333333,-1000.1025260426582
0.6203500000000002,-1000.1027309336247
0.6220166666666667,-1000.1030662097517
0.6236833333333334,-1000.1034573652332
0.6253500000000001,-1000.1038438641018
0.6270166666666666,-1000.1041558571645
0.6286833333333335,-1000.104360748131
0.63035,-1000.1044492237756
0.6320166666666667,-1000.1044399105499
0.6336833333333334,-1000.1043700613567
0.6353500000000001,-1000.1042769290992
0.6370166666666668,-1000.1041837968418
0.6386833333333333,-1000.1041092910357
0.6403500000000002,-1000.1040580682941
0.6420166666666667,-1000.1040301286168
0.6436833333333334,-1000.1040394418426
0.6453500000000001,-1000.1040953211971
0.6470333333333333,-1000.1042257063576
0.6487,-1000.1044259407113
0.6503666666666668,-1000.1046867110323
0.6520333333333332,-1000.1049847342563
0.6537000000000002,-1000.1052734442545
0.6553666666666667,-1000.1054923050597
0.6570333333333334,-1000.1056087203816
0.6587000000000001,-1000.1056040637687
0.6603666666666665,-1000.1055062748983
0.6620333333333335,-1000.1053665765121
0.6637,-1000.1052641310288
0.6653666666666667,-1000.1052641310288
0.6670333333333334,-1000.1054038294151
0.6687000000000001,-1000.1057018526391
0.6703666666666668,-1000.1061209477979
0.6720333333333333,-1000.106600578924
0.6737000000000002,-1000.10704761376
0.6753833333333334,-1000.1073502935969
0.6770499999999999,-1000.107159372469
0.6787166666666669,-1000.104994047482
0.6803833333333333,-1000.0954479910878
0.68205,-1000.062292907416
0.6837166666666668,-999.9646670184865
0.6853833333333332,-999.7138478791871
0.6870500000000002,-999.1404232565036
0.6887166666666666,-997.9563211081346
0.6903833333333333,-995.7217895405934
0.69205,-991.8323582931572
0.6937166666666665,-985.5413767441834
0.6953833333333335,-976.0294114127892
0.69705,-962.5211641949235
0.6987166666666667,-944.436514258588
0.7003833333333334,-921.5472829162829
0.7020500000000001,-894.1039633444063
0.7037166666666668,-862.8974533001415
0.7053833333333333,-829.2338721590274
0.7070666666666667,-794.8187276696874
0.7087333333333334,-761.5668004199708
0.7103999999999999,-731.3700955041545
0.7120666666666668,-705.8650025659543
0.7137333333333333,-686.2392372853305
0.7154,-673.1099638497037
0.7170666666666667,-666.4897364873857
0.7187333333333332,-665.8397944019362
0.7204000000000002,-670.1948124310909
0.7220666666666666,-678.3325880199357
0.7237333333333333,-688.95728359416
0.7254,-700.866389414699
0.7270666666666667,-713.078286830838
0.7287333333333335,-724.9068705015383
0.7303999999999999,-735.9805194362907
0.7320666666666669,-746.2119593965876
0.7337333333333333,-755.73261862422
0.7354166666666666,-764.8082453593651
0.7370833333333335,-773.7527279061045
0.73875,-782.854054487708
0.7404166666666667,-792.3218565025934
0.7420833333333334,-802.2604281093276
0.7437499999999999,-812.6663420408341
0.7454166666666668,-823.4456837286455
0.7470833333333333,-834.4437511798199
0.74875,-845.479378870446
0.7504166666666667,-856.3768821099666
0.7520833333333332,-866.9904809757091
0.7537500000000001,-877.2183865668338
0.7554166666666666,-887.0062468978606
0.7570833333333333,-896.3414472045105
0.75875,-905.241175044906
0.7604166666666667,-913.7376774632082
0.7620833333333334,-921.863918621961
0.7637666666666667,-929.6422036968368
0.7654333333333334,-937.0773941916774
0.7671000000000001,-944.1551058293111
0.7687666666666666,-950.8444373266979
0.7704333333333335,-957.1034419150574
0.7721,-962.8857723264423
0.7737666666666667,-968.1477681585344
0.7754333333333334,-972.8559343949221
0.7770999999999999,-976.9938285355428
0.7787666666666668,-980.5669686666536
0.7804333333333333,-983.6038160061481
0.7821,-986.1525897803496
0.7837666666666667,-988.2749901098548
0.7854333333333332,-990.0385984173224
0.7871000000000001,-991.5095153225164
0.7887666666666666,-992.7465305629869
0.7904333333333333,-993.7975467153814
0.7921,-994.6984150422264
0.7937833333333333,-995.473773682245
0.79545,-996.1394225229227
0.7971166666666667,-996.7052987761355
0.7987833333333334,-997.1785177463565
0.8004500000000001,-997.565836178868
0.8021166666666666,-997.8752774176538
0.8037833333333335,-998.1167553915254
0.80545,-998.3019162892839
0.8071166666666667,-998.4433143392407
0.8087833333333334,-998.5533314750312
0.8104499999999999,-998.643073718363
0.8121166666666668,-998.7214864225692
0.8137833333333333,-998.7948560150317
0.81545,-998.8667727442769
0.8171166666666667,-998.9384147333626
0.8187833333333334,-999.009171966002
0.8204500000000001,-999.0773447784956
0.8221166666666666,-999.1408656347268
0.8238000000000001,-999.1979324255129
0.8254666666666668,-999.2473763410222
0.8271333333333333,-999.2888947014179
0.8288000000000002,-999.3229950775034
0.8304666666666667,-999.3508509357231
0.8321333333333334,-999.3740082715517
0.8338000000000001,-999.3941015561084
0.8354666666666666,-999.4125883092231
0.8371333333333335,-999.4305442084701
0.8388,-999.4486211796518
0.8404666666666667,-999.4670101438961
0.8421333333333334,-999.485566746204
0.8437999999999999,-999.503927770771
0.8454666666666668,-999.5216508393743
0.8471333333333333,-999.538307543629
0.8488166666666666,-999.5535905470856
0.8504833333333335,-999.5673554947448
0.85215,-999.5796163564453
0.8538166666666667,-999.5905361136378
0.8554833333333334,-999.6003848498689
0.8571500000000001,-999.6094699015885
0.8588166666666668,-999.6180986052464
0.8604833333333333,-999.6265177613247
0.8621500000000002,-999.6348950078874
0.8638166666666667,-999.6432908809014
0.8654833333333334,-999.6516820973026
0.8671500000000001,-999.6599708682205
0.8688166666666666,-999.6680268084947
0.8704833333333335,-999.6757148763518
0.87215,-999.6829372829212
0.8738166666666667,-999.6896707451389
0.8754833333333334,-999.6959525159076
0.8771500000000001,-999.7018803840978
0.8788166666666668,-999.7075847348699
0.8804833333333333,-999.7131773269331
0.8821666666666665,-999.718741979319
0.8838333333333335,-999.7243159449307
0.8855,-999.7298805973167
0.8871666666666667,-999.7353660872836
0.8888333333333334,-999.7406932524129
0.8905000000000001,-999.745768960447
0.8921666666666668,-999.750541988644
0.8938333333333333,-999.754984397327
0.8955000000000002,-999.759128782786
0.8971666666666667,-999.7630310243754
0.8988333333333334,-999.7667889109658
0.9005000000000001,-999.7704816049759
0.9021666666666666,-999.7741789555988
0.9038333333333335,-999.7779135591247
0.9055,-999.781676102328
0.9071666666666667,-999.7854339889183
0.9088333333333334,-999.7891313395412
0.9105166666666666,-999.7927169314552
0.9121833333333333,-999.7961488551442
0.91385,-999.7994224539955
0.9155166666666668,-999.8025470412348
0.9171833333333335,-999.8055598697651
0.91885,-999.8085028491023
0.9205166666666669,-999.8114085755365
0.9221833333333334,-999.814295675519
0.9238500000000001,-999.8171827755017
0.9255166666666668,-999.8200885019359
0.9271833333333332,-999.823031481273
0.9288500000000002,-999.8260117135131
0.9305166666666667,-999.8290291986564
0.9321833333333334,-999.8320559970252
0.9338500000000001,-999.8350548557169
0.9355166666666666,-999.8379792086025
0.9371833333333335,-999.8407592064891
0.93885,-999.8433529398606
0.9405166666666667,-999.845727812427
0.9422000000000001,-999.8478838241882
0.9438666666666666,-999.8498582280473
0.9455333333333333,-999.8517208731975
0.9472,-999.8535602352831
0.9488666666666667,-999.8554647899491
0.9505333333333335,-999.8574857599369
0.9521999999999999,-999.8596417716982
0.9538666666666669,-999.8619095421684
0.9555333333333333,-999.8642145655417
0.9572,-999.8664823360119
0.9588666666666668,-999.8686476609989
0.9605333333333332,-999.8706732875996
0.9622000000000002,-999.8725405893626
0.9638666666666666,-999.8742542229007
0.9655333333333334,-999.8758235014396
0.9672000000000001,-999.8772903344953
0.9688666666666668,-999.878687318358
0.97055,-999.8800517059304
0.9722166666666667,-999.8814207501157
0.9738833333333334,-999.8828223905912
0.9755500000000001,-999.8842705971954
0.9772166666666666,-999.8857793397669
0.9788833333333333,-999.8873579315317
0.98055,-999.8890017158766
0.9822166666666667,-999.8906827531246
0.9838833333333334,-999.8923591337597
0.9855499999999999,-999.8939656652017
0.9872166666666669,-999.8954278416445
0.9888833333333333,-999.8966804705079
0.99055,-999.8976909555018
0.9922166666666667,-999.898468609852
0.9938833333333333,-999.8990739695258
0.99555,-999.899590853555
0.9972166666666668,-999.9001356772613
0.9988833333333333,-999.9008108861283
1.0005666666666666,-999.9016909859616
1.0022333333333333,-999.9028039164389
1.0039,-999.9041310511083
1.0055666666666667,-999.9056025407768
1.0072333333333334,-999.9071252531871
1.0089000000000001,-999.9086013994686
1.0105666666666666,-999.9099378473637
1.0122333333333333,-999.9110833741311
1.0139,-999.9120333231576
1.0155666666666667,-999.9128202907335
1.0172333333333334,-999.9135280958906
1.0189000000000001,-999.9142265878219
1.0205666666666666,-999.9149949289463
1.0222333333333333,-999.9158750287796
1.0239,-999.9168901703865
1.0255666666666667,-999.918026383928
1.0272333333333334,-999.9192510731142
1.0289166666666667,-999.9205176718162
1.0305833333333334,-999.9217703006798
1.0322500000000001,-999.9229670501886
1.0339166666666668,-999.9240473843757
1.0355833333333333,-999.9249880201766
1.03725,-999.9257703311396
1.0389166666666667,-999.9263989738778
1.0405833333333334,-999.9269158579069
1.0422500000000001,-999.9273768625816
1.0439166666666668,-999.9278611503206
1.0455833333333333,-999.92844322693
1.04725,-999.9291836283771
1.0489166666666667,-999.9301056377265
1.0505833333333334,-999.931204598365
1.0522500000000001,-999.9324199743254
1.0539166666666666,-999.9336772598017
1.0555833333333333,-999.9348740093106
1.05725,-999.9359403736592
1.0589333333333333,-999.9368204734925
1.0606,-999.9375096521981
1.0622666666666667,-999.9380311928401
1.0639333333333334,-999.9384502879989
1.0656,-999.9388228170288
1.0672666666666668,-999.9392232857361
1.0689333333333333,-999.9397075734752
1.0706,-999.9402849934717
1.0722666666666667,-999.9409555457257
1.0739333333333334,-999.9416726641085
1.0756000000000001,-999.9423851258784
1.0772666666666668,-999.9430510215196
1.0789333333333333,-999.943633098129
1.0806,-999.9441266990938
1.0822666666666667,-999.9445364810268
1.0839333333333334,-999.9448857269924
1.0856000000000001,-999.945202376668
1.0872666666666668,-999.9455190263435
1.08895,-999.9458682723091
1.0906166666666668,-999.946282710855
1.0922833333333335,-999.9467949382713
1.09395,-999.9474189243966
1.0956166666666667,-999.9481593258438
1.0972833333333334,-999.9490021727742
1.09895,-999.9499148688977
1.1006166666666668,-999.9508601613114
1.1022833333333333,-999.9517775140478
1.10395,-999.9526063911396
1.1056166666666667,-999.953300226458
1.1072833333333334,-999.9538171104872
1.10895,-999.9541616998399
1.1106166666666668,-999.9543619341936
1.1122833333333333,-999.9544783495155
1.11395,-999.9545854516116
1.1156166666666667,-999.9547670595138
1.1173,-999.9550883658021
1.1189666666666667,-999.9555866233798
1.1206333333333334,-999.956252519021
1.1223,-999.9570441432097
1.1239666666666668,-999.9578776769143
1.1256333333333335,-999.9586739577161
1.1273,-999.9593631364216
1.1289666666666667,-999.959907960128
1.1306333333333334,-999.9603084288352
1.1323,-999.9605878256078
1.1339666666666668,-999.9608066864129
1.1356333333333335,-999.9610395170566
1.1373,-999.9613515101194
1.1389666666666667,-999.9618032015683
1.1406333333333334,-999.9624365009192
1.1423,-999.9632607213982
1.1439666666666668,-999.9642525799406
1.14565,-999.9653515405791
1.1473166666666668,-999.9664830975079
1.1489833333333335,-999.9675448052434
1.15065,-999.9684528447541
1.1523166666666667,-999.9691420234597
1.1539833333333334,-999.9695844016827
1.15565,-999.9697939492621
1.1573166666666668,-999.9698172323265
1.1589833333333335,-999.9697380699076
1.16065,-999.9696402810373
1.1623166666666667,-999.9696169979729
1.1639833333333334,-999.9697380699076
1.16565,-999.9700454063574
1.1673166666666668,-999.9705483205479
1.1689833333333335,-999.9712095595762
1.17065,-999.9719732440877
1.1723166666666667,-999.9727648682765
1.1739833333333334,-999.9735052697237
1.1756666666666666,-999.9741385690747
1.1773333333333333,-999.9746321700395
1.179,-999.974990729231
1.1806666666666668,-999.9752468429391
1.1823333333333335,-999.9754657037442
1.1840000000000002,-999.9757078476136
1.1856666666666666,-999.976033810515
1.1873333333333334,-999.976480845351
1.189,-999.9770536087346
1.1906666666666668,-999.9777381308273
1.1923333333333335,-999.9784925021131
1.194,-999.9792654998504
1.1956666666666667,-999.9800105579104
1.1973333333333334,-999.9806811101645
1.199,-999.9812631867738
1.2006666666666668,-999.9817614443515
1.2023333333333335,-999.9822038225747
1.204,-999.9826089478948
1.2056833333333334,-999.9830140732149
1.2073500000000001,-999.9834517948252
1.2090166666666666,-999.9839360825642
1.2106833333333333,-999.9844995327222
1.21235,-999.9851374886861
1.2140166666666667,-999.985849950456
1.2156833333333334,-999.9866043217418
1.2173500000000002,-999.9873633496404
1.2190166666666666,-999.9880804680232
1.2206833333333333,-999.9887137673743
1.22235,-999.9892120249519
1.2240166666666668,-999.9895566143047
1.2256833333333335,-999.9897475354326
1.2273500000000002,-999.989803414787
1.2290166666666666,-999.9897801317227
1.2306833333333334,-999.9897475354326
1.23235,-999.9897754751098
1.2340166666666668,-999.9899337999476
1.2357,-999.9902644194617
1.2373666666666667,-999.9907719902651
1.2390333333333334,-999.9914192594548
1.2407000000000001,-999.9921410344505
1.2423666666666666,-999.9928721226719
1.2440333333333333,-999.9935380183131
1.2457,-999.9940874986323
1.2473666666666667,-999.994506593791
1.2490333333333334,-999.9947906471765
1.2507000000000001,-999.9949675984657
1.2523666666666666,-999.995070043949
1.2540333333333333,-999.9951492063678
1.2557,-999.9952516518512
1.2573666666666667,-999.9954239465275
1.2590333333333334,-999.9957079999128
1.2607000000000002,-999.9961084686202
1.2623666666666666,-999.9966300092622
1.2640500000000001,-999.997235368936
1.2657166666666668,-999.9978919513513
1.2673833333333333,-999.9985345639282
1.26905,-999.9991166405375
1.2707166666666667,-999.9995776452122
1.2723833333333334,-999.9998942948878
1.2740500000000001,-1000.0000619329512
1.2757166666666668,-1000.0001131556928
1.2773833333333333,-1000.0000898726285
1.27905,-1000.0000526197255
1.2807166666666667,-1000.0000572763383
1.2823833333333334,-1000.0001550652088
1.2840500000000001,-1000.0003785826268
1.2857166666666666,-1000.0007324852053
1.2873833333333333,-1000.0012028031057
1.28905,-1000.0017383135863
1.2907166666666667,-1000.0022877939056
1.2923833333333334,-1000.0027860514832
1.2940500000000001,-1000.0031958334163
1.2957333333333334,-1000.0034985132531
1.2974,-1000.0036940909939
1.2990666666666668,-1000.0038198195416
1.3007333333333333,-1000.0039129517991
1.3024,-1000.004029367121
1.3040666666666667,-1000.0042016617973
1.3057333333333334,-1000.0044670887312
1.3074000000000001,-1000.0048442743741
1.3090666666666668,-1000.0053285621132
1.3107333333333333,-1000.005892012271
1.3124,-1000.006492715332
1.3140666666666667,-1000.0070701353285
1.3157333333333334,-1000.007573049519
1.3174000000000001,-1000.0079595483877
1.3190666666666668,-1000.008211005483
1.3207333333333333,-1000.0083367340305
1.3224,-1000.0083693303206
1.3240833333333335,-1000.0083507038692
1.32575,-1000.008355360482
1.3274166666666667,-1000.0084391795139
1.3290833333333334,-1000.008653383706
1.33075,-1000.0090259127361
1.3324166666666668,-1000.0095474533781
1.3340833333333333,-1000.0101854093421
1.33575,-1000.0108699314347
1.3374166666666667,-1000.0115358270758
1.3390833333333334,-1000.0121225602982
1.34075,-1000.0126021914243
1.3424166666666668,-1000.0129747204543
1.3440833333333333,-1000.0132541172268
1.34575,-1000.0134822912577
1.3474166666666667,-1000.0137011520628
1.3490833333333334,-1000.013957265771
1.3507500000000001,-1000.0142646022207
1.3524333333333334,-1000.0146371312508
1.3541,-1000.0150608830224
1.3557666666666668,-1000.0155079178585
1.3574333333333335,-1000.0159549526944
1.3591,-1000.0163740478532
1.3607666666666667,-1000.0167465768833
1.3624333333333334,-1000.0170446001073
1.3641,-1000.0172448344609
1.3657666666666668,-1000.0173426233313
1.3674333333333335,-1000.0173333101055
1.3691,-1000.0172355212352
1.3707666666666667,-1000.0170771963974
1.3724333333333334,-1000.0169095583339
1.3741,-1000.0167745165605
1.3757666666666668,-1000.0167232938188
1.3774333333333335,-1000.0167838297863
1.3791,-1000.0169840641399
1.3807666666666667,-1000.017314683654
1.38245,-1000.0177617184901
1.3841166666666667,-1000.0182786025192
1.3857833333333334,-1000.018809456387
1.38745,-1000.0192751176745
1.3891166666666668,-1000.0196057371886
1.3907833333333335,-1000.0197500921878
1.39245,-1000.0196802429947
1.3941166666666667,-1000.0194241292866
1.3957833333333334,-1000.0190609134822
1.39745,-1000.0187023542909
1.3991166666666668,-1000.0184695236471
1.4007833333333335,-1000.0184648670343
1.40245,-1000.0187442638068
1.4041166666666667,-1000.0193123705775
1.4057833333333334,-1000.0200993381534
1.40745,-1000.0209840945997
1.4091166666666668,-1000.0218269415301
1.4107833333333335,-1000.0224881805584
1.4124666666666668,-1000.0228653662014
1.4141333333333335,-1000.0229352153945
1.4158000000000002,-1000.0227163545893
1.4174666666666667,-1000.0223019160434
1.4191333333333334,-1000.0218176283043
1.4208,-1000.0213892199199
1.4224666666666668,-1000.0211331062118
1.4241333333333335,-1000.0211191363732
1.4258000000000002,-1000.0213566236297
1.4274666666666667,-1000.0218129716915
1.4291333333333334,-1000.0224136747524
1.4308,-1000.0230562873292
1.4324666666666668,-1000.0236383639386
1.4341333333333335,-1000.0240900553875
1.4358,-1000.0243601389343
1.4374666666666667,-1000.0244393013531
1.4391333333333334,-1000.0243554823214
1.4408166666666666,-1000.0241692178064
1.4424833333333333,-1000.0239550136141
1.44415,-1000.0237920321634
1.4458166666666667,-1000.0237408094218
1.4474833333333335,-1000.023847911518
1.4491500000000002,-1000.0241226516777
1.4508166666666666,-1000.0245557166751
1.4524833333333333,-1000.0251005403815
1.45415,-1000.0256872736037
1.4558166666666668,-1000.0262507237617
1.4574833333333335,-1000.0267163850491
1.4591500000000002,-1000.0270376913376
1.4608166666666667,-1000.0271960161753
1.4624833333333334,-1000.0272006727881
1.46415,-1000.0270749442406
1.4658166666666668,-1000.0268607400483
1.4674833333333335,-1000.0265999697273
1.4691500000000002,-1000.0263438560191
1.4708333333333334,-1000.0261436216655
1.4725000000000001,-1000.0260318629565
1.4741666666666668,-1000.0260458327951
1.4758333333333333,-1000.0261715613427
1.4775,-1000.0263811089221
1.4791666666666667,-1000.0266232527916
1.4808333333333334,-1000.026832800371
1.4825000000000002,-1000.0269585289186
1.4841666666666666,-1000.0269771553701
1.4858333333333333,-1000.0268886797255
1.4875,-1000.0267163850491
1.4891666666666667,-1000.0265161506956
1.4908333333333335,-1000.0263578258578
1.4925000000000002,-1000.0263019465033
1.4941666666666666,-1000.0263997353736
1.4958333333333333,-1000.0266791321461
1.4975,-1000.027130823595
1.4991666666666668,-1000.0277175568174
1.50085,-1000.0283694826198
1.5025166666666667,-1000.028998125358
1.5041833333333334,-1000.029519666
1.5058500000000001,-1000.0298689119657
1.5075166666666668,-1000.0300132669648
1.5091833333333333,-1000.0299667008361
1.51085,-1000.0297664664824
1.5125166666666667,-1000.0294917263228
1.5141833333333334,-1000.0292123295503
1.5158500000000001,-1000.0290074385838
1.5175166666666668,-1000.0289329327778
1.5191833333333333,-1000.0290027819709
1.52085,-1000.0291983597117
1.5225166666666667,-1000.0294730998713
1.5241833333333334,-1000.0297524966438
1.5258500000000002,-1000.0299946405133
1.5275166666666666,-1000.0301436521253
1.5291833333333333,-1000.0301809050284
1.5308666666666668,-1000.0300970859965
1.5325333333333333,-1000.0299154780945
1.5342,-1000.0296686776121
1.5358666666666667,-1000.0294125639039
1.5375333333333334,-1000.0292123295503
1.5392000000000001,-1000.02914713697
1.5408666666666668,-1000.0292542390662
1.5425333333333333,-1000.0295662321288
1.5442,-1000.0300644897064
1.5458666666666667,-1000.0306931324446
1.5475333333333334,-1000.0313916243759
1.5492000000000001,-1000.0320714898556
1.5508666666666668,-1000.0326721929166
1.5525333333333333,-1000.0331378542041
1.5542,-1000.0334125943638
1.5558666666666667,-1000.033477786944
1.5575333333333334,-1000.0333241187191
1.5592166666666667,-1000.0329795293663
1.5608833333333334,-1000.0324998982402
1.56255,-1000.0319737009853
1.5642166666666668,-1000.0314940698591
1.5658833333333335,-1000.0311541371193
1.56755,-1000.0310284085716
1.5692166666666667,-1000.0311541371193
1.5708833333333334,-1000.0315126963106
1.5725500000000001,-1000.0320482067913
1.5742166666666668,-1000.0326768495295
1.5758833333333333,-1000.0332868658161
1.57755,-1000.0337804667809
1.5792166666666667,-1000.0340924598436
1.5808833333333334,-1000.0341809354882
1.5825500000000001,-1000.034078490005
1.5842166666666668,-1000.0338363461354
1.5858833333333333,-1000.03355229275
1.58755,-1000.0333054922676
1.5892333333333335,-1000.0331751071071
1.5909,-1000.0331937335586
1.5925666666666667,-1000.0333706848479
1.5942333333333334,-1000.0336780212976
1.5959,-1000.0340598635535
1.5975666666666668,-1000.0344649888735
1.5992333333333335,-1000.0348282046779
1.6009,-1000.0351029448375
1.6025666666666667,-1000.0352519564494
1.6042333333333334,-1000.0352705829009
1.6059,-1000.0351634808048
1.6075666666666668,-1000.0349585898383
1.6092333333333335,-1000.0347117893559
1.6109,-1000.0344743020993
1.6125666666666667,-1000.0343066640359
1.6142333333333334,-1000.0342554412941
1.6159000000000001,-1000.0343346037131
1.6175833333333334,-1000.034562777744
1.61925,-1000.0349166803225
1.6209166666666668,-1000.0353590585456
1.6225833333333335,-1000.0358340330589
1.62425,-1000.0362764112821
1.6259166666666667,-1000.036611687409
1.6275833333333334,-1000.0367932953112
1.62925,-1000.0367932953112
1.6309166666666668,-1000.0366349704734
1.6325833333333335,-1000.0363648869267
1.63425,-1000.036052893864
1.6359166666666667,-1000.0357828103173
1.6375833333333334,-1000.0356198288666
1.63925,-1000.0355965458023
1.6409166666666668,-1000.0357036478983
1.6425833333333335,-1000.0359131954777
1.64425,-1000.0361786224116
1.6459166666666667,-1000.0364487059584
1.6476000000000002,-1000.0366722233764
1.6492666666666667,-1000.0368212349885
1.6509333333333334,-1000.0368817709558
1.6526,-1000.0368678011172
1.6542666666666668,-1000.0368165783756
1.6559333333333335,-1000.0367700122468
1.6576000000000002,-1000.0367886386983
1.6592666666666667,-1000.0369003974073
1.6609333333333334,-1000.0371239148253
1.6626,-1000.0374452211137
1.6642666666666668,-1000.037845689821
1.6659333333333335,-1000.0382787548184
1.6676,-1000.0386978499772
1.6692666666666667,-1000.0390470959428
1.6709333333333334,-1000.0392938964252
1.6726,-1000.039410311747
1.6742666666666668,-1000.0393870286827
1.6759333333333335,-1000.0392333604578
1.6776166666666668,-1000.0389725901368
1.6792833333333335,-1000.0386419706226
1.6809500000000002,-1000.0382880680442
1.6826166666666666,-1000.0379714183687
1.6842833333333334,-1000.0377292744992
1.68595,-1000.0376128591772
1.6876166666666668,-1000.0376454554673
1.6892833333333335,-1000.0378317199824
1.6909500000000002,-1000.0381623394965
1.6926166666666667,-1000.0386000611068
1.6942833333333334,-1000.03907503562
1.69595,-1000.0395174138432
1.6976166666666668,-1000.0398433767444
1.6992833333333335,-1000.0400017015822
1.7009500000000002,-1000.0399597920664
1.7026166666666667,-1000.0397362746484
1.7042833333333334,-1000.0393684022312
1.7059666666666669,-1000.0389306806209
1.7076333333333333,-1000.0385255553008
1.7093,-1000.0382461585283
1.7109666666666667,-1000.0381716527222
1.7126333333333335,-1000.0383346341729
1.7143000000000002,-1000.0387118198158
1.7159666666666666,-1000.0392333604578
1.7176333333333333,-1000.0397921540028
1.7193,-1000.0402857549676
1.7209666666666668,-1000.0406256877075
1.7226333333333335,-1000.0407793559324
1.7243000000000002,-1000.0407514162551
1.7259666666666666,-1000.0405837781916
1.7276333333333334,-1000.0403369777092
1.7293,-1000.0400808640011
1.7309666666666668,-1000.0398713164217
1.73265,-1000.0397642143256
1.7343166666666667,-1000.03978749739
1.7359833333333334,-1000.039936509002
1.7376500000000001,-1000.040197279323
1.7393166666666668,-1000.04053255545
1.7409833333333333,-1000.0408818014156
1.74265,-1000.0411984510912
1.7443166666666667,-1000.0414405949607
1.7459833333333334,-1000.041575636734
1.7476500000000001,-1000.0416082330241
1.7493166666666669,-1000.0415570102825
1.7509833333333333,-1000.0414778478637
1.75265,-1000.0414359383478
1.7543166666666667,-1000.0414871610894
1.7559833333333335,-1000.0416687689916
1.7576500000000002,-1000.0419714488285
1.7593166666666669,-1000.04236260431
1.7609833333333333,-1000.042772386243
1.76265,-1000.0431169755958
1.7643166666666668,-1000.0433218665622
1.766,-1000.0433404930138
1.7676666666666667,-1000.0431542284988
1.7693333333333334,-1000.0427863560816
1.7710000000000001,-1000.0423020683426
1.7726666666666668,-1000.0417758710877
1.7743333333333333,-1000.0413055531873
1.776,-1000.0409842468989
1.7776666666666667,-1000.0408538617384
1.7793333333333334,-1000.0409469939959
1.7810000000000001,-1000.0412357039942
1.7826666666666668,-1000.0416594557659
1.7843333333333333,-1000.0421484001178
1.786,-1000.0426000915666
1.7876666666666667,-1000.0429400243065
1.7893333333333334,-1000.0431030057572
1.7910000000000001,-1000.0430610962412
1.7926666666666669,-1000.042809639146
1.7943500000000001,-1000.0423952006001
1.7960166666666668,-1000.0418690033451
1.7976833333333335,-1000.0413288362516
1.79935,-1000.0408585183512
1.8010166666666667,-1000.0405465252886
1.8026833333333334,-1000.0404487364183
1.8043500000000001,-1000.0405791215787
1.8060166666666668,-1000.0409190543187
1.8076833333333335,-1000.0414033420577
1.80935,-1000.0419295393126
1.8110166666666667,-1000.0424045138259
1.8126833333333334,-1000.04273513334
1.8143500000000001,-1000.0428608618877
1.8160166666666668,-1000.0427537597915
1.8176833333333333,-1000.042437110116
1.81935,-1000.0419621356027
1.8210166666666667,-1000.0414219685092
1.8226833333333334,-1000.0409330241573
1.8243666666666667,-1000.0405977480302
1.8260333333333334,-1000.0405046157728
1.8277,-1000.0406769104492
1.8293666666666668,-1000.0411053188336
1.8310333333333335,-1000.0417199917332
1.8327,-1000.0424184836645
1.8343666666666667,-1000.043070409467
1.8360333333333334,-1000.0435733236575
1.8377000000000001,-1000.0438527204301
1.8393666666666668,-1000.0438899733331
1.8410333333333335,-1000.0437176786567
1.8427,-1000.043405685594
1.8443666666666667,-1000.0430424697897
1.8460333333333334,-1000.0427165068885
1.8477000000000001,-1000.0424836762447
1.8493666666666668,-1000.0423672609229
1.8510333333333335,-1000.0423672609229
1.8527166666666668,-1000.0424417667289
1.8543833333333335,-1000.0425395555992
1.8560500000000002,-1000.0426187180182
1.8577166666666667,-1000.0426466576954
1.8593833333333334,-1000.0426094047924
1.86105,-1000.0425069593091
1.8627166666666668,-1000.0423672609229
1.8643833333333335,-1000.0421903096336
1.86605,-1000.0420040451186
1.8677166666666667,-1000.0418177806035
1.8693833333333334,-1000.0416501425401
1.87105,-1000.041538383831
1.8727166666666668,-1000.0415151007667
1.8743833333333335,-1000.041612889637
1.87605,-1000.0418317504422
1.8777166666666667,-1000.0421623699564
1.8793833333333334,-1000.0425628386636
1.88105,-1000.0429679639838
1.8827166666666668,-1000.0433172099494
1.8844,-1000.0435500405931
1.8860666666666668,-1000.0436292030121
1.8877333333333335,-1000.0435360707545
1.8894000000000002,-1000.0432985834979
1.8910666666666667,-1000.0429539941451
1.8927333333333334,-1000.0425721518893
1.8944,-1000.0422275625366
1.8960666666666668,-1000.0419854186671
1.8977333333333335,-1000.0418736599581
1.8994000000000002,-1000.041915569474
1.9010666666666667,-1000.0420832075374
1.9027333333333334,-1000.0423486344713
1.9044,-1000.0426652841469
1.9060666666666668,-1000.0429726205966
1.9077333333333335,-1000.0432240776919
1.9094,-1000.0433684326911
1.9110666666666667,-1000.0433684326911
1.9127500000000002,-1000.0432101078533
1.9144166666666667,-1000.0428981147907
1.9160833333333334,-1000.0424557365675
1.91775,-1000.0419388525384
1.9194166666666668,-1000.0414219685092
1.9210833333333335,-1000.040979590286
1.9227500000000002,-1000.0406908802878
1.9244166666666667,-1000.0405930914173
1.9260833333333334,-1000.0407141633522
1.92775,-1000.041016843189
1.9294166666666668,-1000.0414359383478
1.9310833333333335,-1000.0418829731839
1.9327500000000002,-1000.042250845601
1.9344166666666667,-1000.0424650497932
1.9360833333333334,-1000.0424790196319
1.93775,-1000.0423206947941
1.9394166666666668,-1000.0420412980216
1.9411,-1000.0417386181847
1.9427666666666668,-1000.0415151007667
1.9444333333333335,-1000.0414499081865
1.9461000000000002,-1000.0415942631855
1.9477666666666669,-1000.0419295393126
1.9494333333333334,-1000.0424091704388
1.9511,-1000.0429400243065
1.9527666666666668,-1000.0434149988198
1.9544333333333335,-1000.043740961721
1.9561000000000002,-1000.0438527204301
1.9577666666666667,-1000.0437269918824
1.9594333333333334,-1000.0433917157554
1.9611,-1000.0429167412422
1.9627666666666668,-1000.0423812307615
1.9644333333333335,-1000.041878316571
1.9661000000000002,-1000.041501130928
1.9677666666666667,-1000.041314866413
1.9694333333333334,-1000.0413428060903
1.9711166666666669,-1000.0415849499598
1.9727833333333333,-1000.0419761054413
1.97445,-1000.0424464233417
1.9761166666666667,-1000.0428934581778
1.9777833333333334,-1000.0432287343048
1.9794500000000002,-1000.0433963723683
1.9811166666666669,-1000.0433684326911
1.9827833333333333,-1000.0431588851117
1.98445,-1000.0428189523717
1.9861166666666668,-1000.0424231402774
1.9877833333333335,-1000.042059924473
1.9894500000000002,-1000.0417944975392
1.9911166666666669,-1000.0416780822173
1.9927833333333334,-1000.0417153351203
1.99445,-1000.0418829731839
1.9961166666666668,-1000.0421251170534
1.9977833333333335,-1000.0423905439873
1.9994500000000002,-1000.0426326878568
2.001133333333333,-1000.0428282655974
2.0028,-1000.0429446809194
2.0044666666666666,-1000.0429772772095
2.0061333333333335,-1000.0429120846293
2.0078,-1000.0427677296301
2.009466666666667,-1000.0425535254378
2.0111333333333334,-1000.0423020683426
2.0128,-1000.0420506112473
2.014466666666667,-1000.041836407055
2.0161333333333333,-1000.0416967086688
2.0178000000000003,-1000.041654799153
2.0194666666666667,-1000.0417199917332
2.0211333333333332,-1000.0418922864096
2.0228,-1000.042139086892
2.0244666666666666,-1000.0424184836645
2.0261333333333336,-1000.0426699407598
2.0278,-1000.0428468920489
2.0294833333333333,-1000.0429074280164
2.0311500000000002,-1000.0428562052748
2.0328166666666667,-1000.0427071936627
2.0344833333333336,-1000.0425302423735
2.03615,-1000.0423858873744
2.0378166666666666,-1000.0423532910842
2.0394833333333335,-1000.0424883328576
2.04115,-1000.0428189523717
2.042816666666667,-1000.0433125533365
2.0444833333333334,-1000.0439272262361
2.04615,-1000.0445698388129
2.047816666666667,-1000.0451426021965
2.0494833333333333,-1000.0455616973553
2.0511500000000003,-1000.0457712449346
2.0528166666666667,-1000.0457619317089
2.054483333333333,-1000.0455477275167
2.05615,-1000.0451845117124
2.0578166666666666,-1000.0447421334892
2.0595,-1000.0442857854274
2.061166666666667,-1000.0438853167202
2.0628333333333333,-1000.0435779802704
2.0645000000000002,-1000.0433963723683
2.0661666666666667,-1000.0433451496267
2.0678333333333336,-1000.043405685594
2.0695,-1000.043554697206
2.0711666666666666,-1000.0437549315596
2.0728333333333335,-1000.0439411960747
2.0745,-1000.0440576113965
2.076166666666667,-1000.0440436415579
2.0778333333333334,-1000.0438480638172
2.0795,-1000.0434662215614
2.081166666666667,-1000.0429260544679
2.0828333333333333,-1000.0423020683426
2.0845000000000002,-1000.0417060218946
2.0861666666666667,-1000.0412589870585
2.08785,-1000.0410494394791
2.089516666666667,-1000.041128601898
2.0911833333333334,-1000.0414871610894
2.0928500000000003,-1000.0420506112473
2.094516666666667,-1000.0427211635014
2.0961833333333333,-1000.0433730893039
2.09785,-1000.043894629946
2.0995166666666667,-1000.0442019663957
2.1011833333333336,-1000.0442578457502
2.10285,-1000.0440762378481
2.1045166666666666,-1000.0436990522052
2.1061833333333335,-1000.0432240776919
2.10785,-1000.04273513334
2.109516666666667,-1000.0423160381812
2.1111833333333334,-1000.0420273281829
2.11285,-1000.0418876297967
2.114516666666667,-1000.0418829731839
2.1161833333333333,-1000.0419854186671
2.1178500000000002,-1000.0421623699564
2.1195333333333335,-1000.0423719175358
2.1212,-1000.0425907783408
2.122866666666667,-1000.0427863560816
2.1245333333333334,-1000.0429446809194
2.1262000000000003,-1000.0430284999511
2.127866666666667,-1000.043033156564
2.1295333333333333,-1000.0429493375323
2.1312,-1000.0428003259202
2.1328666666666667,-1000.042623374631
2.1345333333333336,-1000.0424650497932
2.1362,-1000.0423765741486
2.1378666666666666,-1000.0423905439873
2.1395333333333335,-1000.0425162725348
2.1412,-1000.04273513334
2.142866666666667,-1000.0429912470481
2.14455,-1000.0432147644661
2.1462,-1000.0433451496267
2.1478833333333336,-1000.043335836401
2.14955,-1000.0431728549503
2.1512166666666666,-1000.042884144952
2.1528833333333335,-1000.0425348989863
2.15455,-1000.0422042794722
2.156216666666667,-1000.0419761054413
2.1578833333333334,-1000.0418876297967
2.1595500000000003,-1000.0419621356027
2.161216666666667,-1000.0421670265692
2.1628833333333333,-1000.0424650497932
2.16455,-1000.0427910126945
2.1662166666666667,-1000.0431030057572
2.1678833333333336,-1000.0433498062396
2.16955,-1000.0435127876901
2.1712166666666666,-1000.0435826368833
2.1728833333333335,-1000.043554697206
2.17455,-1000.043442938497
2.176216666666667,-1000.0432706438206
2.1779,-1000.0430657528541
2.1795666666666667,-1000.0428608618877
2.1812333333333336,-1000.0427118502756
2.1829,-1000.0426699407598
2.184566666666667,-1000.0427677296301
2.1862333333333335,-1000.0430284999511
2.1879,-1000.0434243120455
2.189566666666667,-1000.0439085997846
2.1912333333333334,-1000.0444022007493
2.1929000000000003,-1000.0448212959082
2.1945666666666668,-1000.0450960360678
2.1962333333333333,-1000.0451705418737
2.1979,-1000.0450261868746
2.1995666666666667,-1000.0446862541347
2.2012333333333336,-1000.0442205928472
2.2029,-1000.0437130220438
2.2045833333333333,-1000.0432613305949
2.2062500000000003,-1000.0429539941451
2.2079166666666667,-1000.0428282655974
2.2095833333333332,-1000.042884144952
2.21125,-1000.0430843793056
2.2129166666666666,-1000.0433637760782
2.2145833333333336,-1000.0436617993022
2.21625,-1000.0439272262361
2.217916666666667,-1000.0441228039768
2.2195833333333335,-1000.04422524946
2.22125,-1000.0442438759115
2.222916666666667,-1000.04419265317
2.2245833333333334,-1000.0441041775254
2.2262500000000003,-1000.0440110452678
2.2279166666666668,-1000.0439411960747
2.2295833333333333,-1000.0439365394618
2.23125,-1000.044001732042
2.2329166666666667,-1000.044155400267
2.2346,-1000.0443882309107
2.236266666666667,-1000.0446815975218
2.2379333333333333,-1000.0450029038102
2.2396000000000003,-1000.04531024026
2.2412666666666667,-1000.0455570407424
2.2429333333333332,-1000.0457013957415
2.2446,-1000.0457153655801
2.2462666666666666,-1000.045608263484
2.2479333333333336,-1000.0454033725175
2.2496,-1000.045161228648
2.251266666666667,-1000.0449563376815
2.2529333333333335,-1000.0448492355854
2.2546,-1000.0448864884884
2.256266666666667,-1000.0450774096163
2.2579333333333333,-1000.0453940592918
2.2596000000000003,-1000.0457712449346
2.2612666666666668,-1000.0461111776746
2.2629333333333332,-1000.0463300384797
2.264616666666667,-1000.0463626347698
2.2662833333333334,-1000.0461717136419
2.26795,-1000.0457712449346
2.269616666666667,-1000.0452217646153
2.2712833333333333,-1000.044602435103
2.2729500000000002,-1000.0440157018807
2.2746166666666667,-1000.0435453839802
2.2762833333333337,-1000.0432613305949
2.27795,-1000.0431868247889
2.2796166666666666,-1000.0433172099494
2.2812833333333336,-1000.043596606722
2.28295,-1000.043964479139
2.284616666666667,-1000.0443463213949
2.2862833333333334,-1000.044676940909
2.28795,-1000.044900458327
2.289616666666667,-1000.0449889339716
2.2913,-1000.0449190847785
2.2929500000000003,-1000.0447002239733
2.2946333333333335,-1000.0443649478464
2.2963,-1000.0439691357519
2.297966666666667,-1000.0435733236575
2.2996333333333334,-1000.0432427041434
2.3013,-1000.0430284999511
2.302966666666667,-1000.0429539941451
2.3046333333333333,-1000.043033156564
2.3063000000000002,-1000.0432287343048
2.3079666666666667,-1000.0434895046258
2.3096333333333336,-1000.0437363051082
2.3113,-1000.0438853167202
2.3129666666666666,-1000.0438760034945
2.3146333333333335,-1000.0436757691408
2.3163,-1000.0433032401107
2.317966666666667,-1000.0428049825331
2.3196333333333334,-1000.0422694720525
2.3213166666666667,-1000.041799154152
2.3229833333333336,-1000.0414731912508
2.32465,-1000.0413428060903
2.3263166666666666,-1000.0414033420577
2.3279833333333335,-1000.0416082330241
2.32965,-1000.0418736599581
2.331316666666667,-1000.0421111472147
2.3329833333333334,-1000.0422461889881
2.33465,-1000.042250845601
2.336316666666667,-1000.042139086892
2.3379833333333333,-1000.0419621356027
2.3396500000000002,-1000.0417851843134
2.3413166666666667,-1000.0416780822173
2.3429833333333336,-1000.0417013652817
2.34465,-1000.041878316571
2.3463166666666666,-1000.0421949662465
2.3479833333333335,-1000.0426187180182
2.34965,-1000.0430936925314
2.3513333333333333,-1000.0435593538189
2.3529833333333334,-1000.0439598225262
2.3546666666666667,-1000.0442485325244
2.3563333333333336,-1000.0444115139751
2.358,-1000.0444347970395
2.3596666666666666,-1000.0443370081691
2.3613333333333335,-1000.0441321172026
2.363,-1000.0438480638172
2.364666666666667,-1000.0435081310773
2.3663333333333334,-1000.043144915273
2.3680000000000003,-1000.0427956693073
2.369666666666667,-1000.0425069593091
2.3713333333333333,-1000.0423113815683
2.373,-1000.0422322191495
2.3746666666666667,-1000.0422694720525
2.3763333333333336,-1000.0423858873744
2.378,-1000.0425395555992
2.3796666666666666,-1000.0426699407598
2.3813500000000003,-1000.0427258201142
2.383016666666667,-1000.0426699407598
2.3846833333333333,-1000.0424883328576
2.38635,-1000.0421996228594
2.3880166666666667,-1000.0418410636679
2.3896833333333336,-1000.0414778478637
2.39135,-1000.041170511414
2.3930166666666666,-1000.0409842468989
2.3946833333333335,-1000.0409563072217
2.39635,-1000.0410820357693
2.398016666666667,-1000.0413381494774
2.3996833333333334,-1000.0416594557659
2.4013500000000003,-1000.0419667922156
2.403016666666667,-1000.0421903096336
2.4046833333333333,-1000.0422787852782
2.40635,-1000.042213592698
2.4080333333333335,-1000.0420040451186
2.4096833333333336,-1000.0416780822173
2.411366666666667,-1000.0412729568972
2.4130333333333334,-1000.040830578674
2.4147000000000003,-1000.0403975136766
2.4163666666666668,-1000.0400249846466
2.4180333333333333,-1000.0397409312612
2.4197,-1000.0395872630363
2.4213666666666667,-1000.039563979972
2.4230333333333336,-1000.039671082068
2.4247,-1000.0398666598088
2.426366666666667,-1000.0400994904526
2.4280333333333335,-1000.0403136946449
2.4297,-1000.040458049644
2.431366666666667,-1000.0405092723856
2.4330333333333334,-1000.0404627062569
2.4347000000000003,-1000.0403276644835
2.436366666666667,-1000.0401460565813
2.43805,-1000.0399597920664
2.4397,-1000.0398154370672
2.4413833333333335,-1000.039750244487
2.44305,-1000.0397688709385
2.444716666666667,-1000.0398480333573
2.4463833333333334,-1000.0399504788406
2.4480500000000003,-1000.0400296412595
2.4497166666666668,-1000.0400389544852
2.4513833333333332,-1000.0399551354535
2.45305,-1000.0397735275513
2.4547166666666667,-1000.0395127572303
2.4563833333333336,-1000.0392147340064
2.45805,-1000.0389120541694
2.459716666666667,-1000.0386605970741
2.4613833333333335,-1000.0384929590107
2.46305,-1000.0384370796561
2.464716666666667,-1000.0385115854622
2.4663833333333334,-1000.0387025065901
2.4680500000000003,-1000.0389772467497
2.469716666666667,-1000.0392985530381
2.4714,-1000.0396012328749
2.473066666666667,-1000.0398387201316
2.4747333333333335,-1000.0399644486793
2.4764,-1000.0399411656149
2.478066666666667,-1000.0397642143256
2.4797333333333333,-1000.0394382514244
2.4814000000000003,-1000.0389958732012
2.4830666666666668,-1000.0384929590107
2.4847333333333332,-1000.0380040146588
2.4864,-1000.0376175157901
2.4880666666666666,-1000.0373939983721
2.4897333333333336,-1000.0373753719206
2.4914,-1000.0375709496614
2.493066666666667,-1000.0379248522398
2.4947333333333335,-1000.0383718870759
2.4964,-1000.0388096086862
2.4980833333333337,-1000.0391448848131
2.4997333333333334,-1000.0393078662638
2.5014166666666666,-1000.039265956748
2.5030833333333335,-1000.0390284694913
2.50475,-1000.0386512838484
2.506416666666667,-1000.0382135622382
2.5080833333333334,-1000.0378130935309
2.50975,-1000.0375383533712
2.511416666666667,-1000.0374359078879
2.5130833333333333,-1000.0375197269198
2.5147500000000003,-1000.0377572141764
2.5164166666666667,-1000.0380878336905
2.5180833333333337,-1000.0384324230432
2.51975,-1000.0387257896544
2.5214166666666666,-1000.0389073975565
2.5230833333333336,-1000.0389539636853
2.52475,-1000.0388561748149
2.526416666666667,-1000.0386373140097
2.5281000000000002,-1000.03832997756
2.5297666666666667,-1000.0379760749815
2.5314333333333336,-1000.037622172403
2.5331,-1000.0373194925661
2.5347666666666666,-1000.0371285714382
2.5364333333333335,-1000.0371099449867
2.5381,-1000.0372962095017
2.539766666666667,-1000.0377059914347
2.5414333333333334,-1000.0382973812699
2.5431,-1000.0389819033626
2.544766666666667,-1000.039633829165
2.5464333333333333,-1000.0401274301298
2.5481000000000003,-1000.040346290935
2.5497666666666667,-1000.0402531586775
2.5514333333333337,-1000.0398480333573
2.5531,-1000.0391961075549
2.5547666666666666,-1000.0384137965917
2.5564333333333336,-1000.037622172403
2.558116666666667,-1000.036946963536
2.5597833333333333,-1000.0364999287001
2.5614500000000002,-1000.0363416038623
2.5631166666666667,-1000.0364859588614
2.5647833333333336,-1000.0368957407944
2.56645,-1000.0374871306296
2.5681166666666666,-1000.0381576828836
2.5697833333333335,-1000.0388002954604
2.57145,-1000.0393218361024
2.573116666666667,-1000.0396571122294
2.5747833333333334,-1000.0397595577127
2.57645,-1000.0396198593264
2.578116666666667,-1000.0392799265866
2.5797833333333333,-1000.0387909822347
2.5814500000000002,-1000.038255471754
2.5831166666666667,-1000.0377665274021
2.5847833333333337,-1000.0374219380493
2.58645,-1000.037286896276
2.5881333333333334,-1000.0373753719206
2.5898000000000003,-1000.0376733951446
2.591466666666667,-1000.038106460142
2.5931333333333333,-1000.0385674648167
2.5948,-1000.0389493070725
2.5964666666666667,-1000.0391541980389
2.5981333333333336,-1000.0391216017488
2.5998,-1000.0388422049763
2.6014666666666666,-1000.038367230463
2.6031333333333335,-1000.0377804972408
2.6048,-1000.0372123904699
2.606466666666667,-1000.036765355634
2.6081333333333334,-1000.0365278683773
2.6098000000000003,-1000.0365325249902
2.611466666666667,-1000.0367513857954
2.6131333333333333,-1000.0371146015996
2.614816666666667,-1000.0375290401455
2.6164666666666667,-1000.0378969125626
2.61815,-1000.0381343998192
2.619816666666667,-1000.0381856225608
2.6214833333333334,-1000.0380179844974
2.6231500000000003,-1000.0376361422416
2.624816666666667,-1000.0370726920837
2.6264833333333333,-1000.0363788567653
2.62815,-1000.0356384553181
2.6298166666666667,-1000.0349446199997
2.6314833333333336,-1000.0343951396804
2.63315,-1000.0340738333921
2.6348166666666666,-1000.0340412371019
2.6364833333333335,-1000.03429735081
2.63815,-1000.0347956083878
2.639816666666667,-1000.0354428775773
2.6414833333333334,-1000.0361087732185
2.6431500000000003,-1000.0366722233764
2.6448333333333336,-1000.0370121561164
2.6464833333333333,-1000.0370773486966
2.648166666666667,-1000.0368771143429
2.6498333333333335,-1000.0364813022485
2.6515,-1000.0360109843481
2.653166666666667,-1000.0356105156409
2.6548333333333334,-1000.0354056246744
2.6565000000000003,-1000.0354708172546
2.658166666666667,-1000.0358154066074
2.6598333333333333,-1000.0363555737009
2.6615,-1000.0369516201489
2.6631666666666667,-1000.0374405645008
2.6648333333333336,-1000.0376827083703
2.6665,-1000.0375942327257
2.6681666666666666,-1000.037170480954
2.6698333333333335,-1000.0364906154742
2.6715,-1000.035680364834
2.673166666666667,-1000.034898053871
2.67485,-1000.0342787243585
2.6765000000000003,-1000.0339294783929
2.6781833333333336,-1000.033887568877
2.67985,-1000.0341250561337
2.681516666666667,-1000.0345488079054
2.6831833333333335,-1000.0350563787088
2.68485,-1000.0355220399962
2.686516666666667,-1000.0358712859619
2.6881833333333334,-1000.036052893864
2.6898500000000003,-1000.0360575504769
2.691516666666667,-1000.0358945690263
2.6931833333333333,-1000.0355918891894
2.69485,-1000.0351821072563
2.6965166666666667,-1000.0347024761302
2.6981833333333336,-1000.0342042185525
2.69985,-1000.033738557265
2.701516666666667,-1000.0333613716222
2.7031833333333335,-1000.033142510817
2.7048666666666668,-1000.0331192277526
2.706516666666667,-1000.0333194621062
2.7082,-1000.0337106175878
2.7098666666666666,-1000.0342275016169
2.7115333333333336,-1000.0347769819361
2.7132,-1000.0352379866108
2.714866666666667,-1000.0355173833833
2.7165333333333335,-1000.0355639495122
2.7182,-1000.0353730283842
2.719866666666667,-1000.0350004993542
2.7215333333333334,-1000.0345534645182
2.7232000000000003,-1000.0341436825852
2.7248666666666668,-1000.0338596291998
2.7265333333333333,-1000.0337525271036
2.7282,-1000.0338223762968
2.7298666666666667,-1000.0340132974246
2.7315333333333336,-1000.034260097907
2.7332,-1000.034483615325
2.7348833333333333,-1000.0346093438727
2.7365500000000003,-1000.034600030647
2.7382166666666667,-1000.034446362422
2.7398833333333337,-1000.0341669656495
2.74155,-1000.0337944366195
2.7432166666666666,-1000.0333799980737
2.7448833333333336,-1000.0329655595277
2.74655,-1000.0325976871106
2.748216666666667,-1000.0323229469509
2.7498833333333335,-1000.0321832485647
2.75155,-1000.0322065316291
2.753216666666667,-1000.032397452757
2.7548833333333334,-1000.032732728884
2.7565500000000003,-1000.0331751071071
2.7582166666666668,-1000.033664051459
2.7598833333333332,-1000.0341436825852
2.76155,-1000.0345581211311
2.7632166666666667,-1000.0348468311294
2.7649,-1000.0349865295155
2.766566666666667,-1000.0349772162898
2.7682333333333333,-1000.0348421745165
2.7699000000000003,-1000.0346233137113
2.7715666666666667,-1000.0343718566161
2.7732333333333337,-1000.034148339198
2.7749,-1000.0339760445216
2.7765666666666666,-1000.0338689424256
2.7782333333333336,-1000.0338037498452
2.7799,-1000.0337478704907
2.781566666666667,-1000.0336687080719
2.7832333333333334,-1000.0335429795242
2.7849,-1000.0333520583964
2.786566666666667,-1000.0331145711398
2.7882333333333333,-1000.0328491442059
2.7899000000000003,-1000.0325837172719
2.7915833333333335,-1000.0323648564669
2.7932333333333337,-1000.0322158448548
2.794916666666667,-1000.032173935339
2.7965833333333334,-1000.0322391279192
2.7982500000000003,-1000.0324114225956
2.799916666666667,-1000.032658223078
2.8015833333333333,-1000.0329515896891
2.8032500000000002,-1000.0332449563002
2.8049166666666667,-1000.0335010700084
2.8065833333333337,-1000.0336873345234
2.80825,-1000.0337618403294
2.8099166666666666,-1000.0337059609749
2.8115833333333335,-1000.033515039847
2.81325,-1000.0332030467844
2.814916666666667,-1000.0327979214642
2.8165833333333334,-1000.032360199854
2.81825,-1000.0319643877596
2.819916666666667,-1000.0316663645356
2.8216,-1000.0315313227621
2.8232500000000003,-1000.0315825455037
2.8249333333333335,-1000.0318060629218
2.8266,-1000.0321646221132
2.828266666666667,-1000.032579060659
2.8299333333333334,-1000.032956246302
2.8316000000000003,-1000.0332123600101
2.833266666666667,-1000.0332822092032
2.8349333333333333,-1000.0331471674299
2.8366000000000002,-1000.0328351743672
2.8382666666666667,-1000.0324160792085
2.8399333333333336,-1000.0319737009853
2.8416,-1000.0316058285681
2.8432666666666666,-1000.0313683413115
2.8449333333333335,-1000.0313031487312
2.8466,-1000.0314009376017
2.848266666666667,-1000.0316244550197
2.8499333333333334,-1000.0319085084051
2.8516166666666667,-1000.0321925617905
2.853266666666667,-1000.0324114225956
2.85495,-1000.0325231813046
2.8566166666666666,-1000.0325185246917
2.8582833333333335,-1000.0323927961441
2.85995,-1000.0321692787261
2.861616666666667,-1000.0318805687278
2.8632833333333334,-1000.031573232278
2.8649500000000003,-1000.0312984921184
2.866616666666667,-1000.0311075709905
2.8682833333333333,-1000.0310470350231
2.8699500000000002,-1000.0311494805064
2.8716166666666667,-1000.0314149074403
2.8732833333333336,-1000.0318060629218
2.87495,-1000.0322530977578
2.8766166666666666,-1000.0326535664651
2.8782833333333335,-1000.0329096801732
2.87995,-1000.0329283066247
2.8816333333333333,-1000.0326721929166
2.8833,-1000.0321692787261
2.8849666666666667,-1000.0314940698591
2.8866333333333336,-1000.0307676382506
2.8883,-1000.0301343388995
2.889966666666667,-1000.0297059305151
2.8916333333333335,-1000.029556918903
2.8933,-1000.029710587128
2.894966666666667,-1000.0301203690609
2.8966333333333334,-1000.0306977890575
2.8983000000000003,-1000.0313217751827
2.899966666666667,-1000.031875912115
2.9016333333333333,-1000.0322391279192
2.9033,-1000.0323508866283
2.9049666666666667,-1000.0321785919518
2.9066333333333336,-1000.0317641534059
2.908316666666667,-1000.0311681069579
2.9099666666666666,-1000.030492898091
2.9116500000000003,-1000.0298502855142
2.9133166666666668,-1000.0293427147108
2.9149833333333333,-1000.0290493480996
2.91665,-1000.0290074385838
2.9183166666666667,-1000.0292216427761
2.9199833333333336,-1000.0296547077734
2.92165,-1000.0302367843829
2.923316666666667,-1000.0308840535724
2.9249833333333335,-1000.031498726472
2.92665,-1000.0319923274368
2.928316666666667,-1000.032281037435
2.9299833333333334,-1000.0322996638865
2.9316500000000003,-1000.0320435501784
2.933316666666667,-1000.0315546058265
2.9349833333333333,-1000.0309306197013
2.93665,-1000.030306633576
2.9383166666666667,-1000.0298037193854
2.9399833333333336,-1000.0295289792258
2.941666666666667,-1000.0295103527743
2.9433333333333334,-1000.0297245569666
2.9450000000000003,-1000.0300924293837
2.9466666666666668,-1000.0305115245425
2.9483333333333337,-1000.0308793969596
2.95,-1000.0311168842162
2.9516666666666667,-1000.0311820767965
2.9533333333333336,-1000.0310796313132
2.955,-1000.0308421440566
2.956666666666667,-1000.0305441208326
2.9583333333333335,-1000.0302460976086
2.96,-1000.0300039537391
2.961666666666667,-1000.0298409722884
2.9633333333333334,-1000.0297431834181
2.9650000000000003,-1000.0297012739022
2.966666666666667,-1000.0296873040636
2.96835,-1000.0296873040636
2.97,-1000.0297059305151
2.9716833333333335,-1000.0297431834181
2.97335,-1000.0298083759983
2.975016666666667,-1000.0298875384171
2.9766833333333333,-1000.0299573876104
2.9783500000000003,-1000.0299946405133
2.9800166666666668,-1000.0299760140618
2.9816833333333337,-1000.0299108214816
2.98335,-1000.0298270024498
2.9850166666666667,-1000.0297804363211
2.9866833333333336,-1000.0298270024498
2.98835,-1000.0300179235777
2.990016666666667,-1000.0303718261562
2.9916833333333335,-1000.0308514572823
2.99335,-1000.0313962809888
2.9950333333333337,-1000.0319038517922
2.9966833333333334,-1000.0322717242093
2.9983666666666666,-1000.0324253924342
3.0000166666666668,-1000.0323229469509
3.0017,-1000.0319690443724
3.003366666666667,-1000.031424220666
3.0050333333333334,-1000.0307676382506
3.0067,-1000.0300970859965
3.008366666666667,-1000.029519666
3.0100333333333333,-1000.0291005708413
3.0117000000000003,-1000.0288817100361
3.0133666666666667,-1000.0288630835846
3.0150333333333337,-1000.0290027819709
3.0167,-1000.0292449258404
3.0183666666666666,-1000.0295336358387
3.0200333333333336,-1000.029817689224
3.0217,-1000.0300551764807
3.023366666666667,-1000.0302367843829
3.0250333333333335,-1000.0303392298661
3.0267,-1000.0303625129304
3.0283833333333336,-1000.0302973203502
3.03005,-1000.0301483087381
3.0317166666666666,-1000.0299527309975
3.0333833333333335,-1000.0297571532567
3.03505,-1000.0296081416446
3.036716666666667,-1000.0295662321288
3.0383833333333334,-1000.0296640209992
3.0400500000000004,-1000.0299015082558
3.041716666666667,-1000.0302367843829
3.0433833333333333,-1000.0306046567999
3.0450500000000003,-1000.0309119932498
3.0467166666666667,-1000.0310749747003
3.0483833333333337,-1000.0310423784102
3.05005,-1000.0308235176051
3.0517166666666666,-1000.0304649584137
3.0533833333333336,-1000.0300551764807
3.05505,-1000.0296873040636
3.056716666666667,-1000.0294358469683
3.0584000000000002,-1000.0293520279365
3.0600666666666667,-1000.0294218771297
3.0617333333333336,-1000.0296034850318
3.0634,-1000.0298363156755
3.0650666666666666,-1000.0300505198678
3.0667333333333335,-1000.0302088447056
3.0684,-1000.0302740372858
3.070066666666667,-1000.0302507542215
3.0717333333333334,-1000.0301483087381
3.0734000000000004,-1000.0299899839005
3.075066666666667,-1000.029817689224
3.0767333333333333,-1000.0296686776121
3.0784000000000002,-1000.0295848585803
3.0800666666666667,-1000.029594171806
3.0817333333333337,-1000.0297199003537
3.0834,-1000.0299667008361
3.0850666666666666,-1000.0303159468017
3.0867333333333336,-1000.0307257287348
3.088416666666667,-1000.0311541371193
3.0900833333333333,-1000.0315499492136
3.09175,-1000.0318805687278
3.0934166666666667,-1000.0320994295329
3.0950833333333336,-1000.0321879051776
3.09675,-1000.032136682436
3.0984166666666666,-1000.0319690443724
3.1000833333333335,-1000.0317129306643
3.10175,-1000.0314102508274
3.103416666666667,-1000.0311215408291
3.1050833333333334,-1000.0308980234112
3.1067500000000003,-1000.0307862647021
3.108416666666667,-1000.0308095477665
3.1100833333333333,-1000.0309678726043
3.1117500000000002,-1000.0312100164738
3.1134166666666667,-1000.0314894132463
3.1151,-1000.0317408703415
3.11675,-1000.0319224782437
3.1184333333333334,-1000.0320016406625
3.1201000000000003,-1000.031983014211
3.121766666666667,-1000.0318945385665
3.1234333333333333,-1000.0317874364703
3.1251,-1000.03172224389
3.1267666666666667,-1000.0317455269544
3.1284333333333336,-1000.0318712555021
3.1301,-1000.0320808030814
3.131766666666667,-1000.0323322601766
3.1334333333333335,-1000.0325604342075
3.1351,-1000.0327094458196
3.136766666666667,-1000.0327420421097
3.1384333333333334,-1000.0326442532394
3.1401000000000003,-1000.0324300490471
3.141766666666667,-1000.0321320258231
3.1434333333333333,-1000.0317920930831
3.145116666666667,-1000.031461473569
3.1467666666666667,-1000.0311681069579
3.14845,-1000.0309539027656
3.150116666666667,-1000.030865427121
3.1517833333333334,-1000.0309166498627
3.1534500000000003,-1000.0311215408291
3.155116666666667,-1000.031461473569
3.1567833333333333,-1000.0318805687278
3.15845,-1000.0323276035638
3.1601166666666667,-1000.0327234156582
3.1617833333333336,-1000.0330167822693
3.16345,-1000.0331704504943
3.165116666666667,-1000.0331751071071
3.1667833333333335,-1000.0330260954951
3.16845,-1000.0327699817869
3.170116666666667,-1000.0324533321115
3.1717833333333334,-1000.0321646221132
3.1734500000000003,-1000.0319876708239
3.1751333333333336,-1000.0319969840497
3.1767833333333333,-1000.0322251580806
3.178466666666667,-1000.032658223078
3.1801333333333335,-1000.0332263298487
3.1818,-1000.0338270329097
3.183466666666667,-1000.0343578867775
3.1851333333333334,-1000.0347257591945
3.1868000000000003,-1000.034898053871
3.188466666666667,-1000.0348654575808
3.1901333333333333,-1000.0346605666143
3.191816666666667,-1000.034339260326
3.1934666666666667,-1000.0339667312959
3.19515,-1000.0336035154917
3.196816666666667,-1000.0333054922676
3.1984833333333333,-1000.0331238843655
3.2001500000000003,-1000.0331006013012
3.2018166666666668,-1000.0332496129131
3.2034833333333337,-1000.0335569493628
3.20515,-1000.033962074683
3.2068166666666666,-1000.0343997962933
3.2084833333333336,-1000.0347676687104
3.21015,-1000.0349911861284
3.211816666666667,-1000.0350098125799
3.2134833333333335,-1000.0348049216135
3.21515,-1000.0344044529062
3.216816666666667,-1000.0338735990384
3.2184833333333334,-1000.0333101488804
3.2201500000000003,-1000.0328305177543
3.2218166666666668,-1000.032541807756
3.2234833333333337,-1000.0325138680788
3.22515,-1000.0327653251741
3.2268166666666667,-1000.033254269526
3.2284833333333336,-1000.0338782556513
3.23015,-1000.0344929285508
3.231816666666667,-1000.0349679030641
3.2334833333333335,-1000.0351914204821
3.2351666666666667,-1000.0351076014504
3.2368333333333337,-1000.0347350724203
3.2385,-1000.034148339198
3.2401666666666666,-1000.0334545038796
3.2418333333333336,-1000.0327886082384
3.2435,-1000.0322717242093
3.245166666666667,-1000.0319923274368
3.2468333333333335,-1000.0319783575982
3.2485,-1000.0322298146934
3.250166666666667,-1000.0326908193681
3.2518333333333334,-1000.0333008356547
3.2535000000000003,-1000.0339853577474
3.2551666666666668,-1000.0346698798401
3.2568333333333337,-1000.0352845527397
3.2585,-1000.03575487064
3.2601666666666667,-1000.0360202975739
3.2618500000000004,-1000.0360296107997
3.2635,-1000.0357595272528
3.2651833333333333,-1000.0352426432237
3.2668500000000003,-1000.0345394946795
3.2685166666666667,-1000.0337711535551
3.2701833333333337,-1000.0330773182367
3.27185,-1000.0325837172719
3.2735166666666666,-1000.0323927961441
3.2751833333333336,-1000.0325278379174
3.27685,-1000.0329469330762
3.278516666666667,-1000.0335383229113
3.2801833333333335,-1000.0341809354882
3.2818500000000004,-1000.0347304158074
3.283516666666667,-1000.0350889749989
3.2851833333333333,-1000.0352100469336
3.2868666666666666,-1000.0351029448375
3.2885333333333335,-1000.0348282046779
3.2902,-1000.0344882719379
3.291866666666667,-1000.0341809354882
3.2935333333333334,-1000.0339807011345
3.2952000000000004,-1000.0339108519414
3.296866666666667,-1000.0339481048444
3.2985333333333333,-1000.0340272672632
3.3002000000000002,-1000.0340878032307
3.3018666666666667,-1000.0340738333921
3.3035333333333337,-1000.0339574180701
3.3052,-1000.0337618403294
3.3068666666666666,-1000.033515039847
3.3085333333333335,-1000.0332635827517
3.3102,-1000.0330214388822
3.311866666666667,-1000.0327932648513
3.3135333333333334,-1000.0325744040462
3.3152000000000004,-1000.0323695130797
3.316866666666667,-1000.0321925617905
3.3185333333333333,-1000.0320761464685
3.3202000000000003,-1000.032057520017
3.3218833333333335,-1000.0321646221132
3.3235333333333337,-1000.0324021093699
3.325216666666667,-1000.0327373854968
3.3268833333333334,-1000.0331099145269
3.3285500000000003,-1000.0334545038796
3.330216666666667,-1000.0337059609749
3.3318833333333333,-1000.0338270329097
3.3335500000000002,-1000.0338084064581
3.3352166666666667,-1000.0336780212976
3.3368833333333336,-1000.0334824435569
3.33855,-1000.0332822092032
3.3402166666666666,-1000.033142510817
3.3418833333333335,-1000.0331006013012
3.34355,-1000.0331844203329
3.345216666666667,-1000.0333799980737
3.3468833333333334,-1000.0336361117818
3.3485500000000004,-1000.0338922254899
3.350216666666667,-1000.0340738333921
3.3519,-1000.0341343693594
3.353566666666667,-1000.0340552069405
3.3552333333333335,-1000.0338503159741
3.3569,-1000.0335476361371
3.358566666666667,-1000.0331983901715
3.3602333333333334,-1000.0328538008188
3.3619000000000003,-1000.0325604342075
3.363566666666667,-1000.032360199854
3.3652333333333333,-1000.0322717242093
3.3669000000000002,-1000.0323089771123
3.3685666666666667,-1000.0324626453372
3.3702333333333336,-1000.0327094458196
3.3719,-1000.0330167822693
3.373566666666667,-1000.0333334319449
3.3752333333333335,-1000.0336081721046
3.3769,-1000.0337897800066
3.378566666666667,-1000.0338316895226
3.3802333333333334,-1000.0337152742006
3.3819166666666667,-1000.0334358774281
3.383566666666667,-1000.0330354087208
3.38525,-1000.0325837172719
3.386916666666667,-1000.032173935339
3.3885833333333335,-1000.0318898819536
3.39025,-1000.0318060629218
3.391916666666667,-1000.0319364480823
3.3935833333333334,-1000.0322530977578
3.3952500000000003,-1000.0326861627552
3.396916666666667,-1000.0331378542041
3.3985833333333333,-1000.0335196964598
3.40025,-1000.0337525271036
3.4019166666666667,-1000.0337990932323
3.4035833333333336,-1000.0336500816204
3.40525,-1000.0333334319449
3.406916666666667,-1000.0329096801732
3.4085833333333335,-1000.0324673019501
3.41025,-1000.0321180559845
3.4119333333333337,-1000.0319364480823
3.4136,-1000.0319783575982
3.4152666666666667,-1000.0322391279192
3.4169333333333336,-1000.0326535664651
3.4186,-1000.0331331975913
3.420266666666667,-1000.0335662625886
3.4219333333333335,-1000.0338735990384
3.4236,-1000.0339946709731
3.425266666666667,-1000.03392482178
3.4269333333333334,-1000.0336826779105
3.4286000000000003,-1000.0333334319449
3.430266666666667,-1000.0329329632376
3.4319333333333333,-1000.0325511209818
3.4336,-1000.0322484411449
3.4352666666666667,-1000.0320901163071
3.4369333333333336,-1000.0320994295329
3.4386,-1000.0322903506608
3.440266666666667,-1000.0326349400136
3.4419500000000003,-1000.0330633483981
3.4436166666666668,-1000.0334917567826
3.4452833333333337,-1000.033817719684
3.44695,-1000.0339713879088
3.4486166666666667,-1000.0339015387157
3.4502833333333336,-1000.0336361117818
3.45195,-1000.0332216732359
3.453616666666667,-1000.0327466987226
3.4552833333333335,-1000.0323043204994
3.45695,-1000.0319783575982
3.458616666666667,-1000.0318107195346
3.4602833333333334,-1000.0318153761475
3.4619500000000003,-1000.0319550745338
3.463616666666667,-1000.032173935339
3.4652833333333337,-1000.0323927961441
3.46695,-1000.0325604342075
3.4686166666666667,-1000.0326302834007
3.4702833333333336,-1000.0325976871106
3.471966666666667,-1000.0324812717887
3.4736333333333334,-1000.0323043204994
3.4753000000000003,-1000.0321133993716
3.4769666666666668,-1000.0319317914694
3.4786333333333337,-1000.0317781232445
3.4803,-1000.0316663645356
3.4819666666666667,-1000.0316011719552
3.4836333333333336,-1000.0316011719552
3.4853,-1000.0316756777613
3.486966666666667,-1000.0318293459861
3.4886333333333335,-1000.032057520017
3.4903,-1000.0323229469509
3.491966666666667,-1000.0325837172719
3.4936333333333334,-1000.0327839516256
3.4953166666666666,-1000.0328677706574
3.4969833333333336,-1000.0327886082384
3.49865,-1000.0325324945303
3.500316666666667,-1000.0321227125974
3.5019833333333334,-1000.0316244550197
3.5036500000000004,-1000.0311308540549
3.505316666666667,-1000.0307350419605
3.5069833333333333,-1000.0305115245425
3.5086500000000003,-1000.030492898091
3.5103166666666668,-1000.0306698493803
3.5119833333333337,-1000.0309864990558
3.51365,-1000.0313729979244
3.5153166666666666,-1000.0317408703415
3.5169833333333336,-1000.032020267114
3.51865,-1000.032173935339
3.520316666666667,-1000.0321785919518
3.5219833333333335,-1000.0320388935655
3.52365,-1000.031796749696
3.525316666666667,-1000.0315033830849
3.5269833333333334,-1000.0312146730867
3.5286500000000003,-1000.0309725292171
3.5303333333333335,-1000.030828174218
3.532,-1000.0307816080892
3.533666666666667,-1000.0308374874437
3.5353333333333334,-1000.0309678726043
3.5370000000000004,-1000.031126197442
3.538666666666667,-1000.0312938355055
3.5403333333333333,-1000.0314381905047
3.5420000000000003,-1000.0315546058265
3.5436666666666667,-1000.0316430814712
3.5453333333333337,-1000.0316896475999
3.547,-1000.0316943042128
3.5486666666666666,-1000.0316477380841
3.5503333333333336,-1000.0315685756651
3.552,-1000.0314847566334
3.553666666666667,-1000.0314335338918
3.5553333333333335,-1000.0314521603433
3.5570000000000004,-1000.0315546058265
3.558666666666667,-1000.0317315571158
3.56035,-1000.0319550745338
3.562016666666667,-1000.0321599655003
3.5636833333333335,-1000.0322903506608
3.56535,-1000.0322903506608
3.567016666666667,-1000.032136682436
3.5686833333333334,-1000.0318433158247
3.5703500000000004,-1000.0314475037304
3.572016666666667,-1000.0310237519587
3.5736833333333333,-1000.03063725309
3.5753500000000003,-1000.0303345732532
3.5770166666666667,-1000.030157621964
3.5786833333333337,-1000.0301110558352
3.58035,-1000.0301809050284
3.5820166666666666,-1000.0303438864789
3.5836833333333336,-1000.030567403897
3.58535,-1000.0308142043793
3.587016666666667,-1000.0310470350231
3.5886833333333334,-1000.0312239863124
3.5903666666666667,-1000.0313217751827
3.5920333333333336,-1000.0313217751827
3.5937,-1000.0312193296995
3.595366666666667,-1000.0310284085716
3.5970333333333335,-1000.0307816080892
3.5987,-1000.0305394642197
3.600366666666667,-1000.0303671695433
3.6020333333333334,-1000.0303299166403
3.6037000000000003,-1000.030455645188
3.605366666666667,-1000.0307350419605
3.6070333333333333,-1000.0311308540549
3.6087000000000002,-1000.0315592624394
3.6103666666666667,-1000.0319504179209
3.6120333333333337,-1000.0322158448548
3.6137,-1000.0323089771123
3.615366666666667,-1000.0322018750162
3.6170333333333335,-1000.0319085084051
3.6187,-1000.0314894132463
3.6203833333333333,-1000.0310330651845
3.62205,-1000.03063725309
3.6237166666666667,-1000.0303857959948
3.6253833333333336,-1000.0303112901888
3.62705,-1000.0304137356721
3.628716666666667,-1000.030641909703
3.6303833333333335,-1000.0309119932498
3.63205,-1000.0311587937322
3.633716666666667,-1000.0313217751827
3.6353833333333334,-1000.0313590280857
3.6370500000000003,-1000.031275209054
3.638716666666667,-1000.0310749747003
3.6403833333333333,-1000.0308048911536
3.6420500000000002,-1000.0305022113167
3.6437166666666667,-1000.0302135013185
3.6453833333333336,-1000.0299853272876
3.64705,-1000.0298595987399
3.6487333333333334,-1000.0298595987399
3.6504000000000003,-1000.0299992971262
3.652066666666667,-1000.030269380673
3.6537333333333337,-1000.03063725309
3.6554,-1000.0310656614746
3.6570666666666667,-1000.0314801000205
3.6587333333333336,-1000.0318246893733
3.6604,-1000.032020267114
3.662066666666667,-1000.0320295803398
3.6637333333333335,-1000.0318293459861
3.6654,-1000.0314568169562
3.667066666666667,-1000.0309678726043
3.6687333333333334,-1000.0304603018009
3.6704000000000003,-1000.0300225801906
3.672066666666667,-1000.0297292135795
3.6737333333333333,-1000.0296221114833
3.6754000000000002,-1000.0297152437408
3.6770666666666667,-1000.0299806706747
3.67875,-1000.0303625129304
3.680416666666667,-1000.0307769514764
3.6820833333333334,-1000.0311401672807
3.6837500000000003,-1000.0313916243759
3.685416666666667,-1000.0314940698591
3.6870833333333337,-1000.0314521603433
3.68875,-1000.0312984921184
3.6904166666666667,-1000.0310842879261
3.6920833333333336,-1000.030865427121
3.69375,-1000.0307117588961
3.695416666666667,-1000.0306605361545
3.6970833333333335,-1000.030753668412
3.69875,-1000.0309818424429
3.700416666666667,-1000.0313217751827
3.7020833333333334,-1000.0317269005029
3.7037500000000003,-1000.0321320258231
3.705416666666667,-1000.0324766151758
3.7071,-1000.0327187590453
3.708766666666667,-1000.0328351743672
3.7104333333333335,-1000.0328258611414
3.7121000000000004,-1000.032695475981
3.713766666666667,-1000.0324626453372
3.7154333333333334,-1000.0321553088875
3.7171000000000003,-1000.0318153761475
3.7187666666666668,-1000.0314940698591
3.7204333333333337,-1000.0312519259896
3.7221,-1000.0311355106678
3.7237666666666667,-1000.0311541371193
3.7254333333333336,-1000.0312984921184
3.7271,-1000.0315266661493
3.728766666666667,-1000.0317781232445
3.7304333333333335,-1000.0320016406625
3.7321,-1000.0321599655003
3.733766666666667,-1000.032243784532
3.7354333333333334,-1000.0322577543707
3.7371166666666666,-1000.0322065316291
3.7387833333333336,-1000.0321087427587
3.74045,-1000.031983014211
3.742116666666667,-1000.0318386592119
3.7437833333333335,-1000.0316943042128
3.7454500000000004,-1000.0315546058265
3.747116666666667,-1000.0314195640532
3.7487833333333334,-1000.0312938355055
3.7504500000000003,-1000.0311913900223
3.7521166666666668,-1000.0311215408291
3.7537833333333337,-1000.0310936011518
3.75545,-1000.0311168842162
3.7571166666666667,-1000.0311820767965
3.7587833333333336,-1000.0312705524411
3.76045,-1000.03134971486
3.762116666666667,-1000.0313962809888
3.7637833333333335,-1000.0313869677631
3.76545,-1000.0313217751827
3.7671333333333337,-1000.031237956151
3.7688,-1000.0311727635708
3.7704666666666666,-1000.0311681069579
3.7721333333333336,-1000.0312519259896
3.7738,-1000.0314195640532
3.775466666666667,-1000.0316477380841
3.7771333333333335,-1000.0318945385665
3.7788000000000004,-1000.0320994295329
3.780466666666667,-1000.0322205014677
3.7821333333333333,-1000.0322344713063
3.7838000000000003,-1000.0321320258231
3.7854666666666668,-1000.0319317914694
3.7871333333333337,-1000.0316617079227
3.7888,-1000.0313683413115
3.7904833333333334,-1000.0311029143776
3.7921500000000004,-1000.0308933667983
3.793816666666667,-1000.030753668412
3.7954833333333333,-1000.0306838192189
3.7971500000000002,-1000.0306558795417
3.7988166666666667,-1000.0306512229288
3.8004833333333337,-1000.030641909703
3.80215,-1000.0306000001871
3.803816666666667,-1000.0305161811553
3.8054833333333336,-1000.0303857959948
3.80715,-1000.0302228145442
3.808816666666667,-1000.0300505198678
3.8104833333333334,-1000.0298968516429
3.8121500000000004,-1000.0298037193854
3.813816666666667,-1000.0297850929339
3.8154833333333333,-1000.0298502855142
3.8171500000000003,-1000.0300039537391
3.8188166666666667,-1000.0302088447056
3.8204833333333337,-1000.0304370187365
3.82215,-1000.03063725309
3.8238333333333334,-1000.0307629816377
3.8255000000000003,-1000.0307862647021
3.827166666666667,-1000.0306884758318
3.8288333333333333,-1000.0304742716395
3.8305000000000002,-1000.0301715918026
3.8321666666666667,-1000.0298037193854
3.8338333333333336,-1000.029407907291
3.8355,-1000.0290120951967
3.837166666666667,-1000.0286581926181
3.8388333333333335,-1000.0283787958456
3.8405,-1000.028215814395
3.842166666666667,-1000.0281878747177
3.8438333333333334,-1000.0283042900396
3.8455000000000004,-1000.0285278074576
3.847166666666667,-1000.0288165174559
3.8488333333333333,-1000.0290959142284
3.8505000000000003,-1000.0293101184207
3.8521666666666667,-1000.0294032506781
3.8538333333333337,-1000.0293613411623
3.855516666666667,-1000.0291843898731
3.8571833333333334,-1000.0289189629391
3.8588500000000003,-1000.0286116264894
3.860516666666667,-1000.0283229164911
3.8621833333333333,-1000.0281087122988
3.8638500000000002,-1000.0280016102028
3.8655166666666667,-1000.0280202366542
3.8671833333333336,-1000.0281599350404
3.86885,-1000.02840207891
3.870516666666667,-1000.0286954455212
3.8721833333333335,-1000.0289934687452
3.87385,-1000.0292262993889
3.875516666666667,-1000.0293287448721
3.8771833333333334,-1000.029258895679
3.8788500000000004,-1000.028998125358
3.880516666666667,-1000.0285650603606
3.8821833333333333,-1000.0280062668156
3.8838500000000002,-1000.0274148769804
3.8855333333333335,-1000.0268747098869
3.8872,-1000.0264649279538
3.888866666666667,-1000.0262460671488
3.8905333333333334,-1000.026236753923
3.8922000000000003,-1000.0264183618251
3.893866666666667,-1000.0267256982748
3.8955333333333337,-1000.0270749442406
3.8972,-1000.0273683108517
3.8988666666666667,-1000.0275312923023
3.9005333333333336,-1000.0275219790766
3.9022,-1000.0273450277873
3.903866666666667,-1000.0270423479504
3.9055333333333335,-1000.0266884453719
3.9072,-1000.0263624824706
3.908866666666667,-1000.0261296518269
3.9105333333333334,-1000.0260365195694
3.9122000000000003,-1000.0260784290853
3.9138833333333336,-1000.0262274406972
3.91555,-1000.026423018438
3.917216666666667,-1000.0265953131144
3.9188833333333335,-1000.026683788759
3.92055,-1000.0266698189204
3.922216666666667,-1000.0265487469857
3.9238833333333334,-1000.0263438560191
3.9255500000000003,-1000.026087742311
3.927216666666667,-1000.0257990323128
3.9288833333333337,-1000.0254777260243
3.93055,-1000.0251377932844
3.9322166666666667,-1000.024783890706
3.9338833333333336,-1000.0244393013531
3.93555,-1000.0241319649034
3.937216666666667,-1000.0238898210339
3.9388833333333335,-1000.0237221829703
3.94055,-1000.0236290507129
3.9422333333333337,-1000.0235778279713
3.9439,-1000.0235219486167
3.9455666666666667,-1000.0234101899077
3.9472333333333336,-1000.0231820158768
3.9489,-1000.022800173621
3.950566666666667,-1000.0222600065275
3.9522333333333335,-1000.0215987674992
3.9539,-1000.0208816491165
3.955566666666667,-1000.020192470411
3.9572333333333334,-1000.0196336768659
3.9589000000000003,-1000.0192797742874
3.960566666666667,-1000.0191633589654
3.9622333333333337,-1000.0192704610616
3.9639,-1000.0195405446084
3.9655666666666667,-1000.019889790574
3.9672333333333336,-1000.0202064402496
3.9689,-1000.0203880481517
3.970566666666667,-1000.0203647650873
3.9722333333333335,-1000.0201086513791
3.9739166666666668,-1000.0196336768659
3.9755833333333337,-1000.0190050341278
3.97725,-1000.0183158554222
3.9789166666666667,-1000.0176778994582
3.9805833333333336,-1000.0171749852677
3.98225,-1000.0168816186566
3.983916666666667,-1000.0168210826893
3.9855833333333335,-1000.0169840641399
3.9872500000000004,-1000.0173239968798
3.988916666666667,-1000.0177710317158
3.9905833333333334,-1000.0182413496162
3.9922500000000003,-1000.0186604447749
3.993916666666667,-1000.0189491547733
3.9955833333333337,-1000.0190655700951
3.99725,-1000.0189770944505
3.9989166666666667,-1000.018697697678
