min,µS/cm
0.0,-999.5509875004883
0.001683333333333259,-999.5509036814565
0.003349999999999964,-999.5508384888763
0.005016666666666669,-999.5507965793604
0.006683333333333374,-999.5507453566188
0.00835000000000008,-999.5506335979097
0.010016666666666563,-999.5503914540402
0.011683333333333268,-999.5499816721073
0.013349999999999973,-999.5494182219493
0.015016666666666678,-999.5487569829211
0.016683333333333383,-999.5481190269571
0.01835000000000009,-999.5476161127666
0.02001666666666657,-999.5473599990585
0.021683333333333277,-999.5474251916387
0.023349999999999982,-999.5478442867975
0.025016666666666687,-999.5485846882447
0.026683333333333392,-999.5495765467871
0.028350000000000097,-999.5507081037158
0.03001666666666658,-999.5518443172573
0.031683333333333286,-999.5528501456383
0.03336666666666677,-999.5536045169242
0.03503333333333325,-999.5540236120829
0.036699999999999955,-999.5540888046633
0.03836666666666666,-999.5538094078906
0.040033333333333365,-999.5532599275714
0.04170000000000007,-999.5525428091886
0.043366666666666775,-999.5517791246771
0.04503333333333326,-999.5510946025844
0.046699999999999964,-999.5505916883939
0.04836666666666667,-999.5503355746857
0.050033333333333374,-999.5503309180729
0.05170000000000008,-999.5505544354909
0.05336666666666656,-999.5509223079081
0.05503333333333327,-999.5513460596796
0.05669999999999997,-999.5517279019355
0.05836666666666668,-999.5520026420951
0.06003333333333338,-999.5521190574169
0.06171666666666664,-999.5520724912882
0.06338333333333335,-999.5518862267733
0.06505000000000005,-999.5516068300007
0.06671666666666676,-999.5512715538737
0.06838333333333324,-999.550926964521
0.07004999999999995,-999.5506010016196
0.07171666666666665,-999.55032626146
0.07338333333333336,-999.5501120572677
0.07505000000000006,-999.5499723588815
0.07671666666666677,-999.549911822914
0.07838333333333325,-999.5499257927527
0.08004999999999995,-999.5500096117845
0.08171666666666666,-999.550139996945
0.08338333333333336,-999.5503076350085
0.08505000000000007,-999.5504892429107
0.08671666666666678,-999.5506755074257
0.08838333333333326,-999.5508338322634
0.09004999999999996,-999.5509362777467
0.09173333333333344,-999.5509595608111
0.09339999999999993,-999.5508803983921
0.09506666666666663,-999.5506894772643
0.09673333333333334,-999.5504147371046
0.09840000000000004,-999.5500794609776
0.10006666666666675,-999.5497441848506
0.10173333333333323,-999.5494508182395
0.10339999999999994,-999.549245927273
0.10506666666666664,-999.5491621082411
0.10673333333333335,-999.5492040177571
0.10840000000000005,-999.5493576859819
0.11006666666666676,-999.5495951732386
0.11173333333333324,-999.5498699133982
0.11339999999999995,-999.550139996945
0.11506666666666665,-999.5503542011372
0.11673333333333336,-999.5504892429107
0.11840000000000006,-999.5505451222651
0.12006666666666677,-999.5505404656523
0.12175000000000002,-999.5504892429107
0.12341666666666673,-999.5504147371046
0.12508333333333344,-999.5503216048471
0.12674999999999992,-999.5502005329124
0.12841666666666662,-999.5500561779132
0.13008333333333333,-999.5498699133982
0.13175000000000003,-999.5496603658188
0.13341666666666674,-999.5494415050138
0.13508333333333322,-999.5492366140472
0.13674999999999993,-999.5490829458223
0.13841666666666663,-999.548985156952
0.14008333333333334,-999.5489572172747
0.14175000000000004,-999.548985156952
0.14341666666666675,-999.5490550061451
0.14508333333333345,-999.5491621082411
0.14674999999999994,-999.5492924934017
0.14841666666666664,-999.5494368484008
0.15010000000000012,-999.5495858600128
0.1517666666666666,-999.5497255583991
0.1534333333333333,-999.5498280038823
0.15510000000000002,-999.5498838832368
0.15676666666666672,-999.5498931964626
0.15843333333333343,-999.5498652567853
0.1600999999999999,-999.5498233472695
0.16176666666666661,-999.5497860943665
0.16343333333333332,-999.5497628113021
0.16510000000000002,-999.5497628113021
0.16676666666666673,-999.5497860943665
0.16843333333333343,-999.5498280038823
0.17009999999999992,-999.5498838832368
0.17176666666666662,-999.5499351059785
0.17343333333333333,-999.5499677022686
0.17510000000000003,-999.5499630456558
0.17676666666666674,-999.5498978530754
0.17843333333333344,-999.5497628113021
0.1801166666666667,-999.5495579203356
0.1817833333333334,-999.5493064632403
0.1834500000000001,-999.5490456929193
0.1851166666666666,-999.5488175188884
0.1867833333333333,-999.5486545374378
0.18845,-999.5485800316318
0.1901166666666667,-999.5485986580833
0.19178333333333342,-999.5486871337279
0.1934499999999999,-999.5488175188884
0.1951166666666666,-999.5489479040489
0.1967833333333333,-999.5490363796936
0.19845000000000002,-999.5490456929193
0.20011666666666672,-999.5489711871134
0.20178333333333343,-999.5488175188884
0.20345000000000013,-999.5485986580833
0.2051166666666666,-999.5483425443751
0.2068000000000001,-999.5480771174413
0.2084666666666668,-999.5478116905074
0.21013333333333328,-999.5475742032507
0.2118,-999.5473739688971
0.2134666666666667,-999.5472296138979
0.2151333333333334,-999.5471551080919
0.2168000000000001,-999.5471551080919
0.2184666666666666,-999.5472342705108
0.2201333333333333,-999.5473832821228
0.2218,-999.5475788598636
0.2234666666666667,-999.5477930640559
0.2251333333333334,-999.5479979550224
0.2267999999999999,-999.5481423100215
0.2284666666666666,-999.5482075026017
0.2301333333333333,-999.5481702496987
0.2318,-999.5480445211512
0.2334666666666667,-999.547862913249
0.23513333333333342,-999.5476580222825
0.23680000000000012,-999.547490384219
0.23848333333333338,-999.5473972519615
0.24015000000000009,-999.5474112218001
0.2418166666666668,-999.5475555767993
0.24348333333333327,-999.5478396301846
0.24514999999999998,-999.5482400988919
0.24681666666666668,-999.5487290432438
0.2484833333333334,-999.5492366140472
0.2501500000000001,-999.5496976187219
0.2518166666666666,-999.550028238236
0.2534833333333333,-999.550177249848
0.25515,-999.5501120572677
0.2568166666666667,-999.5498512869467
0.2584833333333334,-999.5494508182395
0.2601499999999999,-999.5489805003391
0.2618166666666668,-999.5485148390516
0.2634833333333333,-999.5481190269571
0.26515,-999.5478349735718
0.2668166666666667,-999.5476813053468
0.26849999999999996,-999.5476533656696
0.27016666666666667,-999.5477325280885
0.27183333333333337,-999.5478815397005
0.2735000000000001,-999.548049177764
0.2751666666666668,-999.548198189376
0.27683333333333326,-999.5482820084078
0.27849999999999997,-999.5482773517949
0.2801666666666667,-999.5481842195373
0.2818333333333334,-999.5480258946997
0.2835000000000001,-999.5478396301846
0.28516666666666657,-999.5476673355082
0.2868333333333333,-999.5475322937349
0.2885,-999.5474624445417
0.2901666666666667,-999.5474671011546
0.2918333333333334,-999.5475369503478
0.2935000000000001,-999.5476580222825
0.2951666666666668,-999.5478070338945
0.29685000000000006,-999.5479560455065
0.29851666666666676,-999.5480817740541
0.30018333333333347,-999.5481562798601
0.30184999999999995,-999.5481655930859
0.30351666666666666,-999.5481004005056
0.30518333333333336,-999.5479700153451
0.30685000000000007,-999.5478023772816
0.3085166666666668,-999.5476254259924
0.31018333333333326,-999.5474671011546
0.31184999999999996,-999.5473367159941
0.31351666666666667,-999.5472389271237
0.31518333333333337,-999.5471783911563
0.3168500000000001,-999.5471457948662
0.31851666666666656,-999.5471271684147
0.3201833333333335,-999.547117855189
0.32184999999999997,-999.5470992287375
0.3235166666666667,-999.5470666324474
0.3251833333333334,-999.5470154097058
0.32686666666666664,-999.5469455605125
0.32853333333333334,-999.5468803679323
0.33020000000000005,-999.5468384584165
0.33186666666666675,-999.5468244885778
0.33353333333333346,-999.5468477716422
0.33519999999999994,-999.5468943377709
0.33686666666666665,-999.5469455605125
0.33853333333333335,-999.5469874700284
0.34020000000000006,-999.5470014398671
0.34186666666666676,-999.5469828134155
0.34353333333333325,-999.5469409038997
0.34519999999999995,-999.5468896811581
0.34686666666666666,-999.546857084868
0.34853333333333336,-999.5468663980937
0.35020000000000007,-999.546926934061
0.35186666666666655,-999.5470340361572
0.3535333333333335,-999.5471737345434
0.35519999999999996,-999.5473227461555
0.3568833333333332,-999.5474484747031
0.35855000000000015,-999.5475136672834
0.36021666666666663,-999.5474950408319
0.36188333333333333,-999.54737862551
0.36355000000000004,-999.547187704382
0.36521666666666674,-999.5469455605125
0.36688333333333345,-999.546703416643
0.36854999999999993,-999.5465264653538
0.37021666666666664,-999.5464566161606
0.37188333333333334,-999.5465171521281
0.37355000000000005,-999.546703416643
0.37521666666666675,-999.5469781568027
0.37688333333333324,-999.5472761800268
0.37854999999999994,-999.5475322937349
0.38021666666666665,-999.5476859619597
0.38188333333333335,-999.5477045884112
0.38355000000000006,-999.5475742032507
0.3852333333333333,-999.5473180895426
0.3869,-999.5469688435769
0.3885666666666667,-999.5465730314826
0.39023333333333343,-999.5461865326139
0.39190000000000014,-999.5458745395513
0.3935666666666666,-999.5456929316491
0.3952333333333333,-999.5456882750362
0.39690000000000003,-999.5458745395513
0.39856666666666674,-999.5462284421297
0.40023333333333344,-999.5466894468044
0.4018999999999999,-999.5471783911563
0.40356666666666663,-999.5476067995409
0.40523333333333333,-999.5479094793777
0.40690000000000004,-999.5480398645383
0.40856666666666674,-999.5480026116353
0.4102333333333332,-999.5478116905074
0.41190000000000015,-999.5475229805091
0.41356666666666664,-999.5471783911563
0.4152499999999999,-999.5468151753521
0.4169166666666668,-999.5464519595478
0.4185833333333333,-999.5460934003564
0.42025,-999.5457394977778
0.4219166666666667,-999.5453902518123
0.4235833333333334,-999.5450596322981
0.42525000000000013,-999.5447709222998
0.4269166666666666,-999.5445613747205
0.4285833333333333,-999.54446358585
0.43025,-999.544500838753
0.4319166666666667,-999.5446731334295
0.43358333333333343,-999.5449571868148
0.4352499999999999,-999.5453017761677
0.4369166666666666,-999.545660335359
0.4385833333333333,-999.5459862982602
0.44025000000000003,-999.546256381807
0.44191666666666674,-999.5464566161606
0.4435833333333332,-999.5465870013212
0.4452666666666667,-999.5466428806757
0.4469333333333334,-999.5466475372885
0.4485999999999999,-999.5466056277727
0.4502666666666668,-999.5465264653538
0.4519333333333333,-999.5464147066448
0.4536,-999.5462796648715
0.4552666666666667,-999.5461213400337
0.4569333333333334,-999.5459350755186
0.4586000000000001,-999.5457255279392
0.4602666666666666,-999.5455066671341
0.4619333333333333,-999.5452924629419
0.4636,-999.5451108550398
0.4652666666666667,-999.5449851264921
0.4669333333333334,-999.5449385603633
0.4685999999999999,-999.5449804698792
0.4702666666666666,-999.545101541814
0.4719333333333333,-999.545283149716
0.4736,-999.5454926972955
0.4752833333333333,-999.5457022448749
0.47695,-999.5458791961642
0.4786166666666667,-999.545995611486
0.4802833333333334,-999.5460514908406
0.4819500000000001,-999.546037521002
0.4836166666666668,-999.5459676718087
0.4852833333333333,-999.5458698829384
0.48695,-999.5457534676165
0.4886166666666667,-999.5456463655204
0.4902833333333334,-999.5455718597144
0.4919500000000001,-999.5455206369727
0.4936166666666666,-999.5454973539083
0.4952833333333333,-999.5454647576182
0.49695,-999.545399565038
0.4986166666666667,-999.5452971195548
0.5002833333333334,-999.5451527645556
0.5019666666666667,-999.5449990963307
0.5036333333333334,-999.5448687111702
0.5053000000000001,-999.5447942053642
0.5069666666666666,-999.5447895487513
0.5086333333333335,-999.5448687111702
0.5103,-999.5450037529436
0.5119666666666667,-999.5451807042328
0.5136333333333334,-999.5453483422964
0.5152999999999999,-999.5454647576182
0.5169666666666668,-999.5454880406826
0.5186333333333333,-999.5453902518123
0.5203,-999.5451527645556
0.5219666666666667,-999.5448128318158
0.5236333333333334,-999.5444077064956
0.5253000000000001,-999.5440025811754
0.5269666666666666,-999.5436719616613
0.5286333333333335,-999.543457757469
0.5303,-999.5433879082759
0.5319833333333333,-999.543457757469
0.5336500000000002,-999.5436207389197
0.5353166666666667,-999.5438256298862
0.5369833333333334,-999.5440072377883
0.5386500000000001,-999.5441189964973
0.5403166666666666,-999.5441562494003
0.5419833333333335,-999.5441189964973
0.54365,-999.5440444906912
0.5453166666666667,-999.5439746414982
0.5469833333333334,-999.543942045208
0.5486499999999999,-999.5439513584338
0.5503166666666668,-999.5440118944011
0.5519833333333333,-999.5441003700458
0.55365,-999.5441888456904
0.5553166666666667,-999.5442586948835
0.5569833333333334,-999.5442866345608
0.5586500000000001,-999.5442633514964
0.5603166666666666,-999.5441935023033
0.562,-999.5440817435943
0.5636666666666668,-999.5439467018209
0.5653333333333332,-999.5438023468217
0.5670000000000002,-999.5436486785969
0.5686666666666667,-999.5434856971463
0.5703333333333334,-999.5433180590827
0.5720000000000001,-999.5431364511807
0.5736666666666665,-999.5429548432785
0.5753333333333335,-999.5427825486021
0.577,-999.5426335369901
0.5786666666666667,-999.5425357481197
0.5803333333333334,-999.5425078084425
0.5820000000000001,-999.542559031184
0.5836666666666668,-999.5426987295704
0.5853333333333333,-999.5429036205369
0.5870000000000002,-999.5431411077935
0.5886666666666667,-999.5433646252116
0.5903333333333334,-999.5435276066621
0.5920166666666669,-999.5435974558553
0.5936833333333333,-999.5435602029522
0.59535,-999.5434158479532
0.5970166666666668,-999.543196987148
0.5986833333333332,-999.5429269036013
0.6003500000000002,-999.5426521634416
0.6020166666666666,-999.5424100195721
0.6036833333333333,-999.5422470381214
0.60535,-999.5421818455412
0.6070166666666665,-999.5422190984442
0.6086833333333335,-999.5423494836047
0.61035,-999.5425404047326
0.6120166666666667,-999.5427685787635
0.6136833333333334,-999.5429920961815
0.6153500000000001,-999.543196987148
0.6170166666666668,-999.5433506553729
0.6186833333333333,-999.5434391310175
0.6203500000000002,-999.5434391310175
0.6220333333333334,-999.5433506553729
0.6236999999999999,-999.5431690474708
0.6253666666666668,-999.5429175903755
0.6270333333333333,-999.5426288803773
0.6287,-999.542335513766
0.6303666666666667,-999.5420794000579
0.6320333333333332,-999.5419117619945
0.6337000000000002,-999.5418558826399
0.6353666666666666,-999.5419397016717
0.6370333333333333,-999.5421445926382
0.6387,-999.5424472724751
0.6403666666666668,-999.5427825486021
0.6420333333333335,-999.5430852284389
0.6436999999999999,-999.5432854627926
0.6453666666666666,-999.5433506553729
0.6470333333333333,-999.5432528665025
0.6487,-999.5430060660201
0.6503833333333333,-999.542638193603
0.65205,-999.5422004719927
0.6537166666666667,-999.5417441239309
0.6553833333333334,-999.5413203721592
0.6570499999999999,-999.5409757828065
0.6587166666666668,-999.5407382955499
0.6603833333333333,-999.5406079103893
0.66205,-999.5405892839378
0.6637166666666667,-999.5406451632923
0.6653833333333332,-999.5407569220014
0.6670500000000001,-999.540882650549
0.6687166666666666,-999.5409990658709
0.6703833333333333,-999.541068915064
0.67205,-999.5410735716769
0.6737166666666667,-999.5410083790966
0.6753833333333334,-999.5408733373232
0.6770499999999999,-999.540696386034
0.6787166666666669,-999.540510121519
0.6804000000000001,-999.5403471400683
0.6820666666666666,-999.5402307247465
0.6837333333333335,-999.5401655321663
0.6854,-999.5401375924889
0.6870666666666667,-999.540132935876
0.6887333333333334,-999.5401282792632
0.6903999999999999,-999.5401049961988
0.6920666666666668,-999.5400677432958
0.6937333333333333,-999.5400165205542
0.6954,-999.5399699544255
0.6970666666666667,-999.5399606411997
0.6987333333333332,-999.5400072073285
0.7004000000000001,-999.5401282792632
0.7020666666666666,-999.5403098871653
0.7037333333333333,-999.5405287479705
0.7054,-999.5407429521628
0.7070666666666667,-999.5409059336134
0.7087333333333334,-999.5409757828065
0.7104166666666667,-999.5409524997422
0.7120833333333334,-999.5408407410331
0.7137500000000001,-999.5406731029697
0.7154166666666666,-999.5404868384546
0.7170833333333335,-999.5403052305525
0.71875,-999.5401515623275
0.7204166666666667,-999.5400211771671
0.7220833333333334,-999.539909418458
0.7237499999999999,-999.5398069729748
0.7254166666666668,-999.5396998708787
0.7270833333333333,-999.5395787989439
0.72875,-999.5394577270092
0.7304166666666667,-999.5393599381388
0.7320833333333334,-999.53931337201
0.7337500000000001,-999.5393413116873
0.7354166666666666,-999.5394577270092
0.7370833333333335,-999.539648648137
0.7387666666666668,-999.5398907920065
0.7404333333333333,-999.5401375924889
0.7421,-999.5403517966812
0.7437666666666667,-999.5405054649061
0.7454333333333334,-999.540584627325
0.7471000000000001,-999.5405799707121
0.7487666666666666,-999.5404961516804
0.7504333333333335,-999.5403517966812
0.7521,-999.5401701887791
0.7537666666666667,-999.5399932374899
0.7554333333333334,-999.5398628523293
0.7570999999999999,-999.5398116295877
0.7587666666666668,-999.5398442258778
0.7604333333333333,-999.539951327974
0.7621,-999.5400956829731
0.7637666666666667,-999.5402400379722
0.7654333333333334,-999.5403471400683
0.7671000000000001,-999.5404030194228
0.7687833333333334,-999.5403983628099
0.7704500000000001,-999.5403285136168
0.7721166666666668,-999.5401981284564
0.7737833333333333,-999.5400118639413
0.7754500000000002,-999.5397790332976
0.7771166666666667,-999.5395275762023
0.7787833333333334,-999.5392854323328
0.7804500000000001,-999.5390851979791
0.7821166666666666,-999.5389594694316
0.7837833333333335,-999.5389082466899
0.78545,-999.5389268731413
0.7871166666666667,-999.5389920657217
0.7887833333333334,-999.5390805413663
0.7904499999999999,-999.5391550471722
0.7921333333333334,-999.539206269914
0.7937833333333333,-999.5392155831397
0.7954666666666665,-999.5391783302366
0.7971333333333335,-999.5390851979791
0.7988,-999.53894084298
0.8004666666666667,-999.538754578465
0.8021333333333334,-999.5385357176599
0.8038000000000001,-999.5383122002419
0.8054666666666668,-999.5380979960496
0.8071333333333333,-999.5379117315346
0.8088000000000002,-999.5377720331484
0.8104666666666667,-999.5376835575037
0.8121333333333334,-999.5376509612136
0.8138000000000001,-999.5376742442779
0.8154666666666666,-999.5377440934711
0.8171333333333335,-999.5378558521801
0.8188,-999.5379908939535
0.8204666666666667,-999.5381259357268
0.8221333333333334,-999.5382470076617
0.8238000000000001,-999.5383354833062
0.8254666666666668,-999.5383773928221
0.82715,-999.5383727362092
0.8288166666666668,-999.5383122002419
0.8304833333333335,-999.5382190679844
0.83215,-999.5381026526625
0.8338166666666669,-999.5379862373406
0.8354833333333334,-999.5378791352445
0.8371500000000001,-999.5377953162127
0.8388166666666668,-999.5377301236325
0.8404833333333332,-999.5376789008908
0.8421500000000002,-999.5376323347621
0.8438166666666667,-999.5375904252462
0.8454833333333334,-999.537562485569
0.8471500000000001,-999.537562485569
0.8488166666666666,-999.5375950818591
0.8504833333333335,-999.5376602744393
0.85215,-999.537748750084
0.8538166666666667,-999.5378465389543
0.8554833333333334,-999.5379443278247
0.8571666666666666,-999.5380234902436
0.8588333333333333,-999.5380886828239
0.8605,-999.5381352489526
0.8621666666666667,-999.5381864716942
0.8638333333333335,-999.5382609775003
0.8654999999999999,-999.5383913626607
0.8671666666666669,-999.5385776271758
0.8688333333333333,-999.5388011445938
0.8705,-999.5390200053989
0.8721666666666668,-999.5391923000753
0.8738333333333332,-999.5392668058813
0.8755000000000002,-999.5392295529783
0.8771666666666667,-999.5390712281405
0.8788333333333334,-999.5388197710453
0.8805000000000001,-999.5385124345955
0.8821833333333333,-999.5381911283071
0.8838333333333335,-999.5378884484702
0.8855166666666667,-999.5376369913749
0.8871833333333332,-999.5374367570213
0.8888500000000001,-999.5372877454093
0.8905166666666666,-999.5371806433131
0.8921833333333333,-999.5370875110557
0.89385,-999.537003692024
0.8955166666666667,-999.5369105597664
0.8971833333333334,-999.5368127708961
0.8988499999999999,-999.5367196386385
0.9005166666666669,-999.5366404762196
0.9021833333333333,-999.5365799402523
0.90385,-999.5365333741236
0.9055166666666667,-999.5364914646076
0.9071833333333332,-999.5364355852531
0.9088500000000002,-999.5363564228343
0.9105166666666666,-999.5362493207381
0.9121833333333333,-999.5361375620291
0.91385,-999.5360351165459
0.9155333333333333,-999.5359699239656
0.9172,-999.5359606107398
0.9188666666666667,-999.5360164900944
0.9205333333333334,-999.5361329054163
0.9222000000000001,-999.5362958868669
0.9238666666666666,-999.5364868079947
0.9255333333333335,-999.5366823857355
0.9272,-999.5368733068634
0.9288666666666667,-999.5370549147656
0.9305333333333334,-999.5372272094419
0.9321999999999999,-999.5373855342797
0.9338666666666668,-999.5375205760531
0.9355333333333333,-999.5376183649234
0.9372,-999.5376742442779
0.9388666666666667,-999.5376742442779
0.9405333333333332,-999.5376276781492
0.9422166666666667,-999.5375531723432
0.9438666666666666,-999.5374786665373
0.9455499999999999,-999.5374274437955
0.9472166666666668,-999.5374274437955
0.9488833333333333,-999.5374646966985
0.95055,-999.5375205760531
0.9522166666666667,-999.537562485569
0.9538833333333334,-999.5375392025046
0.9555500000000001,-999.5374321004084
0.9572166666666666,-999.537222552829
0.9588833333333335,-999.5369198729921
0.96055,-999.5365473439622
0.9622166666666667,-999.5361608450935
0.9638833333333334,-999.5358162557408
0.9655499999999999,-999.5355694552584
0.9672166666666668,-999.5354483833236
0.9688833333333333,-999.5354576965493
0.97055,-999.5355880817099
0.9722333333333335,-999.5357929726764
0.9739,-999.5360397731588
0.9755666666666667,-999.5362865736412
0.9772333333333334,-999.536519404285
0.9788999999999999,-999.5367196386385
0.9805666666666668,-999.5368779634763
0.9822333333333333,-999.5369897221854
0.9839,-999.5370223184755
0.9855666666666667,-999.536961782508
0.9872333333333334,-999.536780174606
0.9889,-999.536477494769
0.9905666666666667,-999.5360770260618
0.9922333333333334,-999.5356253346129
0.9939,-999.5351922696154
0.9955666666666667,-999.5348569934885
0.9972333333333334,-999.5346753855863
0.9989,-999.5346940120378
1.0005666666666666,-999.5348989030043
1.00225,-999.5352341791313
1.0039166666666668,-999.5356160213871
1.0055833333333333,-999.5359419842883
1.00725,-999.5361282488034
1.0089166666666667,-999.5361375620291
1.0105833333333334,-999.5359606107398
1.01225,-999.5356486176772
1.0139166666666668,-999.535285401873
1.0155833333333333,-999.5349734088103
1.01725,-999.5348104273597
1.0189166666666667,-999.5348430236498
1.0205833333333334,-999.5350805109065
1.02225,-999.5354763230008
1.0239166666666668,-999.5359466409012
1.0255833333333333,-999.5363843625115
1.02725,-999.5367196386385
1.0289333333333335,-999.5368919333149
1.0305833333333334,-999.5369012465407
1.0322666666666667,-999.5367848312188
1.0339333333333334,-999.5365939100909
1.0356,-999.5363843625115
1.0372666666666668,-999.5362074112222
1.0389333333333335,-999.5360630562232
1.0406,-999.535955954127
1.0422666666666667,-999.5358628218695
1.0439333333333334,-999.5357557197733
1.0456,-999.5356253346129
1.0472666666666668,-999.5354670097751
1.0489333333333333,-999.5352993717116
1.0506,-999.5351457034867
1.0522666666666667,-999.5350246315519
1.0539333333333334,-999.5349640955845
1.0556,-999.5349687521974
1.0572666666666668,-999.5350479146164
1.0589333333333333,-999.5351969262283
1.0606,-999.5354111304206
1.0622833333333335,-999.5356719007416
1.06395,-999.535955954127
1.0656166666666667,-999.5362306942866
1.0672833333333334,-999.5364635249304
1.06895,-999.5366171931553
1.0706166666666668,-999.5366591026711
1.0722833333333335,-999.5365706270265
1.07395,-999.5363564228343
1.0756166666666667,-999.5360537429974
1.0772833333333334,-999.5357138102574
1.07895,-999.5354018171948
1.0806166666666668,-999.5351643299382
1.0822833333333335,-999.5350339447776
1.08395,-999.5350060051004
1.0856166666666667,-999.5350479146164
1.0872833333333334,-999.5351037939708
1.0889666666666666,-999.5351177638095
1.0906333333333333,-999.5350479146164
1.0923,-999.53487561994
1.0939666666666668,-999.5346195062318
1.0956333333333335,-999.5343121697821
1.0973,-999.5340048333322
1.0989666666666666,-999.533753376237
1.1006333333333334,-999.5335903947864
1.1023,-999.5335252022061
1.1039666666666668,-999.5335577984962
1.1056333333333335,-999.5336602439795
1.1073,-999.5337999423657
1.1089666666666667,-999.5339489539778
1.1106333333333334,-999.5340793391383
1.1123,-999.5341771280087
1.1139666666666668,-999.5342423205889
1.1156333333333335,-999.5342888867176
1.1173,-999.5343261396207
1.1189833333333334,-999.5343680491366
1.1206500000000001,-999.5344053020395
1.1223166666666666,-999.5344192718782
1.1239833333333333,-999.5343913322009
1.12565,-999.5343028565563
1.1273166666666667,-999.5341491883314
1.1289833333333334,-999.5339536105906
1.1306500000000002,-999.533753376237
1.1323166666666666,-999.5335810815607
1.1339833333333333,-999.5334786360773
1.13565,-999.5334413831744
1.1373166666666668,-999.5334600096259
1.1389833333333335,-999.5334879493031
1.1406500000000002,-999.5334879493031
1.1423166666666666,-999.5334320699486
1.1439833333333334,-999.5333203112395
1.14565,-999.5331712996276
1.1473166666666668,-999.5330269446284
1.149,-999.5329198425324
1.1506666666666667,-999.5328732764036
1.1523333333333334,-999.532896559468
1.1540000000000001,-999.5329896917254
1.1556666666666666,-999.5331293901118
1.1573333333333333,-999.5332970281752
1.159,-999.5334693228516
1.1606666666666667,-999.5336276476894
1.1623333333333334,-999.5337580328498
1.1640000000000001,-999.5338558217203
1.1656666666666666,-999.5339163576876
1.1673333333333333,-999.5339442973649
1.169,-999.5339303275263
1.1706666666666667,-999.533865134946
1.1723333333333334,-999.5337487196241
1.1740000000000002,-999.533604364625
1.1756666666666666,-999.5334693228516
1.1773333333333333,-999.5333901604328
1.1790166666666668,-999.53341810011
1.1806833333333333,-999.5335577984962
1.18235,-999.5337999423657
1.1840166666666667,-999.5340933089769
1.1856833333333334,-999.5343680491366
1.1873500000000001,-999.5345450004257
1.1890166666666668,-999.534577596716
1.1906833333333333,-999.5344378983297
1.19235,-999.5341491883314
1.1940166666666667,-999.5337626894627
1.1956833333333334,-999.5333482509169
1.1973500000000001,-999.5329617520482
1.1990166666666666,-999.5326451023727
1.2006833333333333,-999.5324215849547
1.20235,-999.5322679167298
1.2040166666666667,-999.5321701278594
1.2056833333333334,-999.5321002786662
1.2073500000000001,-999.5320537125375
1.2090333333333334,-999.5320304294731
1.2107,-999.5320630257633
1.2123666666666668,-999.5321701278594
1.2140333333333333,-999.532375018826
1.2157,-999.5326683854371
1.2173666666666667,-999.5330269446284
1.2190333333333334,-999.5334041302714
1.2207000000000001,-999.5337394063984
1.2223666666666668,-999.5339675804292
1.2240333333333333,-999.5340467428481
1.2257,-999.5339629238164
1.2273666666666667,-999.5337347497855
1.2290333333333334,-999.5334087868843
1.2307000000000001,-999.5330455710799
1.2323666666666668,-999.5327009817272
1.2340333333333333,-999.5324169283418
1.2357166666666668,-999.5321934109238
1.2373666666666667,-999.532035086086
1.23905,-999.5319233273771
1.2407166666666667,-999.5318255385066
1.2423833333333334,-999.5317324062491
1.24405,-999.5316299607659
1.2457166666666668,-999.5315275152826
1.2473833333333333,-999.5314297264123
1.24905,-999.5313505639933
1.2507166666666667,-999.5312993412517
1.2523833333333334,-999.5312620883487
1.25405,-999.5312248354458
1.2557166666666668,-999.5311689560913
1.2573833333333333,-999.5310897936723
1.25905,-999.5310106312535
1.2607166666666667,-999.5309594085119
1.2623833333333334,-999.5309826915762
1.2640500000000001,-999.5311084201238
1.2657333333333334,-999.5313319375418
1.2674,-999.5316346173788
1.2690666666666668,-999.5319466104414
1.2707333333333335,-999.5322073807624
1.2724,-999.5323424225357
1.2740666666666667,-999.5323098262456
1.2757333333333334,-999.532114248505
1.2774,-999.5317882856036
1.2790666666666668,-999.5314064433479
1.2807333333333335,-999.5310478841565
1.2824,-999.5308010836741
1.2840666666666667,-999.5307032948037
1.2857333333333334,-999.5307778006097
1.2874,-999.530992004802
1.2890666666666668,-999.5312853714131
1.2907333333333333,-999.5315833946371
1.2924,-999.5318162252809
1.2940666666666667,-999.5319466104414
1.29575,-999.5319512670543
1.2974,-999.5318534781838
1.2990833333333334,-999.531699809959
1.30075,-999.5315414851212
1.3024166666666668,-999.5314204131865
1.3040833333333335,-999.5313552206062
1.30575,-999.5313459073805
1.3074166666666667,-999.5313831602836
1.3090833333333334,-999.5314530094766
1.31075,-999.5315601115727
1.3124166666666668,-999.5317137797977
1.3140833333333335,-999.5319186707642
1.31575,-999.5321747844723
1.3174166666666667,-999.5324541812448
1.3190833333333334,-999.5327009817272
1.32075,-999.532859306565
1.3224166666666668,-999.5328639631779
1.3240833333333335,-999.5327009817272
1.3257666666666668,-999.5323889886646
1.3274333333333335,-999.5319931765702
1.3291000000000002,-999.5315973644757
1.3307666666666667,-999.5312946846389
1.3324333333333334,-999.5311549862527
1.3341,-999.5312015523814
1.3357666666666668,-999.5314157565737
1.3374333333333335,-999.5317463760878
1.3391,-999.532114248505
1.3407666666666667,-999.5324495246319
1.3424333333333334,-999.5326870118886
1.3441,-999.5327894573718
1.3457666666666668,-999.5327382346302
1.3474333333333335,-999.5325519701152
1.3491,-999.5322539468912
1.3507666666666667,-999.5318767612483
1.3524333333333334,-999.5314530094766
1.3541,-999.5310152878664
1.3557833333333333,-999.5305868794818
1.35745,-999.5301910673875
1.3591166666666668,-999.5298371648089
1.3607833333333335,-999.5295531114235
1.3624500000000002,-999.5293528770699
1.3641166666666666,-999.5292504315867
1.3657833333333333,-999.5292411183609
1.36745,-999.5293063109411
1.3691166666666668,-999.5293947865857
1.3707833333333335,-999.5294553225532
1.3724666666666667,-999.5294506659403
1.3741333333333334,-999.5293715035214
1.3758000000000001,-999.5292411183609
1.3774666666666668,-999.5291014199746
1.3791333333333333,-999.5289989744914
1.3808,-999.528975691427
1.3824666666666667,-999.5290455406201
1.3841333333333334,-999.5292085220708
1.3858000000000001,-999.5294320394888
1.3874666666666666,-999.529688153197
1.3891333333333333,-999.5299302970665
1.3908,-999.5301258748071
1.3924666666666667,-999.5302376335162
1.3941333333333334,-999.5302655731934
1.3958000000000002,-999.5302143504518
1.3974666666666666,-999.5301165615814
1.3991333333333333,-999.5299954896467
1.4008,-999.5298744177119
1.4024666666666668,-999.5297766288415
1.4041333333333335,-999.5297114362613
1.4058000000000002,-999.5297067796484
1.4074666666666666,-999.5297766288415
1.4091333333333333,-999.5299302970665
1.4108,-999.5301770975489
1.4124833333333333,-999.5305030604501
1.4141333333333335,-999.5308802460929
1.4158166666666667,-999.5312667449616
1.4174833333333334,-999.5316253041531
1.4191500000000001,-999.5318953876998
1.4208166666666668,-999.532035086086
1.4224833333333333,-999.531997833183
1.42415,-999.5317882856036
1.4258166666666667,-999.5314204131865
1.4274833333333334,-999.5309594085119
1.4291500000000001,-999.5304797773857
1.4308166666666666,-999.5300467123883
1.4324833333333333,-999.5297160928742
1.43415,-999.5294925754562
1.4358166666666667,-999.5293621902956
1.4374833333333334,-999.529273714651
1.4391500000000002,-999.5291805823936
1.4408166666666666,-999.5290315707815
1.4425000000000001,-999.5288080533635
1.44415,-999.5285193433652
1.4458333333333333,-999.5281747540124
1.4475,-999.5277789419181
1.4491666666666667,-999.5272527446632
1.4508333333333334,-999.5262329464434
1.4525000000000001,-999.5237649416196
1.4541666666666668,-999.5175949295599
1.4558333333333333,-999.5029871349702
1.4575,-999.470782000325
1.4591666666666667,-999.4044112970141
1.4608333333333334,-999.2758515287544
1.4625000000000001,-999.0404038685562
1.4641833333333334,-998.6307616339209
1.46585,-997.9509799731667
1.4675166666666668,-996.8713908441697
1.4691833333333335,-995.2257717937351
1.47085,-992.8120211664643
1.4725166666666667,-989.3976435947221
1.4741833333333334,-984.7306045632487
1.47585,-978.5556704637388
1.4775166666666668,-970.6353912924582
1.4791833333333333,-960.7739285383252
1.48085,-948.841018112768
1.4825166666666667,-934.7933581726595
1.4841833333333334,-918.6910003976388
1.4858500000000001,-900.7068029142482
1.4875166666666668,-881.1265793075443
1.4891833333333333,-860.3384442908402
1.49085,-838.8108670892244
1.4925166666666667,-817.0617049639401
1.4941833333333334,-795.6219980472802
1.4958500000000001,-774.9989865231323
1.4975166666666668,-755.64258767089
1.4991833333333333,-737.9188764551277
1.5008666666666668,-722.0928979674787
1.5025333333333335,-708.3218361755469
1.5042,-696.6582875217582
1.5058666666666667,-687.0620561237736
1.5075333333333334,-679.4182400588962
1.5092,-673.5587449155556
1.5108666666666668,-669.2844678970447
1.5125333333333335,-666.3856891293012
1.5142,-664.6588121841935
1.5158666666666667,-663.9184340200939
1.5175333333333334,-664.0043857805451
1.5192,-664.7842380519883
1.5208666666666668,-666.1520575481244
1.5225333333333335,-668.0247051026787
1.5242,-670.3368158407216
1.5258666666666667,-673.0356629346663
1.5275333333333334,-676.0766313765555
1.5292000000000001,-679.4198978130798
1.5308666666666668,-683.0283956057524
1.53255,-686.8670232067196
1.5342166666666668,-690.9027792005347
1.5358833333333335,-695.1053676638312
1.53755,-699.4480084159635
1.5392166666666667,-703.9080237522293
1.5408833333333334,-708.4670712745129
1.54255,-713.1109902230609
1.5442166666666668,-717.8292100866461
1.5458833333333335,-722.6139682916058
1.54755,-727.4593835358785
1.5492166666666667,-732.3605756891708
1.5508833333333334,-737.3129905840908
1.55255,-742.311948324699
1.5542166666666668,-747.3524383955414
1.5558833333333335,-752.4291615711661
1.55755,-757.5367161806378
1.5592333333333335,-762.6698123117303
1.5608833333333334,-767.8235698341501
1.5625666666666667,-772.9936580979236
1.5642333333333334,-778.1764123487177
1.5659,-783.3688011315506
1.5675666666666668,-788.5683564415986
1.5692333333333335,-793.7729781464548
1.5709000000000002,-798.9807663480661
1.5725666666666667,-804.1897978653152
1.5742333333333334,-809.3979725657953
1.5759,-814.6029109203271
1.5775666666666668,-819.8019307198944
1.5792333333333335,-824.992093641773
1.5809,-830.1703076950137
1.5825666666666667,-835.3334110394742
1.5842333333333334,-840.4782930577538
1.5859,-845.6019548911611
1.5875666666666668,-850.7015187529388
1.58925,-855.7741720489106
1.5909,-860.8170649319967
1.5925833333333335,-865.8271845736667
1.5942500000000002,-870.8011875258765
1.5959166666666667,-875.7352879623581
1.5975833333333334,-880.6251738595894
1.59925,-885.4660069967928
1.6009166666666668,-890.2524462390004
1.6025833333333335,-894.9787872354401
1.6042500000000002,-899.6390788348574
1.6059166666666667,-904.227314006643
1.6075833333333334,-908.7375788524456
1.60925,-913.164127111977
1.6109166666666668,-917.5014919217217
1.6125833333333335,-921.7444532186465
1.6142500000000002,-925.8880517100393
1.6159166666666667,-929.9275143677031
1.6175833333333334,-933.8582125184397
1.6192666666666669,-937.6756292477602
1.6209333333333333,-941.3753314602073
1.6226,-944.9530257587103
1.6242666666666667,-948.4045677578098
1.6259333333333335,-951.7260645291424
1.6276000000000002,-954.9139863601486
1.6292666666666666,-957.9653064524593
1.6309333333333333,-960.8776219938312
1.6326,-963.649293856532
1.6342666666666668,-966.2794978200828
1.6359333333333335,-968.7682757939996
1.6376000000000002,-971.1165171913414
1.6392666666666666,-973.3257074716155
1.6409333333333334,-975.3968058970742
1.6426,-977.3291698551407
1.6442666666666668,-979.1201543897018
1.6459333333333335,-980.7668630875493
1.6476000000000002,-982.2689886122332
1.6492833333333334,-983.6314204072726
1.6509500000000001,-984.8649897542153
1.6526166666666668,-985.9852497400648
1.6542833333333333,-987.0100212222943
1.65595,-987.9565662648326
1.6576166666666667,-988.8391666993681
1.6592833333333334,-989.6676386658418
1.6609500000000001,-990.4469228305142
1.6626166666666669,-991.1777269985423
1.6642833333333333,-991.8578392788106
1.66595,-992.4838137777913
1.6676166666666667,-993.0525585045351
1.6692833333333335,-993.5626019693736
1.6709500000000002,-994.0148196155275
1.6726166666666666,-994.4125781741052
1.6742833333333333,-994.7613491652353
1.6759666666666668,-995.0680243759733
1.6776166666666668,-995.3400078207907
1.6793,-995.5843775512578
1.6809666666666667,-995.8072244170155
1.6826333333333334,-996.0132283140035
1.6843000000000001,-996.2055371125255
1.6859666666666668,-996.3859016990224
1.6876333333333333,-996.5549600294581
1.6893,-996.7126562244783
1.6909666666666667,-996.8586643211817
1.6926333333333334,-996.9927142360214
1.6943000000000001,-997.1148385652875
1.6959666666666668,-997.2255076268807
1.6976333333333333,-997.325606177247
1.6993,-997.4163589055726
1.7009666666666667,-997.4991581391074
1.7026333333333334,-997.5754194881653
1.7043000000000001,-997.646423521287
1.7059833333333334,-997.7132040065309
1.7076333333333333,-997.7765199717957
1.7093166666666668,-997.836827765143
1.7109833333333335,-997.8943695304423
1.71265,-997.9491918338226
1.7143166666666667,-998.0012807054451
1.7159833333333334,-998.0505756093424
1.7176500000000001,-998.0970579190632
1.7193166666666668,-998.1407509176717
1.7209833333333333,-998.1817523940381
1.72265,-998.2202206730005
1.7243166666666667,-998.2563606455253
1.7259833333333334,-998.2904284253207
1.7276500000000001,-998.3226894393204
1.7293166666666668,-998.3534044578455
1.7309833333333333,-998.382796998314
1.73265,-998.4110486686282
1.7343166666666667,-998.4382758841097
1.736,-998.4645391807261
1.7376500000000001,-998.4898432150901
1.7393333333333334,-998.5141786739762
1.741,-998.5375129610941
1.7426666666666668,-998.5598274499922
1.7443333333333335,-998.5811407671222
1.746,-998.6014855087742
1.7476666666666667,-998.620936180754
1.7493333333333334,-998.6395766020937
1.7510000000000001,-998.6575092182762
1.7526666666666668,-998.6748131917207
1.7543333333333335,-998.6915490583943
1.756,-998.7077447579744
1.7576666666666667,-998.723400290461
1.7593333333333334,-998.7385063426283
1.7610000000000001,-998.7530489446376
1.7626666666666668,-998.7670141266506
1.7643333333333333,-998.7804158585055
1.7660166666666668,-998.7932681100411
1.7676666666666667,-998.8055895077091
1.76935,-998.8174126477993
1.7710166666666667,-998.8287515001506
1.7726833333333334,-998.8396386610528
1.77435,-998.8501020701835
1.7760166666666668,-998.8601882936713
1.7776833333333335,-998.8699578674835
1.77935,-998.8794666709748
1.7810166666666667,-998.8887612702738
1.7826833333333334,-998.8978416653806
1.78435,-998.9066892298436
1.7860166666666668,-998.915257397534
1.7876833333333335,-998.9234996023232
1.78935,-998.9313925611467
1.7910166666666667,-998.9389362740046
1.7926833333333334,-998.9461586805741
1.7943500000000001,-998.9531296300484
1.7960333333333334,-998.9599189716205
1.7977,-998.9665965544835
1.7993666666666668,-998.973222914605
1.8010333333333335,-998.9798213350492
1.8027000000000002,-998.9863731893647
1.8043666666666667,-998.9928272548099
1.8060333333333334,-998.9991136821914
1.8077,-999.0051626223163
1.8093666666666668,-999.0109228524431
1.8110333333333335,-999.0163850593457
1.8127,-999.0215632128629
1.8143666666666667,-999.0265038791237
1.8160333333333334,-999.0312582808692
1.8177,-999.0358729842286
1.8193666666666668,-999.0403898987175
1.8210333333333335,-999.0448369640135
1.8227,-999.0492328065677
1.8243666666666667,-999.053586739606
1.8260500000000002,-999.0579080763542
1.8277166666666667,-999.0622014734253
1.8293833333333334,-999.0664762440447
1.83105,-999.0707323882127
1.8327166666666668,-999.0749605927034
1.8343833333333335,-999.0791375744525
1.8360500000000002,-999.0832167673312
1.8377166666666667,-999.0871702316623
1.8393833333333334,-999.0909560579299
1.84105,-999.0945742461339
1.8427166666666668,-999.0980294528874
1.8443833333333335,-999.101363587706
1.8460500000000002,-999.1046185601059
1.8477166666666667,-999.1078502494413
1.8493833333333334,-999.1111005652282
1.85105,-999.114392790531
1.8527333333333333,-999.117712955511
1.8543833333333335,-999.1210144940396
1.8560666666666668,-999.1242322135364
1.8577333333333335,-999.1272962648083
1.8594000000000002,-999.1301740515652
1.8610666666666666,-999.1328562605813
1.8627333333333334,-999.1353801447598
1.8644,-999.1378155532934
1.8660666666666668,-999.1402416486014
1.8677333333333335,-999.1427422497155
1.8694000000000002,-999.1453592661513
1.8710666666666667,-999.1480973545221
1.8727333333333334,-999.1509146053115
1.8744,-999.1537458259397
1.8760666666666668,-999.1565118539876
1.8777333333333335,-999.1591707799394
1.8794000000000002,-999.161685350892
1.8810666666666667,-999.1640602234584
1.8827333333333334,-999.1663186807028
1.8844,-999.1684840056898
1.8860833333333333,-999.1705887947095
1.88775,-999.1726470176003
1.8894166666666667,-999.174672644201
1.8910833333333334,-999.1766703311246
1.8927500000000002,-999.1786447349837
1.8944166666666669,-999.180609825617
1.8960833333333333,-999.1825609464117
1.89775,-999.1845120672065
1.8994166666666668,-999.1864818144527
1.9010833333333335,-999.1884888146019
1.9027500000000002,-999.1905516941056
1.9044166666666669,-999.1926751095767
1.9060833333333334,-999.1948357779509
1.90775,-999.196996446325
1.9094166666666668,-999.1991058919575
1.9110833333333335,-999.2011175487196
1.9127666666666667,-999.2029988203211
1.9144166666666667,-999.2047357369237
1.9161000000000001,-999.206328298527
1.9177666666666668,-999.2077997881955
1.9194333333333333,-999.2091921154453
1.9211,-999.2105378765661
1.9227666666666667,-999.2118603546228
1.9244333333333334,-999.2131874892922
1.9261000000000001,-999.2145146239617
1.9277666666666669,-999.215846415244
1.9294333333333333,-999.2172014895907
1.9311,-999.2185984734532
1.9327666666666667,-999.2200559932832
1.9344333333333334,-999.2215973321449
1.9361000000000002,-999.2232178334255
1.9377666666666669,-999.2248988706734
1.9394333333333333,-999.2265985343729
1.9411,-999.2282656017823
1.9427833333333335,-999.2298488501598
1.94445,-999.2313296530542
1.9461166666666667,-999.2327126670781
1.9477833333333334,-999.2340444583605
1.9494500000000001,-999.2353809062556
1.9511166666666668,-999.2367685768925
1.9527833333333335,-999.2382447231739
1.95445,-999.2398000318742
1.9561166666666667,-999.2414065633162
1.9577833333333334,-999.2430084381452
1.9594500000000001,-999.2445544336199
1.9611166666666668,-999.2460166100627
1.9627833333333333,-999.2473809976351
1.96445,-999.2486662227888
1.9661166666666667,-999.2499188516522
1.9677833333333334,-999.2511761371285
1.9694666666666667,-999.2524753321206
1.9711333333333334,-999.2538164366288
1.9728,-999.2551715109754
1.9744666666666668,-999.2565126154835
1.9761333333333335,-999.2578118104757
1.9778,-999.2590504695005
1.9794666666666667,-999.2602518756223
1.9811333333333334,-999.2614346552926
1.9828000000000001,-999.2626267481887
1.9844666666666668,-999.263846780762
1.9861333333333335,-999.2650854397868
1.9878,-999.266310128973
1.9894666666666667,-999.2674789388047
1.9911333333333334,-999.2685453031531
1.9928000000000001,-999.2694766257282
1.9944666666666668,-999.2702868763685
1.9961333333333335,-999.2710039947513
1.9978,-999.2716885168439
1.9994666666666667,-999.2724009786139
2.00115,-999.2732019160284
2.002816666666667,-999.2741239253777
2.0044833333333334,-999.2751716632746
2.00615,-999.2763218466548
2.007816666666667,-999.2775372226153
2.0094833333333333,-999.2787712250272
2.01115,-999.2799819443748
2.0128166666666667,-999.2811460975936
2.0144833333333336,-999.282249714845
2.01615,-999.283292796129
2.0178166666666666,-999.2842753414457
2.0194833333333335,-999.2851880375692
2.02115,-999.2860308844997
2.022816666666667,-999.2867945690112
2.0244833333333334,-999.2874884043297
2.02615,-999.2881263602935
2.027816666666667,-999.2887270633545
2.0294833333333333,-999.2893231098025
2.0311500000000002,-999.2899470959278
2.0328333333333335,-999.2906316180204
2.0345,-999.2913999591449
2.036166666666667,-999.2922800589782
2.0378333333333334,-999.2932672609078
2.0395000000000003,-999.2943522517078
2.041166666666667,-999.2954838086364
2.0428333333333333,-999.2966107089522
2.0445,-999.2976863865264
2.0461666666666667,-999.298668931843
2.0478333333333336,-999.2995490316765
2.0495,-999.3003359992524
2.0511666666666666,-999.3010670874738
2.0528333333333335,-999.301770236018
2.0545,-999.3024873544008
2.056166666666667,-999.3032417256866
2.0578333333333334,-999.304047319714
2.0595166666666667,-999.3048994798702
2.061166666666667,-999.3057888929294
2.06285,-999.3066876192142
2.0645166666666666,-999.3075677190477
2.0661833333333335,-999.3083965961395
2.06785,-999.3091463108124
2.069516666666667,-999.3098028932278
2.0711833333333334,-999.3103430603213
2.0728500000000003,-999.3107621554801
2.074516666666667,-999.3110601787041
2.0761833333333333,-999.3112743828964
2.07785,-999.3114466775728
2.0795166666666667,-999.3116608817651
2.0811833333333336,-999.3119868446663
2.08285,-999.3125037286954
2.0845166666666666,-999.3132441301426
2.0861833333333335,-999.3142220188464
2.08785,-999.3153815154524
2.0895333333333332,-999.3166434575415
2.0912,-999.3179007430178
2.0928666666666667,-999.3190462697852
2.0945333333333336,-999.3199962188118
2.0962,-999.3206900541302
2.0978666666666665,-999.3211277757404
2.0995333333333335,-999.3213466365455
2.1012,-999.3214164857387
2.102866666666667,-999.3214304555773
2.1045333333333334,-999.3214630518675
2.1062000000000003,-999.3215841238022
2.1078666666666668,-999.3218262676717
2.1095333333333333,-999.3222127665404
2.1112,-999.3227296505695
2.1128666666666667,-999.3233629499205
2.1145333333333336,-999.3240660984646
2.1162,-999.3248158131375
2.1178666666666666,-999.3255562145847
2.1195500000000003,-999.3262593631289
2.1212,-999.3268786926413
2.1228833333333332,-999.3274002332834
2.12455,-999.3278146718293
2.1262166666666666,-999.3281452913434
2.1278833333333336,-999.3284340013416
2.12955,-999.3287366811786
2.131216666666667,-999.3291138668214
2.1328833333333335,-999.3296028111733
2.13455,-999.3302128274601
2.136216666666667,-999.3309346024557
2.1378833333333334,-999.3317169134187
2.1395500000000003,-999.3324992243818
2.1412166666666668,-999.3332256559903
2.1428833333333333,-999.3338589553413
2.14455,-999.3343758393705
2.1462166666666667,-999.3347716514648
2.1478833333333336,-999.3350557048502
2.149566666666667,-999.3352652524296
2.1512333333333333,-999.3354328904932
2.1529000000000003,-999.3356098417825
2.1545666666666667,-999.3358287025876
2.1562333333333332,-999.3361174125858
2.1579,-999.3364899416158
2.1595666666666666,-999.3369462896776
2.1612333333333336,-999.337491113384
2.1629,-999.338124412735
2.164566666666667,-999.3388322178921
2.1662333333333335,-999.3396098722422
2.1679,-999.3404247794954
2.169566666666667,-999.3412350301357
2.1712333333333333,-999.3419800881958
2.1729000000000003,-999.3426087309339
2.1745666666666668,-999.3430790488343
2.1762333333333332,-999.343391041897
2.1779,-999.3435679931862
2.1795833333333334,-999.3436704386695
2.18125,-999.3437728841527
2.182916666666667,-999.3439591486678
2.1845833333333333,-999.3442897681819
2.1862500000000002,-999.3448019955981
2.1879166666666667,-999.3455051441423
2.1895833333333337,-999.3463433344599
2.19125,-999.3472653438091
2.1929166666666666,-999.3481780399327
2.1945833333333336,-999.3490208868632
2.19625,-999.349738005246
2.197916666666667,-999.3503061120167
2.1995833333333334,-999.3507205505626
2.20125,-999.3510139171738
2.202916666666667,-999.3512094949145
2.2045833333333333,-999.3513538499136
2.2062500000000003,-999.3514749218484
2.2079166666666667,-999.3516099636217
2.2096,-999.3517822582982
2.211266666666667,-999.3520150889419
2.2129333333333334,-999.3523270820045
2.2146,-999.3527275507118
2.216266666666667,-999.3532258082895
2.2179333333333333,-999.3538311679632
2.2196000000000002,-999.3545250032817
2.2212666666666667,-999.3552654047288
2.2229333333333336,-999.3559871797245
2.2246,-999.3566437621399
2.2262666666666666,-999.3571885858463
2.2279333333333335,-999.3576216508437
2.2296,-999.3579569269707
2.231266666666667,-999.3582316671303
2.2329333333333334,-999.3584877808385
2.2346,-999.3587532077723
2.236266666666667,-999.359032604545
2.2379333333333333,-999.3593166579303
2.2396166666666666,-999.3595867414771
2.2412833333333335,-999.3598195721208
2.24295,-999.3600104932488
2.244616666666667,-999.3601641614736
2.2462833333333334,-999.3603038598599
2.24795,-999.3604528714718
2.249616666666667,-999.3606437925997
2.2512833333333333,-999.3608999063078
2.2529500000000002,-999.3612258692092
2.2546166666666667,-999.3616216813035
2.2562833333333336,-999.3620594029138
2.25795,-999.3625157509756
2.2596166666666666,-999.3629627858116
2.2612833333333335,-999.3633865375832
2.26295,-999.3637823496776
2.264616666666667,-999.3641688485463
2.2663,-999.3645553474149
2.2679666666666667,-999.3649465028965
2.2696333333333336,-999.3653376583779
2.2713,-999.3657241572466
2.2729666666666666,-999.3660780598251
2.2746333333333335,-999.3663900528878
2.2763,-999.3666508232088
2.277966666666667,-999.3668603707882
2.2796333333333334,-999.3670326654645
2.2813000000000003,-999.3671723638508
2.282966666666667,-999.3672934357855
2.2846333333333333,-999.3674145077204
2.2863,-999.367535579655
2.2879666666666667,-999.367651994977
2.2896333333333336,-999.3677730669117
2.2913,-999.3678801690079
2.2929666666666666,-999.3679919277168
2.2946333333333335,-999.3681223128774
2.2963,-999.3683178906182
2.2979833333333333,-999.3686298836808
2.29965,-999.3690815751297
2.3013166666666667,-999.3696915914163
2.3029833333333336,-999.3704226796377
2.30465,-999.3712003339879
2.3063166666666666,-999.371940735435
2.3079833333333335,-999.3725460951089
2.30965,-999.3729558770419
2.311316666666667,-999.3731467981697
2.3129833333333334,-999.3731467981697
2.3146500000000003,-999.3730210696222
2.316316666666667,-999.3728627447844
2.3179833333333333,-999.3727556426883
2.31965,-999.3727789257526
2.3213166666666667,-999.3729558770419
2.3229833333333336,-999.3732771833303
2.32465,-999.3737055917148
2.3263166666666666,-999.3741665963895
2.3280000000000003,-999.3745950047739
2.3296666666666668,-999.3749489073525
2.3313333333333333,-999.3752096776735
2.333,-999.3753959421886
2.3346666666666667,-999.3755449538005
2.3363333333333336,-999.3756846521868
2.338,-999.3758336637987
2.3396666666666666,-999.3759919886365
2.3413333333333335,-999.376164283313
2.343,-999.3763458912151
2.344666666666667,-999.3765461255687
2.3463333333333334,-999.3767742995996
2.3480000000000003,-999.3770443831463
2.349666666666667,-999.3773656894348
2.3513333333333333,-999.3777382184647
2.353,-999.3781433437849
2.3546666666666667,-999.378553125718
2.3563333333333336,-999.3789116849093
2.358016666666667,-999.3791817684561
2.3596833333333334,-999.3793400932939
2.3613500000000003,-999.3793913160355
2.3630166666666668,-999.379372689584
2.3646833333333332,-999.379335436681
2.36635,-999.3793400932939
2.3680166666666667,-999.3794332255513
2.3696833333333336,-999.3796148334535
2.37135,-999.3798756037745
2.373016666666667,-999.3801643137728
2.3746833333333335,-999.3804437105453
2.37635,-999.380676541189
2.378016666666667,-999.3808441792526
2.3796833333333334,-999.3809605945744
2.3813500000000003,-999.3810583834448
2.383016666666667,-999.3811654855409
2.3846833333333333,-999.381314497153
2.386366666666667,-999.381500761668
2.3880333333333335,-999.3817103092473
2.3897,-999.3819152002138
2.391366666666667,-999.3820828382774
2.3930333333333333,-999.3821899403735
2.3947000000000003,-999.382245819728
2.3963666666666668,-999.3822737594053
2.3980333333333332,-999.382320325534
2.3997,-999.3824274276301
2.4013666666666666,-999.3826136921451
2.4030333333333336,-999.3828837756919
2.4047,-999.3832143952061
2.406366666666667,-999.3835682977846
2.4080333333333335,-999.3839035739115
2.4097,-999.384187627297
2.411366666666667,-999.384411144715
2.4130333333333334,-999.3845834393913
2.4147000000000003,-999.3847417642291
2.4163833333333335,-999.3849233721313
2.41805,-999.385160859388
2.419716666666667,-999.3854635392248
2.4213833333333334,-999.385826755029
2.42305,-999.3862272237363
2.424716666666667,-999.3866323490565
2.4263833333333333,-999.3870141913122
2.4280500000000003,-999.3873541240522
2.4297166666666667,-999.3876288642118
2.4313833333333332,-999.3878290985655
2.43305,-999.3879362006616
2.4347166666666666,-999.3879641403388
2.4363833333333336,-999.3879315440487
2.43805,-999.3878616948556
2.439716666666667,-999.3877965022753
2.4413833333333335,-999.3877732192109
2.44305,-999.3878290985655
2.4447333333333336,-999.3879967366289
2.4464,-999.3882947598529
2.4480666666666666,-999.3887091983988
2.4497333333333335,-999.3892214258151
2.4514,-999.3897848759731
2.453066666666667,-999.3903529827438
2.4547333333333334,-999.3908558969343
2.4564,-999.391242395803
2.458066666666667,-999.3914705698338
2.4597333333333333,-999.3915171359627
2.4614000000000003,-999.3914053772536
2.4630666666666667,-999.3911725466098
2.4647333333333337,-999.3909024630631
2.4664,-999.3906603191936
2.4680666666666666,-999.3905159641945
2.4697333333333336,-999.3905113075816
2.4714,-999.3906556625807
2.473066666666667,-999.390907119676
2.4747333333333335,-999.3912191127386
2.4764166666666667,-999.3915124793498
2.4780833333333336,-999.3917453099936
2.47975,-999.391875695154
2.4814166666666666,-999.3919082914441
2.4830833333333335,-999.3918663819283
2.48475,-999.3917779062837
2.486416666666667,-999.3916754608003
2.4880833333333334,-999.3915683587043
2.48975,-999.3914659132209
2.491416666666667,-999.3913820941892
2.4930833333333333,-999.3913122449961
2.4947500000000002,-999.3912889619318
2.4964166666666667,-999.391316901609
2.4980833333333337,-999.3914100338665
2.49975,-999.3915730153171
2.5014166666666666,-999.3918105025738
2.5030833333333335,-999.3921131824106
2.504766666666667,-999.3924577717635
2.5064333333333333,-999.3928116743419
2.5081,-999.3931376372432
2.5097666666666667,-999.3934123774028
2.5114333333333336,-999.3936219249822
2.5131,-999.3937569667556
2.5147666666666666,-999.3938407857873
2.5164333333333335,-999.393892008529
2.5181,-999.3939432312707
2.519766666666667,-999.3940223936895
2.5214333333333334,-999.3941434656242
2.5231000000000003,-999.3943111036878
2.524766666666667,-999.3945206512672
2.5264333333333333,-999.3947581385238
2.5281000000000002,-999.3950049390062
2.5297666666666667,-999.3952517394886
2.5314333333333336,-999.3954752569066
2.533116666666667,-999.3956801478731
2.5347833333333334,-999.3958477859366
2.5364500000000003,-999.3959921409357
2.538116666666667,-999.3961085562576
2.5397833333333333,-999.3962156583538
2.54145,-999.3963134472241
2.5431166666666667,-999.3964205493203
2.5447833333333336,-999.3965509344807
2.54645,-999.3967046027057
2.5481166666666666,-999.3968722407692
2.5497833333333335,-999.3970538486712
2.55145,-999.3972307999605
2.553116666666667,-999.3974077512498
2.5547833333333334,-999.3975800459261
2.5564500000000003,-999.3977476839897
2.558116666666667,-999.3978966956017
2.5597833333333333,-999.398031737375
2.561466666666667,-999.398148152697
2.5631333333333335,-999.3982552547931
2.5648,-999.3983670135021
2.566466666666667,-999.3985020552755
2.5681333333333334,-999.3986650367261
2.5698000000000003,-999.3988792409184
2.571466666666667,-999.3991353546265
2.5731333333333333,-999.3994100947862
2.5748,-999.39967552172
2.5764666666666667,-999.3998897259123
2.5781333333333336,-999.4000201110728
2.5798,-999.4000620205887
2.5814666666666666,-999.4000294242986
2.5831333333333335,-999.3999549184925
2.5848,-999.3998804126866
2.586466666666667,-999.3998431597836
2.5881333333333334,-999.3998571296222
2.5898000000000003,-999.399936292041
2.591466666666667,-999.4000666772016
2.59315,-999.400234315265
2.594816666666667,-999.400425236393
2.5964833333333335,-999.4006254707466
2.59815,-999.4008396749389
2.599816666666667,-999.401058535744
2.6014833333333334,-999.4012913663878
2.6031500000000003,-999.4015241970316
2.604816666666667,-999.4017384012238
2.6064833333333333,-999.4019200091259
2.60815,-999.4020503942864
2.6098166666666667,-999.4021202434795
2.6114833333333336,-999.4021342133182
2.61315,-999.4020969604152
2.614816666666667,-999.402031767835
2.6164833333333335,-999.4019619186417
2.61815,-999.401915352513
2.619816666666667,-999.4019200091259
2.6214833333333334,-999.4019665752546
2.6231666666666666,-999.4020503942864
2.6248333333333336,-999.4021481831568
2.6265,-999.402255285253
2.628166666666667,-999.4023623873491
2.6298333333333335,-999.402478802671
2.6315,-999.4026045312186
2.633166666666667,-999.4027535428306
2.6348333333333334,-999.4029258375069
2.6365000000000003,-999.4031214152477
2.6381666666666668,-999.4033263062142
2.6398333333333333,-999.4035172273421
2.6415,-999.4036615823412
2.6431666666666667,-999.4037407447602
2.6448333333333336,-999.4037593712117
2.6465,-999.4037221183087
2.648166666666667,-999.403670895567
2.6498333333333335,-999.4036429558897
2.6515166666666667,-999.4036802087927
2.6531833333333337,-999.4037966241146
2.65485,-999.4040015150812
2.6565166666666666,-999.4042715986279
2.6581833333333336,-999.4045835916905
2.65985,-999.4049095545919
2.661516666666667,-999.4052262042674
2.6631833333333335,-999.4055149142656
2.66485,-999.405761714748
2.666516666666667,-999.4059759189403
2.6681833333333334,-999.4061575268424
2.6698500000000003,-999.4063251649059
2.6715166666666668,-999.4064881463565
2.6731833333333332,-999.406660441033
2.67485,-999.4068373923221
2.6765166666666667,-999.4070096869985
2.6781833333333336,-999.4071680118363
2.679866666666667,-999.4072983969968
2.6815333333333333,-999.4074101557059
2.6832000000000003,-999.4075172578019
2.6848666666666667,-999.4076243598981
2.6865333333333337,-999.4077500884457
2.6882,-999.407889786832
2.6898666666666666,-999.4080201719925
2.6915333333333336,-999.4081226174758
2.6932,-999.4081784968303
2.694866666666667,-999.4081784968303
2.6965333333333334,-999.4081179608629
2.6982,-999.408001545541
2.699866666666667,-999.4078478773162
2.7015333333333333,-999.4076895524784
2.7032000000000003,-999.4075545107049
2.7048666666666668,-999.4074753482861
2.7065333333333337,-999.4074706916732
2.7082,-999.4075405408663
2.7098833333333334,-999.4076755826397
2.7115500000000003,-999.4078571905419
2.713216666666667,-999.4080574248954
2.7148833333333333,-999.408262315862
2.7165500000000002,-999.4084392671513
2.7182166666666667,-999.4085789655376
2.7198833333333337,-999.408672097795
2.72155,-999.4087233205366
2.7232166666666666,-999.4087326337624
2.7248833333333335,-999.4087186639238
2.72655,-999.4086953808594
2.728216666666667,-999.4086953808594
2.7298833333333334,-999.4087559168267
2.73155,-999.4089049284388
2.733216666666667,-999.4091563855341
2.7348833333333333,-999.4094823484353
2.7365500000000003,-999.4098455642396
2.7382166666666667,-999.4101808403666
2.7399,-999.410427640849
2.741566666666667,-999.4105440561709
2.7432333333333334,-999.4105161164936
2.7449000000000003,-999.4103671048816
2.746566666666667,-999.4101529006894
2.7482333333333333,-999.4099480097228
2.7499000000000002,-999.4098129679495
2.7515666666666667,-999.4097850282722
2.7532333333333336,-999.4098781605297
2.7549,-999.410055111819
2.7565666666666666,-999.410273972624
2.7582333333333335,-999.4104695503648
2.7599,-999.4105999355254
2.761566666666667,-999.4106418450413
2.7632333333333334,-999.4105999355254
2.7649,-999.4105254297194
2.766566666666667,-999.4104695503648
2.7682333333333333,-999.4104835202035
2.7699166666666666,-999.4105999355254
2.7715833333333335,-999.4108187963305
2.77325,-999.4111028497159
2.774916666666667,-999.4114055295528
2.7765833333333334,-999.4116756130995
2.7782500000000003,-999.4118898172918
2.779916666666667,-999.4120295156781
2.7815833333333333,-999.412108678097
2.7832500000000002,-999.4121599008386
2.7849166666666667,-999.412215780193
2.7865833333333336,-999.4122856293862
2.78825,-999.4123787616437
2.7899166666666666,-999.4124905203528
2.7915833333333335,-999.412592965836
2.79325,-999.4126767848677
2.794916666666667,-999.4127373208352
2.7965833333333334,-999.4127606038995
2.7982666666666667,-999.4127512906738
2.7999333333333336,-999.4127186943836
2.8016,-999.4126767848677
2.803266666666667,-999.412630218739
2.8049333333333335,-999.4125976224489
2.8066,-999.4125976224489
2.808266666666667,-999.4126535018033
2.8099333333333334,-999.4127838869639
2.8116000000000003,-999.4130074043819
2.813266666666667,-999.4133147408317
2.8149333333333333,-999.4136872698616
2.8166,-999.4141017084075
2.8182666666666667,-999.4145021771149
2.8199333333333336,-999.4148467664676
2.8216,-999.4150889103371
2.8232666666666666,-999.4151866992075
2.8249333333333335,-999.4151401330787
2.8266,-999.4149724950153
2.8282833333333333,-999.4147396643715
2.82995,-999.4145161469535
2.8316166666666667,-999.4143671353414
2.8332833333333336,-999.4143485088899
2.83495,-999.4144742374376
2.836616666666667,-999.4147256945329
2.8382833333333335,-999.4150516574341
2.83995,-999.415391590174
2.841616666666667,-999.4156849567852
2.8432833333333334,-999.4158991609775
2.8449500000000003,-999.416024889525
2.846616666666667,-999.4160667990409
2.8482833333333333,-999.416062142428
2.849966666666667,-999.4160342027508
2.8516166666666667,-999.4160062630735
2.8533,-999.4159829800092
2.854966666666667,-999.4159550403319
2.8566333333333334,-999.4159131308161
2.8583000000000003,-999.4158479382357
2.8599666666666668,-999.4157687758169
2.8616333333333333,-999.4156942700109
2.8633,-999.415657017108
2.8649666666666667,-999.4156942700109
2.8666333333333336,-999.41583862501
2.8683,-999.4161040519439
2.869966666666667,-999.4164719243611
2.8716333333333335,-999.4168910195199
2.8733,-999.4172868316142
2.874966666666667,-999.4175848548382
2.8766333333333334,-999.4177245532245
2.8783000000000003,-999.4176873003215
2.879966666666667,-999.4174870659679
2.8816333333333333,-999.4171797295181
2.883316666666667,-999.4168351401653
2.8849666666666667,-999.4165417735542
2.88665,-999.4163508524263
2.888316666666667,-999.4162949730718
2.8899833333333333,-999.4163741354906
2.8916500000000003,-999.4165650566185
2.8933166666666668,-999.4168491100039
2.8949833333333337,-999.4171890427439
2.89665,-999.4175615717738
2.8983166666666667,-999.4179387574168
2.8999833333333336,-999.4182973166081
2.90165,-999.4186093096708
2.903316666666667,-999.4188561101532
2.9049833333333335,-999.4190144349909
2.90665,-999.4190703143455
2.908316666666667,-999.4190237482167
2.9099833333333334,-999.4188933630562
2.9116500000000003,-999.4186931287026
2.9133166666666668,-999.4184789245103
2.9149833333333333,-999.4182973166081
2.916666666666667,-999.4182134975764
2.9183333333333334,-999.418264720318
2.92,-999.4184696112845
2.921666666666667,-999.4188048874115
2.9233333333333333,-999.4192146693446
2.9250000000000003,-999.4196384211162
2.9266666666666667,-999.4200109501462
2.9283333333333337,-999.4202903469188
2.93,-999.4204440151436
2.9316666666666666,-999.4204859246595
2.9333333333333336,-999.4204347019179
2.935,-999.4203322564347
2.936666666666667,-999.420206527887
2.9383333333333335,-999.4200901125652
2.94,-999.4199923236947
2.941666666666667,-999.4199271311145
2.9433333333333334,-999.4198945348244
2.9450000000000003,-999.4199038480501
2.9466833333333335,-999.4199736972432
2.94835,-999.420094769178
2.950016666666667,-999.4202717204672
2.9516833333333334,-999.4204905812724
2.95335,-999.4207327251419
2.955016666666667,-999.4209795256243
2.9566833333333333,-999.4211890732037
2.9583500000000003,-999.4213334282028
2.9600166666666667,-999.4213939641702
2.9616833333333337,-999.4213613678801
2.96335,-999.4212589223968
2.9650166666666666,-999.4211331938492
2.9666833333333336,-999.4210354049789
2.96835,-999.4210121219144
2.970016666666667,-999.4210912843333
2.9716833333333335,-999.4212635790096
2.97335,-999.4215010662663
2.9750333333333336,-999.4217385535229
2.9767,-999.4219294746508
2.9783666666666666,-999.4220319201341
2.9800333333333335,-999.4220226069084
2.9817,-999.4219294746508
2.983366666666667,-999.4217851196518
2.9850333333333334,-999.4216733609427
2.9867000000000004,-999.4216547344912
2.988366666666667,-999.4217897762646
2.9900333333333333,-999.4220924561015
2.9917000000000002,-999.4225488041633
2.9933666666666667,-999.4231122543212
2.9950333333333337,-999.4236943309305
2.9967,-999.4242298414113
2.9983666666666666,-999.4246396233442
3.0000333333333336,-999.4248771106008
3.0017,-999.4249190201167
3.003366666666667,-999.4247700085048
3.00505,-999.4244673286679
3.0067166666666667,-999.4240715165735
3.0083833333333336,-999.4236663912533
3.01005,-999.4233218019006
3.0117166666666666,-999.4230936278697
3.0133833333333335,-999.423009808838
3.01505,-999.4230750014182
3.016716666666667,-999.4232566093203
3.0183833333333334,-999.4235266928671
3.0200500000000003,-999.4238247160911
3.021716666666667,-999.4241180827022
3.0233833333333333,-999.4243602265717
3.0250500000000002,-999.424537177861
3.0267166666666667,-999.4246442799571
3.0283833333333336,-999.4246908460859
3.03005,-999.4247001593117
3.0317166666666666,-999.4246815328601
3.0334000000000003,-999.4246535931828
3.035066666666667,-999.4246070270541
3.0367333333333333,-999.4245558043125
3.0384,-999.4244906117323
3.0400666666666667,-999.4244207625391
3.0417333333333336,-999.4243741964103
3.0434,-999.4243602265717
3.045066666666667,-999.4243974794747
3.0467333333333335,-999.4244952683451
3.0484,-999.4246396233442
3.050066666666667,-999.4248165746335
3.0517333333333334,-999.4249981825357
3.0534000000000003,-999.4251471941476
3.055066666666667,-999.4252403264052
3.0567333333333333,-999.4252496396309
3.0584000000000002,-999.425170477212
3.0600666666666667,-999.4249981825357
3.0617333333333336,-999.4247560386661
3.063416666666667,-999.4244766418936
3.0650833333333334,-999.4242112149598
3.0667500000000003,-999.4240202938319
3.068416666666667,-999.4239551012516
3.0700833333333333,-999.4240435768962
3.07175,-999.4242717509271
3.0734166666666667,-999.4246023704412
3.0750833333333336,-999.4249702428584
3.07675,-999.4253101755983
3.078416666666667,-999.4255709459193
3.0800833333333335,-999.4257199575313
3.08175,-999.4257618670472
3.083416666666667,-999.4257292707571
3.0850833333333334,-999.4256687347897
3.0867500000000003,-999.4256361384995
3.088416666666667,-999.4256780480155
3.0900833333333333,-999.4258177464017
3.09175,-999.4260552336583
3.0934333333333335,-999.426362570108
3.0951,-999.426702502848
3.096766666666667,-999.4270284657492
3.0984333333333334,-999.4273125191346
3.1001000000000003,-999.4275267233269
3.101766666666667,-999.4276850481647
3.1034333333333333,-999.4277968068736
3.1051,-999.4278713126797
3.1067666666666667,-999.4279225354213
3.1084333333333336,-999.42796910155
3.1101,-999.4280156676788
3.111766666666667,-999.4280622338075
3.1134333333333335,-999.4281181131621
3.1151,-999.4281693359037
3.116766666666667,-999.4282065888067
3.1184333333333334,-999.428229871871
3.1201000000000003,-999.428229871871
3.1217833333333336,-999.4282112454196
3.12345,-999.4281833057423
3.125116666666667,-999.4281460528393
3.1267833333333335,-999.4281181131621
3.12845,-999.4281041433235
3.130116666666667,-999.4281181131621
3.1317833333333334,-999.4281693359037
3.1334500000000003,-999.4282717813869
3.1351166666666668,-999.4284114797732
3.1367833333333337,-999.4285744612238
3.13845,-999.4287281294487
3.1401166666666667,-999.4288305749319
3.1417833333333336,-999.4288631712221
3.14345,-999.4288072918675
3.145116666666667,-999.4286769067071
3.1467833333333335,-999.4285139252564
3.14845,-999.4283509438059
3.1501333333333337,-999.4282345284839
3.1518,-999.4281739925166
3.1534666666666666,-999.4281646792908
3.1551333333333336,-999.4281833057423
3.1568,-999.4281879623552
3.158466666666667,-999.4281460528393
3.1601333333333335,-999.4280482639689
3.1618,-999.4278945957441
3.163466666666667,-999.427708331229
3.1651333333333334,-999.427522066714
3.1668000000000003,-999.4273637418762
3.1684666666666668,-999.4272566397801
3.1701333333333337,-999.4272147302643
3.1718,-999.4272519831673
3.1734666666666667,-999.4273730551021
3.1751500000000004,-999.4275826026814
3.1768,-999.4278852825183
3.178466666666667,-999.4282531549354
3.1801333333333335,-999.4286629368685
3.1818166666666667,-999.4290727188014
3.1834833333333337,-999.4294219647671
3.18515,-999.4296547954109
3.1868166666666666,-999.4297293012169
3.1884833333333336,-999.4296082292822
3.19015,-999.4293102060581
3.191816666666667,-999.428867827835
3.1934833333333335,-999.4283602570316
3.19515,-999.4278713126797
3.196816666666667,-999.4274987836496
3.1984833333333333,-999.4273078625217
3.2001500000000003,-999.4273544286505
3.2018166666666668,-999.4276338254231
3.2034833333333337,-999.4281087999364
3.20515,-999.4287001897715
3.2068166666666666,-999.4293008928323
3.2084833333333336,-999.4298084636357
3.21015,-999.4301297699242
3.2118333333333333,-999.4302275587945
3.2135000000000002,-999.4300925170212
3.2151666666666667,-999.4297758673456
3.2168333333333337,-999.4293428023483
3.2185,-999.4288864542865
3.2201666666666666,-999.4284859855792
3.2218333333333335,-999.4282159020324
3.2235,-999.4281274263878
3.225166666666667,-999.4282345284839
3.2268333333333334,-999.4285325517079
3.2285000000000004,-999.428979586544
3.230166666666667,-999.4295150970246
3.2318333333333333,-999.4300552641182
3.2335000000000003,-999.4305116121799
3.2351666666666667,-999.4308142920169
3.2368333333333337,-999.4309027676615
3.2385,-999.4307770391138
3.2401833333333334,-999.4304790158898
3.2418500000000003,-999.4300692339568
3.243516666666667,-999.4296408255723
3.2451833333333333,-999.4292682965422
3.2468500000000002,-999.429016839447
3.2485166666666667,-999.4289190505766
3.2501833333333336,-999.4289702733182
3.25185,-999.4291379113818
3.2535166666666666,-999.4293707420255
3.2551833333333335,-999.4295942594435
3.25685,-999.4297525842812
3.258516666666667,-999.4297898371842
3.2601833333333334,-999.4296780784753
3.2618500000000004,-999.4294219647671
3.263516666666667,-999.4290540923499
3.2651833333333333,-999.4286210273526
3.2668500000000003,-999.4281926189681
3.2685333333333335,-999.4278294031637
3.2702,-999.4275872592942
3.271866666666667,-999.4275174101011
3.2735333333333334,-999.4276151989716
3.2752000000000003,-999.427861999454
3.276866666666667,-999.4282112454196
3.2785333333333333,-999.428607057514
3.2802000000000002,-999.4290028696083
3.2818666666666667,-999.4293614287998
3.2835333333333336,-999.4296594520238
3.2852,-999.4298922826675
3.2868666666666666,-999.4300459508923
3.2885333333333335,-999.4301297699242
3.2902,-999.4301577096014
3.291866666666667,-999.4301483963757
3.2935333333333334,-999.4301111434727
3.2952000000000004,-999.4300552641182
3.296866666666667,-999.4299761016993
3.29855,-999.429873656216
3.300216666666667,-999.4297572408941
3.3018833333333335,-999.4296315123465
3.30355,-999.4295150970246
3.305216666666667,-999.42942662138
3.3068833333333334,-999.4293753986384
3.3085500000000003,-999.4293753986384
3.310216666666667,-999.42942662138
3.3118833333333333,-999.4295244102503
3.31355,-999.4296547954109
3.3152166666666667,-999.4297851805713
3.3168833333333336,-999.429873656216
3.31855,-999.4298689996032
3.320216666666667,-999.4297386144426
3.3218833333333335,-999.4294545610572
3.32355,-999.4290354658984
3.325216666666667,-999.4285372083208
3.3268833333333334,-999.4280529205818
3.3285666666666667,-999.4276943613904
3.3302333333333336,-999.427559319617
3.3319,-999.4277223010677
3.333566666666667,-999.4281879623552
3.3352333333333335,-999.4289190505766
3.3369,-999.4298131202487
3.338566666666667,-999.4307444428237
3.3402333333333334,-999.4315593500769
3.3419000000000003,-999.4321274568476
3.343566666666667,-999.4323696007172
3.3452333333333333,-999.4322578420082
3.3469,-999.4318340902365
3.3485666666666667,-999.4311914776597
3.3502333333333336,-999.4304510762125
3.3519,-999.4297479276684
3.353566666666667,-999.429203103962
3.3552333333333335,-999.4289097373509
3.3569,-999.4289097373509
3.3585833333333337,-999.4291937907362
3.36025,-999.429687391701
3.3619166666666667,-999.4302974079876
3.3635833333333336,-999.4308981110486
3.36525,-999.4314010252391
3.366916666666667,-999.4317316447532
3.3685833333333335,-999.4318759997524
3.37025,-999.431852716688
3.371916666666667,-999.4317083616888
3.3735833333333334,-999.4315034707223
3.3752500000000003,-999.4312752966915
3.376916666666667,-999.4310517792735
3.3785833333333337,-999.4308422316941
3.38025,-999.4306513105662
3.3819166666666667,-999.4304883291155
3.3835833333333336,-999.4303672571808
3.38525,-999.4303113778263
3.3869333333333334,-999.4303439741165
3.3886000000000003,-999.4304650460512
3.3902666666666668,-999.4306652804048
3.3919333333333337,-999.4309027676615
3.3936,-999.4311542247567
3.3952666666666667,-999.4313917120134
3.3969333333333336,-999.4316059162056
3.3986,-999.431815463785
3.400266666666667,-999.4320343245902
3.4019333333333335,-999.4322764684597
3.4036,-999.4325372387807
3.405266666666667,-999.4327980091017
3.4069333333333334,-999.4330261831326
3.4086000000000003,-999.4331845079703
3.410266666666667,-999.4332636703892
3.4119333333333337,-999.4332543571635
3.4136,-999.4331798513574
3.4152666666666667,-999.4330448095841
3.4169500000000004,-999.4328725149077
3.418616666666667,-999.4326676239411
3.4202833333333333,-999.4324347932974
3.4219500000000003,-999.432187992815
3.4236166666666668,-999.4319225658811
3.4252833333333337,-999.4316524823344
3.42695,-999.4313870554005
3.4286166666666666,-999.4311355983052
3.4302833333333336,-999.4309167375001
3.43195,-999.4307351295979
3.433616666666667,-999.4306094010503
3.4352833333333335,-999.430548865083
3.43695,-999.4305581783087
3.438616666666667,-999.4306466539533
3.4402833333333334,-999.4308049787911
3.4419500000000003,-999.4310238395962
3.4436333333333335,-999.4312752966915
3.4453,-999.4315453802383
3.446966666666667,-999.4318014939464
3.4486333333333334,-999.432038981203
3.4503000000000004,-999.4322438721695
3.451966666666667,-999.4324347932974
3.4536333333333333,-999.4326070879738
3.4553000000000003,-999.4327840392631
3.4569666666666667,-999.4329749603909
3.4586333333333337,-999.4331845079703
3.4603,-999.4334080253883
3.4619666666666666,-999.4336315428063
3.4636333333333336,-999.4338224639342
3.4653,-999.4339388792561
3.466966666666667,-999.4339575057076
3.4686333333333335,-999.433869030063
3.4703000000000004,-999.4336874221608
3.471966666666667,-999.4334452782913
3.4736333333333334,-999.4331891645832
3.475316666666667,-999.4329470207136
3.4769833333333335,-999.4327560995858
3.47865,-999.4326443408768
3.480316666666667,-999.4326257144253
3.4819833333333334,-999.432709533457
3.4836500000000004,-999.4328818281334
3.485316666666667,-999.4331193153901
3.4869833333333333,-999.4333847423239
3.4886500000000003,-999.4336315428063
3.4903166666666667,-999.4338271205471
3.4919833333333337,-999.4339481924818
3.49365,-999.433980788772
3.4953166666666666,-999.4339388792561
3.4969833333333336,-999.4338410903857
3.49865,-999.433720018451
3.500316666666667,-999.4336036031291
3.5019833333333334,-999.4335197840974
3.5036500000000004,-999.4334825311944
3.5053333333333336,-999.4335104708716
3.507,-999.4336036031291
3.508666666666667,-999.4337433015154
3.5103333333333335,-999.4339109395788
3.512,-999.4340692644166
3.513666666666667,-999.4341856797384
3.5153333333333334,-999.4342275892544
3.5170000000000003,-999.4341717098998
3.518666666666667,-999.4340226982879
3.5203333333333333,-999.433794524257
3.5220000000000002,-999.4335151274845
3.5236666666666667,-999.4332217608733
3.5253333333333337,-999.432933050875
3.527,-999.432672280554
3.5286666666666666,-999.4324441065231
3.5303333333333335,-999.4322578420082
3.532,-999.432113487009
3.5336833333333333,-999.4320250113644
3.53535,-999.4320063849128
3.5370166666666667,-999.4320576076545
3.5386833333333336,-999.4321786795892
3.54035,-999.4323509742657
3.542016666666667,-999.4325465520064
3.5436833333333335,-999.4327421297472
3.54535,-999.432895797972
3.547016666666667,-999.4329935868425
3.5486833333333334,-999.4330075566811
3.5503500000000003,-999.4329470207136
3.552016666666667,-999.4328166355532
3.5536833333333333,-999.4326583107154
3.5553500000000002,-999.4325046424906
3.5570166666666667,-999.4323975403944
3.5586833333333336,-999.4323556308785
3.56035,-999.4323928837815
3.562016666666667,-999.4325046424906
3.5637000000000003,-999.4326583107154
3.565366666666667,-999.4328306053918
3.5670333333333337,-999.4329842736167
3.5687,-999.4330960323257
3.5703666666666667,-999.4331658815188
3.5720333333333336,-999.4331984778089
3.5737,-999.4332077910346
3.575366666666667,-999.4332217608733
3.5770333333333335,-999.4332543571635
3.5787,-999.4333195497437
3.580366666666667,-999.4334359650655
3.5820333333333334,-999.4335896332905
3.5837000000000003,-999.4337712411926
3.585366666666667,-999.4339435358689
3.5870333333333333,-999.4340739210295
3.5887000000000002,-999.434129800384
3.5903666666666667,-999.434092547481
3.5920333333333336,-999.4339481924818
3.593716666666667,-999.4337060486123
3.5953833333333334,-999.4333987121626
3.5970500000000003,-999.4330541228098
3.598716666666667,-999.4327235032956
3.6003833333333337,-999.4324534197489
3.60205,-999.4322811250726
3.6037166666666667,-999.432225245718
3.6053833333333336,-999.4323044081369
3.60705,-999.4324999858777
3.608716666666667,-999.4327840392631
3.6103833333333335,-999.4331100021643
3.61205,-999.4334126820012
3.613716666666667,-999.433645512645
3.6153833333333334,-999.433757271354
3.6170500000000003,-999.4337293316768
3.618716666666667,-999.433571006839
3.6203833333333333,-999.433310236518
3.622066666666667,-999.4329842736167
3.6237333333333335,-999.4326443408768
3.6254,-999.4323183779755
3.627066666666667,-999.4320343245902
3.6287333333333334,-999.4317968373335
3.6304000000000003,-999.4316105728185
3.6320666666666668,-999.4314662178193
3.6337333333333337,-999.4313637723361
3.6354,-999.4313078929816
3.6370666666666667,-999.4313125495945
3.6387333333333336,-999.4313777421747
3.6404,-999.4315034707223
3.642066666666667,-999.4316571389472
3.6437333333333335,-999.4318201203979
3.6454,-999.4319598187841
3.647066666666667,-999.4320436378159
3.6487333333333334,-999.4320576076545
3.6504000000000003,-999.4319970716871
3.6520833333333336,-999.431889969591
3.65375,-999.4317595844304
3.655416666666667,-999.4316524823344
3.6570833333333335,-999.4316105728185
3.6587500000000004,-999.4316524823344
3.660416666666667,-999.4317921807207
3.6620833333333334,-999.4320156981387
3.6637500000000003,-999.432299751524
3.6654166666666668,-999.432597774748
3.6670833333333337,-999.4328678582948
3.66875,-999.4330634360356
3.6704166666666667,-999.4331705381317
3.6720833333333336,-999.4331845079703
3.67375,-999.4331332852287
3.675416666666667,-999.4330401529712
3.6770833333333335,-999.432933050875
3.67875,-999.4328352620047
3.680416666666667,-999.4327421297472
3.6821,-999.4326489974897
3.6837666666666666,-999.4325418953936
3.6854333333333336,-999.4324301366845
3.6871,-999.4323183779755
3.688766666666667,-999.432225245718
3.6904333333333335,-999.4321693663635
3.6921000000000004,-999.4321647097506
3.693766666666667,-999.4322019626536
3.6954333333333333,-999.4322718118468
3.6971000000000003,-999.43237425733
3.6987666666666668,-999.4325092991035
3.7004333333333337,-999.4326862503926
3.7021,-999.4329190810364
3.7037666666666667,-999.4332031344218
3.7054333333333336,-999.4335430671617
3.7071,-999.4339155961917
3.708766666666667,-999.4342927818346
3.7104500000000002,-999.4346187447359
3.7121166666666667,-999.4348515753796
3.7137833333333337,-999.4349586774758
3.71545,-999.4349260811856
3.7171166666666666,-999.434763099735
3.7187833333333336,-999.4345069860269
3.72045,-999.4341996495771
3.722116666666667,-999.433906282966
3.7237833333333334,-999.433678108935
3.7254500000000004,-999.4335570370004
3.727116666666667,-999.4335477237746
3.7287833333333333,-999.4336361994192
3.7304500000000003,-999.4337712411926
3.7321166666666667,-999.4338969697402
3.7337833333333337,-999.4339435358689
3.73545,-999.433869030063
3.7371166666666666,-999.4336594824836
3.7388000000000003,-999.4333288629695
3.740466666666667,-999.4329237376493
3.7421333333333333,-999.4325046424906
3.7438000000000002,-999.4321321134605
3.7454666666666667,-999.4318434034623
3.7471333333333336,-999.4316571389472
3.7488,-999.4315872897541
3.750466666666667,-999.4316245426571
3.7521333333333335,-999.4317456145918
3.7538,-999.4319365357197
3.755466666666667,-999.4321693663635
3.7571333333333334,-999.4324208234588
3.7588000000000004,-999.432672280554
3.760466666666667,-999.4329051111978
3.7621333333333333,-999.4330960323257
3.7638000000000003,-999.433235730712
3.7654666666666667,-999.433310236518
3.7671333333333337,-999.433310236518
3.768816666666667,-999.4332403873249
3.7704833333333334,-999.4331286286158
3.7721500000000003,-999.4330029000682
3.773816666666667,-999.4328771715205
3.7754833333333333,-999.4327607561987
3.7771500000000002,-999.4326489974897
3.7788166666666667,-999.432527925555
3.7804833333333336,-999.4323928837815
3.78215,-999.4322485287823
3.783816666666667,-999.4321181436219
3.7854833333333335,-999.4320296679773
3.78715,-999.4320203547516
3.788816666666667,-999.4321274568476
3.7904833333333334,-999.4323509742657
3.7921500000000004,-999.4326769371669
3.793816666666667,-999.4330774058742
3.7954833333333333,-999.433496501033
3.7971500000000002,-999.4338876565145
3.7988166666666667,-999.4342089628029
3.8005,-999.4344417934466
3.802166666666667,-999.4345675219943
3.8038333333333334,-999.4345954616715
3.8055000000000003,-999.4345349257042
3.807166666666667,-999.4343952273179
3.8088333333333337,-999.4341903363513
3.8105,-999.4339435358689
3.8121666666666667,-999.4336687957093
3.8138333333333336,-999.4333987121626
3.8155,-999.4331658815188
3.817166666666667,-999.4329842736167
3.8188333333333335,-999.4328771715205
3.8205,-999.4328445752304
3.822166666666667,-999.4328771715205
3.8238333333333334,-999.4329563339394
3.8255000000000003,-999.4330774058742
3.827166666666667,-999.4332217608733
3.82885,-999.4333707724853
3.830516666666667,-999.4335011576459
3.8321833333333335,-999.4335942899033
3.83385,-999.4336361994192
3.835516666666667,-999.4336315428063
3.8371833333333334,-999.4335756634518
3.8388500000000003,-999.4334918444201
3.840516666666667,-999.4333893989368
3.8421833333333337,-999.4332822968407
3.84385,-999.4331798513574
3.8455166666666667,-999.4330960323257
3.8471833333333336,-999.4330401529712
3.84885,-999.433012213294
3.850516666666667,-999.4330261831326
3.8521833333333335,-999.4331006889386
3.85385,-999.4332450439377
3.855516666666667,-999.4334778745815
3.8572,-999.4337898676441
3.8588666666666667,-999.434167053287
3.8605333333333336,-999.4345535521556
3.8622,-999.4348841716698
3.863866666666667,-999.4350890626363
3.8655333333333335,-999.4351030324749
3.8672,-999.4348888282826
3.868866666666667,-999.4344604198982
3.8705333333333334,-999.4338597168372
3.8722000000000003,-999.4331705381317
3.873866666666667,-999.432486016039
3.8755333333333337,-999.4318992828167
3.8772,-999.4314801876579
3.8788666666666667,-999.431252013627
3.8805333333333336,-999.4312101041112
3.8822,-999.4313078929816
3.883866666666667,-999.4314895008837
3.8855333333333335,-999.4316943918502
3.8872166666666668,-999.4318759997524
3.8888833333333337,-999.4320110415258
3.89055,-999.4320995171704
3.8922166666666667,-999.4321553965249
3.8938833333333336,-999.4321926494279
3.89555,-999.4322205891051
3.897216666666667,-999.4322485287823
3.8988833333333335,-999.4322718118468
3.9005500000000004,-999.4323044081369
3.902216666666667,-999.4323556308785
3.9038833333333334,-999.4324347932974
3.9055500000000003,-999.4325372387807
3.907216666666667,-999.4326489974897
3.9088833333333337,-999.4327421297472
3.91055,-999.4327840392631
3.9122166666666667,-999.4327421297472
3.9138833333333336,-999.4326117445867
3.91555,-999.4323975403944
3.9172333333333333,-999.4321414266863
3.9189000000000003,-999.431889969591
3.9205666666666668,-999.4316850786245
3.9222333333333337,-999.4315733199155
3.9239,-999.431591946367
3.9255666666666666,-999.431740957979
3.9272333333333336,-999.4320156981387
3.9289,-999.4323789139429
3.930566666666667,-999.4327793826502
3.9322333333333335,-999.4331658815188
3.9339000000000004,-999.4334778745815
3.935566666666667,-999.4336827655479
3.9372333333333334,-999.4337526147411
3.9389000000000003,-999.4336874221608
3.9405666666666668,-999.4334918444201
3.9422333333333337,-999.433193821196
3.9439,-999.4328306053918
3.9455666666666667,-999.4324394499102
3.9472500000000004,-999.4320715774932
3.948916666666667,-999.4317688976563
3.9505833333333333,-999.4315733199155
3.9522500000000003,-999.4315081273352
3.9539166666666667,-999.4315640066898
3.9555833333333337,-999.4317363013661
3.95725,-999.4319877584613
3.9589166666666666,-999.4322904382983
3.9605833333333336,-999.4325931181352
3.96225,-999.4328632016819
3.963916666666667,-999.4330587794227
3.9655833333333335,-999.433156568293
3.9672500000000004,-999.4331519116802
3.968916666666667,-999.4330448095841
3.9705833333333334,-999.432858545069
3.9722500000000003,-999.4326396842639
3.9739166666666668,-999.4324347932974
3.9756,-999.4322718118468
3.977266666666667,-999.432187992815
3.9789333333333334,-999.4321786795892
3.9806000000000004,-999.4322345589437
3.982266666666667,-999.4323323478142
3.9839333333333333,-999.4324441065231
3.9856000000000003,-999.4325418953936
3.9872666666666667,-999.4326117445867
3.9889333333333337,-999.4326303710382
3.9906,-999.432597774748
3.992266666666667,-999.4324953292647
3.9939333333333336,-999.4323323478142
3.9956,-999.4321228002348
3.997266666666667,-999.4318806563653
3.9989333333333335,-999.4316338558829
