min,µS/cm
0.0,-1000.2269181423945
0.0016666666666667052,-1000.2269274556203
0.0033333333333334103,-1000.2268017270727
0.005016666666666669,-1000.226531643526
0.006683333333333374,-1000.2260939219157
0.00835000000000008,-1000.2254373395002
0.010016666666666563,-1000.2245572396669
0.011683333333333268,-1000.2234862187055
0.013349999999999973,-1000.222350005164
0.015016666666666678,-1000.2213115804927
0.016683333333333383,-1000.2205525525941
0.01835000000000009,-1000.2202405595315
0.02001666666666657,-1000.2204687335624
0.021683333333333277,-1000.2212557011383
0.023349999999999982,-1000.2225222998403
0.025016666666666687,-1000.2240915783793
0.026683333333333392,-1000.2257353627243
0.028350000000000097,-1000.2272068523929
0.03001666666666658,-1000.2282918431928
0.03170000000000006,-1000.2288506367378
0.03334999999999999,-1000.228841323512
0.03503333333333325,-1000.2283151262571
0.036699999999999955,-1000.2274024301336
0.03836666666666666,-1000.2262755298178
0.040033333333333365,-1000.2251439728891
0.04170000000000007,-1000.2241660841853
0.043366666666666775,-1000.2234722488669
0.04503333333333326,-1000.2231183462884
0.046699999999999964,-1000.2231090330627
0.04836666666666667,-1000.223393086448
0.050033333333333374,-1000.2239099704772
0.05170000000000008,-1000.2245712095055
0.05336666666666656,-1000.2252836712754
0.05505000000000004,-1000.2259542235295
0.05671666666666675,-1000.2264897340101
0.05838333333333323,-1000.2268063836856
0.06004999999999994,-1000.2268529498143
0.06171666666666664,-1000.226601492719
0.06338333333333335,-1000.2260846086899
0.06505000000000005,-1000.2253674903071
0.06671666666666676,-1000.2245712095055
0.06838333333333324,-1000.2238214948326
0.07004999999999995,-1000.2232254483845
0.07171666666666665,-1000.2228575759674
0.07338333333333336,-1000.2227504738712
0.07505000000000006,-1000.2228808590318
0.07671666666666677,-1000.223206821933
0.07838333333333325,-1000.2236631699948
0.08004999999999995,-1000.224175397411
0.08171666666666666,-1000.2246736549887
0.08338333333333336,-1000.2251020633732
0.08505000000000007,-1000.2254047432101
0.08671666666666655,-1000.225558411435
0.08838333333333326,-1000.2255537548222
0.09004999999999996,-1000.2254047432101
0.09173333333333322,-1000.2251439728891
0.09339999999999993,-1000.2247993835364
0.09506666666666663,-1000.2243989148291
0.09673333333333334,-1000.2239798196703
0.09840000000000004,-1000.2235840075759
0.10006666666666675,-1000.2232487314488
0.10173333333333345,-1000.223020557418
0.10339999999999994,-1000.2229227685476
0.10506666666666664,-1000.2229739912892
0.10673333333333335,-1000.22316956903
0.10840000000000005,-1000.2234862187055
0.11006666666666676,-1000.2238727175742
0.11173333333333324,-1000.2242778428944
0.11339999999999995,-1000.2246410586986
0.11506666666666665,-1000.2249157988582
0.11673333333333336,-1000.2250648104703
0.11840000000000006,-1000.2250694670831
0.12006666666666677,-1000.2249437385354
0.12175000000000002,-1000.2247062512788
0.12339999999999995,-1000.2244128846677
0.12508333333333344,-1000.2241195180566
0.12674999999999992,-1000.2238727175742
0.12841666666666662,-1000.2237004228978
0.13008333333333333,-1000.2236072906403
0.13175000000000003,-1000.2235746943502
0.13341666666666674,-1000.2235979774146
0.13508333333333344,-1000.2236585133819
0.13674999999999993,-1000.2237656154781
0.13841666666666663,-1000.2239285969287
0.14008333333333334,-1000.2241428011209
0.14175000000000004,-1000.2243989148291
0.14341666666666675,-1000.224664341763
0.14508333333333323,-1000.2248925157938
0.14674999999999994,-1000.2250415274059
0.14843333333333342,-1000.2250508406316
0.15008333333333335,-1000.2249111422453
0.1517666666666666,-1000.2246224322471
0.1534333333333333,-1000.2242219635398
0.15510000000000002,-1000.2237749287038
0.15676666666666672,-1000.2233372070936
0.15843333333333343,-1000.2229646780635
0.16010000000000013,-1000.2227085643553
0.16176666666666661,-1000.2225828358078
0.16343333333333332,-1000.2226014622593
0.16510000000000002,-1000.2227551304841
0.16676666666666673,-1000.2230298706438
0.16843333333333343,-1000.2233977430609
0.17009999999999992,-1000.2238121816068
0.17176666666666662,-1000.2242219635398
0.17343333333333333,-1000.2245758661184
0.17510000000000003,-1000.2248180099879
0.17676666666666674,-1000.2249111422453
0.17843333333333322,-1000.2248319798265
0.18009999999999993,-1000.2245805227312
0.1817833333333334,-1000.2241893672497
0.1834499999999999,-1000.2237190493493
0.1851166666666666,-1000.2232394182231
0.1867833333333333,-1000.2228296362902
0.18845,-1000.2225548961305
0.1901166666666667,-1000.222461763873
0.19178333333333342,-1000.2225595527434
0.19345000000000012,-1000.2228203230644
0.1951166666666666,-1000.2231975087072
0.1967833333333333,-1000.2236212604789
0.19845000000000002,-1000.2240217291862
0.20011666666666672,-1000.2243570053132
0.20178333333333343,-1000.2246084624085
0.2034499999999999,-1000.224776100472
0.2051166666666666,-1000.2248645761166
0.20678333333333332,-1000.2248738893423
0.20846666666666658,-1000.2247947269235
0.21011666666666673,-1000.2246131190213
0.2118,-1000.2243057825716
0.2134666666666667,-1000.2238634043484
0.2151333333333334,-1000.2233046108034
0.2168000000000001,-1000.2226666548395
0.2184666666666666,-1000.2220147290369
0.2201333333333333,-1000.2214233392018
0.2218,-1000.2209716477529
0.2234666666666667,-1000.2207388171091
0.2251333333333334,-1000.2207527869477
0.2268000000000001,-1000.221004244043
0.2284666666666666,-1000.2214466222662
0.2301333333333333,-1000.2219961025854
0.2318,-1000.2225548961305
0.2334666666666667,-1000.2230298706438
0.23513333333333342,-1000.223355833545
0.2367999999999999,-1000.2234769054797
0.23848333333333338,-1000.2233837732223
0.2401333333333333,-1000.223095063224
0.24181666666666657,-1000.2226433717751
0.24348333333333327,-1000.2220985480687
0.24514999999999998,-1000.2215304412979
0.24681666666666668,-1000.2210321837202
0.2484833333333334,-1000.2206736245289
0.2501500000000001,-1000.2205152996911
0.2518166666666668,-1000.2205758356585
0.2534833333333333,-1000.2208505758182
0.25515,-1000.2213115804927
0.2568166666666667,-1000.2218936571022
0.2584833333333334,-1000.222536269679
0.2601500000000001,-1000.2231649124171
0.2618166666666666,-1000.2237097361235
0.2634833333333333,-1000.224105548218
0.2651666666666668,-1000.2243150957974
0.26683333333333326,-1000.2243104391845
0.26849999999999996,-1000.2240869217665
0.27016666666666667,-1000.2236631699948
0.27183333333333337,-1000.2230904066112
0.2735000000000001,-1000.2224291675828
0.27516666666666656,-1000.2217539587159
0.27683333333333326,-1000.2211439424293
0.27849999999999997,-1000.2206549980774
0.2801666666666667,-1000.2203430050148
0.2818333333333334,-1000.2202312463057
0.2835000000000001,-1000.2203290351761
0.2851666666666668,-1000.2206363716259
0.2868333333333333,-1000.2211206593649
0.2885,-1000.221749302103
0.2901666666666667,-1000.222461763873
0.2918333333333334,-1000.2231881954815
0.2935000000000001,-1000.2238540911227
0.2951666666666666,-1000.2243896016033
0.2968333333333333,-1000.2247341909562
0.29851666666666676,-1000.2248692327295
0.30018333333333325,-1000.2247854136978
0.30184999999999995,-1000.2245060169253
0.30351666666666666,-1000.2240822651536
0.30518333333333336,-1000.2235700377373
0.30685000000000007,-1000.2230484970953
0.30851666666666655,-1000.2225642093563
0.3101833333333335,-1000.2221544274232
0.31184999999999996,-1000.221828464522
0.31351666666666667,-1000.2215909772654
0.31518333333333337,-1000.221451278879
0.3168500000000001,-1000.2214140259761
0.3185166666666668,-1000.221488531782
0.32018333333333326,-1000.2216887661357
0.32184999999999997,-1000.2219914459725
0.3235166666666667,-1000.2223686316155
0.3251833333333334,-1000.2227458172583
0.3268500000000001,-1000.2230391838696
0.32853333333333334,-1000.2231602558043
0.33020000000000005,-1000.223057810321
0.33186666666666675,-1000.222722534194
0.33353333333333324,-1000.2221963369391
0.33519999999999994,-1000.221567694201
0.33686666666666665,-1000.2209530213014
0.33853333333333335,-1000.220445450498
0.34020000000000006,-1000.2201194875968
0.34186666666666676,-1000.2200170421135
0.34353333333333347,-1000.2201427706611
0.34519999999999995,-1000.2204780467881
0.34686666666666666,-1000.2209763043658
0.34853333333333336,-1000.2215770074267
0.35020000000000007,-1000.222200993552
0.35186666666666677,-1000.2227737569356
0.35353333333333326,-1000.2232254483845
0.35519999999999996,-1000.223504845157
0.35686666666666667,-1000.2235840075759
0.3585499999999999,-1000.2234489658025
0.36021666666666663,-1000.2231183462884
0.36188333333333333,-1000.2226200887108
0.36355000000000004,-1000.222010072424
0.36521666666666674,-1000.2213488333958
0.36688333333333323,-1000.2207155340448
0.36855000000000016,-1000.2201753669513
0.37021666666666664,-1000.2197935246954
0.37188333333333334,-1000.2196072601805
0.37355000000000005,-1000.2196398564706
0.37521666666666675,-1000.2198726871144
0.37688333333333346,-1000.2202731558216
0.37854999999999994,-1000.220780726625
0.38021666666666665,-1000.2213395201701
0.38188333333333335,-1000.2218703740378
0.38355000000000006,-1000.2223220654868
0.3852333333333333,-1000.2226340585494
0.38688333333333325,-1000.2227877267743
0.3885666666666667,-1000.2227644437098
0.39023333333333343,-1000.2225874924206
0.3918999999999999,-1000.2223034390353
0.3935666666666666,-1000.2219635062953
0.3952333333333333,-1000.221642200007
0.39690000000000003,-1000.2213953995246
0.39856666666666674,-1000.2212603577511
0.4002333333333332,-1000.2212417312996
0.40190000000000015,-1000.2213302069443
0.40356666666666663,-1000.2215025016206
0.40523333333333333,-1000.2217399888773
0.40690000000000004,-1000.2220240422627
0.40856666666666674,-1000.2223267220996
0.41023333333333345,-1000.2226154320979
0.41189999999999993,-1000.2228529193545
0.41356666666666664,-1000.222983304515
0.4152500000000001,-1000.2229600214506
0.41690000000000005,-1000.2227365040326
0.4185833333333333,-1000.2223080956481
0.42025,-1000.2216887661357
0.4219166666666667,-1000.2209530213014
0.4235833333333334,-1000.2202033066285
0.4252499999999999,-1000.2195513808259
0.4269166666666666,-1000.2190857195384
0.4285833333333333,-1000.2188668587332
0.43025,-1000.2188947984106
0.4319166666666667,-1000.2191369422801
0.43358333333333343,-1000.2195374109873
0.43525000000000014,-1000.2200310119521
0.4369166666666666,-1000.2205525525941
0.4385833333333333,-1000.2210554667846
0.44025000000000003,-1000.2214978450078
0.44191666666666674,-1000.2218377777477
0.44358333333333344,-1000.2220426687142
0.4452666666666667,-1000.2220799216173
0.4469333333333334,-1000.221940223231
0.4486000000000001,-1000.2216328867812
0.4502666666666666,-1000.2211951651709
0.4519333333333333,-1000.2206969075933
0.4536,-1000.2202126198542
0.4552666666666667,-1000.2198121511469
0.4569333333333334,-1000.2195560374388
0.4585999999999999,-1000.2194675617942
0.4602666666666668,-1000.2195513808259
0.4619333333333333,-1000.2197748982439
0.4636,-1000.2201008611453
0.4652666666666667,-1000.2204687335624
0.4669333333333334,-1000.2208319493667
0.4686000000000001,-1000.2211485990422
0.4702666666666666,-1000.2214000561374
0.4719333333333333,-1000.2215816640396
0.4736,-1000.2216980793614
0.4752833333333333,-1000.2217632719417
0.47695,-1000.2217725851674
0.4786166666666667,-1000.2217260190387
0.4802833333333334,-1000.2216189169426
0.4819500000000001,-1000.2214652487177
0.4836166666666666,-1000.221265014364
0.4852833333333333,-1000.2210321837202
0.48695,-1000.2207853832379
0.4886166666666667,-1000.2205385827555
0.4902833333333334,-1000.2203104087246
0.4919499999999999,-1000.220110174371
0.4936166666666668,-1000.2199565061461
0.4952833333333333,-1000.2198633738886
0.49695,-1000.219844747437
0.4986333333333335,-1000.2198959701788
0.5002833333333332,-1000.2200123855006
0.5019500000000001,-1000.2201707103384
0.5036166666666666,-1000.2203383484019
0.5052999999999999,-1000.220482703401
0.5069666666666668,-1000.2205618658198
0.5086333333333333,-1000.2205478959812
0.5103,-1000.2204221674336
0.5119666666666667,-1000.2201893367899
0.5136333333333334,-1000.2198680305015
0.5153000000000001,-1000.2195048146972
0.5169666666666666,-1000.2191462555058
0.5186333333333335,-1000.2188482322817
0.5203,-1000.218657311154
0.5219666666666667,-1000.2186060884122
0.5236333333333334,-1000.2187038772827
0.5252999999999999,-1000.2189413645393
0.5269666666666668,-1000.2192952671178
0.5286333333333333,-1000.2197283321152
0.5303,-1000.2201800235641
0.5319833333333335,-1000.2205991187229
0.5336333333333334,-1000.2209390514628
0.5353166666666667,-1000.2211625688808
0.5369833333333334,-1000.2212510445254
0.5386500000000001,-1000.2211951651709
0.5403166666666668,-1000.221004244043
0.5419833333333333,-1000.2206969075933
0.5436500000000002,-1000.2202917822731
0.5453166666666667,-1000.2198261209855
0.5469833333333334,-1000.2193325200208
0.5486500000000001,-1000.2188482322817
0.5503166666666666,-1000.2184151672844
0.5519833333333335,-1000.2180752345445
0.55365,-1000.2178610303522
0.5553166666666667,-1000.217795837772
0.5569833333333334,-1000.2178843134166
0.5586666666666666,-1000.2181124874475
0.5603333333333333,-1000.2184477635745
0.562,-1000.2188296058303
0.5636666666666665,-1000.2191881650217
0.5653333333333335,-1000.2194489353427
0.567,-1000.2195420676002
0.5686666666666667,-1000.2194349655041
0.5703333333333334,-1000.2191229724415
0.5720000000000001,-1000.2186340280896
0.5736666666666668,-1000.2180379816415
0.5753333333333333,-1000.2174139955163
0.5770000000000002,-1000.2168552019712
0.5786666666666667,-1000.216454733264
0.5803333333333334,-1000.2162731253618
0.5820000000000001,-1000.2163522877806
0.5836666666666666,-1000.2166922205206
0.5853333333333335,-1000.2172649839042
0.587,-1000.2180053853514
0.5886666666666667,-1000.2188342624431
0.5903333333333334,-1000.2196584829221
0.5920166666666666,-1000.2203849145307
0.5936666666666668,-1000.2209204250113
0.59535,-1000.2211998217838
0.5970166666666665,-1000.2211951651709
0.5986833333333335,-1000.2209064551727
0.6003499999999999,-1000.2203895711435
0.6020166666666666,-1000.2197190188895
0.6036833333333333,-1000.2189972438938
0.60535,-1000.2183220350269
0.6070166666666668,-1000.2177725547076
0.6086833333333332,-1000.2173953690647
0.6103500000000002,-1000.2172091045497
0.6120166666666667,-1000.2171951347111
0.6136833333333334,-1000.2173348330973
0.6153500000000001,-1000.2175862901926
0.6170166666666665,-1000.2179169097068
0.6186833333333335,-1000.2182940953496
0.62035,-1000.2186852508312
0.6220333333333332,-1000.2190484666354
0.6237000000000001,-1000.2193325200208
0.6253666666666666,-1000.2194861882457
0.6270333333333333,-1000.2194722184071
0.6287,-1000.2192766406663
0.6303666666666667,-1000.218918081475
0.6320333333333334,-1000.2184384503488
0.6336999999999999,-1000.2179122530939
0.6353666666666669,-1000.217423308742
0.6370333333333333,-1000.2170461230991
0.6387,-1000.2168365755197
0.6403666666666668,-1000.2168179490682
0.6420333333333332,-1000.2169716172931
0.6437000000000002,-1000.2172463574527
0.6453666666666666,-1000.2175909468054
0.6470333333333333,-1000.2179355361583
0.6487166666666668,-1000.2182382159951
0.6503666666666665,-1000.2184757032518
0.65205,-1000.2186340280896
0.6537166666666667,-1000.2187131905084
0.6553833333333332,-1000.2187225037342
0.6570500000000001,-1000.2186619677668
0.6587166666666666,-1000.2185455524449
0.6603833333333333,-1000.2183918842201
0.66205,-1000.2182242461565
0.6637166666666667,-1000.2180659213187
0.6653833333333334,-1000.217944849384
0.6670499999999999,-1000.2178750001908
0.6687166666666668,-1000.2178610303522
0.6703833333333333,-1000.2179122530939
0.67205,-1000.21801935519
0.6737166666666667,-1000.2181869932535
0.6753833333333332,-1000.2184105106716
0.6770500000000002,-1000.2186805942183
0.6787333333333334,-1000.2189786174423
0.6803833333333333,-1000.2192766406663
0.6820666666666668,-1000.2195374109873
0.6837333333333333,-1000.2197097056637
0.6854,-1000.2197516151796
0.6870666666666667,-1000.219625886632
0.6887333333333334,-1000.2193325200208
0.6904000000000001,-1000.2188947984106
0.6920666666666666,-1000.2183592879298
0.6937333333333333,-1000.217795837772
0.6954,-1000.2172696405171
0.6970666666666667,-1000.2168505453583
0.6987333333333334,-1000.2165851184244
0.7003999999999999,-1000.2165059560056
0.7020666666666668,-1000.2166084014888
0.7037333333333333,-1000.216859858584
0.7054,-1000.2172137611626
0.7070666666666667,-1000.2176235430956
0.7087333333333332,-1000.2180472948672
0.7104000000000001,-1000.2184337937359
0.7120833333333334,-1000.2187411301857
0.7137499999999999,-1000.2189367079264
0.7154166666666668,-1000.2189832740552
0.7170833333333333,-1000.2188575455075
0.71875,-1000.2185688355092
0.7204166666666667,-1000.2181543969634
0.7220833333333334,-1000.2176794224501
0.7237500000000001,-1000.2172091045497
0.7254166666666666,-1000.2168039792296
0.7270833333333335,-1000.2165152692313
0.72875,-1000.2163616010064
0.7304166666666667,-1000.2163569443935
0.7320833333333334,-1000.2164873295541
0.7337499999999999,-1000.2167294734236
0.7354166666666668,-1000.2170461230991
0.7370833333333333,-1000.2173907124518
0.7387666666666666,-1000.2177120187403
0.7404166666666667,-1000.2179634758355
0.7421,-1000.2180985176088
0.7437666666666667,-1000.2181031742217
0.7454333333333334,-1000.2179727890613
0.7470999999999999,-1000.217721331966
0.7487666666666668,-1000.2173767426132
0.7504333333333333,-1000.2169716172931
0.7521,-1000.2165432089085
0.7537666666666667,-1000.2161287703626
0.7554333333333334,-1000.2157702111713
0.7571000000000001,-1000.2154908143988
0.7587666666666666,-1000.2153231763352
0.7604333333333335,-1000.2152859234322
0.7621,-1000.2153883689155
0.7637666666666667,-1000.2156444826236
0.7654333333333334,-1000.216040294718
0.7670999999999999,-1000.2165525221343
0.7687833333333334,-1000.2171485685823
0.7704500000000001,-1000.2177772113205
0.7721166666666666,-1000.2183872276072
0.7737833333333335,-1000.2189367079264
0.77545,-1000.2193790861496
0.7771166666666667,-1000.2196910792122
0.7787833333333334,-1000.219844747437
0.7804500000000001,-1000.2198307775984
0.7821166666666668,-1000.2196584829221
0.7837833333333333,-1000.2193464898594
0.7854500000000002,-1000.2189413645393
0.7871166666666667,-1000.2185082995419
0.7887833333333334,-1000.2181078308346
0.7904500000000001,-1000.2178098076106
0.7921166666666666,-1000.2176747658373
0.7937833333333335,-1000.2177446150304
0.79545,-1000.21801935519
0.7971166666666667,-1000.2184710466389
0.7988000000000002,-1000.2190298401839
0.8004666666666667,-1000.2195979469547
0.8021333333333334,-1000.2200729214679
0.8038000000000001,-1000.2203662880792
0.8054666666666666,-1000.2204361372723
0.8071333333333335,-1000.2202824690473
0.8088,-1000.2199425363075
0.8104666666666667,-1000.2194815316328
0.8121333333333334,-1000.2189786174423
0.8138000000000001,-1000.2184896730904
0.8154666666666668,-1000.2180612647059
0.8171333333333333,-1000.2177166753531
0.8188000000000002,-1000.2174559050321
0.8204666666666667,-1000.21727429713
0.8221333333333334,-1000.2171718516468
0.8238000000000001,-1000.217157881808
0.8254666666666666,-1000.2172417008398
0.8271333333333335,-1000.2174419351935
0.8288166666666668,-1000.2177492716432
0.8304833333333332,-1000.2181218006732
0.8321500000000002,-1000.2185082995419
0.8338166666666667,-1000.2188202926045
0.8354833333333334,-1000.218987930668
0.8371500000000001,-1000.2189693042166
0.8388166666666665,-1000.2187597566372
0.8404833333333335,-1000.2183918842201
0.84215,-1000.2179262229325
0.8438166666666667,-1000.2173394897102
0.8454833333333334,-1000.216193962943
0.8471500000000001,-1000.2125804313517
0.8488166666666668,-1000.2005663701336
0.8504833333333333,-1000.1647337340586
0.8521500000000002,-1000.0702510588198
0.8538166666666667,-999.8471946454827
0.8554999999999999,-999.369109514807
0.8571500000000001,-998.4283014193309
0.8588333333333333,-996.7132057047976
0.8605,-993.7959634670037
0.8621666666666667,-989.1393599049837
0.8638333333333332,-982.1305661379037
0.8655000000000002,-972.1442316529082
0.8671666666666666,-958.6315653094238
0.8688333333333333,-941.223651609022
0.8705,-919.831428173851
0.8721666666666668,-894.7203778171541
0.8738333333333335,-866.5407033947021
0.8755,-836.3010086288215
0.8771666666666669,-805.2851216892177
0.8788333333333334,-774.9231628956846
0.8805000000000001,-746.6367821891963
0.8821666666666668,-721.6836329184862
0.8838333333333332,-701.025696797774
0.8855000000000002,-685.2413251461653
0.8871666666666667,-674.4921955626887
0.8888499999999999,-668.546441322447
0.8905166666666668,-666.849920836673
0.8921833333333333,-668.6303069203302
0.89385,-673.0152809401114
0.8955166666666667,-679.1458561453716
0.8971833333333332,-686.2692957214402
0.8988500000000001,-693.8013111677958
0.9005166666666666,-701.3536527293519
0.9021833333333333,-708.7291920132606
0.90385,-715.891230253452
0.9055166666666667,-722.9167692004315
0.9071833333333335,-729.9440217809491
0.9088499999999999,-737.1236014818417
0.9105166666666669,-744.5803101847788
0.9121833333333333,-752.3892776818896
0.91385,-760.5672398398477
0.9155166666666668,-769.0769065027483
0.9172,-777.8406705604124
0.9188666666666667,-786.759094701502
0.9205333333333334,-795.7298126051807
0.9221999999999999,-804.6632729492445
0.9238666666666668,-813.4931469398985
0.9255333333333333,-822.180598425763
0.9272,-830.7128822573986
0.9288666666666667,-839.0976352799207
0.9305333333333332,-847.3547039774036
0.9322000000000001,-855.5074459200293
0.9338666666666666,-863.5750463528442
0.9355333333333333,-871.5670559888553
0.9372,-879.480573758241
0.9388666666666667,-887.3001071099658
0.9405333333333334,-894.9995696987023
0.9421999999999999,-902.5456667423927
0.9438666666666669,-909.9018438299661
0.9455333333333333,-917.0319703021236
0.9472,-923.9032682608363
0.9488833333333335,-930.4881379615925
0.95055,-936.764874931781
0.9522166666666667,-942.7174464532721
0.9538833333333334,-948.3346906250039
0.9555499999999999,-953.6092546552463
0.9572166666666668,-958.5365657501559
0.9588833333333333,-963.1135179489448
0.96055,-967.3369680379224
0.9622166666666667,-971.2029252998544
0.9638833333333334,-974.7079298713747
0.9655500000000001,-977.8521633603852
0.9672166666666666,-980.6432393289373
0.9688833333333335,-983.0982475462827
0.97055,-985.2433116106519
0.9722166666666667,-987.1110278121713
0.9738833333333334,-988.736860914499
0.9755499999999999,-990.1554421475881
0.9772333333333334,-991.3976448548016
0.9789000000000001,-992.4888010101806
0.9805666666666666,-993.4482821232864
0.9822333333333335,-994.2901045988733
0.9839,-995.0243313773649
0.9855666666666667,-995.6587436588754
0.9872333333333334,-996.2004101817498
0.9888999999999999,-996.6568979419102
0.9905666666666668,-997.0369194620461
0.9922333333333334,-997.3504119540333
0.9939,-997.6081973861941
0.9955666666666667,-997.8212839913654
0.9972333333333334,-998.000088612549
0.9989,-998.1537335543678
1.0005666666666666,-998.2895343556486
1.0022333333333333,-998.4127948984564
1.0039,-998.5268260345454
1.0055666666666667,-998.6332762048735
1.00725,-998.7325319083093
1.0089166666666667,-998.8242671819517
1.0105833333333334,-998.9078720095139
1.01225,-998.9828667598697
1.0139166666666668,-999.0491210478586
1.0155833333333333,-999.1069701496078
1.01725,-999.1571870628545
1.0189166666666667,-999.2008847180758
1.0205833333333334,-999.2393623102639
1.02225,-999.2739283476369
1.0239166666666668,-999.3057469834134
1.0255833333333333,-999.3357402269429
1.02725,-999.3645320643506
1.0289166666666667,-999.3924251754732
1.0305833333333334,-999.4194754396656
1.0322500000000001,-999.445552471767
1.0339166666666668,-999.4704327543594
1.0356,-999.4938788001863
1.0372666666666668,-999.5156996881196
1.0389333333333335,-999.5357929726764
1.0406,-999.5541539972435
1.0422666666666667,-999.5708712374656
1.0439333333333334,-999.5861263012449
1.0456,-999.6001473626122
1.0472666666666668,-999.613185878663
1.0489333333333333,-999.6254793366536
1.0506,-999.6372279709378
1.0522666666666667,-999.6485807931277
1.0539333333333334,-999.6596402487064
1.0556,-999.670443590577
1.0572666666666668,-999.6810094451909
1.0589333333333333,-999.6912959030324
1.0606,-999.701270367811
1.0622666666666667,-999.7108909300114
1.0639333333333334,-999.7201110235044
1.0656166666666667,-999.7289073652257
1.0672833333333334,-999.7372659853368
1.06895,-999.7451775706118
1.0706166666666668,-999.7526328078251
1.0722833333333335,-999.7596363535894
1.07395,-999.7662021777435
1.0756166666666667,-999.7723535633518
1.0772833333333334,-999.7781184500913
1.07895,-999.783538747478
1.0806166666666668,-999.7886470518022
1.0822833333333335,-999.7934992424182
1.08395,-999.7981605119063
1.0856166666666667,-999.8027146792983
1.0872833333333334,-999.8072502202388
1.08895,-999.811832327308
1.0906166666666668,-999.8165215364734
1.0922833333333335,-999.8213318175735
1.09395,-999.826239887544
1.0956333333333335,-999.8311945236434
1.0973,-999.8361072502267
1.0989666666666666,-999.8408895916496
1.1006333333333334,-999.8454716987188
1.1023,-999.8498023486928
1.1039666666666668,-999.8538536018942
1.1056333333333335,-999.8576487413876
1.1073,-999.8612250200758
1.1089666666666667,-999.8646476305391
1.1106333333333334,-999.867972452132
1.1123,-999.8712507075962
1.1139666666666668,-999.8745149932217
1.1156333333333335,-999.8777699656215
1.1173,-999.8810295946342
1.1189666666666667,-999.8842799104211
1.1206333333333334,-999.8875255695951
1.1223,-999.8907712287693
1.1239833333333333,-999.8940122313304
1.12565,-999.8972485772787
1.1273166666666667,-999.9004662967754
1.1289833333333334,-999.9036234803049
1.1306500000000002,-999.9066875315768
1.1323166666666666,-999.9096072278496
1.1339833333333333,-999.9123499728331
1.13565,-999.9149017966887
1.1373166666666668,-999.9172906390937
1.1389833333333335,-999.919558409564
1.1406500000000002,-999.9217563308412
1.1423166666666666,-999.9239449388924
1.1439833333333334,-999.9261707998469
1.14565,-999.928480479833
1.1473166666666668,-999.9308786354637
1.149,-999.9333606101262
1.1506666666666667,-999.935903120756
1.1523333333333334,-999.9384735710632
1.1540000000000001,-999.9410160816931
1.1556666666666666,-999.9434840865171
1.1573333333333333,-999.9458263627932
1.159,-999.9480149708446
1.1606666666666667,-999.950049910671
1.1623333333333334,-999.9519498087242
1.1640000000000001,-999.953751917907
1.1656666666666666,-999.9554981477352
1.1673333333333333,-999.9572117812733
1.169,-999.9589161015856
1.1706666666666667,-999.9606111086722
1.1723333333333334,-999.9622828326944
1.1740000000000002,-999.9639266170393
1.1756666666666666,-999.9655471183199
1.1773333333333333,-999.9671443365361
1.179,-999.9687368981395
1.1806666666666668,-999.9703387729686
1.1823333333333335,-999.9719732440877
1.1840166666666667,-999.9736496247228
1.1856833333333334,-999.9753725714867
1.1873500000000001,-999.9771327711535
1.1890166666666668,-999.9789115972719
1.1906833333333333,-999.9806811101645
1.19235,-999.9824087135412
1.1940166666666667,-999.9840664677248
1.1956833333333334,-999.9856217764251
1.1973500000000001,-999.9870560131907
1.1990166666666666,-999.9883598647957
1.2006833333333333,-999.9895286746274
1.20235,-999.9905950389758
1.2040166666666667,-999.9915868975183
1.2056833333333334,-999.9925508163834
1.2073500000000001,-999.9935519881517
1.2090166666666666,-999.9946416355644
1.2106833333333333,-999.9958756379764
1.2123666666666668,-999.9972912482905
1.2140333333333333,-999.9988884665066
1.2157,-1000.0006253831092
1.2173666666666667,-1000.0024274922919
1.2190333333333334,-1000.0041970051844
1.2207000000000001,-1000.0058221630779
1.2223666666666668,-1000.0072238035534
1.2240333333333333,-1000.0083320774177
1.2257,-1000.009137671445
1.2273666666666667,-1000.0096638687
1.2290333333333334,-1000.0099898316013
1.2307000000000001,-1000.0102133490193
1.2323666666666668,-1000.0104554928888
1.2340333333333333,-1000.010818708693
1.2357,-1000.0113868154639
1.2373666666666667,-1000.0122156925556
1.2390333333333334,-1000.0133006833555
1.2407000000000001,-1000.0145998783478
1.2423833333333334,-1000.0160341151134
1.24405,-1000.0175102613948
1.2457166666666668,-1000.0189444981604
1.2473833333333333,-1000.0202623196041
1.24905,-1000.0214078463714
1.2507166666666667,-1000.0223624520108
1.2523833333333334,-1000.0231214799095
1.25405,-1000.0237082131317
1.2557166666666668,-1000.0241599045806
1.2573833333333333,-1000.0245138071591
1.25905,-1000.0248258002218
1.2607166666666667,-1000.0251471065102
1.2623833333333334,-1000.025528948766
1.2640500000000001,-1000.0259899534406
1.2657166666666668,-1000.0265534035985
1.2673833333333333,-1000.0272239558526
1.26905,-1000.0280062668156
1.2707333333333335,-1000.0289049931005
1.2724,-1000.0299061648686
1.2740666666666667,-1000.0310051255072
1.2757333333333334,-1000.032173935339
1.2774,-1000.0333893112994
1.2790666666666668,-1000.034600030647
1.2807333333333335,-1000.0357641838657
1.2824,-1000.03683986144
1.2840666666666667,-1000.0377804972408
1.2857333333333334,-1000.0385628082038
1.2874,-1000.0391867943291
1.2890666666666668,-1000.0396571122294
1.2907333333333333,-1000.040011014808
1.2924,-1000.040309038032
1.2940666666666667,-1000.0406163744817
1.2957333333333334,-1000.0409982167375
1.2974,-1000.041501130928
1.2990666666666668,-1000.0421530567306
1.3007333333333333,-1000.0429446809194
1.3024166666666668,-1000.0438480638172
1.3040833333333335,-1000.044825952521
1.30575,-1000.0458364375149
1.3074166666666667,-1000.0468236394445
1.3090833333333334,-1000.0477456487938
1.31075,-1000.0485605560469
1.3124166666666668,-1000.049231108301
1.3140833333333335,-1000.0497340224915
1.31575,-1000.0500692986185
1.3174166666666667,-1000.0502602197464
1.3190833333333334,-1000.0503440387781
1.32075,-1000.0503812916811
1.3224166666666668,-1000.0504418276486
1.3240833333333335,-1000.0505908392605
1.32575,-1000.0508888624845
1.3274166666666667,-1000.0513591803849
1.3290833333333334,-1000.0520250760261
1.3307666666666667,-1000.0528586097308
1.3324333333333334,-1000.0538318418216
1.3341,-1000.0548842363315
1.3357666666666668,-1000.0559645705185
1.3374333333333335,-1000.0570123084156
1.3391,-1000.0579762272806
1.3407666666666667,-1000.0588283874368
1.3424333333333334,-1000.0595548190454
1.3441,-1000.0601462088805
1.3457666666666668,-1000.060611870168
1.3474333333333335,-1000.060951802908
1.3491,-1000.0611566938744
1.3507666666666667,-1000.0612451695191
1.3524333333333334,-1000.0612358562934
1.3541,-1000.0611799769389
1.3557666666666668,-1000.06113341081
1.3574333333333335,-1000.0611706637131
1.3591166666666668,-1000.0613522716152
1.3607833333333335,-1000.0617248006453
1.3624500000000002,-1000.062292907416
1.3641166666666666,-1000.0630333088632
1.3657833333333333,-1000.0638901256323
1.36745,-1000.0647841953042
1.3691166666666668,-1000.0656316988476
1.3707833333333335,-1000.0663721002948
1.3724500000000002,-1000.0669681467427
1.3741166666666667,-1000.0674105249659
1.3757833333333334,-1000.0677132048028
1.37745,-1000.0679227523822
1.3791166666666668,-1000.0680764206071
1.3807833333333335,-1000.0682347454448
1.38245,-1000.0684303231856
1.3841166666666667,-1000.0687097199581
1.3857833333333334,-1000.0690822489881
1.38745,-1000.0695665367272
1.3891333333333333,-1000.0701579265623
1.3908,-1000.070842448655
1.3924666666666667,-1000.0715781934892
1.3941333333333334,-1000.0723185949364
1.3958000000000002,-1000.0729938038033
1.3974666666666666,-1000.0735619105741
1.3991333333333333,-1000.0739856623458
1.4008,-1000.0742510892796
1.4024666666666668,-1000.0743675046016
1.4041333333333335,-1000.0743721612145
1.4058000000000002,-1000.074311625247
1.4074666666666666,-1000.0742278062153
1.4091333333333333,-1000.0741719268608
1.4108,-1000.0741858966994
1.4124666666666668,-1000.0742976554084
1.4141333333333335,-1000.0745304860521
1.4158000000000002,-1000.0748890452436
1.4174666666666667,-1000.0753686763697
1.4191500000000001,-1000.0759414397534
1.4208166666666668,-1000.0765840523302
1.4224833333333333,-1000.0772452913584
1.42415,-1000.077897217161
1.4258166666666667,-1000.0785025768348
1.4274833333333334,-1000.0790613703798
1.4291500000000001,-1000.0795689411832
1.4308166666666666,-1000.0800299458579
1.4324833333333333,-1000.0804397277908
1.43415,-1000.0807796605308
1.4358166666666667,-1000.0810357742389
1.4374833333333334,-1000.081184785851
1.4391500000000002,-1000.0812499784312
1.4408166666666666,-1000.0812639482698
1.4424833333333333,-1000.0813012011728
1.4441666666666668,-1000.0814408995591
1.4458333333333333,-1000.0817575492346
1.4475,-1000.0822930597152
1.4491666666666667,-1000.083047431001
1.4508333333333334,-1000.0839973800275
1.4525000000000001,-1000.0850684009888
1.4541666666666668,-1000.0861906446918
1.4558333333333333,-1000.0872709788788
1.4575,-1000.0882162712925
1.4591666666666667,-1000.0889520161268
1.4608333333333334,-1000.08942699064
1.4625000000000001,-1000.0896318816066
1.4641666666666668,-1000.0896039419293
1.4658333333333333,-1000.0893990509628
1.4675,-1000.0891010277388
1.4691666666666667,-1000.0887936912891
1.4708333333333334,-1000.0885608606453
1.4725000000000001,-1000.0884537585491
1.4741666666666668,-1000.0885096379037
1.4758333333333333,-1000.0887284987087
1.4775166666666668,-1000.089096371126
1.4791833333333333,-1000.0895666890264
1.48085,-1000.0901115127327
1.4825166666666667,-1000.0906889327292
1.4841833333333334,-1000.0912803225644
1.4858500000000001,-1000.0918717123996
1.4875166666666668,-1000.0924631022348
1.4891833333333333,-1000.0930451788441
1.49085,-1000.0936225988406
1.4925166666666667,-1000.09417207916
1.4941833333333334,-1000.0946656801248
1.4958500000000001,-1000.095066148832
1.4975166666666668,-1000.0953455456046
1.4991833333333333,-1000.0955038704423
1.50085,-1000.0955411233452
1.5025166666666667,-1000.0954945572165
1.5041833333333334,-1000.0954200514105
1.5058666666666667,-1000.0953827985076
1.5075333333333334,-1000.095438677862
1.5092,-1000.0956482254414
1.5108666666666668,-1000.0960486941486
1.5125333333333335,-1000.0966261141452
1.5142,-1000.0973385759152
1.5158666666666667,-1000.0981208868782
1.5175333333333334,-1000.0988845713897
1.5192,-1000.0995597802566
1.5208666666666668,-1000.100104603963
1.5225333333333335,-1000.1004911028317
1.5242,-1000.1007379033141
1.5258666666666667,-1000.1008636318617
1.5275333333333334,-1000.100924167829
1.5292000000000001,-1000.1009521075063
1.5308666666666668,-1000.1009940170222
1.5325333333333333,-1000.1010731794411
1.5342,-1000.1012175344403
1.5358833333333335,-1000.1014410518583
1.53755,-1000.1017437316951
1.5392166666666667,-1000.1021302305637
1.5408833333333334,-1000.1025865786255
1.54255,-1000.1030848362032
1.5442166666666668,-1000.1036063768452
1.5458833333333335,-1000.1041325741002
1.54755,-1000.1046354882907
1.5492166666666667,-1000.1051011495781
1.5508833333333334,-1000.105515588124
1.55255,-1000.1058648340897
1.5542166666666668,-1000.1061395742494
1.5558833333333335,-1000.106339808603
1.55755,-1000.106488820215
1.5592166666666667,-1000.106600578924
1.5608833333333334,-1000.106712337633
1.56255,-1000.1068427227935
1.5642166666666668,-1000.1070057042441
1.5659,-1000.1072152518235
1.5675666666666668,-1000.1074713655316
1.5692333333333335,-1000.1077647321428
1.5709000000000002,-1000.1081000082698
1.5725666666666667,-1000.1084585674612
1.5742333333333334,-1000.1088357531041
1.5759,-1000.1092222519727
1.5775666666666668,-1000.1096134074543
1.5792333333333335,-1000.1100045629358
1.5809,-1000.1103770919658
1.5825666666666667,-1000.1107170247057
1.5842333333333334,-1000.1110010780911
1.5859,-1000.1112152822834
1.5875666666666668,-1000.1113549806696
1.5892333333333335,-1000.1114341430884
1.5909,-1000.111490022443
1.5925666666666667,-1000.1115691848619
1.5942333333333334,-1000.1117042266353
1.5959166666666667,-1000.1119324006661
1.5975833333333334,-1000.112272333406
1.59925,-1000.1127147116292
1.6009166666666668,-1000.1132502221099
1.6025833333333335,-1000.1138462685578
1.6042500000000002,-1000.1144795679089
1.6059166666666667,-1000.1151035540341
1.6075833333333334,-1000.1156809740307
1.60925,-1000.1161838882213
1.6109166666666668,-1000.1165843569286
1.6125833333333335,-1000.1168637537011
1.6142500000000002,-1000.117012765313
1.6159166666666667,-1000.1170267351516
1.6175833333333334,-1000.1169289462813
1.61925,-1000.1167333685405
1.6209166666666668,-1000.1164865680581
1.6225833333333335,-1000.11623045435
1.6242666666666667,-1000.1160348766092
1.6259333333333335,-1000.1159650274161
1.6276000000000002,-1000.1160860993508
1.6292666666666666,-1000.1164400019294
1.6309333333333333,-1000.1170453616031
1.6326,-1000.1178556122435
1.6342666666666668,-1000.1187822782057
1.6359333333333335,-1000.1197136007806
1.6376000000000002,-1000.1205191948081
1.6392666666666666,-1000.1211012714175
1.6409333333333334,-1000.1214086078672
1.6426,-1000.1214412041573
1.6442666666666668,-1000.1212642528682
1.6459333333333335,-1000.1209569164183
1.6476000000000002,-1000.1206309535171
1.6492666666666667,-1000.1203655265832
1.6509333333333334,-1000.1202304848098
1.6526,-1000.1202677377129
1.6542833333333333,-1000.1204912551309
1.65595,-1000.120896380451
1.6576166666666667,-1000.1214644872218
1.6592833333333334,-1000.122162979153
1.6609500000000001,-1000.1229592599548
1.6626166666666669,-1000.1237927936594
1.6642833333333333,-1000.1246077009125
1.66595,-1000.1253387891339
1.6676166666666667,-1000.1259255223563
1.6692833333333335,-1000.1262980513862
1.6709500000000002,-1000.1264098100953
1.6726166666666666,-1000.1262468286446
1.6742833333333333,-1000.1258370467116
1.67595,-1000.1252503134893
1.6776166666666668,-1000.1245937310739
1.6792833333333335,-1000.123993028013
1.6809500000000002,-1000.1235553064027
1.6826166666666666,-1000.1233457588233
1.6843000000000001,-1000.1234062947907
1.6859666666666668,-1000.1237043180148
1.6876333333333333,-1000.1241886057538
1.6893,-1000.1247846522018
1.6909666666666667,-1000.1254179515529
1.6926333333333334,-1000.1260512509039
1.6943000000000001,-1000.1266519539648
1.6959666666666668,-1000.1272340305742
1.6976333333333333,-1000.127797480732
1.6993,-1000.1283376478257
1.7009666666666667,-1000.1288312487904
1.7026333333333334,-1000.1292363741105
1.7043000000000001,-1000.129520427496
1.7059666666666669,-1000.1296647824951
1.7076333333333333,-1000.1296694391079
1.7093,-1000.1295623370119
1.7109666666666667,-1000.1294040121741
1.71265,-1000.1292503439491
1.7143166666666667,-1000.1291618683045
1.7159833333333334,-1000.1291851513689
1.7176500000000001,-1000.1293527894325
1.7193166666666668,-1000.1296694391079
1.7209833333333333,-1000.1301118173311
1.72265,-1000.1306566410375
1.7243166666666667,-1000.1312433742598
1.7259833333333334,-1000.1318161376435
1.7276500000000001,-1000.1323097386082
1.7293166666666668,-1000.1326636411867
1.7309833333333333,-1000.1328219660245
1.73265,-1000.1327521168314
1.7343166666666667,-1000.1324587502203
1.7359833333333334,-1000.1319791190941
1.7376500000000001,-1000.1313877292589
1.7393166666666668,-1000.1307777129723
1.741,-1000.1302561723303
1.7426666666666668,-1000.1299069263646
1.7443333333333335,-1000.1297951676556
1.746,-1000.1299488358804
1.7476666666666667,-1000.1303539612006
1.7493333333333334,-1000.1309593208744
1.7510000000000001,-1000.1316950657086
1.7526666666666668,-1000.1324773766718
1.7543333333333335,-1000.1332270913447
1.756,-1000.1338743605343
1.7576666666666667,-1000.1343726181119
1.7593333333333334,-1000.1346892677875
1.7610000000000001,-1000.1348243095608
1.7626666666666668,-1000.1347917132707
1.7643333333333333,-1000.1346240752072
1.766,-1000.1343726181119
1.7676666666666667,-1000.1341118477909
1.7693333333333334,-1000.1338976435986
1.7710000000000001,-1000.1337858848897
1.7726833333333334,-1000.1337951981154
1.77435,-1000.1339535229532
1.7760166666666668,-1000.1342515461772
1.7776833333333335,-1000.1346892677875
1.77935,-1000.135229434881
1.7810166666666667,-1000.1358347945547
1.7826833333333334,-1000.1364448108415
1.78435,-1000.1369803213221
1.7860166666666668,-1000.1373761334165
1.7876833333333335,-1000.137581024383
1.78935,-1000.137581024383
1.7910166666666667,-1000.1374040730938
1.7926833333333334,-1000.1371153630955
1.7943500000000001,-1000.136794056807
1.7960166666666668,-1000.1365286298732
1.7976833333333335,-1000.1363749616484
1.79935,-1000.1363656484226
1.8010333333333335,-1000.1365053468088
1.8027000000000002,-1000.1367614605169
1.8043666666666667,-1000.1370827668053
1.8060333333333334,-1000.1374273561581
1.8077,-1000.137767288898
1.8093666666666668,-1000.1380792819607
1.8110333333333335,-1000.1383633353461
1.8127,-1000.1386334188928
1.8143666666666667,-1000.1388941892138
1.8160333333333334,-1000.1391363330833
1.8177,-1000.1393272542113
1.8193666666666668,-1000.1394343563073
1.8210333333333335,-1000.1394250430816
1.8227,-1000.139299314534
1.8243666666666667,-1000.1390711405031
1.8260333333333334,-1000.1387917437305
1.8277,-1000.1385030337323
1.8293666666666668,-1000.1382702030885
1.83105,-1000.1381072216379
1.8327166666666668,-1000.1380373724447
1.8343833333333335,-1000.1380420290576
1.8360500000000002,-1000.1381118782508
1.8377166666666667,-1000.1382329501855
1.8393833333333334,-1000.1383959316362
1.84105,-1000.1386008226027
1.8427166666666668,-1000.1388662495366
1.8443833333333335,-1000.1391828992121
1.8460500000000002,-1000.1395321451778
1.8477166666666667,-1000.1398813911434
1.8493833333333334,-1000.1401840709802
1.85105,-1000.1403982751725
1.8527166666666668,-1000.1404820942042
1.8543833333333335,-1000.1404122450111
1.8560500000000002,-1000.1402166672704
1.8577166666666667,-1000.1399419271107
1.8594000000000002,-1000.139671843564
1.8610666666666666,-1000.1394995488876
1.8627333333333334,-1000.1394902356618
1.8644,-1000.1396904700155
1.8660666666666668,-1000.140081625497
1.8677333333333335,-1000.1406217925905
1.8694000000000002,-1000.1412550919416
1.8710666666666667,-1000.1419023611312
1.8727333333333334,-1000.1425030641922
1.8744,-1000.1430059783827
1.8760666666666668,-1000.143364537574
1.8777333333333335,-1000.1435508020891
1.8794000000000002,-1000.1435414888633
1.8810666666666667,-1000.1433412545097
1.8827333333333334,-1000.1429640688668
1.8844,-1000.1424611546763
1.8860666666666668,-1000.1418883912926
1.8877333333333335,-1000.1413202845218
1.8894000000000002,-1000.1408406533957
1.8910833333333334,-1000.1405146904945
1.8927500000000002,-1000.140379648721
1.8944166666666669,-1000.140454154527
1.8960833333333333,-1000.1407242380737
1.89775,-1000.1411573030712
1.8994166666666668,-1000.1417114400033
1.9010833333333335,-1000.1423261129029
1.9027500000000002,-1000.1429500990282
1.9044166666666669,-1000.1435275190247
1.9060833333333334,-1000.1440211199895
1.90775,-1000.1443889924066
1.9094166666666668,-1000.1446218230503
1.9110833333333335,-1000.1447056420822
1.9127500000000002,-1000.1446590759534
1.9144166666666667,-1000.1445054077285
1.9160833333333334,-1000.1442725770847
1.91775,-1000.1439931803122
1.9194333333333333,-1000.1436951570882
1.9211,-1000.1434064470899
1.9227666666666667,-1000.143178273059
1.9244333333333334,-1000.1430525445114
1.9261000000000001,-1000.1430804841887
1.9277666666666669,-1000.1432993449938
1.9294333333333333,-1000.1436951570882
1.9311,-1000.1442306675689
1.9327666666666667,-1000.1448267140169
1.9344333333333334,-1000.1453715377232
1.9361000000000002,-1000.1457766630434
1.9377666666666669,-1000.1459629275585
1.9394333333333333,-1000.1458977349782
1.9411,-1000.145604368367
1.9427666666666668,-1000.1451387070795
1.9444333333333335,-1000.1445938833731
1.9461000000000002,-1000.1440723427311
1.9477833333333334,-1000.1436485909594
1.9494500000000001,-1000.1433831640255
1.9511166666666668,-1000.1432946883809
1.9527833333333335,-1000.1433691941869
1.95445,-1000.1435787417663
1.9561166666666667,-1000.143886078216
1.9577833333333334,-1000.1442772336976
1.9594500000000001,-1000.1447149553079
1.9611166666666668,-1000.1451992430469
1.9627833333333333,-1000.1457021572375
1.96445,-1000.146205071428
1.9661166666666667,-1000.1466614194898
1.9677833333333334,-1000.147024635294
1.9694500000000001,-1000.147248152712
1.9711166666666669,-1000.1472993754536
1.9727833333333333,-1000.1471876167446
1.97445,-1000.1469361596494
1.9761166666666667,-1000.1466101967482
1.9778,-1000.1462888904597
1.9794666666666667,-1000.1460560598159
1.9811333333333334,-1000.14598155401
1.9828000000000001,-1000.1461026259446
1.9844666666666668,-1000.1464239322331
1.9861333333333335,-1000.1469035633593
1.9878,-1000.1474856399686
1.9894666666666667,-1000.1480863430296
1.9911333333333334,-1000.1486404799617
1.9928000000000001,-1000.1490968280235
1.9944666666666668,-1000.1494321041505
1.9961333333333335,-1000.1496276818913
1.9978,-1000.1496975310844
1.9994666666666667,-1000.1496556215685
2.001133333333333,-1000.1495205797951
2.0028,-1000.1493156888287
2.0044666666666666,-1000.1490688883463
2.0061333333333335,-1000.1488127746381
2.007816666666667,-1000.1485892572201
2.0094833333333333,-1000.1484216191566
2.01115,-1000.1483378001249
2.0128166666666667,-1000.1483517699635
2.0144833333333336,-1000.1484588720596
2.01615,-1000.1486451365746
2.0178166666666666,-1000.148891937057
2.0194833333333335,-1000.1491620206037
2.02115,-1000.1494181343119
2.022816666666667,-1000.1496276818913
2.0244833333333334,-1000.1497813501162
2.02615,-1000.1498791389865
2.027816666666667,-1000.1499303617281
2.0294833333333333,-1000.1499443315668
2.0311500000000002,-1000.1499117352766
2.0328333333333335,-1000.1498186030192
2.0345,-1000.1496463083428
2.036166666666667,-1000.1493808814089
2.0378333333333334,-1000.149036292056
2.0395000000000003,-1000.1486591064132
2.041166666666667,-1000.1483145170604
2.0428333333333333,-1000.1480956562554
2.0445,-1000.148072373191
2.0461666666666667,-1000.1482958906089
2.0478333333333336,-1000.1487662085093
2.0495,-1000.1494414173762
2.0511666666666666,-1000.1502283849521
2.0528333333333335,-1000.1510293223668
2.0545,-1000.1517278142979
2.056166666666667,-1000.1522540115529
2.0578333333333334,-1000.1525520347769
2.0595,-1000.1526125707443
2.061166666666667,-1000.1524635591322
2.0628333333333333,-1000.1521515660696
2.0645000000000002,-1000.1517417841367
2.0661833333333335,-1000.1513040625264
2.06785,-1000.1508896239804
2.069516666666667,-1000.150535721402
2.0711833333333334,-1000.150274951081
2.0728500000000003,-1000.1501166262432
2.074516666666667,-1000.1500747167273
2.0761833333333333,-1000.1501725055977
2.07785,-1000.1504053362414
2.0795166666666667,-1000.1507685520457
2.0811833333333336,-1000.1512295567203
2.08285,-1000.1517278142979
2.0845166666666666,-1000.1521981321984
2.0861833333333335,-1000.1525566913898
2.08785,-1000.152738299292
2.089516666666667,-1000.1527243294533
2.0911833333333334,-1000.1525287517126
2.0928500000000003,-1000.1521981321984
2.0945333333333336,-1000.1517930068783
2.0962,-1000.1513878815581
2.0978666666666665,-1000.1510293223668
2.0995333333333335,-1000.1507406123684
2.1012,-1000.1505264081762
2.102866666666667,-1000.1503727399513
2.1045333333333334,-1000.1502702944681
2.1062000000000003,-1000.1502237283393
2.1078666666666668,-1000.1502609812422
2.1095333333333333,-1000.1503867097899
2.1112,-1000.150610227208
2.1128666666666667,-1000.1509175636577
2.1145333333333336,-1000.151280779462
2.1162,-1000.1516626217177
2.1178666666666666,-1000.1520211809092
2.1195333333333335,-1000.152323860746
2.1212,-1000.1525334083254
2.122866666666667,-1000.1526358538086
2.1245333333333334,-1000.1526172273572
2.1262166666666666,-1000.152477528971
2.1278833333333336,-1000.1522353851014
2.12955,-1000.1519327052645
2.131216666666667,-1000.1516253688147
2.1328833333333335,-1000.1513832249452
2.13455,-1000.1512668096234
2.136216666666667,-1000.1513040625264
2.1378833333333334,-1000.1515089534929
2.1395500000000003,-1000.1518442296199
2.1412166666666668,-1000.1522772946173
2.1428833333333333,-1000.1527429559048
2.14455,-1000.1531713642893
2.1462166666666667,-1000.1534973271906
2.1478833333333336,-1000.1536789350927
2.14955,-1000.1536742784798
2.1512166666666666,-1000.153483357352
2.1528833333333335,-1000.1531154849348
2.1545666666666667,-1000.1526125707443
2.1562333333333332,-1000.1520398073607
2.1579,-1000.1514810138156
2.1595666666666666,-1000.1510246657539
2.1612333333333336,-1000.1507499255941
2.1629,-1000.1507033594654
2.164566666666667,-1000.1508989372062
2.1662333333333335,-1000.1513040625264
2.1679,-1000.1518535428456
2.169566666666667,-1000.1524635591322
2.1712333333333333,-1000.1530596055803
2.1729000000000003,-1000.1535718329966
2.1745666666666668,-1000.153967645091
2.1762333333333332,-1000.154228415412
2.1779,-1000.1543727704111
2.1795666666666667,-1000.1544100233141
2.1812333333333336,-1000.1543541439596
2.1829,-1000.1542191021863
2.1845833333333333,-1000.1540142112198
2.1862500000000002,-1000.153744127673
2.1879166666666667,-1000.1534367912232
2.1895833333333337,-1000.1531247981605
2.19125,-1000.1528733410653
2.1929166666666666,-1000.1527289860662
2.1945833333333336,-1000.1527476125177
2.19625,-1000.1529525034841
2.197916666666667,-1000.1533157192885
2.1995833333333334,-1000.1537906938017
2.20125,-1000.1542842947665
2.202916666666667,-1000.1547033899253
2.2045833333333333,-1000.1549688168592
2.2062500000000003,-1000.1550293528265
2.2079166666666667,-1000.1548849978274
2.2095833333333332,-1000.1545683481519
2.21125,-1000.1541445963802
2.2129333333333334,-1000.1536975615443
2.2146,-1000.1533157192885
2.216266666666667,-1000.1530549489675
2.2179333333333333,-1000.1529478468713
2.2196000000000002,-1000.1529944130001
2.2212666666666667,-1000.1531713642893
2.2229333333333336,-1000.153441447836
2.2246,-1000.1537674107374
2.2262666666666666,-1000.1541120000901
2.2279333333333335,-1000.15445193283
2.2296,-1000.1547685825055
2.231266666666667,-1000.1550386660523
2.2329333333333334,-1000.1552435570188
2.2346,-1000.1553366892763
2.236266666666667,-1000.1552947797604
2.2379333333333333,-1000.1550992020196
2.2396000000000003,-1000.1547732391184
2.2412666666666667,-1000.1543541439596
2.24295,-1000.1539024525107
2.244616666666667,-1000.1534880139649
2.2462833333333334,-1000.1531713642893
2.24795,-1000.152999069613
2.249616666666667,-1000.1530037262258
2.2512833333333333,-1000.1531899907408
2.2529500000000002,-1000.1535392367065
2.2546166666666667,-1000.1540142112198
2.2562833333333336,-1000.154563691539
2.25795,-1000.1551364549226
2.2596166666666666,-1000.1557092183064
2.2612833333333335,-1000.1562493853999
2.26295,-1000.1567476429775
2.264616666666667,-1000.1571760513621
2.2662833333333334,-1000.1575066708762
2.26795,-1000.1577022486169
2.269616666666667,-1000.1577162184556
2.2712833333333333,-1000.1575206407148
2.2729666666666666,-1000.1571294852333
2.2746333333333335,-1000.156580004914
2.2763,-1000.1559513621759
2.277966666666667,-1000.1553366892763
2.2796333333333334,-1000.1548337750858
2.2813000000000003,-1000.1545124687974
2.282966666666667,-1000.1544100233141
2.2846333333333333,-1000.1545124687974
2.2863,-1000.1547778957313
2.2879666666666667,-1000.1551317983098
2.2896333333333336,-1000.1555229537913
2.2913,-1000.1558815129827
2.2929666666666666,-1000.1561748795939
2.2946333333333335,-1000.1563844271733
2.2963,-1000.1564961858822
2.297966666666667,-1000.1565287821724
2.2996333333333334,-1000.1564822160436
2.3013166666666667,-1000.1563751139475
2.3029833333333336,-1000.156207475884
2.30465,-1000.1559932716917
2.3063166666666666,-1000.1557464712093
2.3079833333333335,-1000.1555089839527
2.30965,-1000.1553320326634
2.311316666666667,-1000.1552575268574
2.3129833333333334,-1000.1553320326634
2.3146500000000003,-1000.15556951992
2.316316666666667,-1000.1559560187887
2.3179833333333333,-1000.1564496197535
2.31965,-1000.1569711603955
2.3213166666666667,-1000.1574507915217
2.3229833333333336,-1000.157809350713
2.32465,-1000.1579816453894
2.3263166666666666,-1000.1579490490993
2.3279833333333335,-1000.1576929353912
2.3296666666666668,-1000.157250557168
2.3313333333333333,-1000.1566591673329
2.333,-1000.1559793018531
2.3346666666666667,-1000.1552668400832
2.3363333333333336,-1000.1545962878291
2.338,-1000.1540188678326
2.3396666666666666,-1000.1535858028352
2.3413333333333335,-1000.1533296891271
2.343,-1000.1532738097726
2.344666666666667,-1000.1534228213845
2.3463333333333334,-1000.1537627541245
2.3480000000000003,-1000.1542516984764
2.349666666666667,-1000.1548291184729
2.3513333333333333,-1000.1554298215339
2.353,-1000.155983958466
2.3546666666666667,-1000.1564216800763
2.3563333333333336,-1000.1567010768488
2.358,-1000.156803522332
2.3596666666666666,-1000.156729016526
2.3613500000000003,-1000.1565101557209
2.3630166666666668,-1000.1561888494325
2.3646833333333332,-1000.155830290241
2.36635,-1000.1554763876626
2.3680166666666667,-1000.1551783644386
2.3696833333333336,-1000.1549595036334
2.37135,-1000.1548430883115
2.373016666666667,-1000.15482446186
2.3746833333333335,-1000.1549129375047
2.37635,-1000.1551085152454
2.378016666666667,-1000.1554065384695
2.3796833333333334,-1000.155797693951
2.3813500000000003,-1000.1562493853999
2.383016666666667,-1000.1567057334616
2.3846833333333333,-1000.1570875757174
2.38635,-1000.1573110931354
2.3880166666666667,-1000.1573157497482
2.3897,-1000.1570782624916
2.391366666666667,-1000.1566358842686
2.3930333333333333,-1000.1560491510462
2.3947000000000003,-1000.1554158516952
2.3963666666666668,-1000.1548337750858
2.3980333333333332,-1000.1543820836368
2.3997,-1000.1541073434772
2.4013666666666666,-1000.154004897994
2.4030333333333336,-1000.1540561207356
2.4047,-1000.1542237587992
2.406366666666667,-1000.1544659026687
2.4080333333333335,-1000.1547639258927
2.4097,-1000.1551085152454
2.411366666666667,-1000.155499670727
2.4130333333333334,-1000.1559234224986
2.4147000000000003,-1000.1563378610444
2.4163666666666668,-1000.1566824503973
2.4180333333333333,-1000.1568873413638
2.419716666666667,-1000.1569013112024
2.4213833333333334,-1000.1567103900745
2.42305,-1000.1563378610444
2.424716666666667,-1000.1558442600797
2.4263833333333333,-1000.1553227194377
2.4280500000000003,-1000.1548663713759
2.4297166666666667,-1000.1545590349261
2.4313833333333332,-1000.15445193283
2.43305,-1000.1545590349261
2.4347166666666666,-1000.1548477449244
2.4363833333333336,-1000.1552528702446
2.43805,-1000.1556999050806
2.439716666666667,-1000.1561190002393
2.4413833333333335,-1000.1564496197535
2.44305,-1000.1566684805587
2.444716666666667,-1000.1567522995904
2.4463833333333334,-1000.1567103900745
2.4480666666666666,-1000.1565520652367
2.4497333333333335,-1000.1562912949157
2.4514,-1000.1559513621759
2.453066666666667,-1000.1555462368557
2.4547333333333334,-1000.1551085152454
2.4564,-1000.1546707936352
2.458066666666667,-1000.1542842947665
2.4597333333333333,-1000.154004897994
2.4614000000000003,-1000.1538884826721
2.4630666666666667,-1000.153967645091
2.4647333333333337,-1000.154265668315
2.4664,-1000.1547685825055
2.4680666666666666,-1000.155425164921
2.4697333333333336,-1000.1561515965295
2.4714,-1000.1568500884607
2.473066666666667,-1000.1574181952316
2.4747333333333335,-1000.15777209781
2.4764,-1000.1578698866805
2.478066666666667,-1000.1577069052298
2.47975,-1000.1573157497482
2.4814166666666666,-1000.1567616128161
2.4830833333333335,-1000.1561143436264
2.48475,-1000.1554531045982
2.486416666666667,-1000.1548337750858
2.4880833333333334,-1000.1543122344438
2.48975,-1000.1539257355751
2.491416666666667,-1000.1537161879958
2.4930833333333333,-1000.1537022181572
2.4947500000000002,-1000.1538884826721
2.4964166666666667,-1000.1542610117021
2.4980833333333337,-1000.1547732391184
2.49975,-1000.1553646289535
2.5014166666666666,-1000.155946705563
2.5030833333333335,-1000.1564356499149
2.50475,-1000.156766269429
2.506416666666667,-1000.1568919979767
2.5081,-1000.1568128355577
2.5097666666666667,-1000.1565753483011
2.5114333333333336,-1000.1562307589484
2.5131,-1000.1558582299183
2.5147666666666666,-1000.1555182971784
2.5164333333333335,-1000.1552482136317
2.5181,-1000.1550759189553
2.519766666666667,-1000.1549967565364
2.5214333333333334,-1000.1550153829879
2.5231000000000003,-1000.1551178284711
2.524766666666667,-1000.1553040929862
2.5264333333333333,-1000.15556951992
2.5281000000000002,-1000.1559001394343
2.5297666666666667,-1000.1562773250771
2.5314333333333336,-1000.1566591673329
2.5331,-1000.1569851302341
2.5347666666666666,-1000.1571946778135
2.5364500000000003,-1000.1572272741037
2.538116666666667,-1000.1570456662015
2.5397833333333333,-1000.15665451072
2.54145,-1000.1560957171749
2.5431166666666667,-1000.1554437913725
2.5447833333333336,-1000.1547965221828
2.54645,-1000.1542470418635
2.5481166666666666,-1000.1538512297691
2.5497833333333335,-1000.1536463388026
2.55145,-1000.1536230557382
2.553116666666667,-1000.153744127673
2.5547833333333334,-1000.1539583318653
2.5564500000000003,-1000.1542237587992
2.558116666666667,-1000.154489185733
2.5597833333333333,-1000.1547266729897
2.5614500000000002,-1000.1549315639562
2.5631166666666667,-1000.1550945454068
2.5647833333333336,-1000.1552156173416
2.566466666666667,-1000.1552808099218
2.5681333333333334,-1000.1552854665347
2.5698000000000003,-1000.1552295871802
2.571466666666667,-1000.1551178284711
2.5731333333333333,-1000.1549781300849
2.5748,-1000.1548430883115
2.5764666666666667,-1000.154749956054
2.5781333333333336,-1000.1547266729897
2.5798,-1000.1547965221828
2.5814666666666666,-1000.1549781300849
2.5831333333333335,-1000.1552621834703
2.5848,-1000.1556347125003
2.586466666666667,-1000.1560724341106
2.5881333333333334,-1000.1565241255595
2.5898000000000003,-1000.1569385641054
2.591466666666667,-1000.1572598703938
2.5931333333333333,-1000.1574368216831
2.5948,-1000.1574601047474
2.5964833333333335,-1000.1573204063611
2.59815,-1000.1570316963629
2.599816666666667,-1000.1566265710428
2.6014833333333334,-1000.1561190002393
2.6031500000000003,-1000.1555369236299
2.604816666666667,-1000.1549036242789
2.6064833333333333,-1000.1542516984764
2.60815,-1000.1536416821897
2.6098166666666667,-1000.1531341113863
2.6114833333333336,-1000.1527848654207
2.61315,-1000.1526405104215
2.614816666666667,-1000.152696389776
2.6164833333333335,-1000.1529338770326
2.61815,-1000.1532831229983
2.619816666666667,-1000.1536742784798
2.6214833333333334,-1000.1540281810584
2.6231500000000003,-1000.1542796381536
2.6248333333333336,-1000.1543727704111
2.6265,-1000.1542842947665
2.628166666666667,-1000.1540328376713
2.6298333333333335,-1000.1536556520283
2.6315,-1000.1532319002567
2.633166666666667,-1000.1528221183237
2.6348333333333334,-1000.1524914988096
2.6365000000000003,-1000.1522772946173
2.6381666666666668,-1000.1521888189726
2.6398333333333333,-1000.1522353851014
2.6415,-1000.1524076797778
2.6431666666666667,-1000.1526917331631
2.6448333333333336,-1000.1530828886447
2.6465,-1000.1535532065451
2.648166666666667,-1000.1540700905742
2.6498333333333335,-1000.1545869746034
2.6515,-1000.155047979278
2.653166666666667,-1000.155383255405
2.65485,-1000.1555508934686
2.6565166666666666,-1000.1555229537913
2.6581833333333336,-1000.1553134062119
2.65985,-1000.154940877182
2.661516666666667,-1000.1544612460558
2.6631833333333335,-1000.1539257355751
2.66485,-1000.1534088515459
2.666516666666667,-1000.1529571600971
2.6681833333333334,-1000.1526125707443
2.6698500000000003,-1000.1523843967134
2.6715166666666668,-1000.1522772946173
2.6731833333333332,-1000.1522726380044
2.67485,-1000.1523518004233
2.6765166666666667,-1000.1524961554225
2.6781833333333336,-1000.1526917331631
2.67985,-1000.152919907194
2.681516666666667,-1000.1531527378378
2.6832000000000003,-1000.1533529721914
2.6848666666666667,-1000.153483357352
2.6865333333333337,-1000.1535066404164
2.6882,-1000.153404194933
2.6898666666666666,-1000.1531667076764
2.6915333333333336,-1000.1528314315494
2.6932,-1000.1524449326807
2.694866666666667,-1000.1520817168765
2.6965333333333334,-1000.1517976634912
2.6982,-1000.1516346820405
2.699866666666667,-1000.1516113989761
2.7015333333333333,-1000.1517185010722
2.7032000000000003,-1000.1519233920387
2.7048666666666668,-1000.1522167586498
2.7065333333333337,-1000.1525613480027
2.7082,-1000.1529525034841
2.7098666666666666,-1000.1533622854172
2.7115333333333336,-1000.1537487842859
2.7132,-1000.1540700905742
2.7148833333333333,-1000.1542749815408
2.7165500000000002,-1000.1543168910566
2.7182166666666667,-1000.1541725360574
2.7198833333333337,-1000.1538326033176
2.72155,-1000.1533203759013
2.7232166666666666,-1000.1526777633245
2.7248833333333335,-1000.1519885846191
2.72655,-1000.1513413154294
2.728216666666667,-1000.1508244314002
2.7298833333333334,-1000.1505264081762
2.73155,-1000.1504984684989
2.733216666666667,-1000.1507638954329
2.7348833333333333,-1000.1512854360749
2.7365500000000003,-1000.1519932412319
2.7382166666666667,-1000.1527662389692
2.7398833333333337,-1000.1534787007391
2.74155,-1000.1540095546069
2.7432333333333334,-1000.154265668315
2.7449000000000003,-1000.154191162509
2.746566666666667,-1000.1537860371889
2.7482333333333333,-1000.1531154849348
2.7499000000000002,-1000.152286607843
2.7515666666666667,-1000.1514391042997
2.7532333333333336,-1000.1507126726912
2.7549,-1000.1502144151135
2.7565666666666666,-1000.1500048675341
2.7582333333333335,-1000.1501073130174
2.7599,-1000.1504798420474
2.761566666666667,-1000.151057262044
2.7632333333333334,-1000.1517557539753
2.7649,-1000.1524728723581
2.766566666666667,-1000.1531294547734
2.7682333333333333,-1000.1536509954154
2.7699000000000003,-1000.1539909281554
2.7715666666666667,-1000.1541213133158
2.77325,-1000.1540328376713
2.774916666666667,-1000.1537487842859
2.7765833333333334,-1000.1533157192885
2.7782500000000003,-1000.1528081484851
2.779916666666667,-1000.1523098909074
2.7815833333333333,-1000.1518954523615
2.7832500000000002,-1000.151616055589
2.7849166666666667,-1000.1514810138156
2.7865833333333336,-1000.1514763572027
2.78825,-1000.1515462063959
2.7899166666666666,-1000.151653308492
2.7915833333333335,-1000.1517604105882
2.79325,-1000.1518675126842
2.794916666666667,-1000.1519792713933
2.7965833333333334,-1000.1521143131666
2.7982500000000003,-1000.152286607843
2.799916666666667,-1000.1524821855838
2.8016,-1000.1526777633245
2.803266666666667,-1000.1528221183237
2.8049333333333335,-1000.1528593712267
2.8066,-1000.1527615823563
2.808266666666667,-1000.1525054686482
2.8099333333333334,-1000.1521329396181
2.8116000000000003,-1000.1516952180078
2.813266666666667,-1000.1512761228491
2.8149333333333333,-1000.1509455033349
2.8166,-1000.150754582207
2.8182666666666667,-1000.1507126726912
2.8199333333333336,-1000.1508244314002
2.8216,-1000.151057262044
2.8232666666666666,-1000.1513878815581
2.8249333333333335,-1000.1517836936525
2.8266,-1000.1522353851014
2.828266666666667,-1000.1527057030017
2.8299333333333334,-1000.1531760209022
2.8316166666666667,-1000.153595116061
2.8332833333333336,-1000.1539257355751
2.83495,-1000.1541120000901
2.836616666666667,-1000.1541259699287
2.8382833333333335,-1000.1539536752524
2.83995,-1000.1536183991253
2.841616666666667,-1000.1531713642893
2.8432833333333334,-1000.1526777633245
2.8449500000000003,-1000.1522167586498
2.846616666666667,-1000.1518628560714
2.8482833333333333,-1000.1516626217177
2.84995,-1000.1516439952662
2.8516166666666667,-1000.1517976634912
2.8532833333333336,-1000.1520863734894
2.85495,-1000.1524635591322
2.8566166666666666,-1000.1528779976782
2.8582833333333335,-1000.1532924362241
2.85995,-1000.153664965254
2.8616333333333333,-1000.1539723017039
2.8633,-1000.154191162509
2.8649666666666667,-1000.1542889513794
2.8666333333333336,-1000.1542423852507
2.8683,-1000.1540235244455
2.869966666666667,-1000.1536183991253
2.8716333333333335,-1000.153036322516
2.8733,-1000.1523285173589
2.874966666666667,-1000.1515601762345
2.8766333333333334,-1000.1508384012388
2.8783000000000003,-1000.1502470114036
2.879966666666667,-1000.1498744823737
2.8816333333333333,-1000.1497580670517
2.8833,-1000.1499163918895
2.8849666666666667,-1000.1503168605968
2.8866333333333336,-1000.1509035938191
2.8883,-1000.1515881159117
2.8899833333333333,-1000.1522819512302
2.8916500000000003,-1000.1528966241297
2.8933166666666668,-1000.1533715986429
2.8949833333333337,-1000.153664965254
2.89665,-1000.1537627541245
2.8983166666666667,-1000.1536742784798
2.8999833333333336,-1000.1534367912232
2.90165,-1000.1531015150962
2.903316666666667,-1000.1527243294533
2.9049833333333335,-1000.1523704268748
2.90665,-1000.1520956867151
2.9083333333333337,-1000.1519420184902
2.91,-1000.1519280486516
2.9116666666666666,-1000.1520584338122
2.9133333333333336,-1000.1523098909074
2.915,-1000.1526405104215
2.916666666666667,-1000.1529944130001
2.9183333333333334,-1000.1533203759013
2.92,-1000.1535438933194
2.921666666666667,-1000.1536230557382
2.9233333333333333,-1000.1535345800936
2.9250000000000003,-1000.1533017494498
2.9266666666666667,-1000.1529525034841
2.9283333333333337,-1000.1525473781641
2.93,-1000.1521422528439
2.9316666666666666,-1000.1517790370397
2.9333333333333336,-1000.1514903270414
2.935,-1000.1512947493006
2.936666666666667,-1000.1511876472044
2.9383333333333335,-1000.1511829905916
2.94,-1000.1512761228491
2.941666666666667,-1000.1514623873641
2.9433333333333334,-1000.1517278142979
2.9450000000000003,-1000.152063090425
2.9466666666666668,-1000.152435619455
2.9483333333333337,-1000.1528128050979
2.950016666666667,-1000.1531527378378
2.9516833333333334,-1000.1534088515459
2.95335,-1000.1535345800936
2.955016666666667,-1000.1534973271906
2.9566833333333333,-1000.1532784663855
2.9583500000000003,-1000.1528919675168
2.9600166666666667,-1000.1523750834876
2.9616833333333337,-1000.151802320104
2.96335,-1000.1512435265589
2.9650166666666666,-1000.1507638954329
2.9666833333333336,-1000.1504239626929
2.96835,-1000.1502423547907
2.970016666666667,-1000.1502097585006
2.9716833333333335,-1000.1503215172097
2.97335,-1000.1505543478535
2.975016666666667,-1000.1508896239804
2.9766833333333333,-1000.1512947493006
2.9783666666666666,-1000.1517417841367
2.9800333333333335,-1000.1521934755855
2.9817,-1000.1525939442928
2.983366666666667,-1000.1528919675168
2.9850333333333334,-1000.1530270092902
2.9867000000000004,-1000.1529757865486
2.988366666666667,-1000.1527243294533
2.9900333333333333,-1000.1523052342945
2.9917000000000002,-1000.1517836936525
2.9933666666666667,-1000.151238869946
2.9950333333333337,-1000.1507685520457
2.9967,-1000.1504472457573
2.9983833333333334,-1000.1503075473711
3.0000500000000003,-1000.1503680833384
3.001716666666667,-1000.1505916007565
3.0033833333333333,-1000.1509315334963
3.00505,-1000.1513273455907
3.0067166666666667,-1000.1517185010722
3.0083833333333336,-1000.1520584338122
3.01005,-1000.1523098909074
3.0117166666666666,-1000.1524542459065
3.0133833333333335,-1000.1524682157452
3.01505,-1000.1523564570361
3.016716666666667,-1000.1521143131666
3.0183833333333334,-1000.151765067201
3.0200500000000003,-1000.1513273455907
3.021716666666667,-1000.1508430578517
3.0233833333333333,-1000.1503587701127
3.0250500000000002,-1000.149935018341
3.0267166666666667,-1000.1496230252784
3.0283833333333336,-1000.1494553872149
3.03005,-1000.149450730602
3.0317166666666666,-1000.1496090554398
3.0333833333333335,-1000.149897765438
3.03505,-1000.150274951081
3.0367333333333333,-1000.1506893896268
3.0384,-1000.1510852017212
3.0400666666666667,-1000.1514018513967
3.0417333333333336,-1000.1516067423632
3.0434,-1000.1516859047821
3.045066666666667,-1000.1516346820405
3.0467333333333335,-1000.1514577307512
3.0484,-1000.1511736773658
3.050066666666667,-1000.150796491723
3.0517333333333334,-1000.1503448002741
3.0534000000000003,-1000.1498511993093
3.055066666666667,-1000.1493715681831
3.0567333333333333,-1000.148966442863
3.0584000000000002,-1000.1487149857677
3.0600666666666667,-1000.148668419639
3.0617333333333336,-1000.1488500275411
3.0634,-1000.1492411830226
3.0650833333333334,-1000.1497720368903
3.0667500000000003,-1000.1503308304355
3.068416666666667,-1000.150796491723
3.0700833333333333,-1000.1510712318826
3.07175,-1000.1510898583341
3.0734166666666667,-1000.1508570276903
3.0750833333333336,-1000.1504099928543
3.07675,-1000.1498325728578
3.078416666666667,-1000.149227213184
3.0800833333333335,-1000.1486917027033
3.08175,-1000.1483005472218
3.083416666666667,-1000.1480909996425
3.0850833333333334,-1000.148072373191
3.0867500000000003,-1000.1481934451257
3.088416666666667,-1000.1483983360922
3.0900833333333333,-1000.1486265101231
3.09175,-1000.1488314010896
3.0934166666666667,-1000.1490083523788
3.0950833333333336,-1000.1491713338295
3.096766666666667,-1000.1493436285059
3.0984333333333334,-1000.1495345496337
3.1001000000000003,-1000.1497440972131
3.101766666666667,-1000.1499303617281
3.1034333333333333,-1000.1500560902758
3.1051,-1000.1500700601144
3.1067666666666667,-1000.1499629580182
3.1084333333333336,-1000.1497394406002
3.1101,-1000.1494414173762
3.111766666666667,-1000.1491107978621
3.1134333333333335,-1000.1487988047994
3.1151,-1000.1485473477042
3.116766666666667,-1000.1483843662536
3.1184333333333334,-1000.1483191736734
3.1201000000000003,-1000.1483564265764
3.121766666666667,-1000.1484868117368
3.1234333333333333,-1000.1487103291548
3.125116666666667,-1000.1490176656046
3.1267833333333335,-1000.1493901946346
3.12845,-1000.1497953199548
3.130116666666667,-1000.1501771622105
3.1317833333333334,-1000.1504798420474
3.1334500000000003,-1000.1506335102723
3.1351166666666668,-1000.1505916007565
3.1367833333333337,-1000.1503215172097
3.13845,-1000.1498465426964
3.1401166666666667,-1000.149227213184
3.1417833333333336,-1000.1485659741558
3.14345,-1000.1479699277077
3.145116666666667,-1000.1475368627102
3.1467833333333335,-1000.1473319717437
3.14845,-1000.1473831944854
3.150116666666667,-1000.147657934645
3.1517833333333334,-1000.1480956562554
3.1534500000000003,-1000.1486032270587
3.1551333333333336,-1000.1490921714106
3.1568,-1000.1494972967307
3.158466666666667,-1000.1497813501162
3.1601333333333335,-1000.1499396749539
3.1618,-1000.1499769278569
3.163466666666667,-1000.1499257051153
3.1651333333333334,-1000.1498092897934
3.1668000000000003,-1000.1496509649556
3.1684666666666668,-1000.1494647004406
3.1701333333333337,-1000.1492598094741
3.1718,-1000.1490595751205
3.1734666666666667,-1000.1488733106055
3.1751333333333336,-1000.1487149857677
3.1768,-1000.1486125402845
3.178466666666667,-1000.1485846006073
3.1801333333333335,-1000.1486358233489
3.1818,-1000.1487615518964
3.183466666666667,-1000.1489431597986
3.18515,-1000.1491340809265
3.1868166666666666,-1000.1492924057642
3.1884833333333336,-1000.1493948512475
3.19015,-1000.1494227909247
3.191816666666667,-1000.1493808814089
3.1934833333333335,-1000.1492737793127
3.19515,-1000.1491247677008
3.196816666666667,-1000.1489338465728
3.1984833333333333,-1000.1487242989934
3.2001500000000003,-1000.1485054381883
3.2018166666666668,-1000.1482865773831
3.2034833333333337,-1000.148072373191
3.20515,-1000.1478628256116
3.2068166666666666,-1000.1476672478708
3.2084833333333336,-1000.1474996098073
3.21015,-1000.1473738812597
3.2118333333333333,-1000.1473180019051
3.2135000000000002,-1000.1473366283566
3.2151666666666667,-1000.1474437304528
3.2168333333333337,-1000.1476160251292
3.2185,-1000.1478302293215
3.2201666666666666,-1000.1480397769008
3.2218333333333335,-1000.1482027583514
3.2235,-1000.1482865773831
3.225166666666667,-1000.1482819207703
3.2268333333333334,-1000.1481841318999
3.2285000000000004,-1000.1480351202879
3.230166666666667,-1000.1478674822245
3.2318333333333333,-1000.147732440451
3.2335000000000003,-1000.1476672478708
3.2351666666666667,-1000.1476765610965
3.2368333333333337,-1000.1477603801283
3.2385,-1000.1478954219017
3.2401666666666666,-1000.1480537467394
3.2418333333333336,-1000.14821672819
3.243516666666667,-1000.1483797096407
3.2451833333333333,-1000.1485380344784
3.2468500000000002,-1000.1487010159291
3.2485166666666667,-1000.1488639973797
3.2501833333333336,-1000.1490083523788
3.25185,-1000.1491107978621
3.2535166666666666,-1000.1491294243136
3.2551833333333335,-1000.1490269788303
3.25685,-1000.1487894915737
3.258516666666667,-1000.1484216191566
3.2601833333333334,-1000.147955957869
3.2618500000000004,-1000.1474530436785
3.263516666666667,-1000.1469920390039
3.2651833333333333,-1000.1466381364254
3.2668500000000003,-1000.1464379020717
3.2685166666666667,-1000.1464099623945
3.2701833333333337,-1000.1465310343292
3.271866666666667,-1000.146763864973
3.2735333333333334,-1000.1470479183583
3.2752000000000003,-1000.147322658518
3.276866666666667,-1000.1475228928716
3.2785333333333333,-1000.1476113685163
3.2802000000000002,-1000.1475554891617
3.2818666666666667,-1000.1473692246468
3.2835333333333336,-1000.1470712014227
3.2852,-1000.1467079856185
3.2868666666666666,-1000.1463168301369
3.2885333333333335,-1000.1459536143327
3.2902,-1000.1456555911087
3.291866666666667,-1000.1454693265937
3.2935333333333334,-1000.1454134472392
3.2952000000000004,-1000.1455019228838
3.296866666666667,-1000.1457347535276
3.2985333333333333,-1000.1461026259446
3.3002000000000002,-1000.1465776004579
3.3018666666666667,-1000.147136394003
3.30355,-1000.1477417536768
3.305216666666667,-1000.1483610831892
3.3068833333333334,-1000.1489478164115
3.3085500000000003,-1000.1494460739891
3.310216666666667,-1000.1497999765677
3.3118833333333333,-1000.1499629580182
3.31355,-1000.1499024220509
3.3152166666666667,-1000.1496230252784
3.3168833333333336,-1000.149152707378
3.31855,-1000.1485426910913
3.320216666666667,-1000.1478581689987
3.3218833333333335,-1000.1471596770674
3.32355,-1000.1465217211035
3.325216666666667,-1000.1460048370743
3.3268833333333334,-1000.1456602477216
3.3285500000000003,-1000.1455391757868
3.330216666666667,-1000.145646277883
3.3319,-1000.1459722407842
3.333566666666667,-1000.1464611851361
3.3352333333333335,-1000.1470292919068
3.3369,-1000.147588085452
3.338566666666667,-1000.1480351202879
3.3402333333333334,-1000.1482958906089
3.3419000000000003,-1000.1483238302862
3.343566666666667,-1000.1480956562554
3.3452333333333333,-1000.1476393081936
3.3469,-1000.1470106654554
3.3485666666666667,-1000.1462888904597
3.3502333333333336,-1000.1455624588511
3.3519,-1000.1449198462744
3.353566666666667,-1000.1444402151483
3.3552333333333335,-1000.1441841014401
3.3569,-1000.1441841014401
3.358566666666667,-1000.1444541849869
3.36025,-1000.1449570991774
3.3619166666666667,-1000.1456416212701
3.3635833333333336,-1000.1464192756202
3.36525,-1000.1471969299704
3.366916666666667,-1000.1478721388373
3.3685833333333335,-1000.1483564265764
3.37025,-1000.1486078836716
3.371916666666667,-1000.1486032270587
3.3735833333333334,-1000.1483797096407
3.3752500000000003,-1000.1479978673849
3.376916666666667,-1000.147546175936
3.3785833333333337,-1000.1471084543258
3.38025,-1000.146763864973
3.3819166666666667,-1000.1465543173936
3.3835833333333336,-1000.146503094652
3.38525,-1000.1465962269094
3.386916666666667,-1000.1467918046502
3.3885833333333335,-1000.1470479183583
3.3902666666666668,-1000.147322658518
3.3919333333333337,-1000.1476020552906
3.3936,-1000.1478767954502
3.3952666666666667,-1000.1481515356098
3.3969333333333336,-1000.1484216191566
3.3986,-1000.1486730762518
3.400266666666667,-1000.1488639973797
3.4019333333333335,-1000.1489571296372
3.4036,-1000.1489152201214
3.405266666666667,-1000.1487196423806
3.4069333333333334,-1000.1483797096407
3.4086000000000003,-1000.1479419880304
3.410266666666667,-1000.1474623569043
3.4119333333333337,-1000.1470106654554
3.4136,-1000.1466614194898
3.4152666666666667,-1000.1464751549747
3.4169333333333336,-1000.1464704983619
3.4186,-1000.1466427930383
3.4202833333333333,-1000.1469547861009
3.4219500000000003,-1000.1473412849696
3.4236166666666668,-1000.1477370970639
3.4252833333333337,-1000.1480909996425
3.42695,-1000.1483564265764
3.4286166666666666,-1000.1485194080269
3.4302833333333336,-1000.1485799439944
3.43195,-1000.1485426910913
3.433616666666667,-1000.1484262757695
3.4352833333333335,-1000.1482260414158
3.43695,-1000.147955957869
3.438616666666667,-1000.1476206817421
3.4402833333333334,-1000.1472341828734
3.4419500000000003,-1000.1468290575532
3.4436166666666668,-1000.1464611851361
3.4452833333333337,-1000.1461864449765
3.44695,-1000.1460746862674
3.4486166666666667,-1000.1461631619121
3.4503000000000004,-1000.1464611851361
3.451966666666667,-1000.1469268464236
3.4536333333333333,-1000.1474996098073
3.4553000000000003,-1000.1480816864167
3.4569666666666667,-1000.148593913833
3.4586333333333337,-1000.1489571296372
3.4603,-1000.1491294243136
3.4619666666666666,-1000.1490968280235
3.4636333333333336,-1000.1488826238312
3.4653,-1000.1485287212527
3.466966666666667,-1000.1480863430296
3.4686333333333335,-1000.1476067119034
3.4703000000000004,-1000.147136394003
3.471966666666667,-1000.1467219554571
3.4736333333333334,-1000.1463959925559
3.4753000000000003,-1000.1461911015894
3.4769666666666668,-1000.1461352222349
3.47865,-1000.1462376677181
3.480316666666667,-1000.1465124078777
3.4819833333333334,-1000.1469454728751
3.4836500000000004,-1000.1474996098073
3.485316666666667,-1000.148109626094
3.4869833333333333,-1000.1486870460905
3.4886500000000003,-1000.149152707378
3.4903166666666667,-1000.1494088210861
3.4919833333333337,-1000.1493995078604
3.49365,-1000.1490968280235
3.4953166666666666,-1000.1485240646398
3.4969833333333336,-1000.1477603801283
3.498666666666667,-1000.1469315030365
3.500316666666667,-1000.1461724751379
3.5019833333333334,-1000.145604368367
3.5036500000000004,-1000.1453110017559
3.5053333333333336,-1000.1452970319173
3.507,-1000.1455391757868
3.508666666666667,-1000.1459675841713
3.5103333333333335,-1000.1465124078777
3.512,-1000.1470898278742
3.513666666666667,-1000.1476532780322
3.5153333333333334,-1000.1481515356098
3.5170000000000003,-1000.1485613175429
3.518666666666667,-1000.1488639973797
3.5203333333333333,-1000.149036292056
3.5220000000000002,-1000.1490735449592
3.5236666666666667,-1000.1489617862501
3.5253333333333337,-1000.1487149857677
3.527,-1000.1483517699635
3.5286666666666666,-1000.1479047351274
3.5303333333333335,-1000.1474204473884
3.532,-1000.1469547861009
3.533666666666667,-1000.1465636306193
3.5353333333333334,-1000.1462982036854
3.5370000000000004,-1000.146205071428
3.5386833333333336,-1000.1463075169112
3.54035,-1000.1466008835223
3.542016666666667,-1000.1470479183583
3.5436833333333335,-1000.1475927420648
3.54535,-1000.1481655054484
3.547016666666667,-1000.1486963593162
3.5486833333333334,-1000.1491340809265
3.5503500000000003,-1000.1494321041505
3.552016666666667,-1000.1495764591497
3.5536833333333333,-1000.1495485194724
3.5553500000000002,-1000.1493575983445
3.5570166666666667,-1000.1490223222174
3.5586833333333336,-1000.1485706307686
3.56035,-1000.1480444335136
3.562016666666667,-1000.1474996098073
3.5636833333333335,-1000.1469966956167
3.56535,-1000.1465822570708
3.5670333333333337,-1000.1463028602983
3.5687,-1000.1461817883636
3.5703666666666667,-1000.1462283544923
3.5720333333333336,-1000.1464332454589
3.5737,-1000.1467592083601
3.575366666666667,-1000.1471689902932
3.5770333333333335,-1000.1476113685163
3.5787,-1000.1480351202879
3.580366666666667,-1000.1483936794793
3.5820333333333334,-1000.1486591064132
3.5837000000000003,-1000.1487894915737
3.585366666666667,-1000.1487662085093
3.5870333333333333,-1000.1485799439944
3.5887000000000002,-1000.1482493244802
3.5903666666666667,-1000.1478116028699
3.5920333333333336,-1000.1473319717437
3.5937,-1000.1468802802949
3.595366666666667,-1000.146540347555
3.5970500000000003,-1000.1463680528786
3.598716666666667,-1000.1464053057816
3.6003833333333337,-1000.1466707327155
3.60205,-1000.1471317373902
3.6037166666666667,-1000.1477417536768
3.6053833333333336,-1000.1484169625437
3.60705,-1000.1490549185077
3.608716666666667,-1000.1495531760853
3.6103833333333335,-1000.1498186030192
3.61205,-1000.149790663342
3.613716666666667,-1000.1494647004406
3.6153833333333334,-1000.1488686539926
3.6170500000000003,-1000.1480956562554
3.618716666666667,-1000.1472434960991
3.6203833333333333,-1000.1464332454589
3.62205,-1000.1457720064305
3.6237166666666667,-1000.1453529112717
3.6254,-1000.1452178694984
3.627066666666667,-1000.1453668811104
3.6287333333333334,-1000.1457720064305
3.6304000000000003,-1000.1463587396528
3.6320666666666668,-1000.1470432617455
3.6337333333333337,-1000.1477231272253
3.6354,-1000.1483005472218
3.6370666666666667,-1000.1486963593162
3.6387333333333336,-1000.148854684154
3.6404,-1000.1487662085093
3.642066666666667,-1000.148444902221
3.6437333333333335,-1000.147955957869
3.6454,-1000.1473692246468
3.647066666666667,-1000.1467592083601
3.6487333333333334,-1000.1462004148151
3.6504000000000003,-1000.1457300969147
3.652066666666667,-1000.1453715377232
3.6537333333333337,-1000.145120080628
3.655416666666667,-1000.1449664124032
3.6570833333333335,-1000.1449151896616
3.6587500000000004,-1000.1449664124032
3.660416666666667,-1000.1451247372408
3.6620833333333334,-1000.1454041340135
3.6637500000000003,-1000.1457952894949
3.6654166666666668,-1000.1462702640082
3.6670833333333337,-1000.1467778348116
3.66875,-1000.147248152712
3.6704166666666667,-1000.1476113685163
3.6720833333333336,-1000.147806946257
3.67375,-1000.1478116028699
3.675416666666667,-1000.1476393081936
3.6770833333333335,-1000.1473412849696
3.67875,-1000.1469827257781
3.680416666666667,-1000.1466474496511
3.6820833333333334,-1000.1463959925559
3.6837500000000003,-1000.1462749206211
3.6854333333333336,-1000.146312173524
3.6871,-1000.1464984380391
3.688766666666667,-1000.1467964612631
3.6904333333333335,-1000.1471596770674
3.6921000000000004,-1000.1475322060974
3.693766666666667,-1000.1478628256116
3.6954333333333333,-1000.1481189393197
3.6971000000000003,-1000.1482819207703
3.6987666666666668,-1000.1483424567377
3.7004333333333337,-1000.1483005472218
3.7021,-1000.148146878997
3.7037666666666667,-1000.1478954219017
3.7054333333333336,-1000.1475554891617
3.7071,-1000.1471596770674
3.708766666666667,-1000.1467498951343
3.7104333333333335,-1000.1463680528786
3.7121000000000004,-1000.1460607164288
3.7137833333333337,-1000.1458791085267
3.71545,-1000.1458418556236
3.7171166666666666,-1000.1459675841713
3.7187833333333336,-1000.1462516375567
3.72045,-1000.1466614194898
3.722116666666667,-1000.1471503638417
3.7237833333333334,-1000.1476486214193
3.7254500000000004,-1000.1481003128682
3.727116666666667,-1000.1484355889952
3.7287833333333333,-1000.1486265101231
3.7304500000000003,-1000.1486497931875
3.7321166666666667,-1000.148514751414
3.7337833333333337,-1000.148253981093
3.73545,-1000.1479000785146
3.7371166666666666,-1000.1474902965815
3.7387833333333336,-1000.147061888197
3.74045,-1000.146652106264
3.742116666666667,-1000.1462982036854
3.7438000000000002,-1000.1460467465902
3.7454666666666667,-1000.1459349878812
3.7471333333333336,-1000.1459955238486
3.7488,-1000.1462283544923
3.750466666666667,-1000.146614853361
3.7521333333333335,-1000.1470991411
3.7538,-1000.1476113685163
3.755466666666667,-1000.148067716578
3.7571333333333334,-1000.1483843662536
3.7588000000000004,-1000.1484914683497
3.760466666666667,-1000.1483471133506
3.7621333333333333,-1000.147955957869
3.7638000000000003,-1000.1473552548082
3.7654666666666667,-1000.1466241665868
3.7671333333333337,-1000.1458697953009
3.7688,-1000.1452038996598
3.7704666666666666,-1000.1447242685337
3.7721333333333336,-1000.1444960945028
3.773816666666667,-1000.1445426606315
3.7754833333333333,-1000.1448639669198
3.7771500000000002,-1000.1454041340135
3.7788166666666667,-1000.1460933127189
3.7804833333333336,-1000.1468523406177
3.78215,-1000.1475973986777
3.783816666666667,-1000.1482446678673
3.7854833333333335,-1000.1487336122192
3.78715,-1000.1490223222174
3.788816666666667,-1000.1490828581849
3.7904833333333334,-1000.1489198767342
3.7921500000000004,-1000.1485613175429
3.793816666666667,-1000.1480397769008
3.7954833333333333,-1000.1474157907755
3.7971500000000002,-1000.1467545517472
3.7988166666666667,-1000.1461165957833
3.8005,-1000.1455624588511
3.802166666666667,-1000.1451293938537
3.8038333333333334,-1000.1448406838555
3.8055000000000003,-1000.1446823590178
3.807166666666667,-1000.144635792889
3.8088333333333337,-1000.1446637325663
3.8105,-1000.1447289251465
3.8121666666666667,-1000.1448080875654
3.8138333333333336,-1000.1448732801456
3.8155,-1000.1449245028873
3.817166666666667,-1000.1449664124032
3.8188333333333335,-1000.1450036653061
3.8205,-1000.145045574822
3.822166666666667,-1000.1450874843379
3.8238333333333334,-1000.145120080628
3.8255000000000003,-1000.1451247372408
3.827166666666667,-1000.1450781711121
3.8288333333333333,-1000.1449803822418
3.8305000000000002,-1000.1448453404684
3.8321833333333335,-1000.1446963288564
3.83385,-1000.1445799135345
3.835516666666667,-1000.14452403418
3.8371833333333334,-1000.144561287083
3.8388500000000003,-1000.144710298695
3.840516666666667,-1000.1449664124032
3.8421833333333337,-1000.145306345143
3.84385,-1000.1457021572375
3.8455166666666667,-1000.1461119391704
3.8471833333333336,-1000.1464937814262
3.84885,-1000.1467964612631
3.850516666666667,-1000.1469780691652
3.8521833333333335,-1000.146987382391
3.85385,-1000.146801117876
3.855516666666667,-1000.146428588846
3.8571833333333334,-1000.1459117048169
3.8588500000000003,-1000.1453156583688
3.8605333333333336,-1000.1447335817594
3.8622,-1000.1442306675689
3.863866666666667,-1000.1438674517645
3.8655333333333335,-1000.1436718740238
3.8672,-1000.1436392777337
3.868866666666667,-1000.1437556930556
3.8705333333333334,-1000.1439931803122
3.8722000000000003,-1000.1443098299877
3.873866666666667,-1000.1446544193406
3.8755333333333337,-1000.1449617557903
3.8772,-1000.1451759599826
3.8788666666666667,-1000.1452597790143
3.8805333333333336,-1000.1451945864341
3.8822,-1000.1450036653061
3.883866666666667,-1000.1447335817594
3.8855333333333335,-1000.1444448717612
3.8872,-1000.1441980712788
3.888866666666667,-1000.1440537162796
3.8905333333333334,-1000.1440350898281
3.8922166666666667,-1000.1441561617628
3.8938833333333336,-1000.1444029622452
3.89555,-1000.144747551598
3.897216666666667,-1000.1451573335311
3.8988833333333335,-1000.1455950551413
3.9005500000000004,-1000.1460094936872
3.902216666666667,-1000.1463727094915
3.9038833333333334,-1000.1466334798125
3.9055500000000003,-1000.1467545517472
3.907216666666667,-1000.1466940157799
3.9088833333333337,-1000.1464379020717
3.91055,-1000.1460001804614
3.9122166666666667,-1000.1454134472392
3.9138833333333336,-1000.1447522082109
3.91555,-1000.1440909691826
3.917216666666667,-1000.1435088925732
3.9188833333333335,-1000.1430804841887
3.9205666666666668,-1000.1428336837063
3.9222333333333337,-1000.1427871175775
3.9239,-1000.1429268159637
3.9255666666666666,-1000.143220182575
3.9272333333333336,-1000.143625307895
3.9289,-1000.1440956257954
3.930566666666667,-1000.1445799135345
3.9322333333333335,-1000.1450409182091
3.9339000000000004,-1000.1454413869164
3.935566666666667,-1000.1457580365919
3.9372333333333334,-1000.1459629275585
3.9389000000000003,-1000.1460420899773
3.9405666666666668,-1000.1459862106228
3.9422333333333337,-1000.1458092593335
3.9439,-1000.1455345191739
3.9455666666666667,-1000.1452085562727
3.9472333333333336,-1000.1448686235327
3.948916666666667,-1000.1445706003087
3.9505833333333333,-1000.1443517395036
3.9522500000000003,-1000.1442353241818
3.9539166666666667,-1000.1442399807946
3.9555833333333337,-1000.1443657093422
3.95725,-1000.1446031965988
3.9589166666666666,-1000.1449245028873
3.9605833333333336,-1000.1452923753044
3.96225,-1000.1456555911087
3.963916666666667,-1000.1459489577198
3.9655833333333335,-1000.1461119391704
3.9672500000000004,-1000.1460979693318
3.968916666666667,-1000.1458930783654
3.9705833333333334,-1000.1455112361095
3.9722500000000003,-1000.1450036653061
3.9739166666666668,-1000.1444402151483
3.9755833333333337,-1000.1439140178933
3.97725,-1000.1435088925732
3.9789333333333334,-1000.1432853751552
3.9806000000000004,-1000.1432760619294
3.982266666666667,-1000.1434716396702
3.9839333333333333,-1000.1438255422487
3.9856000000000003,-1000.1442912035362
3.9872666666666667,-1000.144784804501
3.9889333333333337,-1000.1452458091757
3.9906,-1000.1456136815927
3.9922666666666666,-1000.1458371990108
3.9939333333333336,-1000.1458977349782
3.9955999999999996,-1000.145790632882
3.9972666666666665,-1000.1455345191739
3.9989333333333335,-1000.145161990144
