min,µS/cm
0.0,-999.2269757200158
0.0016666666666667052,-999.2272085506596
0.0033333333333334103,-999.2274460379163
0.004999999999999893,-999.2276229892054
0.006666666666666599,-999.2276695553343
0.008333333333333304,-999.2274832908192
0.010016666666666563,-999.226971063403
0.011683333333333268,-999.2261142466339
0.013349999999999973,-999.2249873463181
0.015016666666666678,-999.2237626571319
0.016683333333333383,-999.2226636964933
0.01835000000000009,-999.2219139818204
0.02001666666666657,-999.2216764945638
0.021683333333333277,-999.2220443669809
0.023349999999999982,-999.2230129424589
0.025016666666666687,-999.2244844321275
0.026683333333333392,-999.2263098243747
0.028350000000000097,-999.2282888848466
0.03001666666666658,-999.2302400056413
0.031683333333333286,-999.2319862354695
0.03334999999999999,-999.2334018457836
0.035016666666666696,-999.2343937043261
0.0366833333333334,-999.2349105883552
0.038350000000000106,-999.2349385280324
0.040033333333333365,-999.2345054630351
0.04170000000000007,-999.2336672727175
0.043366666666666775,-999.2325357157888
0.04503333333333326,-999.2312551472481
0.046699999999999964,-999.2299885485461
0.04836666666666667,-999.2288942445205
0.050033333333333374,-999.2281072769445
0.05170000000000008,-999.2277068082373
0.05336666666666656,-999.227716121463
0.05503333333333327,-999.2280933071058
0.05669999999999997,-999.2287545461342
0.05836666666666668,-999.2295508269358
0.06003333333333338,-999.2303471077374
0.06170000000000009,-999.2309943769271
0.06336666666666657,-999.2314041588602
0.06503333333333328,-999.2315159175691
0.06671666666666676,-999.2313436228928
0.06836666666666669,-999.2309431541855
0.07004999999999995,-999.2304076437049
0.07171666666666665,-999.229839536934
0.07338333333333336,-999.2293459359693
0.07505000000000006,-999.2290013466165
0.07671666666666677,-999.2288430217787
0.07838333333333325,-999.2288942445205
0.08004999999999995,-999.2291270751642
0.08171666666666666,-999.2295135740328
0.08338333333333336,-999.229993205159
0.08505000000000007,-999.2305194024138
0.08671666666666655,-999.2310316298301
0.08838333333333326,-999.2314972911176
0.09004999999999996,-999.2318884465992
0.09171666666666667,-999.232195783049
0.09338333333333337,-999.2324006740155
0.09505000000000008,-999.2324891496601
0.09673333333333334,-999.2324518967571
0.09840000000000004,-999.2322796020807
0.10006666666666675,-999.2319862354695
0.10173333333333345,-999.2315904233752
0.10339999999999994,-999.2311433885392
0.10506666666666664,-999.2306963537031
0.10673333333333335,-999.2303098548344
0.10840000000000005,-999.2300258014491
0.11006666666666676,-999.2298767898371
0.11173333333333324,-999.2298628199985
0.11339999999999995,-999.2299699220946
0.11506666666666665,-999.2301608432225
0.11673333333333336,-999.230402987092
0.11840000000000006,-999.2306544441873
0.12006666666666677,-999.2308826182182
0.12173333333333325,-999.2310921657976
0.12339999999999995,-999.2312924001511
0.12506666666666666,-999.2315066043434
0.12674999999999992,-999.2317627180515
0.12840000000000007,-999.2320560846626
0.13008333333333333,-999.2323773909511
0.13175000000000003,-999.2326940406266
0.13341666666666674,-999.2329641241733
0.13508333333333344,-999.2331503886884
0.13674999999999993,-999.2332248944944
0.13841666666666663,-999.2331783283656
0.14008333333333334,-999.2330293167536
0.14175000000000004,-999.2328104559485
0.14341666666666675,-999.232568312079
0.14508333333333323,-999.2323354814353
0.14674999999999994,-999.2321352470816
0.14841666666666664,-999.231967609018
0.15008333333333335,-999.2318185974061
0.15175000000000005,-999.2316649291812
0.15341666666666676,-999.2314926345048
0.15508333333333346,-999.2313017133769
0.15676666666666672,-999.2310968224104
0.15843333333333343,-999.2308965880568
0.16010000000000013,-999.2307475764447
0.16176666666666661,-999.2306730706388
0.16343333333333332,-999.2307149801546
0.16510000000000002,-999.2308779616053
0.16676666666666673,-999.2311387319263
0.16843333333333343,-999.2314600382147
0.17009999999999992,-999.2317720312773
0.17176666666666662,-999.2320141751468
0.17343333333333333,-999.2321445603073
0.17510000000000003,-999.232158530146
0.17676666666666674,-999.2320793677271
0.17843333333333322,-999.231967609018
0.18009999999999993,-999.2318837899863
0.18176666666666663,-999.2318791333735
0.18343333333333334,-999.2319582957923
0.18510000000000004,-999.2320886809529
0.1867833333333333,-999.2322283793391
0.18845,-999.2323261682095
0.1901166666666667,-999.2323494512739
0.19178333333333342,-999.2322935719193
0.19345000000000012,-999.2321631867588
0.1951166666666666,-999.2319862354695
0.1967833333333333,-999.2317999709545
0.19845000000000002,-999.2316230196653
0.20011666666666672,-999.2314600382147
0.20178333333333343,-999.2313063699897
0.2034499999999999,-999.2311387319263
0.2051166666666666,-999.2309338409598
0.20678333333333332,-999.2306916970903
0.20845000000000002,-999.2304076437049
0.21011666666666673,-999.2301142770938
0.21178333333333343,-999.229839536934
0.2134666666666667,-999.2296299893547
0.21511666666666662,-999.2294996041942
0.2168000000000001,-999.2294437248397
0.2184666666666666,-999.229434411614
0.2201333333333333,-999.2294390682268
0.2218,-999.2294157851625
0.2234666666666667,-999.2293459359693
0.2251333333333334,-999.2292202074217
0.2268000000000001,-999.2290479127453
0.2284666666666666,-999.2288569916174
0.2301333333333333,-999.2286753837153
0.2318,-999.228535685329
0.2334666666666667,-999.2284472096844
0.23513333333333342,-999.2284099567814
0.2367999999999999,-999.2284006435557
0.2384666666666666,-999.2284006435557
0.2401333333333333,-999.2283913303298
0.24180000000000001,-999.2283820171041
0.24348333333333327,-999.228386673717
0.24513333333333343,-999.2284472096844
0.24681666666666668,-999.2285775948449
0.2484833333333334,-999.2287917990371
0.2501500000000001,-999.229057225971
0.2518166666666668,-999.229317996292
0.2534833333333333,-999.2295135740328
0.25515,-999.2295834232259
0.2568166666666667,-999.2295089174199
0.2584833333333334,-999.2293040264534
0.2601500000000001,-999.2290106598423
0.2618166666666666,-999.2286800403282
0.2634833333333333,-999.2283727038783
0.26515,-999.2281352166217
0.2668166666666667,-999.2279862050098
0.2684833333333334,-999.2279210124295
0.2701499999999999,-999.2279256690424
0.2718166666666668,-999.227976891784
0.2735000000000001,-999.2280607108157
0.27515,-999.2281678129119
0.27683333333333326,-999.2282888848466
0.27849999999999997,-999.2284146133943
0.2801666666666667,-999.2285310287161
0.2818333333333334,-999.2286148477478
0.2835000000000001,-999.2286427874252
0.2851666666666668,-999.2286008779092
0.2868333333333333,-999.2284798059745
0.2885,-999.2282935414595
0.2901666666666667,-999.2280746806543
0.2918333333333334,-999.2278511632363
0.2935000000000001,-999.2276695553343
0.2951666666666666,-999.2275624532381
0.2968333333333333,-999.2275345135608
0.2985,-999.227567109851
0.3001666666666667,-999.227636959044
0.3018333333333334,-999.2277068082373
0.30351666666666666,-999.2277487177531
0.30518333333333336,-999.2277394045274
0.30685000000000007,-999.2276835251729
0.30851666666666655,-999.2275950495282
0.3101833333333335,-999.2274972606579
0.31184999999999996,-999.2274274114648
0.31351666666666667,-999.2274087850132
0.31518333333333337,-999.227455351142
0.3168500000000001,-999.2275717664638
0.3185166666666668,-999.2277347479145
0.32018333333333326,-999.2279256690424
0.32184999999999997,-999.2281119335573
0.3235166666666667,-999.2282656017823
0.3251833333333334,-999.228386673717
0.3268500000000001,-999.2284751493617
0.32851666666666657,-999.2285543117805
0.3301833333333333,-999.2286334741993
0.33185,-999.2287312630698
0.33353333333333324,-999.2288383651659
0.33519999999999994,-999.2289501238749
0.33686666666666665,-999.2290479127453
0.33853333333333335,-999.2291224185512
0.34020000000000006,-999.229173641293
0.34186666666666676,-999.229210894196
0.34353333333333347,-999.229243490486
0.34519999999999995,-999.229280743389
0.34686666666666666,-999.2293273095178
0.34853333333333336,-999.2293878454852
0.35020000000000007,-999.2294576946783
0.35186666666666677,-999.2295368570972
0.35353333333333326,-999.2296299893547
0.35519999999999996,-999.2297277782251
0.35686666666666667,-999.2298255670954
0.35853333333333337,-999.2299093861272
0.3602000000000001,-999.2299745787075
0.36186666666666656,-999.2300071749976
0.36355000000000004,-999.2300118316105
0.36521666666666674,-999.2299792353203
0.36688333333333323,-999.229918699353
0.36855000000000016,-999.2298255670954
0.37021666666666664,-999.2297044951607
0.37188333333333334,-999.22954151371
0.37355000000000005,-999.2293459359693
0.37521666666666675,-999.2291224185512
0.37688333333333346,-999.2288802746817
0.37854999999999994,-999.2286474440381
0.38021666666666665,-999.2284425530715
0.38188333333333335,-999.2282888848466
0.38355000000000006,-999.2281864393634
0.38521666666666676,-999.2281305600088
0.38688333333333325,-999.2281026203316
0.38854999999999995,-999.2280746806543
0.39023333333333343,-999.2280327711385
0.3918999999999999,-999.2279629219454
0.3935666666666666,-999.2278604764621
0.3952333333333333,-999.227716121463
0.39690000000000003,-999.2275252003351
0.39856666666666674,-999.2273016829171
0.4002333333333332,-999.2270595390476
0.40190000000000015,-999.2268313650167
0.40356666666666663,-999.226668383566
0.40523333333333333,-999.2266078475986
0.40690000000000004,-999.2266823534046
0.40856666666666674,-999.2268965575969
0.41023333333333345,-999.2272458035626
0.41189999999999993,-999.22767886856
0.41356666666666664,-999.2281445298474
0.41523333333333334,-999.2285682816191
0.41690000000000005,-999.2288756180689
0.41856666666666675,-999.229019973068
0.42025,-999.2289920333908
0.42189999999999994,-999.2288243953273
0.4235833333333334,-999.228572938232
0.4252499999999999,-999.228312167911
0.4269166666666666,-999.2281119335573
0.4285833333333333,-999.2280048314612
0.43025,-999.2279955182355
0.4319166666666667,-999.2280607108157
0.43358333333333343,-999.2281491864603
0.43525000000000014,-999.2282236922664
0.4369166666666666,-999.2282609451694
0.4385833333333333,-999.2282656017823
0.44025000000000003,-999.2282423187179
0.44191666666666674,-999.2282190356535
0.44358333333333344,-999.2282097224278
0.4452499999999999,-999.2282283488793
0.44691666666666663,-999.2282702583951
0.44858333333333333,-999.2283168245239
0.4502666666666666,-999.2283447642011
0.4519333333333333,-999.2283214811367
0.4536,-999.2282330054921
0.4552666666666667,-999.2280839938801
0.4569333333333334,-999.2279116992038
0.4585999999999999,-999.2277626875917
0.4602666666666668,-999.2276928383986
0.4619333333333333,-999.2277487177531
0.4636,-999.2279582653325
0.4652666666666667,-999.2282888848466
0.4669333333333334,-999.2286940101668
0.4686000000000001,-999.2291131053255
0.4702666666666666,-999.2294902909684
0.4719333333333333,-999.2297883141924
0.4736,-999.2300071749976
0.4752666666666667,-999.2301608432225
0.47693333333333343,-999.2302958849958
0.4785999999999999,-999.2304355833821
0.4802833333333334,-999.2306218478972
0.4819500000000001,-999.2308546785409
0.4836166666666666,-999.2311387319263
0.4852833333333333,-999.2314507249889
0.48695,-999.2317906577288
0.4886166666666667,-999.232158530146
0.4902833333333334,-999.2326102215949
0.4919499999999999,-999.233238864333
0.4936166666666668,-999.2341934699724
0.4952833333333333,-999.2356835860925
0.49695,-999.2379466999499
0.4986166666666667,-999.2411970157368
0.5002833333333333,-999.2455742318396
0.50195,-999.2510923180967
0.5036166666666667,-999.2576022628963
0.5052833333333333,-999.2647594768855
0.50695,-999.2720657024868
0.5086166666666667,-999.2789062668005
0.5103,-999.2846339006371
0.5119666666666667,-999.2885594252909
0.5136333333333334,-999.2892346341579
0.5153,-999.2810576219489
0.5169666666666667,-999.2439257908817
0.5186333333333334,-999.1197199556602
0.5203,-998.77017131018
0.5219666666666667,-997.9172660959499
0.5236333333333334,-996.0792264882845
0.5253,-992.5281493889764
0.5269666666666667,-986.3020204875162
0.5286333333333334,-976.2984239385921
0.5303,-961.4554517722947
0.5319666666666667,-940.9949653507186
0.5336333333333334,-914.6740617764527
0.5353,-882.9767773314271
0.5369833333333334,-847.1858458813214
0.5386333333333334,-809.3021208463712
0.5403166666666667,-771.8170903491867
0.5419833333333334,-737.3800085565914
0.5436500000000001,-708.4260604849206
0.5453166666666667,-686.8388786385017
0.5469833333333334,-673.7105039291598
0.54865,-669.2377713831318
0.5503166666666667,-672.7644105780704
0.5519833333333334,-682.949167994293
0.55365,-698.0190941589042
0.5553166666666667,-716.0562699269765
0.5569833333333334,-735.2668236639662
0.55865,-754.1910841847729
0.5603166666666667,-771.8298168721748
0.5619833333333334,-787.6794462966171
0.56365,-801.6857555143935
0.5653166666666667,-814.1375569692522
0.5670000000000001,-825.5282374217772
0.56865,-836.413414607017
0.5703333333333334,-847.2886312973167
0.5720000000000001,-858.5030915488038
0.5736666666666667,-870.216596345518
0.5753333333333334,-882.3981419589362
0.5770000000000001,-894.8581017995524
0.5786666666666667,-907.3018286876854
0.5803333333333334,-919.3913968835917
0.5820000000000001,-930.803530351633
0.5836666666666667,-941.2746135803287
0.5853333333333334,-950.6272435889706
0.5870000000000001,-958.7782998377356
0.5886666666666667,-965.7316286888587
0.5903333333333334,-971.5612796002819
0.5920000000000001,-976.3897727133659
0.5936666666666667,-980.3653466423812
0.5953333333333334,-983.640733633023
0.5970166666666666,-986.3561396423523
0.5986666666666667,-988.6281522869264
0.60035,-990.54506094686
0.6020166666666666,-992.1677880883998
0.6036833333333333,-993.5350348211523
0.60535,-994.6705778104582
0.6070166666666666,-995.5909154357346
0.6086833333333334,-996.3117078860811
0.6103500000000001,-996.8520565875117
0.6120166666666667,-997.236320281977
0.6136833333333334,-997.4936679925274
0.6153500000000001,-997.6559742342941
0.6170166666666667,-997.7548480954742
0.6186833333333334,-997.8186530050908
0.6203500000000001,-997.8700806376851
0.6220166666666667,-997.924767899292
0.6236833333333334,-997.9910361571195
0.6253500000000001,-998.0707014901893
0.6270333333333333,-998.1606625943261
0.6286833333333334,-998.2548332765023
0.6303666666666667,-998.3461680814373
0.6320333333333333,-998.4283014193309
0.6337,-998.4967303455327
0.6353666666666667,-998.5493547276358
0.6370333333333333,-998.5865098417673
0.6387,-998.6104820848492
0.6403666666666668,-998.6248384223435
0.6420333333333333,-998.633592854549
0.6437,-998.6405032680558
0.6453666666666666,-998.648521955427
0.6470333333333333,-998.6594882787482
0.6487,-998.6740727902735
0.6503666666666666,-998.6919355572629
0.6520333333333334,-998.7119962455295
0.6537000000000001,-998.7328113050819
0.6553666666666667,-998.75292321609
0.65705,-998.7711072893678
0.6587166666666667,-998.7865858705652
0.6603833333333333,-998.799060936458
0.66205,-998.8087094383354
0.6637166666666667,-998.8160622300655
0.6653833333333333,-998.8218597130951
0.66705,-998.8268841983876
0.6687166666666667,-998.8318434910997
0.6703833333333333,-998.8372405054221
0.67205,-998.8433546381273
0.6737166666666667,-998.8502231421184
0.6753833333333333,-998.857697005783
0.6770666666666667,-998.8655108021877
0.6787333333333334,-998.8733478816567
0.6804,-998.880914877579
0.6820666666666667,-998.8879789593108
0.6837333333333334,-998.8943864586271
0.6854,-998.9001001226251
0.6870666666666667,-998.9051572042076
0.6887333333333334,-998.9096694620837
0.6904,-998.9137905644783
0.6920666666666667,-998.9176974626806
0.6937333333333333,-998.9215531381413
0.6954,-998.925483319408
0.6970666666666667,-998.9295578556738
0.6987333333333333,-998.9337767469389
0.7004,-998.938098083687
0.7020666666666667,-998.9424566733383
0.7037333333333333,-998.9467640402479
0.7054,-998.9509596484485
0.7070666666666667,-998.9549922751985
0.7087333333333333,-998.958852607272
0.7104,-998.962549957895
0.7120666666666667,-998.9661076101316
0.7137333333333333,-998.9695535036593
0.7154,-998.9728922950909
0.7170833333333334,-998.9761286410392
0.71875,-998.9792625415042
0.7204166666666667,-998.982293996486
0.7220833333333334,-998.9852323192104
0.72375,-998.9880914795157
0.7254166666666667,-998.9908854472409
0.7270833333333334,-998.9936281922244
0.72875,-998.9963104012405
0.7304166666666667,-998.9989413875151
0.7320833333333334,-999.0015118378221
0.73375,-999.0040450352263
0.7354166666666667,-999.0065689194047
0.7370833333333334,-999.0091207432603
0.73875,-999.0117517295348
0.7404166666666667,-999.0145224141955
0.7420833333333333,-999.0174840199843
0.74375,-999.020669143191
0.7454166666666667,-999.0240777838156
0.7471,-999.0276866587939
0.7487666666666667,-999.0314212623199
0.7504333333333334,-999.0352117452003
0.7521,-999.0389556619521
0.7537666666666667,-999.0425785067689
0.7554333333333334,-999.0460150870708
0.7571,-999.0492141801162
0.7587666666666667,-999.0521664726791
0.7604333333333334,-999.0548626515339
0.7621,-999.0573073732934
0.7637666666666667,-999.0595099511834
0.7654333333333334,-999.0614610719781
0.7671166666666667,-999.063146765839
0.7687833333333334,-999.0645577195401
0.7704500000000001,-999.0656846198559
0.7721166666666667,-999.0665367800121
0.7737833333333334,-999.0671421396859
0.7754500000000001,-999.0675426083932
0.7771166666666667,-999.0677847522627
0.7787833333333334,-999.0679291072618
0.7804500000000001,-999.0680268961322
0.7821166666666667,-999.0681107151639
0.7837833333333334,-999.0682131606471
0.7854500000000001,-999.0683482024206
0.7871166666666667,-999.0685391235485
0.7887833333333334,-999.0687952372566
0.79045,-999.0691351699965
0.7921166666666667,-999.0695589217681
0.7937833333333334,-999.0700618359587
0.79545,-999.0706159728908
0.7971166666666667,-999.0711840796616
0.7987833333333334,-999.0717335599809
0.80045,-999.072213191107
0.8021166666666667,-999.0726090032014
0.8038000000000001,-999.072925652877
0.8054666666666667,-999.073186423198
0.8071333333333334,-999.0734425369061
0.8088000000000001,-999.0737498733558
0.8104666666666667,-999.0741736251275
0.8121333333333334,-999.0747463885111
0.8138000000000001,-999.0754774767325
0.8154666666666667,-999.0763296368888
0.8171333333333334,-999.0772609594637
0.8188000000000001,-999.078220221716
0.8204666666666667,-999.0791515442911
0.8221333333333334,-999.0800223308988
0.8238000000000001,-999.0808418947648
0.8254666666666667,-999.0816242057278
0.8271333333333334,-999.0824158299167
0.8288000000000001,-999.0832540202342
0.8304666666666667,-999.084157403132
0.8321333333333334,-999.0851213219972
0.8338,-999.0861085239268
0.8354833333333334,-999.0870864126306
0.8371500000000001,-999.0880177352057
0.8388166666666667,-999.0888698953618
0.8404833333333334,-999.0896382364862
0.8421500000000001,-999.0903367284175
0.8438166666666667,-999.0909793409943
0.8454833333333334,-999.0916079837324
0.8471500000000001,-999.0922505963092
0.8488166666666667,-999.092930461789
0.8504833333333334,-999.0936568933976
0.8521500000000001,-999.0944159212962
0.8538166666666667,-999.0951935756464
0.8554833333333334,-999.0959758866094
0.8571500000000001,-999.0967535409595
0.8588166666666667,-999.0975218820839
0.8604833333333334,-999.0982902232084
0.8621500000000001,-999.09905390772
0.8638166666666667,-999.0998082790057
0.8655,-999.10054402384
0.8671666666666668,-999.10125648561
0.8688333333333333,-999.1019270378639
0.8705,-999.1025463673764
0.8721666666666668,-999.1031005043085
0.8738333333333334,-999.1035754788218
0.8755000000000001,-999.1039852607548
0.8771666666666668,-999.1043531331719
0.8788333333333334,-999.1047303188149
0.8805000000000001,-999.105172697038
0.8821666666666667,-999.1057268339702
0.8838333333333334,-999.1064160126757
0.8855000000000001,-999.1072495463803
0.8871666666666667,-999.1082041520198
0.8888333333333334,-999.1092239502394
0.8905000000000001,-999.1102623749107
0.8921666666666667,-999.111258890066
0.89385,-999.1121715861894
0.8955166666666667,-999.112977180217
0.8971833333333333,-999.1136803287611
0.89885,-999.1142950016606
0.9005166666666667,-999.1148537952056
0.9021833333333333,-999.1153799924606
0.90385,-999.1158782500382
0.9055166666666667,-999.1163485679386
0.9071833333333333,-999.1168002593874
0.90885,-999.1172333243849
0.9105166666666668,-999.117675702608
0.9121833333333333,-999.1181460205084
0.91385,-999.1186629045376
0.9155166666666668,-999.1192403245341
0.9171833333333334,-999.1198643106594
0.9188500000000001,-999.1205255496877
0.9205166666666668,-999.1212007585546
0.9221833333333334,-999.1218759674215
0.9238666666666667,-999.1225325498369
0.9255333333333334,-999.1231658491879
0.9272,-999.1237665522489
0.9288666666666667,-999.1243346590196
0.9305333333333333,-999.1248701695002
0.9322,-999.1253777403037
0.9338666666666667,-999.1258806544943
0.9355333333333333,-999.1264021951363
0.9372,-999.1269563320684
0.9388666666666667,-999.127571004968
0.9405333333333333,-999.1282415572219
0.9422,-999.1289679888305
0.9438666666666667,-999.1297223601163
0.9455333333333333,-999.1304674181763
0.9472,-999.1311612534947
0.9488666666666667,-999.1317479867171
0.9505333333333333,-999.1321857083273
0.9522,-999.1324511352612
0.9538833333333334,-999.1325442675187
0.95555,-999.1324837315514
0.9572166666666667,-999.1323114368749
0.9588833333333334,-999.132083262844
0.96055,-999.1318550888132
0.9622166666666667,-999.1317014205882
0.9638833333333334,-999.1316874507496
0.96555,-999.1318644020389
0.9672166666666667,-999.1322555575205
0.9688833333333334,-999.1328562605813
0.97055,-999.1336246017057
0.9722166666666667,-999.1345047015392
0.9738833333333334,-999.1354173976628
0.97555,-999.1362974974961
0.9772166666666667,-999.1370798084591
0.9789,-999.1377410474875
0.9805666666666667,-999.1382905278067
0.9822333333333334,-999.1387561890942
0.9839,-999.1391706276402
0.9855666666666667,-999.1395804095732
0.9872333333333334,-999.1400088179577
0.9889,-999.1404791358581
0.9905666666666667,-999.1409820500486
0.9922333333333334,-999.1415129039165
0.9939,-999.1420484143971
0.9955666666666667,-999.1425652984262
0.9972333333333334,-999.1430542427781
0.9989,-999.1435012776142
1.0005666666666666,-999.1439017463214
1.0022333333333333,-999.1442416790613
1.0039,-999.1445257324467
1.0055666666666667,-999.1447492498647
1.0072333333333334,-999.1449355143798
1.0089000000000001,-999.1450938392175
1.0105666666666666,-999.1452568206681
1.01225,-999.145447741796
1.0139166666666668,-999.1456852290527
1.0155833333333333,-999.1459879088895
1.01725,-999.1463650945325
1.0189166666666667,-999.146826099207
1.0205833333333334,-999.1473616096878
1.02225,-999.1479669693615
1.0239166666666668,-999.1486142385512
1.0255833333333333,-999.1492615077408
1.02725,-999.1498668674146
1.0289166666666667,-999.1503790948309
1.0305833333333334,-999.1507795635382
1.0322500000000001,-999.1510589603107
1.0339166666666668,-999.1512405682128
1.0355833333333333,-999.1513616401476
1.03725,-999.1514594290179
1.0389166666666667,-999.1515898141785
1.0406,-999.1517807353064
1.0422666666666667,-999.1520601320789
1.0439333333333334,-999.152428004496
1.0456,-999.1528657261063
1.0472666666666668,-999.1533360440067
1.0489333333333333,-999.1538017052942
1.0506,-999.1542161438401
1.0522666666666667,-999.1545607331929
1.0539333333333334,-999.1548354733525
1.0556,-999.1550543341576
1.0572666666666668,-999.1552405986727
1.0589333333333333,-999.1554082367362
1.0606,-999.1555851880254
1.0622666666666667,-999.1557761091533
1.0639333333333334,-999.1560042831842
1.0656,-999.1562650535052
1.0672666666666668,-999.1565630767292
1.0689333333333333,-999.1568797264048
1.0706166666666668,-999.1571963760803
1.0722833333333335,-999.1575083691429
1.07395,-999.1578110489797
1.0756166666666667,-999.1580997589781
1.0772833333333334,-999.1583838123635
1.07895,-999.1586538959102
1.0806166666666668,-999.1589053530055
1.0822833333333335,-999.1591288704235
1.08395,-999.1593197915514
1.0856166666666667,-999.1594920862277
1.0872833333333334,-999.1596736941299
1.08895,-999.159892554935
1.0906166666666668,-999.1601719517075
1.0922833333333335,-999.1605118844474
1.09395,-999.1609076965418
1.0956166666666667,-999.1613314483135
1.0972833333333334,-999.1617505434723
1.09895,-999.1621370423409
1.1006333333333334,-999.1624769750808
1.1023,-999.1627656850791
1.1039666666666668,-999.16299385911
1.1056333333333335,-999.1631847802378
1.1073,-999.1633477616884
1.1089666666666667,-999.1635060865262
1.1106333333333334,-999.1636737245897
1.1123,-999.1638553324918
1.1139666666666668,-999.1640322837811
1.1156333333333335,-999.164185952006
1.1173,-999.1642883974893
1.1189666666666667,-999.1643163371665
1.1206333333333334,-999.1642744276506
1.1223,-999.1641766387802
1.1239666666666668,-999.1640602234584
1.1256333333333335,-999.1639857176524
1.1273,-999.1639950308781
1.1289833333333334,-999.1641207594257
1.1306500000000002,-999.164372216521
1.1323166666666666,-999.1647261190996
1.1339833333333333,-999.1651498708711
1.13565,-999.1656108755458
1.1373166666666668,-999.1660718802204
1.1389833333333335,-999.1665142584436
1.1406500000000002,-999.1669240403767
1.1423166666666666,-999.1672919127938
1.1439833333333334,-999.1676085624694
1.14565,-999.1678646761775
1.1473166666666668,-999.1680462840795
1.1489833333333335,-999.1681347597242
1.15065,-999.168106820047
1.1523166666666667,-999.1679391819835
1.1539833333333334,-999.167622532308
1.15565,-999.1671615276333
1.1573166666666668,-999.1666027340882
1.159,-999.1660206574788
1.1606666666666667,-999.1655037734497
1.1623333333333334,-999.1651452142582
1.1640000000000001,-999.1650194857107
1.1656666666666666,-999.1651498708711
1.1673333333333333,-999.1655363697398
1.169,-999.1661277595749
1.1706666666666667,-999.1668541911835
1.1723333333333334,-999.1676178756951
1.1740000000000002,-999.1683349940778
1.1756666666666666,-999.1689356971387
1.1773333333333333,-999.1693780753619
1.179,-999.1696528155215
1.1806666666666668,-999.1697878572949
1.1823333333333335,-999.1698204535851
1.1840000000000002,-999.1697878572949
1.1856666666666666,-999.1697366345533
1.1873500000000001,-999.1696993816503
1.1890166666666668,-999.1697133514889
1.1906833333333333,-999.1697971705206
1.19235,-999.1699741218099
1.1940166666666667,-999.1702348921309
1.1956833333333334,-999.170570168258
1.1973500000000001,-999.170942697288
1.1990166666666666,-999.1713198829309
1.2006833333333333,-999.171650502445
1.20235,-999.1719019595403
1.2040166666666667,-999.1720370013137
1.2056833333333334,-999.1720416579266
1.2073500000000001,-999.1719252426046
1.2090166666666666,-999.1717203516381
1.2106833333333333,-999.1714782077686
1.21235,-999.1712733168022
1.2140166666666667,-999.1711894977703
1.2156833333333334,-999.1712872866408
1.2173500000000002,-999.1715806532519
1.2190333333333334,-999.1720509711523
1.2207000000000001,-999.1726144213102
1.2223666666666668,-999.1731639016294
1.2240333333333333,-999.173592310014
1.2257,-999.1738251406578
1.2273666666666667,-999.1738484237221
1.2290333333333334,-999.1736947554972
1.2307000000000001,-999.1734479550148
1.2323666666666668,-999.1732058111453
1.2340333333333333,-999.1730614561462
1.2357,-999.1730567995334
1.2373666666666667,-999.1732058111453
1.2390333333333334,-999.1734712380793
1.2407000000000001,-999.1737972009805
1.2423666666666666,-999.1741324771075
1.2440333333333333,-999.1744305003315
1.2457,-999.1746819574267
1.2473833333333333,-999.1748775351675
1.24905,-999.1750265467796
1.2507166666666667,-999.17515693194
1.2523833333333334,-999.1752826604877
1.25405,-999.1754270154869
1.2557166666666668,-999.1756039667761
1.2573833333333333,-999.1758135143555
1.25905,-999.1760603148379
1.2607166666666667,-999.1763397116104
1.2623833333333334,-999.1766377348345
1.2640500000000001,-999.1769357580584
1.2657166666666668,-999.1772058416052
1.2673833333333333,-999.1774247024103
1.26905,-999.1775597441837
1.2707333333333335,-999.1775783706352
1.2724,-999.177475925152
1.2740666666666667,-999.1772663775726
1.2757333333333334,-999.1769962940258
1.2774,-999.1767308670919
1.2790666666666668,-999.1765446025769
1.2807333333333335,-999.1765073496739
1.2824,-999.1766517046731
1.2840666666666667,-999.1769869808
1.2857333333333334,-999.1774945516034
1.2874,-999.1781371641803
1.2890666666666668,-999.1788542825631
1.2907333333333333,-999.1795760575587
1.2924,-999.1802372965869
1.2940666666666667,-999.1807914335192
1.2957333333333334,-999.1811919022264
1.2974,-999.1814340460959
1.2990666666666668,-999.1815271783535
1.3007333333333333,-999.1814852688375
1.3024,-999.181354883677
1.3040666666666667,-999.1811639625491
1.30575,-999.1809497583569
1.3074166666666667,-999.1807448673903
1.3090833333333334,-999.180572572714
1.31075,-999.1804468441663
1.3124166666666668,-999.1803676817475
1.3140833333333335,-999.1803211156188
1.31575,-999.1802978325543
1.3174166666666667,-999.1802745494899
1.3190833333333334,-999.1802372965869
1.32075,-999.1801767606196
1.3224166666666668,-999.1800836283621
1.3240833333333335,-999.1799578998144
1.32575,-999.1798135448154
1.3274166666666667,-999.1796785030419
1.3290833333333334,-999.1795760575587
1.33075,-999.1795481178814
1.3324166666666668,-999.1796086538488
1.3340833333333333,-999.1797762919123
1.3357666666666668,-999.1800417188462
1.3374333333333335,-999.1803676817475
1.3391,-999.1807122711002
1.3407666666666667,-999.1810242641628
1.3424333333333334,-999.1812524381937
1.3441,-999.1813595402899
1.3457666666666668,-999.1813269439998
1.3474333333333335,-999.1811593059363
1.3491,-999.1808938790024
1.3507666666666667,-999.1805818859398
1.3524333333333334,-999.1802885193285
1.3541,-999.1800650019106
1.3557666666666668,-999.1799532432016
1.3574333333333335,-999.179939273363
1.3591,-999.1799904961046
1.3607666666666667,-999.1800556886849
1.3624333333333334,-999.1800743151364
1.3641,-999.1799951527174
1.3657833333333333,-999.1798042315895
1.36745,-999.1795201782041
1.3691166666666668,-999.1791802454643
1.3707833333333335,-999.1788449693373
1.3724500000000002,-999.1785748857905
1.3741166666666667,-999.1784165609528
1.3757833333333334,-999.1783979345013
1.37745,-999.1785236630488
1.3791166666666668,-999.1787611503055
1.3807833333333335,-999.1790777999811
1.38245,-999.1794084194952
1.3841166666666667,-999.1796971294934
1.3857833333333334,-999.1798973638471
1.38745,-999.1799672130402
1.3891166666666668,-999.1798927072342
1.3907833333333335,-999.1797017861063
1.39245,-999.1794317025596
1.3941333333333334,-999.1791290227227
1.3958000000000002,-999.1788542825631
1.3974666666666666,-999.1786400783708
1.3991333333333333,-999.1785143498231
1.4008,-999.1785003799845
1.4024666666666668,-999.1785981688549
1.4041333333333335,-999.17881702966
1.4058000000000002,-999.1791429925613
1.4074666666666666,-999.1795434612685
1.4091333333333333,-999.1799904961046
1.4108,-999.1804328743277
1.4124666666666668,-999.1808240298093
1.4141333333333335,-999.181131366259
1.4158000000000002,-999.1813455704513
1.4174666666666667,-999.1814712989989
1.4191333333333334,-999.1815271783535
1.4208,-999.1815551180307
1.4224666666666668,-999.1815877143208
1.42415,-999.1816342804495
1.4258166666666667,-999.1817041296426
1.4274833333333334,-999.181769322223
1.4291500000000001,-999.1818019185131
1.4308166666666666,-999.1817646656101
1.4324833333333333,-999.1816389370624
1.43415,-999.1814480159345
1.4358166666666667,-999.1812244985165
1.4374833333333334,-999.1810149509371
1.4391500000000002,-999.1808752525509
1.4408166666666666,-999.1808379996479
1.4424833333333333,-999.1809125054539
1.44415,-999.1810848001303
1.4458166666666667,-999.1813083175483
1.4474833333333335,-999.1815597746436
1.4491500000000002,-999.1817972619002
1.4508166666666666,-999.1820114660925
1.4524833333333333,-999.1821884173817
1.4541666666666668,-999.1823327723808
1.4558333333333333,-999.1824445310898
1.4575,-999.1825423199602
1.4591666666666667,-999.1826401088306
1.4608333333333334,-999.1827565241525
1.4625000000000001,-999.1829148489902
1.4641666666666668,-999.1831150833439
1.4658333333333333,-999.1833479139876
1.4675,-999.1835900578571
1.4691666666666667,-999.1838089186623
1.4708333333333334,-999.1839579302742
1.4725000000000001,-999.1840231228546
1.4741666666666668,-999.1839858699516
1.4758333333333333,-999.1838601414039
1.4775,-999.1836738768889
1.4791666666666667,-999.1834643293095
1.4808333333333334,-999.1832920346332
1.4825166666666667,-999.1831942457627
1.4841833333333334,-999.1832035589885
1.4858500000000001,-999.1833246309233
1.4875166666666668,-999.1835341785027
1.4891833333333333,-999.1837996054365
1.49085,-999.1840650323704
1.4925166666666667,-999.1842885497884
1.4941833333333334,-999.1844468746261
1.4958500000000001,-999.1845260370451
1.4975166666666668,-999.184530693658
1.4991833333333333,-999.1844887841421
1.50085,-999.184414278336
1.5025166666666667,-999.18433977253
1.5041833333333334,-999.1842792365627
1.5058500000000001,-999.1842512968855
1.5075166666666668,-999.1842606101112
1.5091833333333333,-999.1843118328528
1.51085,-999.1844003084974
1.5125333333333335,-999.1845027539807
1.5142,-999.1846051994639
1.5158666666666667,-999.1847029883344
1.5175333333333334,-999.1847821507532
1.5192,-999.1848426867206
1.5208666666666668,-999.1848892528493
1.5225333333333335,-999.1849311623652
1.5242,-999.1849963549455
1.5258666666666667,-999.1851220834931
1.5275333333333334,-999.1853409442982
1.5292000000000001,-999.1856715638124
1.5308666666666668,-999.1861046288097
1.5325333333333333,-999.1866075430003
1.5342,-999.1871337402551
1.5358666666666667,-999.18762734122
1.5375333333333334,-999.1880417797659
1.5392000000000001,-999.188335146377
1.5408666666666668,-999.188484157989
1.54255,-999.1884888146019
1.5442166666666668,-999.1883537728285
1.5458833333333335,-999.1881162855719
1.54755,-999.1878275755736
1.5492166666666667,-999.1875481788011
1.5508833333333334,-999.1873293179959
1.55255,-999.187217559287
1.5542166666666668,-999.1872268725127
1.5558833333333335,-999.1873572576732
1.55755,-999.1875761184783
1.5592166666666667,-999.1878462020251
1.5608833333333334,-999.1881209421848
1.56255,-999.1883723992801
1.5642166666666668,-999.1885772902465
1.5658833333333335,-999.1887309584714
1.5675666666666668,-999.1888427171804
1.5692333333333335,-999.1889125663736
1.5709000000000002,-999.1889405060508
1.5725666666666667,-999.1889405060508
1.5742333333333334,-999.1889218795993
1.5759,-999.1889079097607
1.5775666666666668,-999.1889079097607
1.5792333333333335,-999.1889218795993
1.5809,-999.1889451626637
1.5825666666666667,-999.1889637891152
1.5842333333333334,-999.1889777589538
1.5859,-999.1889824155667
1.5875666666666668,-999.1889917287924
1.5892333333333335,-999.1890243250825
1.5909,-999.1891034875015
1.5925666666666667,-999.1892292160491
1.5942333333333334,-999.1894061673383
1.5959,-999.1896296847564
1.5975666666666668,-999.1898625154001
1.5992333333333335,-999.190090689431
1.6009166666666668,-999.190276953946
1.6025833333333335,-999.1903933692679
1.6042500000000002,-999.1904166523323
1.6059166666666667,-999.190314206849
1.6075833333333334,-999.1900860328182
1.60925,-999.1897274736267
1.6109166666666668,-999.1892618123392
1.6125833333333335,-999.1887263018585
1.6142500000000002,-999.1881675083135
1.6159166666666667,-999.1876459676715
1.6175833333333334,-999.1872082460612
1.61925,-999.1868962529986
1.6209166666666668,-999.1867193017093
1.6225833333333335,-999.1866680789677
1.62425,-999.1867053318707
1.6259166666666667,-999.1867938075153
1.6275833333333334,-999.1868822831599
1.6292666666666666,-999.1869335059016
1.6309333333333333,-999.1869428191274
1.6326,-999.1869009096115
1.6342666666666668,-999.1868357170312
1.6359333333333335,-999.1867612112252
1.6376000000000002,-999.186696018645
1.6392666666666666,-999.1866494525162
1.6409333333333334,-999.1866215128389
1.6426,-999.1866028863874
1.6442666666666668,-999.186579603323
1.6459333333333335,-999.18654235042
1.6476000000000002,-999.1865004409042
1.6492666666666667,-999.1864538747755
1.6509333333333334,-999.1864166218725
1.6526,-999.186393338808
1.6542666666666668,-999.1863793689694
1.6559333333333335,-999.1863514292921
1.6576000000000002,-999.1862862367119
1.6592833333333334,-999.1861791346158
1.6609500000000001,-999.1860301230038
1.6626166666666669,-999.1858671415531
1.6642833333333333,-999.1857367563927
1.66595,-999.1856948468768
1.6676166666666667,-999.1857786659085
1.6692833333333335,-999.1859975267137
1.6709500000000002,-999.1863374594535
1.6726166666666666,-999.1867472413866
1.6742833333333333,-999.1871616799325
1.67595,-999.1875202391238
1.6776166666666668,-999.1877716962191
1.6792833333333335,-999.1878974247668
1.6809500000000002,-999.1879207078312
1.6826166666666666,-999.1878694850895
1.6842833333333334,-999.1877949792835
1.68595,-999.1877530697676
1.6876166666666668,-999.1877716962191
1.6893,-999.1878741417024
1.6909666666666667,-999.1880604062173
1.6926333333333334,-999.1883025500869
1.6943000000000001,-999.1885679770207
1.6959666666666668,-999.1888240907289
1.6976333333333333,-999.1890476081469
1.6993,-999.1892292160491
1.7009666666666667,-999.1893689144354
1.7026333333333334,-999.1894806731443
1.7043000000000001,-999.1895598355632
1.7059666666666669,-999.189606401692
1.7076333333333333,-999.1896157149177
1.7093,-999.1895831186276
1.7109666666666667,-999.1895086128216
1.7126333333333335,-999.1894154805641
1.7143000000000002,-999.1893270049194
1.7159666666666666,-999.1892897520164
1.7176500000000001,-999.1893316615324
1.7193166666666668,-999.1894667033057
1.7209833333333333,-999.1896855641108
1.72265,-999.1899556476576
1.7243166666666667,-999.1902257312044
1.7259833333333334,-999.1904445920095
1.7276500000000001,-999.1905749771701
1.7293166666666668,-999.1905982602344
1.7309833333333333,-999.1905237544283
1.73265,-999.1903793994293
1.7343166666666667,-999.1901977915271
1.7359833333333334,-999.190016183625
1.7376500000000001,-999.1898578587873
1.7393166666666668,-999.1897321302396
1.7409833333333333,-999.189643654595
1.74265,-999.1895831186276
1.7443166666666667,-999.1895458657245
1.7459833333333334,-999.1895225826602
1.7476666666666667,-999.1895179260473
1.7493333333333334,-999.189527239273
1.7510000000000001,-999.1895551789503
1.7526666666666668,-999.1896110583049
1.7543333333333335,-999.1896948773366
1.756,-999.1897926662069
1.7576666666666667,-999.1898857984645
1.7593333333333334,-999.1899509910447
1.7610000000000001,-999.1899649608833
1.7626666666666668,-999.1899137381417
1.7643333333333333,-999.1898066360455
1.766,-999.1896529678207
1.7676666666666667,-999.1894899863701
1.7693333333333334,-999.1893363181453
1.7710000000000001,-999.1892245594362
1.7726666666666668,-999.1891686800817
1.7743333333333333,-999.1891873065332
1.7760166666666668,-999.1892757821778
1.7776833333333335,-999.1894294504027
1.77935,-999.189643654595
1.7810166666666667,-999.1898904550774
1.7826833333333334,-999.1901512253984
1.78435,-999.1904026824936
1.7860166666666668,-999.1906215432988
1.7876833333333335,-999.1907938379751
1.78935,-999.1908916268455
1.7910166666666667,-999.1909149099099
1.7926833333333334,-999.1908590305554
1.7943500000000001,-999.1907519284592
1.7960166666666668,-999.1906261999117
1.7976833333333335,-999.1905330676541
1.79935,-999.1905144412026
1.8010166666666667,-999.1905982602344
1.8026833333333334,-999.1907891813622
1.8043500000000001,-999.1910592649091
1.8060166666666668,-999.1913526315202
1.8077,-999.1915994320026
1.8093666666666668,-999.1917391303888
1.8110333333333335,-999.1917205039373
1.8127,-999.1915249261965
1.8143666666666667,-999.1911663670052
1.8160333333333334,-999.1906913924919
1.8177,-999.1901745084627
1.8193666666666668,-999.1896855641108
1.8210333333333335,-999.1892711255649
1.8227,-999.1889637891152
1.8243666666666667,-999.1887728679873
1.8260333333333334,-999.1886983621813
1.8277,-999.1887263018585
1.8293666666666668,-999.1888427171804
1.8310333333333335,-999.1890150118568
1.8327,-999.1892105895976
1.8343666666666667,-999.1893921974997
1.8360500000000002,-999.1895086128216
1.8377166666666667,-999.189527239273
1.8393833333333334,-999.1894294504027
1.84105,-999.1892199028233
1.8427166666666668,-999.1889358494379
1.8443833333333335,-999.1886191997625
1.8460500000000002,-999.1883258331512
1.8477166666666667,-999.1881069723461
1.8493833333333334,-999.1879859004114
1.85105,-999.187962617347
1.8527166666666668,-999.1880278099272
1.8543833333333335,-999.1881535384749
1.8560500000000002,-999.1883211765384
1.8577166666666667,-999.1885074410534
1.8593833333333334,-999.1887123320199
1.86105,-999.1889172229864
1.8627333333333334,-999.1891081441144
1.8644,-999.1892804387907
1.8660666666666668,-999.1894341070156
1.8677333333333335,-999.1895691487889
1.8694000000000002,-999.1896902207237
1.8710666666666667,-999.1897973228198
1.8727333333333334,-999.1898904550774
1.8744,-999.1899509910447
1.8760666666666668,-999.1899882439477
1.8777333333333335,-999.1899975571735
1.8794000000000002,-999.1899835873348
1.8810666666666667,-999.1899603042705
1.8827333333333334,-999.189941677819
1.8844,-999.1899183947546
1.8860666666666668,-999.1898857984645
1.8877333333333335,-999.18982991911
1.8894000000000002,-999.1897274736267
1.8910666666666667,-999.1895784620148
1.8927333333333334,-999.189382884274
1.8944166666666669,-999.189159366856
1.8960833333333333,-999.1889311928251
1.89775,-999.18874492831
1.8994166666666668,-999.1886238563753
1.9010833333333335,-999.1885819468594
1.9027500000000002,-999.1886285129882
1.9044166666666669,-999.1887402716972
1.9060833333333334,-999.1888846266963
1.90775,-999.1890289816954
1.9094166666666668,-999.1891453970173
1.9110833333333335,-999.1892292160491
1.9127500000000002,-999.1892944086293
1.9144166666666667,-999.1893549445967
1.9160833333333334,-999.1894341070156
1.91775,-999.1895365524988
1.9194166666666668,-999.1896622810465
1.9210833333333335,-999.189788009594
1.9227500000000002,-999.1898764852388
1.9244333333333334,-999.1899090815289
1.9261000000000001,-999.189867172013
1.9277666666666669,-999.1897414434653
1.9294333333333333,-999.1895598355632
1.9311,-999.1893596012096
1.9327666666666667,-999.1891779933075
1.9344333333333334,-999.1890615779855
1.9361000000000002,-999.1890243250825
1.9377666666666669,-999.1890708912113
1.9394333333333333,-999.1891640234688
1.9411,-999.1892431858877
1.9427666666666668,-999.1892571557263
1.9444333333333335,-999.1891547102431
1.9461000000000002,-999.1889405060508
1.9477666666666669,-999.188637826214
1.9494333333333334,-999.1883118633126
1.9511,-999.1880278099272
1.9527666666666668,-999.1878415454122
1.95445,-999.1877716962191
1.9561166666666667,-999.1878229189607
1.9577833333333334,-999.1879579607341
1.9594500000000001,-999.1881349120234
1.9611166666666668,-999.1883165199255
1.9627833333333333,-999.1884655315375
1.96445,-999.1885819468594
1.9661166666666667,-999.1886750791169
1.9677833333333334,-999.188782181213
1.9694500000000001,-999.1889265362122
1.9711166666666669,-999.1891267705658
1.9727833333333333,-999.1893875408869
1.97445,-999.1896762508851
1.9761166666666667,-999.1899556476576
1.9777833333333334,-999.1901838216885
1.9794500000000002,-999.1903235200748
1.9811166666666669,-999.1903654295907
1.9828000000000001,-999.1903188634619
1.9844666666666668,-999.1902117613657
1.9861333333333335,-999.1900860328182
1.9878,-999.189978930722
1.9894666666666667,-999.189904424916
1.9911333333333334,-999.189867172013
1.9928000000000001,-999.1898438889486
1.9944666666666668,-999.1898252624972
1.9961333333333335,-999.1898019794327
1.9978,-999.1897833529812
1.9994666666666667,-999.1897833529812
2.001133333333333,-999.1898112926584
2.0028,-999.1898718286259
2.0044666666666666,-999.1899603042705
2.0061333333333335,-999.1900534365279
2.0078,-999.1901325989469
2.009466666666667,-999.1901791650756
2.0111333333333334,-999.1901745084627
2.0128166666666667,-999.1901232857211
2.0144833333333336,-999.1900534365279
2.01615,-999.1899882439477
2.0178166666666666,-999.1899649608833
2.0194833333333335,-999.1900115270121
2.02115,-999.190127942334
2.022816666666667,-999.1902955803974
2.0244833333333334,-999.1904865015254
2.02615,-999.1906587962018
2.027816666666667,-999.1907845247493
2.0294833333333333,-999.1908450607168
2.0311500000000002,-999.1908543739426
2.0328166666666667,-999.1908310908782
2.0344833333333336,-999.1908078078138
2.03615,-999.1908124644267
2.0378166666666666,-999.1908636871683
2.0394833333333335,-999.1909428495871
2.04115,-999.1910359818446
2.0428333333333333,-999.1910965178121
2.0445,-999.191101174425
2.0461666666666667,-999.1910406384576
2.0478333333333336,-999.1909149099099
2.0495,-999.190761241685
2.0511666666666666,-999.1906029168473
2.0528333333333335,-999.1904725316867
2.0545,-999.1903840560421
2.056166666666667,-999.1903328333005
2.0578333333333334,-999.1903048936232
2.0595,-999.1902816105588
2.061166666666667,-999.1902443576558
2.0628333333333333,-999.1901884783014
2.0645000000000002,-999.190127942334
2.0661666666666667,-999.1900720629795
2.0678333333333336,-999.1900487799151
2.0695,-999.1900627497537
2.0711833333333334,-999.1901046592697
2.0728500000000003,-999.1901558820113
2.074516666666667,-999.1901791650756
2.0761833333333333,-999.1901325989469
2.07785,-999.1900022137863
2.0795166666666667,-999.1897647265297
2.0811833333333336,-999.1894434202413
2.08285,-999.1890662345984
2.0845166666666666,-999.1886890489556
2.0861833333333335,-999.1883630860543
2.08785,-999.1881209421848
2.089516666666667,-999.1879905570242
2.0911833333333334,-999.187962617347
2.0928500000000003,-999.1880231533144
2.094516666666667,-999.1881209421848
2.0961833333333333,-999.188223387668
2.09785,-999.1882885802482
2.0995166666666667,-999.1883118633126
2.1012,-999.188297893474
2.102866666666667,-999.1882746104096
2.1045333333333334,-999.1882559839581
2.1062000000000003,-999.1882559839581
2.1078666666666668,-999.1882699537967
2.1095333333333333,-999.1882792670225
2.1112,-999.1882792670225
2.1128666666666667,-999.1882746104096
2.1145333333333336,-999.1882652971839
2.1162,-999.1882792670225
2.1178666666666666,-999.1883165199255
2.1195333333333335,-999.1883863691187
2.1212,-999.1884655315375
2.122866666666667,-999.1885307241178
2.1245333333333334,-999.1885400373435
2.1262000000000003,-999.1884655315375
2.127866666666667,-999.1883072066997
2.12955,-999.1880790326688
2.131216666666667,-999.1878182623478
2.1328833333333335,-999.1875761184783
2.13455,-999.1874084804149
2.136216666666667,-999.1873665708989
2.1378833333333334,-999.1874736729951
2.1395500000000003,-999.1877251300904
2.1412166666666668,-999.1880883458946
2.1428833333333333,-999.1885167542791
2.14455,-999.1889498192766
2.1462166666666667,-999.1893363181453
2.1478833333333336,-999.1896483112079
2.14955,-999.1898718286259
2.1512333333333333,-999.1900208402378
2.1528833333333335,-999.1901139724954
2.15455,-999.1901745084627
2.1562333333333332,-999.1902257312044
2.1579,-999.1902722973331
2.1595666666666666,-999.1903188634619
2.1612333333333336,-999.1903793994293
2.1629,-999.1904492486224
2.164566666666667,-999.190537724267
2.1662333333333335,-999.1906448263632
2.1679,-999.1907658982979
2.169566666666667,-999.1908823136198
2.1712333333333333,-999.1909661326515
2.1729000000000003,-999.1910080421674
2.1745666666666668,-999.1909801024901
2.1762333333333332,-999.1908823136198
2.1779,-999.1907286453949
2.1795666666666667,-999.1905470374927
2.1812333333333336,-999.1903700862035
2.1829,-999.1902443576558
2.184566666666667,-999.1901977915271
2.1862333333333335,-999.190239701043
2.1879,-999.1903654295907
2.1895833333333337,-999.1905284110412
2.19125,-999.1907007057176
2.1929166666666666,-999.1908357474911
2.1945833333333336,-999.1909195665228
2.19625,-999.1909614760386
2.197916666666667,-999.1909801024901
2.1995833333333334,-999.1909987289416
2.20125,-999.1910313252317
2.202916666666667,-999.1910778913606
2.2045833333333333,-999.1911198008764
2.2062500000000003,-999.1911384273279
2.2079166666666667,-999.1911198008764
2.2095833333333332,-999.1910592649091
2.21125,-999.1909754458773
2.2129166666666666,-999.1908916268455
2.2145833333333336,-999.1908404041039
2.21625,-999.1908590305554
2.2179333333333333,-999.1909521628129
2.2196000000000002,-999.1911151442636
2.2212666666666667,-999.1912967521657
2.2229333333333336,-999.1914504203905
2.2246,-999.1915156129708
2.2262666666666666,-999.1914643902292
2.2279333333333335,-999.1913014087786
2.2296,-999.1910732347477
2.231266666666667,-999.1908404041039
2.2329333333333334,-999.1906681094275
2.2346,-999.1906029168473
2.236266666666667,-999.1906634528146
2.2379333333333333,-999.1908357474911
2.2396000000000003,-999.1910825479735
2.2412666666666667,-999.1913479749073
2.2429333333333332,-999.1915808055511
2.2446,-999.1917437870017
2.2462666666666666,-999.1918276060335
2.24795,-999.1918369192592
2.249616666666667,-999.1918136361949
2.2512833333333333,-999.1917856965176
2.2529500000000002,-999.1917810399048
2.2546166666666667,-999.1918043229691
2.2562833333333336,-999.1918602023236
2.25795,-999.1919253949038
2.2596166666666666,-999.1919766176454
2.2612833333333335,-999.1920092139355
2.26295,-999.1920138705484
2.264616666666667,-999.1919999007098
2.2662833333333334,-999.1919999007098
2.26795,-999.192032497
2.269616666666667,-999.1920976895802
2.2712833333333333,-999.192181508612
2.2729500000000002,-999.192251357805
2.2746166666666667,-999.1922560144179
2.2762833333333337,-999.1921675387733
2.277966666666667,-999.1919859308712
2.2796333333333334,-999.1917205039373
2.2813000000000003,-999.1914178241004
2.282966666666667,-999.1911244574893
2.2846333333333333,-999.1908916268455
2.2863,-999.1907472718464
2.2879666666666667,-999.1907053623305
2.2896333333333336,-999.190761241685
2.2913,-999.1908916268455
2.2929666666666666,-999.1910592649091
2.2946333333333335,-999.1912269029725
2.2963,-999.1913666013588
2.297966666666667,-999.1914643902292
2.2996333333333334,-999.1915295828095
2.3013,-999.191585462164
2.302966666666667,-999.1916506547442
2.3046333333333333,-999.191729817163
2.3063166666666666,-999.191808979582
2.3079833333333335,-999.1918695155493
2.30965,-999.1918741721622
2.311316666666667,-999.1918136361949
2.3129833333333334,-999.1916879076472
2.3146500000000003,-999.191506299745
2.316316666666667,-999.1913107220043
2.3179833333333333,-999.1911198008764
2.31965,-999.1909614760386
2.3213166666666667,-999.1908310908782
2.3229833333333336,-999.190723988782
2.32465,-999.1906215432988
2.3263166666666666,-999.1904958147511
2.3279833333333335,-999.1903561163649
2.32965,-999.1902071047529
2.331316666666667,-999.1900720629795
2.3329833333333334,-999.189978930722
2.33465,-999.189941677819
2.3363333333333336,-999.1899696174962
2.338,-999.1900487799151
2.3396666666666666,-999.1901512253984
2.3413333333333335,-999.1902350444301
2.343,-999.1902443576558
2.344666666666667,-999.1901419121726
2.3463333333333334,-999.1899277079804
2.3480000000000003,-999.1896110583049
2.349666666666667,-999.1892524991134
2.3513333333333333,-999.1889172229864
2.353,-999.1886843923427
2.3546666666666667,-999.1886098865367
2.3563333333333336,-999.1887169886328
2.358,-999.1889870721795
2.3596666666666666,-999.1893549445967
2.3613333333333335,-999.1897367868524
2.363,-999.1900627497537
2.3646833333333332,-999.190276953946
2.36635,-999.1903700862035
2.3680166666666667,-999.190351459752
2.3696833333333336,-999.1902629841073
2.37135,-999.1901558820113
2.373016666666667,-999.1900580931408
2.3746833333333335,-999.1899835873348
2.37635,-999.1899277079804
2.378016666666667,-999.1898625154001
2.3796833333333334,-999.1897833529812
2.3813500000000003,-999.1896855641108
2.383016666666667,-999.1895831186276
2.3846833333333333,-999.1894946429829
2.38635,-999.1894387636285
2.3880166666666667,-999.189420137177
2.3896833333333336,-999.1894247937898
2.39135,-999.1894061673383
2.3930166666666666,-999.1893176916936
2.3947000000000003,-999.189122113953
2.3963666666666668,-999.1888054642774
2.3980333333333332,-999.1883723992801
2.3997,-999.1878694850895
2.4013666666666666,-999.187361914286
2.4030333333333336,-999.1869102228372
2.4047,-999.1865702900973
2.406366666666667,-999.1863747123565
2.4080333333333335,-999.1863141763891
2.4097,-999.1863653991308
2.411366666666667,-999.1865004409042
2.4130333333333334,-999.1866773921935
2.4147000000000003,-999.1868915963857
2.4163666666666668,-999.1871523667068
2.4180333333333333,-999.1874736729951
2.4197,-999.1878648284766
2.4213666666666667,-999.1883072066997
2.4230333333333336,-999.1887542415358
2.424716666666667,-999.1891500536302
2.4263833333333333,-999.1894247937898
2.4280500000000003,-999.189527239273
2.4297166666666667,-999.1894341070156
2.4313833333333332,-999.1891500536302
2.43305,-999.1887216452457
2.4347166666666666,-999.1882187310551
2.4363833333333336,-999.1877251300904
2.43805,-999.1873106915444
2.439716666666667,-999.1870312947719
2.4413833333333335,-999.1869241926759
2.44305,-999.1869707588046
2.444716666666667,-999.1871570233196
2.4463833333333334,-999.1874364200921
2.4480500000000003,-999.1877670396062
2.4497166666666668,-999.1881023157332
2.4514,-999.1884143087959
2.453066666666667,-999.1886750791169
2.4547333333333334,-999.188861343632
2.4564,-999.1889591325023
2.458066666666667,-999.1889731023409
2.4597333333333333,-999.188898596535
2.4614000000000003,-999.18874492831
2.4630666666666667,-999.1885353807306
2.4647333333333337,-999.1882839236354
2.4664,-999.1880231533144
2.4680666666666666,-999.1877856660577
2.4697333333333336,-999.1875994015427
2.4714,-999.1874829862209
2.473066666666667,-999.187441076705
2.4747333333333335,-999.1874643597694
2.4764,-999.1875295523496
2.478066666666667,-999.1876180279942
2.4797333333333333,-999.1877158168646
2.4814000000000003,-999.1878182623478
2.4830833333333335,-999.1879300210569
2.48475,-999.188074376056
2.486416666666667,-999.1882420141195
2.4880833333333334,-999.1884375918603
2.48975,-999.188637826214
2.491416666666667,-999.1888147775031
2.4930833333333333,-999.1889451626637
2.4947500000000002,-999.1889917287924
2.4964166666666667,-999.1889358494379
2.4980833333333337,-999.1887635547615
2.49975,-999.1884608749247
2.5014166666666666,-999.188037123153
2.5030833333333335,-999.1875109258981
2.50475,-999.1869241926759
2.506416666666667,-999.186318833002
2.5080833333333334,-999.1857553828441
2.50975,-999.185275751718
2.511416666666667,-999.1849078793008
2.5131,-999.184675048657
2.5147666666666666,-999.1845726031738
2.5164333333333335,-999.1845958862382
2.5181,-999.1847309280116
2.519766666666667,-999.1849544454296
2.5214333333333334,-999.1852431554279
2.5231000000000003,-999.1855644617162
2.524766666666667,-999.1858811113917
2.5264333333333333,-999.1861558515513
2.5281000000000002,-999.1863514292921
2.5297666666666667,-999.186435248324
2.5314333333333336,-999.1864073086467
2.5331,-999.1862908933248
2.5347666666666666,-999.1861185986484
2.5364333333333335,-999.1859323341334
2.5381,-999.1857646960699
2.539766666666667,-999.1856296542965
2.54145,-999.1855272088133
2.5431166666666667,-999.1854666728459
2.5447833333333336,-999.1854527030073
2.54645,-999.185499269136
2.5481166666666666,-999.1856296542965
2.5497833333333335,-999.1858578283274
2.55145,-999.1861884478416
2.553116666666667,-999.1865935731616
2.5547833333333334,-999.1870173249333
2.5564500000000003,-999.1873945105763
2.558116666666667,-999.1876413110587
2.5597833333333333,-999.1876971904131
2.5614500000000002,-999.1875388655753
2.5631166666666667,-999.1871849629969
2.5647833333333336,-999.1866913620321
2.56645,-999.1861418817127
2.5681166666666666,-999.1856156844578
2.5697833333333335,-999.1851919326863
2.571466666666667,-999.1849078793008
2.5731333333333333,-999.1847774941403
2.5748,-999.1847868073661
2.5764666666666667,-999.1849078793008
2.5781333333333336,-999.1851081136545
2.5798,-999.1853549141368
2.5814666666666666,-999.1856249976836
2.5831333333333335,-999.1858904246175
2.5848,-999.1861279118741
2.586466666666667,-999.1863234896149
2.5881333333333334,-999.1864585313883
2.5898000000000003,-999.1865237239685
2.591466666666667,-999.1865097541299
2.5931333333333333,-999.1864259350982
2.5948,-999.1862862367119
2.5964666666666667,-999.1861232552612
2.5981333333333336,-999.1859789002622
2.599816666666667,-999.1858764547788
2.6014833333333334,-999.1858531717145
2.6031500000000003,-999.1859183642948
2.604816666666667,-999.1860534060681
2.6064833333333333,-999.186244327196
2.60815,-999.1864445615497
2.6098166666666667,-999.1866121996131
2.6114833333333336,-999.1867286149351
2.61315,-999.1867938075153
2.614816666666667,-999.1868170905797
2.6164833333333335,-999.1868357170312
2.61815,-999.1868683133213
2.619816666666667,-999.1869335059016
2.6214833333333334,-999.1870219815462
2.6231500000000003,-999.1871058005779
2.624816666666667,-999.1871523667068
2.6264833333333333,-999.1871244270294
2.62815,-999.1870080117076
2.6298166666666667,-999.1868264038054
2.6315,-999.1866028863874
2.633166666666667,-999.1863979954209
2.6348333333333334,-999.1862489838089
2.6365000000000003,-999.1861977610673
2.6381666666666668,-999.1862582970347
2.6398333333333333,-999.1864073086467
2.6415,-999.1865982297745
2.6431666666666667,-999.1867658678381
2.6448333333333336,-999.1868590000955
2.6465,-999.1868543434827
2.648166666666667,-999.1867425847737
2.6498333333333335,-999.1865516636458
2.6515,-999.1863095197763
2.653166666666667,-999.1860673759068
2.6548333333333334,-999.1858531717145
2.6565000000000003,-999.1856995034897
2.658166666666667,-999.1856296542965
2.65985,-999.1856389675222
2.661516666666667,-999.1857134733283
2.6631833333333335,-999.1858298886501
2.66485,-999.1859649304236
2.666516666666667,-999.1860860023583
2.6681833333333334,-999.1861698213901
2.6698500000000003,-999.1862117309059
2.6715166666666668,-999.1862117309059
2.6731833333333332,-999.1861791346158
2.67485,-999.186132568487
2.6765166666666667,-999.1860766891325
2.6781833333333336,-999.1860347796166
2.67985,-999.1860068399394
2.681516666666667,-999.1860021833265
2.6831833333333335,-999.1860068399394
2.68485,-999.1860347796166
2.686516666666667,-999.1860813457454
2.6882,-999.1861558515513
2.6898666666666666,-999.186244327196
2.6915333333333336,-999.1863141763891
2.6932,-999.1863328028406
2.694866666666667,-999.1862536404218
2.6965333333333334,-999.186058062681
2.6982,-999.1857646960699
2.699866666666667,-999.1854107934913
2.7015333333333333,-999.1850522343
2.7032000000000003,-999.1847495544631
2.7048666666666668,-999.1845446634966
2.7065333333333337,-999.184456187852
2.7082,-999.1844794709164
2.7098666666666666,-999.1845726031738
2.7115333333333336,-999.1847076449473
2.7132,-999.1848426867206
2.714866666666667,-999.184977728494
2.7165333333333335,-999.1851081136545
2.7182166666666667,-999.1852478120408
2.7198833333333337,-999.1854061368784
2.72155,-999.1855830881677
2.7232166666666666,-999.1857553828441
2.7248833333333335,-999.1859043944561
2.72655,-999.1860021833265
2.728216666666667,-999.186020809778
2.7298833333333334,-999.1859509605849
2.73155,-999.1858112621986
2.733216666666667,-999.1856296542965
2.7348833333333333,-999.1854527030073
2.7365500000000003,-999.1853269744596
2.7382166666666667,-999.1852710951051
2.7398833333333337,-999.1852897215566
2.74155,-999.1853688839755
2.7432333333333334,-999.1854759860717
2.7449000000000003,-999.1855830881677
2.746566666666667,-999.1856529373608
2.7482333333333333,-999.1856715638124
2.7499000000000002,-999.1856296542965
2.7515666666666667,-999.185536522039
2.7532333333333336,-999.1854247633299
2.7549,-999.1853176612339
2.7565666666666666,-999.1852524686536
2.7582333333333335,-999.1852338422021
2.7599,-999.1852478120408
2.761566666666667,-999.1852850649437
2.7632333333333334,-999.185313004621
2.7649,-999.185313004621
2.766566666666667,-999.185275751718
2.7682333333333333,-999.185201245912
2.7699000000000003,-999.1851081136545
2.7715666666666667,-999.1850056681712
2.7732333333333337,-999.1849078793008
2.7749,-999.1848147470433
2.7765833333333334,-999.1847216147859
2.7782500000000003,-999.1846191693026
2.779916666666667,-999.1844887841421
2.7815833333333333,-999.1843444291429
2.7832500000000002,-999.1841954175309
2.7849166666666667,-999.1840603757576
2.7865833333333336,-999.1839486170485
2.78825,-999.1838741112425
2.7899166666666666,-999.1838322017267
2.7915833333333335,-999.183818231888
2.79325,-999.1838228885009
2.794916666666667,-999.1838368583395
2.7965833333333334,-999.1838508281782
2.7982500000000003,-999.1838694546296
2.799916666666667,-999.1838787678554
2.8015833333333333,-999.1838694546296
2.8032500000000002,-999.1838322017267
2.8049166666666667,-999.1837670091464
2.8066,-999.1836738768889
2.808266666666667,-999.1835621181799
2.8099333333333334,-999.1834363896322
2.8116000000000003,-999.1833106610846
2.813266666666667,-999.1831989023756
2.8149333333333333,-999.1831197399567
2.8166,-999.1830964568924
2.8182666666666667,-999.1831523362468
2.8199333333333336,-999.1832873780203
2.8216,-999.1834922689868
2.8232666666666666,-999.1837250996306
2.8249333333333335,-999.1839486170485
2.8266,-999.1841209117249
2.828266666666667,-999.1842140439825
2.8299333333333334,-999.1842280138211
2.8316000000000003,-999.1841767910794
2.833266666666667,-999.1841022852734
2.83495,-999.1840464059189
2.836616666666667,-999.1840464059189
2.8382833333333335,-999.1841302249506
2.83995,-999.1843025196271
2.841616666666667,-999.1845493201095
2.8432833333333334,-999.1848333734948
2.8449500000000003,-999.1851127702673
2.846616666666667,-999.1853595707497
2.8482833333333333,-999.1855411786519
2.84995,-999.1856529373608
2.8516166666666667,-999.1857041601025
2.8532833333333336,-999.1856948468768
2.85495,-999.1856296542965
2.8566166666666666,-999.1855132389746
2.8582833333333335,-999.1853456009111
2.85995,-999.1851360533317
2.861616666666667,-999.1849171925265
2.8632833333333334,-999.1847309280116
2.8649500000000003,-999.1846051994639
2.8666333333333336,-999.184567946561
2.8683,-999.1846284825283
2.869966666666667,-999.1847774941403
2.8716333333333335,-999.1849823851069
2.8733,-999.1852105591378
2.874966666666667,-999.1854247633299
2.8766333333333334,-999.1855877447806
2.8783000000000003,-999.1856762204253
2.879966666666667,-999.1856808770382
2.8816333333333333,-999.1856249976836
2.8833,-999.1855272088133
2.8849666666666667,-999.1854247633299
2.8866333333333336,-999.1853549141368
2.8883,-999.1853316310725
2.889966666666667,-999.1853735405883
2.8916333333333335,-999.185462016233
2.8933,-999.1855644617162
2.8949833333333337,-999.1856436241351
2.89665,-999.1856389675222
2.8983166666666667,-999.1855085823618
2.8999833333333336,-999.185238498815
2.90165,-999.1848333734948
2.903316666666667,-999.1843351159172
2.9049833333333335,-999.1838135752752
2.90665,-999.183333944149
2.908316666666667,-999.1829427886674
2.9099833333333334,-999.1826866749593
2.9116500000000003,-999.1825656030246
2.9133166666666668,-999.1825656030246
2.9149833333333333,-999.1826587352821
2.91665,-999.1827937770555
2.9183166666666667,-999.1829195056031
2.9199833333333336,-999.1829846981834
2.92165,-999.182924162216
2.923316666666667,-999.1826959881851
2.9250000000000003,-999.182248953349
2.9266666666666667,-999.1815644312564
2.9283333333333337,-999.18064707852
2.93,-999.1795341480428
2.9316666666666666,-999.1782815191793
2.9333333333333336,-999.1769450712842
2.935,-999.175571370486
2.936666666666667,-999.1741836998491
2.9383333333333335,-999.1727680895351
2.94,-999.1713059130923
2.941666666666667,-999.169745947779
2.9433333333333334,-999.1680509406924
2.9450000000000003,-999.1661743257038
2.9466666666666668,-999.1640928197485
2.9483333333333337,-999.1617924529882
2.95,-999.1592732254226
2.9516666666666667,-999.1565491068906
2.95335,-999.1536294106178
2.955016666666667,-999.1505327630558
2.9566833333333333,-999.1472638208173
2.9583500000000003,-999.1438272405154
2.9600166666666667,-999.1401950824727
2.9616833333333337,-999.1363440636248
2.96335,-999.132236931069
2.9650166666666666,-999.1278550583534
2.9666833333333336,-999.1231937888653
2.96835,-999.1182810622818
2.970016666666667,-999.1131308484418
2.9716833333333335,-999.1077804002481
2.97335,-999.1022297177009
2.975016666666667,-999.0964974272514
2.9766833333333333,-999.090578872287
2.9783500000000003,-999.0844880226462
2.9800166666666668,-999.0782388481675
2.9816833333333337,-999.07187791498
2.983366666666667,-999.0654471325993
2.9850333333333334,-999.05900238038
2.9867000000000004,-999.0525855678378
2.988366666666667,-999.0462199780374
2.9900333333333333,-999.039928894043
2.9917000000000002,-999.0337169724673
2.9933666666666667,-999.0276028397622
2.9950333333333337,-999.0216237488304
2.9967,-999.0158122959621
2.9983666666666666,-999.0102290171246
