min,µS/cm
0.0,-999.9001543037128
0.0016666666666667052,-999.9003591946794
0.0033333333333334103,-999.9005687422588
0.004999999999999893,-999.9007503501608
0.006683333333333374,-999.9008295125798
0.00835000000000008,-999.9007317237093
0.010016666666666563,-999.9003871343566
0.011683333333333268,-999.8997817746829
0.013349999999999973,-999.8989622108168
0.015016666666666678,-999.8980402014674
0.016683333333333383,-999.8971787280856
0.01835000000000009,-999.8965314588959
0.02001666666666657,-999.8962148092204
0.021683333333333277,-999.896303284865
0.023349999999999982,-999.896787572604
0.025016666666666687,-999.8975931666315
0.026683333333333392,-999.8985943383997
0.028350000000000097,-999.8996374196837
0.03001666666666658,-999.9005687422588
0.031683333333333286,-999.9012812040287
0.03334999999999999,-999.9016956425745
0.035016666666666696,-999.9018074012836
0.036699999999999955,-999.9016537330587
0.03836666666666666,-999.9013184569317
0.040033333333333365,-999.9008993617729
0.04170000000000007,-999.9004802666141
0.043366666666666775,-999.9001170508099
0.04503333333333326,-999.8998329974245
0.046699999999999964,-999.8996187932322
0.04836666666666667,-999.8994418419429
0.050033333333333374,-999.8992788604922
0.05170000000000008,-999.8991158790417
0.05336666666666656,-999.8989622108168
0.05503333333333327,-999.8988411388821
0.05669999999999997,-999.8987945727532
0.05836666666666668,-999.8988364822692
0.06003333333333338,-999.8989808372683
0.06170000000000009,-999.8992229811378
0.06336666666666657,-999.8995256609746
0.06505000000000005,-999.8998609371017
0.06671666666666676,-999.9001775867772
0.06838333333333324,-999.9004290438725
0.07004999999999995,-999.9005827120974
0.07171666666666665,-999.9006153083875
0.07338333333333336,-999.90052217613
0.07505000000000006,-999.9003079719378
0.07671666666666677,-999.8999913222622
0.07838333333333325,-999.8996048233936
0.08004999999999995,-999.8991857282348
0.08171666666666666,-999.8987806029146
0.08338333333333336,-999.8984220437233
0.08505000000000007,-999.8981519601765
0.08671666666666678,-999.8979889787258
0.08838333333333326,-999.8979330993714
0.09004999999999996,-999.8979796655001
0.09171666666666667,-999.8980914242092
0.09338333333333337,-999.8982311225953
0.09506666666666663,-999.898356851143
0.09673333333333334,-999.8984360135619
0.09840000000000004,-999.8984453267876
0.10006666666666675,-999.8984034172718
0.10173333333333323,-999.8983242548529
0.10339999999999994,-999.8982590622726
0.10506666666666664,-999.8982404358211
0.10673333333333335,-999.8983056284013
0.10840000000000005,-999.8984499834005
0.11006666666666676,-999.898654874367
0.11173333333333324,-999.8988690785593
0.11339999999999995,-999.8990460298485
0.11506666666666665,-999.8991531319447
0.11673333333333336,-999.8991903848477
0.11840000000000006,-999.8991717583962
0.12006666666666677,-999.8991205356546
0.12173333333333325,-999.8990739695258
0.12341666666666673,-999.8990553430743
0.12508333333333344,-999.899069312913
0.12674999999999992,-999.8991065658159
0.12841666666666662,-999.8991484753318
0.13008333333333333,-999.899176415009
0.13175000000000003,-999.899176415009
0.13341666666666674,-999.8991484753318
0.13508333333333322,-999.8990972525902
0.13674999999999993,-999.8990413732356
0.13841666666666663,-999.8990087769455
0.14008333333333334,-999.8990041203326
0.14175000000000004,-999.8990227467841
0.14341666666666675,-999.8990367166227
0.14508333333333345,-999.8990227467841
0.14674999999999994,-999.8989342711395
0.14841666666666664,-999.8987573198502
0.15008333333333335,-999.8984918929164
0.15175000000000005,-999.8981519601765
0.15341666666666676,-999.8977747745336
0.15510000000000002,-999.8974162153422
0.15676666666666672,-999.8971228487311
0.15843333333333343,-999.8969365842161
0.1600999999999999,-999.8968807048616
0.16176666666666661,-999.8969412408289
0.16343333333333332,-999.8970902524409
0.16510000000000002,-999.8972858301817
0.16676666666666673,-999.8974767513096
0.16843333333333343,-999.8976211063087
0.17009999999999992,-999.897686298889
0.17176666666666662,-999.8976630158246
0.17343333333333333,-999.8975466005027
0.17510000000000003,-999.8973649926006
0.17676666666666674,-999.8971414751826
0.17843333333333344,-999.8969133011517
0.18009999999999993,-999.8967223800238
0.18176666666666663,-999.8965780250246
0.1834500000000001,-999.8965035192186
0.1851166666666666,-999.8965128324444
0.1867833333333333,-999.8966106213148
0.18845,-999.8968108556684
0.1901166666666667,-999.897085595828
0.19178333333333342,-999.8974069021165
0.1934499999999999,-999.8977282084048
0.1951166666666666,-999.8979889787258
0.1967833333333333,-999.8981566167894
0.19845000000000002,-999.8982031829181
0.20011666666666672,-999.8981426469508
0.20178333333333343,-999.8980122617902
0.20345000000000013,-999.8978585935654
0.2051166666666666,-999.8977328650177
0.20678333333333332,-999.8976676724375
0.20845000000000002,-999.8976537025989
0.21011666666666673,-999.8976630158246
0.2118,-999.897649045986
0.2134666666666667,-999.8975745401799
0.2151333333333334,-999.8974348417937
0.2168000000000001,-999.8972485772787
0.2184666666666666,-999.897048342925
0.2201333333333333,-999.8968853614745
0.2218,-999.8967968858298
0.2234666666666667,-999.8967968858298
0.2251333333333334,-999.8968713916358
0.2267999999999999,-999.8969784937319
0.2284666666666666,-999.8970716259894
0.2301333333333333,-999.8970949090537
0.2318,-999.8970297164735
0.2334666666666667,-999.896866735023
0.23513333333333342,-999.8966385609921
0.23681666666666668,-999.8963871038968
0.23848333333333338,-999.8961728997045
0.24015000000000009,-999.8960285447054
0.2418166666666668,-999.8959726653509
0.24348333333333327,-999.8959866351895
0.24514999999999998,-999.8960332013182
0.24681666666666668,-999.8960751108341
0.2484833333333334,-999.8960751108341
0.2501500000000001,-999.8960006050281
0.2518166666666666,-999.8958469368032
0.2534833333333333,-999.8956420458368
0.25515,-999.8954278416445
0.2568166666666667,-999.8952462337423
0.2584833333333334,-999.8951344750333
0.2601499999999999,-999.895106535356
0.2618166666666668,-999.8951437882591
0.2634833333333333,-999.895222950678
0.26515,-999.8953021130968
0.2668166666666667,-999.8953486792255
0.2684833333333334,-999.8953440226127
0.2701500000000001,-999.8952834866453
0.27183333333333337,-999.895185697775
0.2735000000000001,-999.8950739390659
0.2751666666666668,-999.8949714935827
0.27683333333333326,-999.8949016443896
0.27849999999999997,-999.8948737047123
0.2801666666666667,-999.8948923311638
0.2818333333333334,-999.8949528671312
0.2835000000000001,-999.8950553126144
0.28516666666666657,-999.8951903543879
0.2868333333333333,-999.8953626490642
0.2885,-999.8955675400307
0.2901666666666667,-999.8958003706745
0.2918333333333334,-999.8960518277697
0.2935000000000001,-999.896303284865
0.2951666666666668,-999.8965314588959
0.2968333333333333,-999.8966990969594
0.2985,-999.8968015424426
0.3001666666666667,-999.8968155122813
0.30184999999999995,-999.8967410064753
0.30351666666666666,-999.8965919948632
0.30518333333333336,-999.8963824472839
0.30685000000000007,-999.8961403034144
0.3085166666666668,-999.8958795330934
0.31018333333333326,-999.8956141061594
0.31184999999999996,-999.8953486792255
0.31351666666666667,-999.8950785956788
0.31518333333333337,-999.8948038555192
0.3168500000000001,-999.8945384285853
0.31851666666666656,-999.8943055979415
0.3201833333333335,-999.8941333032651
0.32184999999999997,-999.8940401710076
0.3235166666666667,-999.894026201169
0.3251833333333334,-999.8940867371364
0.3268500000000001,-999.8941845260068
0.3285166666666668,-999.8942916281029
0.33020000000000005,-999.8943707905217
0.33186666666666675,-999.8943894169732
0.33353333333333346,-999.8943475074574
0.33519999999999994,-999.8942590318128
0.33686666666666665,-999.8941472731037
0.33853333333333335,-999.894063454072
0.34020000000000006,-999.8940308577819
0.34186666666666676,-999.8940727672978
0.34353333333333325,-999.894179869394
0.34519999999999995,-999.8943195677801
0.34686666666666666,-999.8944499529407
0.34853333333333336,-999.8945151455209
0.35020000000000007,-999.8944592661665
0.35186666666666655,-999.8942636884257
0.3535333333333335,-999.8939237556858
0.35519999999999996,-999.8934906906884
0.35686666666666667,-999.893020372788
0.35855000000000015,-999.8925873077906
0.36021666666666663,-999.8922613448893
0.36188333333333333,-999.8921030200515
0.36355000000000004,-999.8921449295674
0.36521666666666674,-999.8923963866627
0.36688333333333345,-999.8928247950472
0.36854999999999993,-999.8933742753665
0.37021666666666664,-999.8939563519759
0.37188333333333334,-999.8944778926179
0.37355000000000005,-999.8948597348736
0.37521666666666675,-999.8950459993887
0.37688333333333324,-999.8950040898728
0.37854999999999994,-999.8947526327776
0.38021666666666665,-999.8943381942316
0.38188333333333335,-999.8938352800411
0.38355000000000006,-999.8933416790763
0.38521666666666676,-999.892941210369
0.38688333333333347,-999.8926850966609
0.3885666666666667,-999.8926105908549
0.39023333333333343,-999.8926990664995
0.39190000000000014,-999.8929225839175
0.3935666666666666,-999.8932112939159
0.3952333333333333,-999.8934953473013
0.39690000000000003,-999.8937095514935
0.39856666666666674,-999.8938073403639
0.40023333333333344,-999.893765430848
0.4018999999999999,-999.8935977927845
0.40356666666666663,-999.8933416790763
0.40523333333333333,-999.8930436558524
0.40690000000000004,-999.8927549458541
0.40856666666666674,-999.8925267718232
0.4102333333333332,-999.8923870734369
0.41190000000000015,-999.8923498205339
0.41356666666666664,-999.8924056998884
0.41523333333333334,-999.8925267718232
0.41690000000000005,-999.8926757834352
0.4185833333333333,-999.8928154818215
0.42025,-999.8929086140789
0.4219166666666667,-999.8929318971433
0.4235833333333334,-999.8928667045631
0.42525000000000013,-999.8927083797254
0.4269166666666666,-999.8924569226301
0.4285833333333333,-999.8921263031159
0.43025,-999.8917398042473
0.4319166666666667,-999.89133933554
0.43358333333333343,-999.8909668065099
0.4352499999999999,-999.8906874097374
0.4369166666666666,-999.8905290848998
0.4385833333333333,-999.8905058018354
0.44025000000000003,-999.8906082473186
0.44191666666666674,-999.8908038250594
0.4435833333333332,-999.8910459689289
0.44525000000000015,-999.8912834561855
0.44691666666666663,-999.8914836905392
0.4485999999999999,-999.8916187323125
0.4502666666666668,-999.8916978947314
0.4519333333333333,-999.8917351476344
0.4536,-999.8917584306988
0.4552666666666667,-999.8918003402147
0.4569333333333334,-999.8918841592464
0.4586000000000001,-999.8920098877941
0.4602666666666666,-999.8921728692446
0.4619333333333333,-999.8923405073082
0.4636,-999.8924802056945
0.4652666666666667,-999.8925407416618
0.4669333333333334,-999.8924802056945
0.4685999999999999,-999.8922799713408
0.4702666666666666,-999.8919307253751
0.4719333333333333,-999.8914697207005
0.4736,-999.8909435234456
0.4752666666666667,-999.8904173261907
0.47695,-999.8899470082903
0.4786166666666667,-999.8895884490989
0.4802833333333334,-999.8893695882938
0.4819500000000001,-999.8892950824878
0.4836166666666668,-999.8893649316809
0.4852833333333333,-999.8895605094217
0.48695,-999.8898585326457
0.4886166666666667,-999.8902217484499
0.4902833333333334,-999.8906175605443
0.4919500000000001,-999.8909947461873
0.4936166666666666,-999.8913253657014
0.4952833333333333,-999.8915861360224
0.49695,-999.8917444608602
0.4986166666666667,-999.8917956836018
0.5002833333333334,-999.8917398042473
0.5019499999999999,-999.8915814794095
0.5036166666666668,-999.8913300223143
0.5052833333333333,-999.8910133726388
0.5069666666666666,-999.8906455002216
0.5086333333333335,-999.8902403749014
0.5103,-999.8897933400655
0.5119666666666667,-999.8893183655522
0.5136333333333334,-999.8888107947488
0.5152999999999999,-999.8882939107195
0.5169666666666668,-999.8878049663676
0.5186333333333333,-999.8873951844347
0.5203,-999.8871251008879
0.5219666666666667,-999.8870505950819
0.5236333333333334,-999.887194950081
0.5253000000000001,-999.8875488526595
0.5269666666666666,-999.8880424536243
0.5286333333333335,-999.8885919339436
0.5303,-999.8890948481342
0.5319666666666667,-999.889472033777
0.5336500000000002,-999.8896815813564
0.5353166666666667,-999.8897188342594
0.5369833333333334,-999.8896117321633
0.5386500000000001,-999.8894161544225
0.5403166666666666,-999.8891926370045
0.5419833333333335,-999.8890063724895
0.54365,-999.8888946137805
0.5453166666666667,-999.888875987329
0.5469833333333334,-999.8889458365221
0.5486499999999999,-999.8890762216827
0.5503166666666668,-999.8892345465204
0.5519833333333333,-999.8893742449067
0.55365,-999.8894766903899
0.5553166666666667,-999.8895139432929
0.5569833333333334,-999.8894860036156
0.5586500000000001,-999.8893928713582
0.5603166666666666,-999.8892531729718
0.5619833333333335,-999.8890901915213
0.56365,-999.8889178968449
0.5653333333333332,-999.8887688852328
0.5670000000000002,-999.8886478132981
0.5686666666666667,-999.8885639942664
0.5703333333333334,-999.8885127715247
0.5720000000000001,-999.8884988016861
0.5736666666666665,-999.8885174281376
0.5753333333333335,-999.8885686508793
0.577,-999.8886571265239
0.5786666666666667,-999.8887688852328
0.5803333333333334,-999.8888992703934
0.5820000000000001,-999.8890343121667
0.5836666666666668,-999.8891600407144
0.5853333333333333,-999.8892438597461
0.5870000000000002,-999.8892717994233
0.5886666666666667,-999.8892205766817
0.5903333333333334,-999.8890669084569
0.5920000000000001,-999.8888154513617
0.5936666666666666,-999.888466205396
0.59535,-999.8880424536243
0.5970166666666668,-999.887567479111
0.5986833333333332,-999.8870738781462
0.6003500000000002,-999.8865942470201
0.6020166666666666,-999.8861565254099
0.6036833333333333,-999.8858165926699
0.60535,-999.8856023884777
0.6070166666666665,-999.885551165736
0.6086833333333335,-999.8856629244451
0.61035,-999.8859097249275
0.6120166666666667,-999.8862450010545
0.6136833333333334,-999.8865895904072
0.6153500000000001,-999.8868689871798
0.6170166666666668,-999.8870319686304
0.6186833333333333,-999.8870599083076
0.6203500000000002,-999.8869574628244
0.6220166666666667,-999.8867711983094
0.6236833333333334,-999.8865383676656
0.6253666666666668,-999.8863101936347
0.6270333333333333,-999.886114615894
0.6287,-999.885965604282
0.6303666666666667,-999.8858724720245
0.6320333333333332,-999.8858212492828
0.6337000000000002,-999.8857886529927
0.6353666666666666,-999.8857746831541
0.6370333333333333,-999.8857746831541
0.6387,-999.8857886529927
0.6403666666666668,-999.8858398757343
0.6420333333333335,-999.8859330079919
0.6436999999999999,-999.8860773629909
0.6453666666666666,-999.8862682841188
0.6470333333333333,-999.8864964581497
0.6487,-999.8867339454064
0.6503666666666668,-999.8869574628244
0.6520333333333332,-999.8871483839523
0.6537166666666667,-999.8872787691128
0.6553833333333334,-999.8873393050802
0.6570499999999999,-999.8873206786286
0.6587166666666668,-999.8872228897583
0.6603833333333333,-999.8870599083076
0.66205,-999.8868410475025
0.6637166666666667,-999.8865802771815
0.6653833333333332,-999.8862822539575
0.6670500000000001,-999.885965604282
0.6687166666666666,-999.8856489546065
0.6703833333333333,-999.8853509313824
0.67205,-999.8850994742871
0.6737166666666667,-999.8849132097722
0.6753833333333334,-999.8848014510631
0.6770499999999999,-999.8847455717087
0.6787166666666669,-999.88473160187
0.6803833333333333,-999.8847455717087
0.68205,-999.884768854773
0.6837333333333335,-999.8847967944503
0.6854,-999.8848340473533
0.6870666666666667,-999.8848713002562
0.6887333333333334,-999.884922522998
0.6903999999999999,-999.8849690891267
0.6920666666666668,-999.8850016854168
0.6937333333333333,-999.8850109986425
0.6954,-999.8849877155782
0.6970666666666667,-999.8849364928366
0.6987333333333332,-999.8848666436434
0.7004000000000001,-999.884806107676
0.7020666666666666,-999.884768854773
0.7037333333333333,-999.8847595415473
0.7054,-999.8847874812245
0.7070666666666667,-999.8848247341275
0.7087333333333334,-999.8848619870305
0.7103999999999999,-999.8848573304176
0.7120833333333334,-999.8847828246116
0.7137500000000001,-999.8846244997738
0.7154166666666666,-999.8843683860657
0.7170833333333335,-999.8840331099387
0.71875,-999.8836512676829
0.7204166666666667,-999.8832740820401
0.7220833333333334,-999.8829620889775
0.7237499999999999,-999.8827804810753
0.7254166666666668,-999.8827618546238
0.7270833333333333,-999.8829155228486
0.72875,-999.8832088894599
0.7304166666666667,-999.883576761877
0.7320833333333334,-999.8839586041328
0.7337500000000001,-999.8842938802597
0.7354166666666666,-999.884545337355
0.7370833333333335,-999.8847036621928
0.73875,-999.8847874812245
0.7404166666666667,-999.8848014510631
0.7420833333333334,-999.8847641981602
0.7437666666666667,-999.884661752677
0.7454333333333334,-999.8844754881619
0.7471000000000001,-999.8841821215508
0.7487666666666666,-999.8837863094564
0.7504333333333335,-999.883315991556
0.7521,-999.8828410170427
0.7537666666666667,-999.8824312351096
0.7554333333333334,-999.8821658081757
0.7570999999999999,-999.8820773325311
0.7587666666666668,-999.8821797780143
0.7604333333333333,-999.8824219218839
0.7621,-999.8827339149466
0.7637666666666667,-999.8830319381706
0.7654333333333334,-999.8832461423629
0.7671000000000001,-999.8833346180074
0.7687666666666666,-999.883315991556
0.7704333333333335,-999.8832182026856
0.7721166666666668,-999.8830924741379
0.7737833333333333,-999.8829853720418
0.7754500000000002,-999.8829108662358
0.7771166666666667,-999.8828782699456
0.7787833333333334,-999.8828596434942
0.7804500000000001,-999.8828317038169
0.7821166666666666,-999.8827618546238
0.7837833333333335,-999.8826547525276
0.78545,-999.88252902398
0.7871166666666667,-999.8824126086581
0.7887833333333334,-999.8823520726908
0.7904499999999999,-999.8823660425294
0.7921166666666668,-999.8824545181741
0.7937833333333333,-999.8825802467217
0.79545,-999.8827059752693
0.7971166666666667,-999.8827758244624
0.7987833333333334,-999.8827618546238
0.8004666666666667,-999.8826640657534
0.8021333333333334,-999.8825057409157
0.8038000000000001,-999.882342759465
0.8054666666666668,-999.8822216875303
0.8071333333333333,-999.8821797780143
0.8088000000000002,-999.8822170309174
0.8104666666666667,-999.8823241330135
0.8121333333333334,-999.8824731446256
0.8138000000000001,-999.8826314694633
0.8154666666666666,-999.8827804810753
0.8171333333333335,-999.8829201794615
0.8188,-999.8830505646221
0.8204666666666667,-999.8831669799439
0.8221333333333334,-999.8832647688143
0.8238000000000001,-999.8833113349431
0.8254666666666668,-999.883278738653
0.8271333333333333,-999.8831390402667
0.8288166666666668,-999.8828689567199
0.8304833333333335,-999.8824778012385
0.83215,-999.8819981701123
0.8338166666666669,-999.8814812860832
0.8354833333333334,-999.881001654957
0.8371500000000001,-999.8806244693141
0.8388166666666668,-999.8804149217347
0.8404833333333332,-999.8803916386703
0.8421500000000002,-999.8805499635081
0.8438166666666667,-999.8808340168935
0.8454833333333334,-999.8811646364076
0.8471500000000001,-999.8814626596316
0.8488166666666666,-999.881672207211
0.8504833333333335,-999.8817793093071
0.85215,-999.8817932791458
0.8538166666666667,-999.8817746526943
0.8554833333333334,-999.88178396592
0.8571500000000001,-999.8818910680161
0.8588166666666668,-999.8821332118856
0.8605,-999.8824917710771
0.8621666666666667,-999.8829248360744
0.8638333333333335,-999.8833439312332
0.8654999999999999,-999.8836559242958
0.8671666666666669,-999.8837863094564
0.8688333333333333,-999.8836745507474
0.8705,-999.883315991556
0.8721666666666668,-999.8827385715595
0.8738333333333332,-999.8819935134994
0.8755000000000002,-999.8811739496333
0.8771666666666667,-999.8803497291544
0.8788333333333334,-999.8796093277073
0.8805000000000001,-999.8790039680334
0.8821666666666665,-999.8785709030361
0.8838333333333335,-999.8783194459409
0.8855,-999.8782402835219
0.8871666666666667,-999.878314789328
0.8888333333333334,-999.8785150236815
0.8905166666666666,-999.8788037336799
0.8921833333333333,-999.879134353194
0.89385,-999.8794556594823
0.8955166666666667,-999.8797210864162
0.8971833333333334,-999.8798933810926
0.8988499999999999,-999.8799492604471
0.9005166666666669,-999.8798980377055
0.9021833333333333,-999.8797862789966
0.90385,-999.8796605504489
0.9055166666666667,-999.8795674181914
0.9071833333333332,-999.8795348219013
0.9088500000000002,-999.8795581049657
0.9105166666666666,-999.879618640933
0.9121833333333333,-999.8796652070617
0.91385,-999.879655893836
0.9155166666666668,-999.8795767314172
0.9171833333333335,-999.8794277198051
0.9188666666666667,-999.8792507685158
0.9205333333333334,-999.8791017569039
0.9222000000000001,-999.8790319077108
0.9238666666666666,-999.8790738172266
0.9255333333333335,-999.8792367986772
0.9272,-999.8795022256111
0.9288666666666667,-999.8798281885124
0.9305333333333334,-999.8801634646394
0.9321999999999999,-999.8804614878634
0.9338666666666668,-999.8806943185072
0.9355333333333333,-999.8808479867321
0.9372,-999.8809364623767
0.9388666666666667,-999.8809737152797
0.9405333333333332,-999.8809783718925
0.9422000000000001,-999.8809457756024
0.9438666666666666,-999.8808619565707
0.9455333333333333,-999.8807082883458
0.9472166666666668,-999.8804847709278
0.9488833333333333,-999.8801914043166
0.95055,-999.8798700980283
0.9522166666666667,-999.8795534483528
0.9538833333333334,-999.879283364806
0.9555500000000001,-999.8790924436781
0.9572166666666666,-999.8789806849691
0.9588833333333335,-999.8789387754532
0.96055,-999.8789248056146
0.9622166666666667,-999.8788828960987
0.9638833333333334,-999.8787804506154
0.9655499999999999,-999.8785941861005
0.9672166666666668,-999.8783334157795
0.9688833333333333,-999.8780400491682
0.97055,-999.8777606523958
0.9722166666666667,-999.8775511048163
0.9738833333333334,-999.8774440027203
0.9755500000000001,-999.8774486593331
0.9772333333333334,-999.8775417915906
0.9788999999999999,-999.8776908032027
0.9805666666666668,-999.8778537846533
0.9822333333333333,-999.878012109491
0.9839,-999.8781611211031
0.9855666666666667,-999.8783101327151
0.9872333333333334,-999.8784731141657
0.9889000000000001,-999.878650065455
0.9905666666666666,-999.8788223601314
0.9922333333333335,-999.8789667151304
0.9939,-999.8790412209365
0.9955666666666667,-999.8790272510978
0.9972333333333334,-999.878910835776
0.9989,-999.8787245712609
1.0005666666666666,-999.87849639723
1.0022333333333333,-999.8782775364249
1.0039,-999.8781098983615
1.0055666666666667,-999.8780260793296
1.00725,-999.8780307359425
1.0089166666666667,-999.8781238682001
1.0105833333333334,-999.8782775364249
1.01225,-999.8784684575528
1.0139166666666668,-999.8786686919065
1.0155833333333333,-999.8788596130344
1.01725,-999.8790272510978
1.0189166666666667,-999.8791902325485
1.0205833333333334,-999.8793485573863
1.02225,-999.879506882224
1.0239166666666668,-999.879655893836
1.0255833333333333,-999.8797723091579
1.02725,-999.8798328451253
1.0289166666666667,-999.879804905448
1.0305833333333334,-999.879655893836
1.0322500000000001,-999.8793811536764
1.0339166666666668,-999.8789853415819
1.0355833333333333,-999.8785010538429
1.0372666666666668,-999.8779888264266
1.0389333333333335,-999.8774952254619
1.0406,-999.877080786916
1.0422666666666667,-999.876782763692
1.0439333333333334,-999.8766151256285
1.0456,-999.8765778727254
1.0472666666666668,-999.8766384086929
1.0489333333333333,-999.8767594806276
1.0506,-999.8768991790139
1.0522666666666667,-999.8770295641743
1.0539333333333334,-999.8771413228834
1.0556,-999.8772437683666
1.0572666666666668,-999.8773648403014
1.0589333333333333,-999.8775091953005
1.0606,-999.8776861465898
1.0622666666666667,-999.8778817243306
1.0639333333333334,-999.8780633322327
1.0656166666666667,-999.878198374006
1.0672833333333334,-999.8782542533605
1.06895,-999.8782123438447
1.0706166666666668,-999.8780819586842
1.0722833333333335,-999.8778770677177
1.07395,-999.8776256106224
1.0756166666666667,-999.8773648403014
1.0772833333333334,-999.8771087265933
1.07895,-999.8768805525624
1.0806166666666668,-999.8766942880474
1.0822833333333335,-999.8765592462739
1.08395,-999.8764893970808
1.0856166666666667,-999.8764940536937
1.0872833333333334,-999.8765778727254
1.08895,-999.8767361975632
1.0906166666666668,-999.876969028207
1.0922833333333335,-999.877267051431
1.09395,-999.8775976709452
1.0956333333333335,-999.8779282904593
1.0973,-999.8782123438447
1.0989666666666666,-999.8784218914241
1.1006333333333334,-999.878533650133
1.1023,-999.8785429633589
1.1039666666666668,-999.8784638009399
1.1056333333333335,-999.8783054761022
1.1073,-999.8780866152971
1.1089666666666667,-999.8778258449761
1.1106333333333334,-999.8775371349777
1.1123,-999.8772204853022
1.1139666666666668,-999.8768758959495
1.1156333333333335,-999.8765126801452
1.1173166666666667,-999.8761541209539
1.1189666666666667,-999.8758374712783
1.1206500000000001,-999.8756046406345
1.1223166666666666,-999.8754882253127
1.1239833333333333,-999.8754556290226
1.12565,-999.8753159306362
1.1273166666666667,-999.8744451440286
1.1289833333333334,-999.8710923827584
1.1306500000000002,-999.8608990571745
1.1323166666666666,-999.8340350574972
1.1339833333333333,-999.7702487743321
1.13565,-999.6313652953279
1.1373166666666668,-999.3510651399154
1.1389833333333335,-998.8225209521235
1.1406500000000002,-997.885722200333
1.1423166666666666,-996.3170769607262
1.1439833333333334,-993.825067297474
1.14565,-990.0554879522209
1.1473166666666668,-984.6093463639772
1.1489833333333335,-977.0743832816717
1.15065,-967.0684491130842
1.1523166666666667,-954.2906149077651
1.1540000000000001,-938.573708263493
1.1556666666666666,-919.9306466243838
1.1573333333333333,-898.585520171833
1.159,-874.9819085351107
1.1606666666666667,-849.7636722632515
1.1623333333333334,-823.7291038146843
1.1640000000000001,-797.7640679095705
1.1656666666666666,-772.7632814891465
1.1673333333333333,-749.5505412805595
1.169,-728.8087116222869
1.1706666666666667,-711.02832477122
1.1723333333333334,-696.48051201202
1.1740000000000002,-685.216142183736
1.1756666666666666,-677.0889557325695
1.1773333333333333,-671.7973438425909
1.179,-668.937359316711
1.1806666666666668,-668.0586145576362
1.1823333333333335,-668.7156160682047
1.1840166666666667,-670.5086355425923
1.1856833333333334,-673.1106297453449
1.1873500000000001,-676.2792825122733
1.1890166666666668,-679.8555332607848
1.1906833333333333,-683.7516886572129
1.19235,-687.9330802187012
1.1940166666666667,-692.3974588012311
1.1956833333333334,-697.1557581318336
1.1973500000000001,-702.2168304315846
1.1990166666666666,-707.577658215341
1.2006833333333333,-713.2191819666043
1.20235,-719.1071243579999
1.2040166666666667,-725.1962510520575
1.2056833333333334,-731.4365639963357
1.2073500000000001,-737.7796623566093
1.2090166666666666,-744.1840883084499
1.2106833333333333,-750.618805527044
1.2123666666666668,-757.0644750991205
1.2140333333333333,-763.512761687633
1.2157,-769.96401919516
1.2173666666666667,-776.4241335803755
1.2190333333333334,-782.9011142174253
1.2207000000000001,-789.4020764107826
1.2223666666666668,-795.9310015644556
1.2240333333333333,-802.4874892097374
1.2257,-809.0665334877868
1.2273666666666667,-815.6590772865616
1.2290333333333334,-822.2531903638752
1.2307000000000001,-828.8354570180343
1.2323666666666668,-835.3923777283134
1.2340333333333333,-841.9114960552712
1.2357,-848.3821157591334
1.2373666666666667,-854.7956034796292
1.2390333333333334,-861.145188501638
1.2407000000000001,-867.4255296901919
1.2423833333333334,-873.6320169985444
1.24405,-879.7600683196262
1.2457166666666668,-885.8044961866943
1.2473833333333333,-891.759023485593
1.24905,-897.6160459674969
1.2507166666666667,-903.3666275922985
1.2523833333333334,-909.0006867931228
1.25405,-914.5073364090674
1.2557166666666668,-919.8753167502001
1.2573833333333333,-925.0933820964271
1.25905,-930.150654600072
1.2607166666666667,-935.0369036826477
1.2623833333333334,-939.7427043596947
1.2640500000000001,-944.2595443428771
1.2657166666666668,-948.5798706061113
1.2673833333333333,-952.6971359516946
1.26905,-956.605859546273
1.2707166666666667,-960.3017247097109
1.2724,-963.7816860171881
1.2740666666666667,-967.0440996843596
1.2757333333333334,-970.0882439362296
1.2774,-972.9132992089322
1.2790666666666668,-975.5175565255422
1.2807333333333335,-977.8992463731669
1.2824,-980.0588390697068
1.2840666666666667,-982.0019691167408
1.2857333333333334,-983.7409625685499
1.2874,-985.2943154914744
1.2890666666666668,-986.684547265379
1.2907333333333333,-987.9351970683482
1.2924,-989.0679507465418
1.2940666666666667,-990.1004475495314
1.2957333333333334,-991.0452603320801
1.2974,-991.9099234938202
1.2990666666666668,-992.6979667473109
1.30075,-993.4104285172235
1.3024166666666668,-994.0475649172662
1.3040833333333335,-994.610302613401
1.30575,-995.1012632786768
1.3074166666666667,-995.5251873450005
1.3090833333333334,-995.8888082745899
1.31075,-996.2003403325567
1.3124166666666668,-996.4686497098155
1.3140833333333335,-996.7024442724429
1.31575,-996.9095098771664
1.3174166666666667,-997.0962121137866
1.3190833333333334,-997.2672215650172
1.32075,-997.4255603726141
1.3224166666666668,-997.5728350680195
1.3240833333333335,-997.7095811617139
1.32575,-997.8357474309558
1.3274166666666667,-997.9510684488114
1.3290833333333334,-998.0554138301198
1.3307666666666667,-998.1489977790736
1.3324333333333334,-998.2324768780882
1.3341,-998.3068988650604
1.3357666666666668,-998.3736001878854
1.3374333333333335,-998.4340383663932
1.3391,-998.4896057278335
1.3407666666666667,-998.5414943651024
1.3424333333333334,-998.590593691259
1.3441,-998.6374438733968
1.3457666666666668,-998.6822777421597
1.3474333333333335,-998.7250580446446
1.3491,-998.7656357692395
1.3507666666666667,-998.8038060249778
1.3524333333333334,-998.8394244568606
1.3541,-998.8724538119848
1.3557666666666668,-998.9029918792206
1.3574333333333335,-998.9312528627604
1.3591,-998.9575208159897
1.3607833333333335,-998.9821123885839
1.3624500000000002,-999.0053349169928
1.3641166666666666,-999.0274398583115
1.3657833333333333,-999.0486134770553
1.36745,-999.0689721885459
1.3691166666666668,-999.0885811853635
1.3707833333333335,-999.1074451241211
1.3724500000000002,-999.1255546915929
1.3741166666666667,-999.1428866047146
1.3757833333333334,-999.1594036105831
1.37745,-999.1750777695212
1.3791166666666668,-999.1898904550774
1.3807833333333335,-999.2038323540258
1.38245,-999.2169220928182
1.3841166666666667,-999.2292062375831
1.3857833333333334,-999.2407546375136
1.38745,-999.2516650814804
1.3891333333333333,-999.2620446715792
1.3908,-999.2720144797452
1.3924666666666667,-999.2816583250099
1.3941333333333334,-999.291055369792
1.3958000000000002,-999.3002242405435
1.3974666666666666,-999.3091742504896
1.3991333333333333,-999.3178821165664
1.4008,-999.3263198990963
1.4024666666666668,-999.3344550017894
1.4041333333333335,-999.3422781114198
1.4058000000000002,-999.3497985412133
1.4074666666666666,-999.3570162911699
1.4091333333333333,-999.3639546443541
1.4108,-999.3706275706043
1.4124666666666668,-999.3770490397592
1.4141333333333335,-999.3832283650447
1.4158000000000002,-999.389188829525
1.4174833333333334,-999.3949583728775
1.4191500000000001,-999.4005649347793
1.4208166666666668,-999.4060504247462
1.4224833333333333,-999.4114381258429
1.42415,-999.4167466645207
1.4258166666666667,-999.4219713841667
1.4274833333333334,-999.4270843451037
1.4291500000000001,-999.4320482944288
1.4308166666666666,-999.436816666013
1.4324833333333333,-999.4413568635664
1.43415,-999.4456502606373
1.4358166666666667,-999.4497061704517
1.4374833333333334,-999.453575815751
1.4391500000000002,-999.4573197325027
1.4408166666666666,-999.4610170831256
1.4424833333333333,-999.464737716813
1.44415,-999.4685142298548
1.4458166666666667,-999.4723466222512
1.4475,-999.4761836712603
1.4491666666666667,-999.4799788107537
1.4508333333333334,-999.4836901312152
1.4525000000000001,-999.4872896929678
1.4541666666666668,-999.4907728393985
1.4558333333333333,-999.4941535403459
1.4575,-999.4974550788745
1.4591666666666667,-999.5006867682099
1.4608333333333334,-999.503857921578
1.4625000000000001,-999.5069545691399
1.4641666666666668,-999.5099627410574
1.4658333333333333,-999.5128638108787
1.4675,-999.5156531219909
1.4691666666666667,-999.518335331007
1.4708333333333334,-999.5209337209915
1.4725000000000001,-999.5234669183956
1.4741666666666668,-999.5259442364452
1.4758333333333333,-999.5283749883661
1.4775,-999.5307591741582
1.4791833333333333,-999.5330921372088
1.48085,-999.5353831907433
1.4825166666666667,-999.5376509612136
1.4841833333333334,-999.5399047618452
1.4858500000000001,-999.5421725323155
1.4875166666666668,-999.54446358585
1.4891833333333333,-999.5467918922877
1.49085,-999.5491481384025
1.4925166666666667,-999.5515136977432
1.4941833333333334,-999.5538699438581
1.4958500000000001,-999.5561749672313
1.4975166666666668,-999.5584147980243
1.4991833333333333,-999.5605801230113
1.50085,-999.5626942252567
1.5025166666666667,-999.5647897010505
1.5041833333333334,-999.5669084599087
1.5058500000000001,-999.5690784415086
1.5075333333333334,-999.5712949892372
1.5092,-999.5735255068045
1.5108666666666668,-999.5757048016301
1.5125333333333335,-999.577763024521
1.5142,-999.5796442961225
1.5158666666666667,-999.5813160201448
1.5175333333333334,-999.5828107928777
1.5192,-999.5841891502888
1.5208666666666668,-999.585525598184
1.5225333333333335,-999.5869086122079
1.5242,-999.5883940717151
1.5258666666666667,-999.5900099163829
1.5275333333333334,-999.5917421763725
1.5292000000000001,-999.5935535987809
1.5308666666666668,-999.5953743344152
1.5325333333333333,-999.5971578171464
1.5342,-999.5988714506844
1.5358833333333335,-999.6005198916423
1.53755,-999.6021264230842
1.5392166666666667,-999.6037329545262
1.5408833333333334,-999.6053627690326
1.54255,-999.607025179829
1.5442166666666668,-999.6086875906254
1.5458833333333335,-999.6103127485189
1.54755,-999.6118587439935
1.5492166666666667,-999.6132883241462
1.5508833333333334,-999.6146061455898
1.55255,-999.6158354913889
1.5542166666666668,-999.6170089578335
1.5558833333333335,-999.6181824242781
1.55755,-999.6193978002385
1.5592166666666667,-999.6206876820049
1.5608833333333334,-999.6220520695774
1.56255,-999.6234816497301
1.5642166666666668,-999.6249345129472
1.5659,-999.6263734063257
1.5675666666666668,-999.6277610769624
1.5692333333333335,-999.6290882116319
1.5709000000000002,-999.6303687801726
1.5725666666666667,-999.631621409036
1.5742333333333334,-999.6328880077381
1.5759,-999.6341872027303
1.5775666666666668,-999.6355236506255
1.5792333333333335,-999.6368787249722
1.5809,-999.6382012030288
1.5825666666666667,-999.6394398620536
1.5842333333333334,-999.6405388226922
1.5859,-999.6414701452671
1.5875666666666668,-999.6422431430045
1.5892333333333335,-999.6429043820327
1.5909,-999.6435190549323
1.5925666666666667,-999.6441476976704
1.5942333333333334,-999.644836876376
1.5959166666666667,-999.6456238439519
1.5975833333333334,-999.6465039437853
1.59925,-999.6474632060376
1.6009166666666668,-999.6484783476444
1.6025833333333335,-999.6495307421542
1.6042500000000002,-999.6506157329542
1.6059166666666667,-999.6517379766572
1.6075833333333334,-999.6528881600373
1.60925,-999.6540616264818
1.6109166666666668,-999.6552304363136
1.6125833333333335,-999.656366649855
1.6142500000000002,-999.6574469840422
1.6159166666666667,-999.658462125649
1.6175833333333334,-999.6594120746755
1.61925,-999.6603201141862
1.6209166666666668,-999.6612048706324
1.6225833333333335,-999.6621035969174
1.62425,-999.6630209496539
1.6259333333333335,-999.6639615854547
1.6276000000000002,-999.6648975646425
1.6292666666666666,-999.665777664476
1.6309333333333333,-999.6665506622132
1.6326,-999.6671746483386
1.6342666666666668,-999.6676356530132
1.6359333333333335,-999.6679569593016
1.6376000000000002,-999.6681851333325
1.6392666666666666,-999.668390024299
1.6409333333333334,-999.6686414813943
1.6426,-999.668986070747
1.6442666666666668,-999.6694563886474
1.6459333333333335,-999.6700477784826
1.6476000000000002,-999.6707276439623
1.6492666666666667,-999.6714540755709
1.6509333333333334,-999.6721851637923
1.6526,-999.6728883123365
1.6542833333333333,-999.6735635212034
1.65595,-999.674215447006
1.6576166666666667,-999.6748766860342
1.6592833333333334,-999.6755518949011
1.6609500000000001,-999.676264356671
1.6626166666666669,-999.6770001015053
1.6642833333333333,-999.6777498161782
1.66595,-999.6784855610125
1.6676166666666667,-999.6791933661696
1.6692833333333335,-999.6798546051979
1.6709500000000002,-999.6804646214845
1.6726166666666666,-999.6810327282553
1.6742833333333333,-999.6815728953488
1.67595,-999.6820990926037
1.6776166666666668,-999.6826206332457
1.6792833333333335,-999.6831608003392
1.6809500000000002,-999.6837289071101
1.6826333333333334,-999.6843575498482
1.6843000000000001,-999.6850606983924
1.6859666666666668,-999.6858523225811
1.6876333333333333,-999.686718452576
1.6893,-999.6876264920867
1.6909666666666667,-999.688543844823
1.6926333333333334,-999.6894286012694
1.6943000000000001,-999.6902481651354
1.6959666666666668,-999.6909839099696
1.6976333333333333,-999.6916358357722
1.6993,-999.692203942543
1.7009666666666667,-999.6927115133464
1.7026333333333334,-999.693172518021
1.7043000000000001,-999.6936195528571
1.7059666666666669,-999.6940665876931
1.7076333333333333,-999.6945089659163
1.7093,-999.6949513441394
1.7109833333333335,-999.695375095911
1.71265,-999.6957662513926
1.7143166666666667,-999.6961294671968
1.7159833333333334,-999.6964787131625
1.7176500000000001,-999.6968419289667
1.7193166666666668,-999.6972563675126
1.7209833333333333,-999.6977592817032
1.72265,-999.6983832678285
1.7243166666666667,-999.6991376391143
1.7259833333333334,-999.6999991124961
1.7276500000000001,-999.7009257784583
1.7293166666666668,-999.7018664142591
1.7309833333333333,-999.7027558273182
1.73265,-999.7035474515071
1.7343166666666667,-999.7042273169869
1.7359833333333334,-999.7047954237577
1.7376500000000001,-999.7052890247224
1.7393166666666668,-999.7057453727842
1.7409833333333333,-999.7061924076203
1.7426666666666668,-999.7066534122948
1.7443333333333335,-999.7071051037437
1.746,-999.7075241989025
1.7476666666666667,-999.7078827580939
1.7493333333333334,-999.708143528415
1.7510000000000001,-999.7083111664784
1.7526666666666668,-999.7083949855103
1.7543333333333335,-999.7084229251875
1.756,-999.7084229251875
1.7576666666666667,-999.7084275818004
1.7593333333333334,-999.7084694913162
1.7610000000000001,-999.7085626235737
1.7626666666666668,-999.7087162917986
1.7643333333333333,-999.7089304959909
1.766,-999.7092005795377
1.7676666666666667,-999.7095125726003
1.7693333333333334,-999.7098571619531
1.7710000000000001,-999.710229690983
1.7726833333333334,-999.7106301596904
1.77435,-999.7110771945264
1.7760166666666668,-999.7115940785555
1.7776833333333335,-999.7121761551649
1.77935,-999.7128234243546
1.7810166666666667,-999.7135032898344
1.7826833333333334,-999.714187811927
1.78435,-999.7148537075682
1.7860166666666668,-999.7154823503064
1.7876833333333335,-999.7160737401415
1.78935,-999.716613907235
1.7910166666666667,-999.7170935383612
1.7926833333333334,-999.7175079769071
1.7943500000000001,-999.7178246265826
1.7960166666666668,-999.7180434873877
1.7976833333333335,-999.7181645593225
1.79935,-999.7182018122255
1.8010333333333335,-999.7182018122255
1.8027000000000002,-999.7182297519028
1.8043666666666667,-999.7183554804503
1.8060333333333334,-999.7186302206101
1.8077,-999.7190819120589
1.8093666666666668,-999.7196965849585
1.8110333333333335,-999.720423016567
1.8127,-999.7211773878528
1.8143666666666667,-999.7218851930098
1.8160333333333334,-999.7224672696192
1.8177,-999.722886364778
1.8193666666666668,-999.7231331652604
1.8210333333333335,-999.7232402673565
1.8227,-999.7232495805822
1.8243666666666667,-999.7232309541307
1.8260333333333334,-999.7232309541307
1.8277,-999.7232914900982
1.8293666666666668,-999.7234311884844
1.83105,-999.7236360794509
1.8327166666666668,-999.7238968497719
1.8343833333333335,-999.7241948729959
1.8360500000000002,-999.7245022094457
1.8377166666666667,-999.7247955760569
1.8393833333333334,-999.725051689765
1.84105,-999.7252565807315
1.8427166666666668,-999.7254102489563
1.8443833333333335,-999.7255220076654
1.8460500000000002,-999.7256151399229
1.8477166666666667,-999.7257175854062
1.8493833333333334,-999.7258526271795
1.85105,-999.7260342350817
1.8527166666666668,-999.7262717223383
1.8543833333333335,-999.7265604323366
1.8560500000000002,-999.7268910518507
1.8577166666666667,-999.7272449544292
1.8593833333333334,-999.7276081702335
1.8610666666666666,-999.7279481029734
1.8627333333333334,-999.7282321563588
1.8644,-999.7284230774867
1.8660666666666668,-999.7285162097442
1.8677333333333335,-999.7285162097442
1.8694000000000002,-999.7284696436154
1.8710666666666667,-999.7284184208738
1.8727333333333334,-999.728413764261
1.8744,-999.7284975832927
1.8760666666666668,-999.7286838478077
1.8777333333333335,-999.7289772144188
1.8794000000000002,-999.7293544000617
1.8810666666666667,-999.7297828084462
1.8827333333333334,-999.7302438131209
1.8844,-999.7307141310213
1.8860666666666668,-999.7311937621474
1.8877333333333335,-999.7316827064993
1.8894166666666667,-999.732180964077
1.8910833333333334,-999.732702504719
1.8927500000000002,-999.7332519850382
1.8944166666666669,-999.7338154351962
1.8960833333333333,-999.7343695721283
1.89775,-999.7348817995446
1.8994166666666668,-999.735314864542
1.9010833333333335,-999.735650140669
1.9027500000000002,-999.7358876279256
1.9044166666666669,-999.7360412961506
1.9060833333333334,-999.7361390850209
1.90775,-999.7361996209883
1.9094166666666668,-999.7362368738914
1.9110833333333335,-999.73625084373
1.9127500000000002,-999.7362275606656
1.9144166666666667,-999.7361670246981
1.9160833333333334,-999.7360878622793
1.91775,-999.7360086998605
1.9194333333333333,-999.7359714469575
1.9211,-999.7360086998605
1.9227666666666667,-999.7361577114724
1.9244333333333334,-999.7364277950192
1.9261000000000001,-999.7368142938878
1.9277666666666669,-999.7372846117883
1.9294333333333333,-999.7378108090431
1.9311,-999.7383416629109
1.9327666666666667,-999.73885854694
1.9344333333333334,-999.7393381780662
1.9361000000000002,-999.7397712430636
1.9377666666666669,-999.7401530853194
1.9394333333333333,-999.7404790482207
1.9411,-999.7407444751545
1.9427666666666668,-999.7409493661211
1.9444333333333335,-999.7410983777331
1.9461000000000002,-999.7411915099906
1.9477833333333334,-999.7412287628936
1.9494500000000001,-999.741214793055
1.9511166666666668,-999.7411635703133
1.9527833333333335,-999.7410983777331
1.95445,-999.7410564682172
1.9561166666666667,-999.7410750946686
1.9577833333333334,-999.7411868533777
1.9594500000000001,-999.7414150274086
1.9611166666666668,-999.7417503035356
1.9627833333333333,-999.7421693986944
1.96445,-999.7426443732077
1.9661166666666667,-999.7431379741724
1.9677833333333334,-999.7435989788471
1.9694500000000001,-999.74400876078
1.9711166666666669,-999.7443393802943
1.9727833333333333,-999.7445908373895
1.97445,-999.7447631320659
1.9761166666666667,-999.7448748907749
1.9778,-999.7449400833551
1.9794666666666667,-999.7449680230324
1.9811333333333334,-999.744981992871
1.9828000000000001,-999.7449866494838
1.9844666666666668,-999.7450006193226
1.9861333333333335,-999.7450425288384
1.9878,-999.7451356610959
1.9894666666666667,-999.745284672708
1.9911333333333334,-999.7454895636745
1.9928000000000001,-999.7457363641569
1.9944666666666668,-999.7460017910907
1.9961333333333335,-999.7462439349603
1.9978,-999.7464301994752
1.9994666666666667,-999.74655127141
2.001133333333333,-999.7466024941516
2.0028,-999.7466164639902
2.0044833333333334,-999.7466164639902
2.00615,-999.7466490602803
2.007816666666667,-999.7467468491508
2.0094833333333333,-999.7469331136657
2.01115,-999.7472031972126
2.0128166666666667,-999.7475338167267
2.0144833333333336,-999.7478970325309
2.01615,-999.7482416218837
2.0178166666666666,-999.7485396451077
2.0194833333333335,-999.7487817889772
2.02115,-999.7489820233309
2.022816666666667,-999.7491729444588
2.0244833333333334,-999.7493778354252
2.02615,-999.7496153226818
2.027816666666667,-999.7498807496158
2.0294833333333333,-999.7501508331626
2.0311500000000002,-999.7503929770321
2.0328166666666667,-999.7505885547728
2.0344833333333336,-999.7507142833205
2.036166666666667,-999.7507794759007
2.0378333333333334,-999.750802758965
2.0395000000000003,-999.7508074155779
2.041166666666667,-999.7508306986423
2.0428333333333333,-999.7509052044484
2.0445,-999.7510449028346
2.0461666666666667,-999.751254450414
2.0478333333333336,-999.7515198773478
2.0495,-999.7518085873461
2.0511666666666666,-999.7520972973444
2.0528333333333335,-999.7523627242783
2.0545,-999.7525955549221
2.056166666666667,-999.7528004458885
2.0578333333333334,-999.7529960236293
2.0595,-999.7532055712087
2.061166666666667,-999.7534430584653
2.0628333333333333,-999.7537224552378
2.0645000000000002,-999.7540484181392
2.0661666666666667,-999.7544023207176
2.06785,-999.7547748497477
2.069516666666667,-999.7551380655519
2.0711833333333334,-999.7554593718403
2.0728500000000003,-999.7557247987742
2.074516666666667,-999.7559157199021
2.0761833333333333,-999.7560461050626
2.07785,-999.7561206108686
2.0795166666666667,-999.7561671769973
2.0811833333333336,-999.7562230563518
2.08285,-999.7563068753836
2.0845166666666666,-999.7564652002213
2.0861833333333335,-999.7567120007037
2.08785,-999.7570659032823
2.089516666666667,-999.7575175947312
2.0911833333333334,-999.7580251655346
2.0928500000000003,-999.7585234231123
2.094516666666667,-999.7589564881097
2.0962,-999.7592731377852
2.0978666666666665,-999.7594594023002
2.0995333333333335,-999.759538564719
2.1012,-999.7595339081062
2.102866666666667,-999.7594919985903
2.1045333333333334,-999.7594361192358
2.1062000000000003,-999.7593709266555
2.1078666666666668,-999.7592964208495
2.1095333333333333,-999.7591986319792
2.1112,-999.7590589335929
2.1128666666666667,-999.7588586992392
2.1145333333333336,-999.7585932723053
2.1162,-999.758271966017
2.1178666666666666,-999.7579273766642
2.1195333333333335,-999.7576014137629
2.1212,-999.7573546132805
2.122866666666667,-999.7572428545716
2.12455,-999.7573173603776
2.1262166666666666,-999.7576014137629
2.1278833333333336,-999.7580996713406
2.12955,-999.7587609103689
2.131216666666667,-999.7595199382675
2.1328833333333335,-999.7602975926177
2.13455,-999.7610147110005
2.136216666666667,-999.761634040513
2.1378833333333334,-999.7621509245421
2.1395500000000003,-999.7625933027653
2.1412166666666668,-999.7629891148596
2.1428833333333333,-999.7633709571154
2.14455,-999.7637527993711
2.1462166666666667,-999.764129985014
2.1478833333333336,-999.7644932008183
2.14955,-999.7648191637196
2.1512166666666666,-999.7650939038792
2.1528833333333335,-999.7652941382329
2.1545666666666667,-999.7654291800062
2.1562333333333332,-999.7655036858123
2.1579,-999.7655316254895
2.1595666666666666,-999.7655409387153
2.1612333333333336,-999.7655455953281
2.1629,-999.7655595651668
2.164566666666667,-999.7656014746826
2.1662333333333335,-999.7656899503272
2.1679,-999.765848275165
2.169566666666667,-999.7660997322603
2.1712333333333333,-999.7664629480645
2.1729000000000003,-999.7669192961263
2.1745666666666668,-999.7674315235425
2.1762333333333332,-999.7679390943459
2.1779,-999.7683721593434
2.1795666666666667,-999.7686748391802
2.1812333333333336,-999.7688191941794
2.1829,-999.7688191941794
2.1845833333333333,-999.7687260619219
2.1862500000000002,-999.7686003333743
2.1879166666666667,-999.768497887891
2.1895833333333337,-999.7684559783752
2.19125,-999.7684746048267
2.1929166666666666,-999.768535140794
2.1945833333333336,-999.7685956767614
2.19625,-999.7686096466
2.197916666666667,-999.7685444540198
2.1995833333333334,-999.7683907857948
2.20125,-999.7681672683768
2.202916666666667,-999.7679158112816
2.2045833333333333,-999.7676876372507
2.2062500000000003,-999.7675572520902
2.2079166666666667,-999.7675619087031
2.2095833333333332,-999.7677295467666
2.21125,-999.7680461964421
2.2129166666666666,-999.7684746048267
2.2146,-999.7689542359528
2.216266666666667,-999.7694198972404
2.2179333333333333,-999.769806396109
2.2196000000000002,-999.7700811362686
2.2212666666666667,-999.7702394611064
2.2229333333333336,-999.7703139669123
2.2246,-999.7703465632025
2.2262666666666666,-999.7703931293313
2.2279333333333335,-999.7704862615888
2.2296,-999.7706306165879
2.231266666666667,-999.7708215377157
2.2329333333333334,-999.771035741908
2.2346,-999.7712452894874
2.236266666666667,-999.7714362106153
2.2379333333333333,-999.7716038486788
2.2396000000000003,-999.7717575169037
2.2412666666666667,-999.7719111851286
2.24295,-999.7720927930307
2.244616666666667,-999.7723069972229
2.2462833333333334,-999.7725537977053
2.24795,-999.7728238812521
2.249616666666667,-999.7731079346376
2.2512833333333333,-999.7733826747972
2.2529500000000002,-999.7736527583439
2.2546166666666667,-999.7739135286649
2.2562833333333336,-999.7741789555988
2.25795,-999.7744583523713
2.2596166666666666,-999.7747470623696
2.2612833333333335,-999.7750404289808
2.26295,-999.7753011993018
2.264616666666667,-999.7755060902682
2.2662833333333334,-999.7756178489773
2.26795,-999.775627162203
2.269616666666667,-999.7755340299456
2.2713,-999.7753617352691
2.2729666666666666,-999.775142874464
2.2746333333333335,-999.7749240136588
2.2763,-999.7747377491438
2.277966666666667,-999.7746073639834
2.2796333333333334,-999.7745375147903
2.2813000000000003,-999.7745188883387
2.282966666666667,-999.7745421714031
2.2846333333333333,-999.7745980507576
2.2863,-999.7746911830151
2.2879666666666667,-999.7748215681756
2.2896333333333336,-999.7749985194648
2.2913,-999.7752266934957
2.2929666666666666,-999.7755060902682
2.2946333333333335,-999.7758134267181
2.296316666666667,-999.7761347330064
2.2979833333333333,-999.7764560392948
2.29965,-999.7767726889704
2.3013166666666667,-999.7770800254201
2.3029833333333336,-999.7773920184827
2.30465,-999.7776993549325
2.3063166666666666,-999.7779973781566
2.3079833333333335,-999.7782628050904
2.30965,-999.7784444129926
2.311316666666667,-999.77850494896
2.3129833333333334,-999.7784025034766
2.3146500000000003,-999.778127763317
2.316316666666667,-999.7777086681582
2.3179833333333333,-999.7772104105806
2.31965,-999.7767400926803
2.3213166666666667,-999.7764001599403
2.3229833333333336,-999.7762790880056
2.32465,-999.7764234430047
2.3263166666666666,-999.7768332249377
2.3279833333333335,-999.7774385846114
2.3296666666666668,-999.7781603596071
2.3313333333333333,-999.7788914478285
2.333,-999.7795387170182
2.3346666666666667,-999.7800509444345
2.3363333333333336,-999.7804001904002
2.338,-999.7805817983023
2.3396666666666666,-999.780628364431
2.3413333333333335,-999.7805817983023
2.343,-999.7804886660448
2.344666666666667,-999.7803862205615
2.3463333333333334,-999.7803070581426
2.3480000000000003,-999.7802791184654
2.349666666666667,-999.7803024015298
2.3513333333333333,-999.7803769073357
2.353,-999.7804979792705
2.3546666666666667,-999.7806469908826
2.3563333333333336,-999.7808239421718
2.358,-999.7810148632997
2.3596666666666666,-999.7812057844276
2.3613500000000003,-999.781378079104
2.3630166666666668,-999.7815224341031
2.3646833333333332,-999.7816248795864
2.36635,-999.7816854155537
2.3680166666666667,-999.781713355231
2.3696833333333336,-999.7817086986181
2.37135,-999.7816900721666
2.373016666666667,-999.7816714457151
2.3746833333333335,-999.7816667891022
2.37635,-999.7816854155537
2.378016666666667,-999.7817273250696
2.3796833333333334,-999.7817832044241
2.3813500000000003,-999.7818344271657
2.383016666666667,-999.7818670234559
2.3846833333333333,-999.781862366843
2.38635,-999.7818297705528
2.3880333333333335,-999.781787861037
2.3897,-999.7817645779726
2.391366666666667,-999.7817832044241
2.3930333333333333,-999.7818437403914
2.3947000000000003,-999.7819508424876
2.3963666666666668,-999.7820812276481
2.3980333333333332,-999.7822116128086
2.3997,-999.7823419979691
2.4013666666666666,-999.7824770397425
2.4030333333333336,-999.7826260513546
2.4047,-999.7828216290952
2.406366666666667,-999.7830730861905
2.4080333333333335,-999.7833757660275
2.4097,-999.7837110421544
2.411366666666667,-999.7840556315072
2.4130333333333334,-999.7843676245699
2.4147000000000003,-999.7846190816651
2.4163666666666668,-999.7847820631157
2.4180333333333333,-999.7848425990832
2.419716666666667,-999.7848193160188
2.4213833333333334,-999.7847401535998
2.42305,-999.7846283948909
2.424716666666667,-999.7845306060204
2.4263833333333333,-999.7844607568273
2.4280500000000003,-999.7844188473115
2.4297166666666667,-999.78440022086
2.4313833333333332,-999.7843815944085
2.43305,-999.7843443415055
2.4347166666666666,-999.7842744923123
2.4363833333333336,-999.7841813600548
2.43805,-999.7840696013459
2.439716666666667,-999.7839718124754
2.4413833333333335,-999.7839019632823
2.44305,-999.7838879934437
2.444716666666667,-999.7839345595725
2.4463833333333334,-999.7840370050557
2.4480500000000003,-999.7841860166677
2.4497333333333335,-999.7843583113441
2.4514,-999.7845352626333
2.453066666666667,-999.784698244084
2.4547333333333334,-999.7848332858574
2.4564,-999.7849450445664
2.458066666666667,-999.7850614598883
2.4597333333333333,-999.7852058148874
2.4614000000000003,-999.785406049241
2.4630666666666667,-999.7856621629492
2.4647333333333337,-999.7859741560118
2.4664,-999.786304775526
2.4680666666666666,-999.7866353950401
2.4697333333333336,-999.7869241050383
2.4714,-999.7871289960049
2.473066666666667,-999.7872267848752
2.4747333333333335,-999.7871941885851
2.4764,-999.7870265505217
2.4780833333333336,-999.7867331839104
2.47975,-999.7863373718161
2.4814166666666666,-999.7858763671414
2.4830833333333335,-999.7854013926282
2.48475,-999.7849683276307
2.486416666666667,-999.7846470213424
2.4880833333333334,-999.7844886965046
2.48975,-999.7845212927947
2.491416666666667,-999.7847401535998
2.4930833333333333,-999.7851033694042
2.4947500000000002,-999.7855410910145
2.4964166666666667,-999.7859834692375
2.4980833333333337,-999.7863559982676
2.49975,-999.7866121119757
2.5014166666666666,-999.7867331839104
2.5030833333333335,-999.7867331839104
2.50475,-999.7866540214916
2.506416666666667,-999.7865515760084
2.5081,-999.786486383428
2.5097666666666667,-999.7865003532668
2.5114333333333336,-999.7865934855242
2.5131,-999.7867471537492
2.5147666666666666,-999.7869147918126
2.5164333333333335,-999.7870451769732
2.5181,-999.7870963997148
2.519766666666667,-999.7870405203603
2.5214333333333334,-999.7868775389096
2.5231000000000003,-999.7866260818143
2.524766666666667,-999.7863234019775
2.5264333333333333,-999.7860253787535
2.5281000000000002,-999.785783234884
2.5297666666666667,-999.7856342232719
2.5314333333333336,-999.7856062835947
2.5331,-999.7856947592393
2.5347666666666666,-999.7858996502058
2.5364333333333335,-999.7862023300427
2.538116666666667,-999.7865934855242
2.5397833333333333,-999.7870591468118
2.54145,-999.7875853440667
2.5431166666666667,-999.7881394809988
2.5447833333333336,-999.788688961318
2.54645,-999.7891872188958
2.5481166666666666,-999.7895737177644
2.5497833333333335,-999.7898205182468
2.55145,-999.7899043372785
2.553116666666667,-999.7898344880854
2.5547833333333334,-999.7896295971188
2.5564500000000003,-999.7893408871206
2.558116666666667,-999.7890195808322
2.5597833333333333,-999.7887075877696
2.5614500000000002,-999.7884514740614
2.5631166666666667,-999.7882698661593
2.5647833333333336,-999.7881627640631
2.566466666666667,-999.7881348243859
2.5681333333333334,-999.788167420676
2.5698000000000003,-999.7882558963207
2.571466666666667,-999.7883955947069
2.5731333333333333,-999.7885678893833
2.5748,-999.7887634671241
2.5764666666666667,-999.7889637014778
2.5781333333333336,-999.7891592792184
2.579816666666667,-999.7893455437335
2.5814666666666666,-999.7895224950228
2.5831500000000003,-999.7897134161507
2.5848166666666668,-999.789927620343
2.5864833333333332,-999.790188390664
2.58815,-999.7904957271137
2.5898166666666667,-999.7908449730793
2.5914833333333336,-999.7912128454965
2.59315,-999.7915481216235
2.594816666666667,-999.7918042353316
2.5964833333333335,-999.7919439337179
2.59815,-999.7919253072664
2.599816666666667,-999.7917483559771
2.6014833333333334,-999.7914363629145
2.6031500000000003,-999.7910312375943
2.604816666666667,-999.7905981725969
2.6064833333333333,-999.7902163303412
2.60815,-999.7899602166331
2.6098166666666667,-999.7898717409884
2.6114833333333336,-999.7899834996974
2.61315,-999.7902628964699
2.614816666666667,-999.7906587085644
2.6164833333333335,-999.7911010867874
2.61815,-999.7915201819462
2.619816666666667,-999.791864771299
2.6214833333333334,-999.7921069151685
2.6231500000000003,-999.7922512701676
2.6248333333333336,-999.7923257759736
2.6265,-999.7923583722637
2.628166666666667,-999.7923676854896
2.6298333333333335,-999.7923583722637
2.6315,-999.7923211193607
2.633166666666667,-999.7922279871033
2.6348333333333334,-999.7920556924269
2.6365000000000003,-999.7917856088801
2.6381666666666668,-999.791417736463
2.6398333333333333,-999.7909800148527
2.6415,-999.7905050403394
2.6431666666666667,-999.7900580055034
2.6448333333333336,-999.789699446312
2.6465,-999.7894898987327
2.648166666666667,-999.7894666156683
2.6498333333333335,-999.7896342537317
2.6515,-999.7899788430846
2.653166666666667,-999.7904584742107
2.65485,-999.7910265809815
2.6565166666666666,-999.7916226274294
2.6581833333333336,-999.7922093606518
2.65985,-999.7927448711324
2.661516666666667,-999.7931919059685
2.6631833333333335,-999.793541151934
2.66485,-999.7937926090293
2.666516666666667,-999.79395559048
2.6681833333333334,-999.7940673491889
2.6698500000000003,-999.7941604814465
2.6715166666666668,-999.7942582703168
2.6731833333333332,-999.7943700290259
2.674866666666667,-999.7944864443477
2.6765333333333334,-999.7945749199924
2.6782,-999.7945935464439
2.679866666666667,-999.7945050707992
2.6815333333333333,-999.7942955232198
2.6832000000000003,-999.7939835301572
2.6848666666666667,-999.793620314353
2.6865333333333337,-999.7932757250002
2.6882,-999.7930242679049
2.6898666666666666,-999.7929218224217
2.6915333333333336,-999.7930009848405
2.6932,-999.7932431287101
2.694866666666667,-999.7936063445144
2.6965333333333334,-999.7940347528988
2.6982,-999.7944538480576
2.699866666666667,-999.7948030940233
2.7015333333333333,-999.7950405812799
2.7032000000000003,-999.7951616532147
2.7048666666666668,-999.7951709664404
2.7065333333333337,-999.7951011172473
2.7082,-999.7949847019254
2.7098666666666666,-999.7948543167649
2.7115333333333336,-999.7947285882173
2.713216666666667,-999.7946121728954
2.7148833333333333,-999.7945004141864
2.7165500000000002,-999.7943839988645
2.7182166666666667,-999.7942443004782
2.7198833333333337,-999.7940813190277
2.72155,-999.7939323074156
2.7232166666666666,-999.7938298619324
2.7248833333333335,-999.7938252053195
2.72655,-999.7939509338671
2.728216666666667,-999.7942117041881
2.7298833333333334,-999.7945702633796
2.73155,-999.7949707320868
2.733216666666667,-999.795338604504
2.7348833333333333,-999.7956133446636
2.7365500000000003,-999.7957530430498
2.7382166666666667,-999.7957390732112
2.7398833333333337,-999.795599374825
2.74155,-999.7953665441812
2.7432333333333334,-999.7950824907958
2.7449000000000003,-999.7947937807975
2.746566666666667,-999.7945376670893
2.7482333333333333,-999.7943420893487
2.7499000000000002,-999.7942210174139
2.7515666666666667,-999.7941837645109
2.7532333333333336,-999.7942210174139
2.7549,-999.7943188062843
2.7565666666666666,-999.7944631612834
2.7582333333333335,-999.7946354559598
2.7599,-999.7948030940233
2.761566666666667,-999.7949567622481
2.7632333333333334,-999.795077834183
2.7649,-999.7951616532147
2.766566666666667,-999.7952268457949
2.7682333333333333,-999.7952966949881
2.7699000000000003,-999.7954037970842
2.7715666666666667,-999.7955760917606
2.77325,-999.795822892243
2.774916666666667,-999.7961395419185
2.7765833333333334,-999.7965027577227
2.7782500000000003,-999.7968799433656
2.779916666666667,-999.7972291893312
2.7815833333333333,-999.7975178993296
2.7832500000000002,-999.7977274469089
2.7849166666666667,-999.7978485188437
2.7865833333333336,-999.7978811151338
2.78825,-999.7978438622308
2.7899166666666666,-999.797764699812
2.7915833333333335,-999.7976669109415
2.79325,-999.7975691220712
2.794916666666667,-999.7974666765879
2.7965833333333334,-999.797350261266
2.7982500000000003,-999.797201249654
2.799916666666667,-999.7970289549777
2.8016,-999.7968473470755
2.803266666666667,-999.796679709012
2.8049333333333335,-999.7965493238515
2.8066,-999.7964794746583
2.808266666666667,-999.7964841312712
2.8099333333333334,-999.7965539804644
2.8116000000000003,-999.7966890222377
2.813266666666667,-999.796865973527
2.8149333333333333,-999.7970662078807
2.8166,-999.7972617856215
2.8182666666666667,-999.7974340802978
2.8199333333333336,-999.7975644654583
2.8216,-999.7976575977158
2.8232666666666666,-999.797722790296
2.8249333333333335,-999.7977693564249
2.8266,-999.7978112659407
2.828266666666667,-999.797839205618
2.8299333333333334,-999.7978438622308
2.8316166666666667,-999.797801952715
2.8332833333333336,-999.7977041638445
2.83495,-999.7975318691682
2.836616666666667,-999.7973036951373
2.8382833333333335,-999.7970568946549
2.83995,-999.7968333772369
2.841616666666667,-999.7966983354635
2.8432833333333334,-999.7966890222377
2.8449500000000003,-999.7968147507854
2.846616666666667,-999.7970708644935
2.8482833333333333,-999.7974061406205
2.84995,-999.7977740130377
2.8516166666666667,-999.7981139457776
2.8532833333333336,-999.7983933425501
2.85495,-999.7985935769037
2.8566166666666666,-999.7987099922257
2.8582833333333335,-999.7987612149673
2.8599666666666668,-999.798770528193
2.8616333333333333,-999.7987612149673
2.8633,-999.7987612149673
2.8649666666666667,-999.7987798414188
2.8666333333333336,-999.7988031244831
2.8683,-999.7988217509346
2.869966666666667,-999.7988124377089
2.8716333333333335,-999.7987472451287
2.8733,-999.7986308298067
2.874966666666667,-999.7984585351303
2.8766333333333334,-999.7982443309381
2.8783000000000003,-999.7980021870686
2.879966666666667,-999.7977460733605
2.8816333333333333,-999.7974806464265
2.8833,-999.797201249654
2.8849666666666667,-999.7969311661072
2.88665,-999.796679709012
2.888316666666667,-999.7964841312712
2.8899833333333333,-999.7963584027236
2.8916500000000003,-999.7963304630464
2.8933166666666668,-999.7963909990137
2.8949833333333337,-999.7965260407872
2.89665,-999.7967029920763
2.8983166666666667,-999.7968939132043
2.8999833333333336,-999.7970755211064
2.90165,-999.797238502557
2.903316666666667,-999.7973828575562
2.9049833333333335,-999.7975132427167
2.90665,-999.7976343146514
2.908316666666667,-999.7977367601347
2.9099833333333334,-999.7978205791665
2.9116500000000003,-999.7978671452952
2.9133166666666668,-999.7978578320694
2.9149833333333333,-999.7977926394892
2.91665,-999.7976622543287
2.9183166666666667,-999.7974853030394
2.92,-999.7972757554601
2.921666666666667,-999.7970615512678
2.9233333333333333,-999.7968566603013
2.9250000000000003,-999.7966890222377
2.9266666666666667,-999.796567950303
2.9283333333333337,-999.7965120709486
2.93,-999.7965213841743
2.9316666666666666,-999.7966005465931
2.9333333333333336,-999.7967262751407
2.935,-999.796865973527
2.936666666666667,-999.7969963586875
2.9383333333333335,-999.7970708644935
2.94,-999.7970848343322
2.941666666666667,-999.7970429248163
2.9433333333333334,-999.796977732236
2.9450000000000003,-999.796940479333
2.9466666666666668,-999.7969684190102
2.94835,-999.797089490945
2.950016666666667,-999.7972990385244
2.9516833333333334,-999.7975737786841
2.95335,-999.7978811151338
2.955016666666667,-999.7981744817449
2.9566833333333333,-999.7984166256144
2.9583500000000003,-999.7985796070651
2.9600166666666667,-999.7986494562582
2.9616833333333337,-999.7986447996453
2.96335,-999.798584263678
2.9650166666666666,-999.7985051012591
2.9666833333333336,-999.7984538785174
2.96835,-999.7984538785174
2.970016666666667,-999.7985283843235
2.9716833333333335,-999.7986680827097
2.97335,-999.7988590038376
2.975016666666667,-999.799068551417
2.9767,-999.7992687857707
2.9783666666666666,-999.7994410804471
2.9800333333333335,-999.7995854354461
2.9817,-999.7997018507681
2.983366666666667,-999.7997856697998
2.9850333333333334,-999.7998368925414
2.9867000000000004,-999.7998229227028
2.988366666666667,-999.799706507381
2.9900333333333333,-999.7994690201243
2.9917000000000002,-999.7991011477071
2.9933666666666667,-999.7986261731938
2.9950333333333337,-999.7980766928746
2.9967,-999.7975178993296
2.9983666666666666,-999.7970010153005
3.0000333333333336,-999.7965819201416
3.0017,-999.7962838969177
3.003366666666667,-999.7961162588541
3.0050333333333334,-999.7960696927254
3.0067166666666667,-999.7961348853056
3.0083833333333336,-999.7962792403048
3.01005,-999.7964655048197
3.0117166666666666,-999.7966657391734
3.0133833333333335,-999.7968380338498
3.01505,-999.7969544491716
3.016716666666667,-999.7969963586875
3.0183833333333334,-999.7969637623974
3.0200500000000003,-999.7968706301399
3.021716666666667,-999.7967402449793
3.0233833333333333,-999.796605203206
3.0250500000000002,-999.796493444497
3.0267166666666667,-999.7964375651425
3.0283833333333336,-999.7964422217553
3.03005,-999.796493444497
3.0317166666666666,-999.7965772635288
3.0333833333333335,-999.7966657391734
3.03505,-999.7967309317536
3.0367333333333333,-999.7967635280438
3.0384,-999.7967635280438
3.0400666666666667,-999.7967542148181
3.0417333333333336,-999.7967542148181
3.0434,-999.7967961243339
3.045066666666667,-999.79690322643
3.0467333333333335,-999.7970988041708
3.0484,-999.7973828575562
3.050066666666667,-999.7977321035219
3.0517333333333334,-999.7981092891647
3.0534000000000003,-999.7984445652917
3.055066666666667,-999.7986960223869
3.0567333333333333,-999.7988264075475
3.0584000000000002,-999.7988310641604
3.0600833333333335,-999.7987239620643
3.0617333333333336,-999.7985423541621
3.063416666666667,-999.7983141801312
3.0650666666666666,-999.7980860061003
3.0667500000000003,-999.7978857717467
3.068416666666667,-999.7977553865862
3.0700833333333333,-999.7977134770703
3.07175,-999.7977553865862
3.0734166666666667,-999.7978671452952
3.0750833333333336,-999.7980068436815
3.07675,-999.7981279156162
3.078416666666667,-999.7981977648093
3.0800833333333335,-999.7981791383578
3.08175,-999.7980673796488
3.083416666666667,-999.7978764585209
3.0850833333333334,-999.7976296580385
3.0867500000000003,-999.7973735443304
3.088416666666667,-999.7971407136866
3.0900833333333333,-999.7969637623974
3.09175,-999.7968706301399
3.0934333333333335,-999.7968520036884
3.0951,-999.7969125396558
3.096766666666667,-999.7970289549777
3.0984333333333334,-999.7971872798154
3.1001000000000003,-999.7973735443304
3.101766666666667,-999.7975691220712
3.1034333333333333,-999.7977600431991
3.1051,-999.7979323378754
3.1067666666666667,-999.7980580664231
3.1084333333333336,-999.7981279156162
3.1101,-999.7981279156162
3.111766666666667,-999.7980534098102
3.1134333333333335,-999.7979183680368
3.1151,-999.7977507299734
3.116766666666667,-999.7975877485227
3.1184333333333334,-999.7974573633621
3.1201000000000003,-999.7974014840077
3.121766666666667,-999.7974294236849
3.12345,-999.7975691220712
3.125116666666667,-999.7978066093278
3.1267833333333335,-999.7981325722291
3.12845,-999.7985051012591
3.130116666666667,-999.7988776302891
3.1317833333333334,-999.7991942799646
3.1334500000000003,-999.7994224539955
3.1351166666666668,-999.7995435259303
3.1367833333333337,-999.7995668089947
3.13845,-999.7995202428659
3.1401166666666667,-999.7994410804471
3.1417833333333336,-999.7993572614153
3.14345,-999.7992874122222
3.145116666666667,-999.7992455027063
3.1467833333333335,-999.7992268762548
3.14845,-999.7992268762548
3.150116666666667,-999.7992361894806
3.1517833333333334,-999.7992361894806
3.1534666666666666,-999.7991989365776
3.1551333333333336,-999.7991011477071
3.1568,-999.7989241964178
3.158466666666667,-999.7986727393226
3.1601333333333335,-999.7983700594857
3.1618,-999.7980487531973
3.163466666666667,-999.7977414167476
3.1651333333333334,-999.7974806464265
3.1668000000000003,-999.7973036951373
3.1684666666666668,-999.7972291893312
3.1701333333333337,-999.7972757554601
3.1718,-999.7974340802978
3.1734666666666667,-999.797685537393
3.1751333333333336,-999.79798821723
3.176816666666667,-999.7983048669055
3.178466666666667,-999.7985796070651
3.1801500000000003,-999.7987798414188
3.1818166666666667,-999.7988869435148
3.1834833333333337,-999.7989009133535
3.18515,-999.7988357207732
3.1868166666666666,-999.7987239620643
3.1884833333333336,-999.7985935769037
3.19015,-999.798472504969
3.191816666666667,-999.7983654028728
3.1934833333333335,-999.7982722706154
3.19515,-999.7981931081964
3.196816666666667,-999.7981186023904
3.1984833333333333,-999.7980487531973
3.2001500000000003,-999.79798821723
3.2018166666666668,-999.7979509643269
3.2034833333333337,-999.7979323378754
3.20515,-999.7979323378754
3.2068166666666666,-999.797946307714
3.2084833333333336,-999.7979742473914
3.210166666666667,-999.7980115002944
3.211816666666667,-999.7980580664231
3.2135000000000002,-999.7981139457776
3.2151666666666667,-999.7981837949707
3.2168333333333337,-999.7982583007768
3.2185,-999.7983281499698
3.2201666666666666,-999.7984026557758
3.2218333333333335,-999.7984771615819
3.2235,-999.7985563240007
3.225166666666667,-999.7986401430325
3.2268333333333334,-999.7987193054514
3.2285000000000004,-999.7987844980316
3.230166666666667,-999.7988310641604
3.2318333333333333,-999.7988357207732
3.2335000000000003,-999.7987798414188
3.2351666666666667,-999.7986447996453
3.2368333333333337,-999.7984073123887
3.2385,-999.7980720362617
3.2401833333333334,-999.79764828449
3.2418333333333336,-999.7971779665896
3.243516666666667,-999.796716961915
3.2451833333333333,-999.7963118365949
3.2468500000000002,-999.7960091567579
3.2485166666666667,-999.7958415186945
3.2501833333333336,-999.7958135790172
3.25185,-999.7959113678876
3.2535166666666666,-999.7961116022412
3.2551833333333335,-999.7963770291751
3.25685,-999.7966703957862
3.258516666666667,-999.7969497925587
3.2601833333333334,-999.7971965930411
3.2618500000000004,-999.7973828575562
3.2635333333333336,-999.7975085861038
3.2651833333333333,-999.7975691220712
3.266866666666667,-999.7975737786841
3.2685166666666667,-999.7975318691682
3.2702,-999.7974759898136
3.27185,-999.7974294236849
3.2735333333333334,-999.7974014840077
3.2752000000000003,-999.7974014840077
3.276866666666667,-999.7974061406205
3.2785333333333333,-999.7973921707819
3.2802000000000002,-999.7973595744918
3.2818666666666667,-999.7973083517502
3.2835333333333336,-999.7972571290086
3.2852,-999.7972245327184
3.2868666666666666,-999.7972245327184
3.2885333333333335,-999.7972617856215
3.2902,-999.797350261266
3.291866666666667,-999.7974806464265
3.2935333333333334,-999.7976575977158
3.2952000000000004,-999.7978671452952
3.296866666666667,-999.7980906627132
3.2985333333333333,-999.7983002102926
3.300216666666667,-999.7984631917433
3.3018833333333335,-999.7985563240007
3.30355,-999.7985563240007
3.305216666666667,-999.7984771615819
3.3068833333333334,-999.798323493357
3.3085500000000003,-999.7981418854548
3.310216666666667,-999.7979695907784
3.3118833333333333,-999.7978485188437
3.31355,-999.797801952715
3.3152166666666667,-999.7978438622308
3.3168833333333336,-999.7979602775526
3.31855,-999.7981186023904
3.320216666666667,-999.7982908970669
3.3218833333333335,-999.7984399086788
3.32355,-999.798547010775
3.325216666666667,-999.7986122033552
3.3268833333333334,-999.7986494562582
3.3285500000000003,-999.7986727393226
3.3302333333333336,-999.7986913657741
3.3319,-999.7987006789998
3.333566666666667,-999.7987006789998
3.3352333333333335,-999.7986727393226
3.3369,-999.7985982335166
3.338566666666667,-999.7984864748076
3.3402333333333334,-999.7983467764213
3.3419000000000003,-999.7982117346479
3.343566666666667,-999.7981046325518
3.3452333333333333,-999.7980440965845
3.3469,-999.7980440965845
3.3485666666666667,-999.7980813494875
3.3502333333333336,-999.7981418854548
3.3519,-999.7981791383578
3.353566666666667,-999.7981651685192
3.3552333333333335,-999.798062723036
3.3569166666666668,-999.7978624886823
3.358566666666667,-999.7975644654583
3.36025,-999.7971919364282
3.3619166666666667,-999.7967821544953
3.3635833333333336,-999.796381685788
3.36525,-999.7960370964353
3.366916666666667,-999.7957949525658
3.3685833333333335,-999.7956785372438
3.37025,-999.7956831938567
3.371916666666667,-999.7957902959529
3.3735833333333334,-999.7959765604678
3.3752500000000003,-999.7962093911116
3.376916666666667,-999.7964794746583
3.3785833333333337,-999.7967821544953
3.38025,-999.7971034607837
3.3819166666666667,-999.7974294236849
3.3835833333333336,-999.7977274469089
3.38525,-999.7979602775526
3.386916666666667,-999.7980906627132
3.3885833333333335,-999.798099975939
3.3902666666666668,-999.7979928738429
3.3919333333333337,-999.797801952715
3.3936,-999.7975737786841
3.3952666666666667,-999.7973688877175
3.3969333333333336,-999.7972338459441
3.3986,-999.7971919364282
3.400266666666667,-999.797238502557
3.4019333333333335,-999.797350261266
3.4036,-999.797503929491
3.405266666666667,-999.797685537393
3.4069333333333334,-999.7978811151338
3.4086000000000003,-999.7980813494875
3.410266666666667,-999.7982722706154
3.4119333333333337,-999.7984492219045
3.4136,-999.7985935769037
3.4152666666666667,-999.7987053356127
3.4169500000000004,-999.7987844980316
3.4186,-999.7988357207732
3.4202833333333333,-999.7988590038376
3.4219500000000003,-999.7988590038376
3.4236166666666668,-999.7988124377089
3.4252833333333337,-999.7987193054514
3.42695,-999.7985702938394
3.4286166666666666,-999.7983654028728
3.4302833333333336,-999.7981139457776
3.43195,-999.797839205618
3.433616666666667,-999.7975551522326
3.4352833333333335,-999.7973036951373
3.43695,-999.7971034607837
3.438616666666667,-999.7969870454617
3.4402833333333334,-999.7969544491716
3.4419500000000003,-999.7970103285262
3.4436166666666668,-999.7971220872352
3.4452833333333337,-999.7972664422343
3.446966666666667,-999.7974107972334
3.4486333333333334,-999.7975365257811
3.4503000000000004,-999.7976250014257
3.451966666666667,-999.7976715675544
3.4536333333333333,-999.7976529411029
3.4553000000000003,-999.7975691220712
3.4569666666666667,-999.7974154538463
3.4586333333333337,-999.7972245327184
3.4603,-999.7970336115906
3.4619666666666666,-999.7969078830429
3.4636333333333336,-999.79690322643
3.4653,-999.797052238042
3.466966666666667,-999.797350261266
3.4686333333333335,-999.7977414167476
3.4703000000000004,-999.7981558552934
3.471966666666667,-999.7984957880334
3.47365,-999.7986960223869
3.4753000000000003,-999.7987099922257
3.4769833333333335,-999.7985423541621
3.47865,-999.7982350177124
3.480316666666667,-999.7978485188437
3.4819833333333334,-999.7974713332007
3.4836500000000004,-999.7971779665896
3.485316666666667,-999.7970336115906
3.4869833333333333,-999.7970801777193
3.4886500000000003,-999.7973130083631
3.4903166666666667,-999.7976995072316
3.4919833333333337,-999.7981884515835
3.49365,-999.7987006789998
3.4953166666666666,-999.7991616836745
3.4969833333333336,-999.7994969598016
3.49865,-999.799664597865
3.500316666666667,-999.7996320015749
3.5019833333333334,-999.7993991709311
3.5036500000000004,-999.7990126720625
3.505316666666667,-999.7985423541621
3.507,-999.798062723036
3.508666666666667,-999.7976575977158
3.5103333333333335,-999.7973921707819
3.512,-999.7972943819116
3.513666666666667,-999.7973456046532
3.5153333333333334,-999.7975132427167
3.5170000000000003,-999.797722790296
3.518666666666667,-999.7979043981982
3.5203333333333333,-999.7979975304557
3.5220000000000002,-999.7979789040043
3.5236666666666667,-999.797839205618
3.5253333333333337,-999.7976156881999
3.527,-999.7973549178789
3.5286666666666666,-999.7971314004609
3.5303333333333335,-999.7970149851391
3.532,-999.7970429248163
3.5336833333333333,-999.7972245327184
3.5353333333333334,-999.7975225559425
3.5370166666666667,-999.7978718019081
3.5386833333333336,-999.7982024214222
3.54035,-999.7984492219045
3.542016666666667,-999.7985749504522
3.5436833333333335,-999.7985656372265
3.54535,-999.7984492219045
3.547016666666667,-999.7982722706154
3.5486833333333334,-999.7980813494875
3.5503500000000003,-999.7979183680368
3.552016666666667,-999.797801952715
3.5536833333333333,-999.7977274469089
3.5553500000000002,-999.797685537393
3.5570166666666667,-999.7976529411029
3.5586833333333336,-999.7976203448128
3.56035,-999.7975877485227
3.562016666666667,-999.7975598088454
3.5637000000000003,-999.7975504956197
3.56535,-999.7975784352969
3.5670333333333337,-999.7976296580385
3.5687,-999.7976901940059
3.5703666666666667,-999.7977367601347
3.5720333333333336,-999.7977321035219
3.5737,-999.7976575977158
3.575366666666667,-999.7975178993296
3.5770333333333335,-999.7973456046532
3.5787,-999.7971826232025
3.580366666666667,-999.7970755211064
3.5820333333333334,-999.7970568946549
3.5837000000000003,-999.7971407136866
3.585366666666667,-999.7973223215888
3.5870333333333333,-999.7975691220712
3.5887000000000002,-999.7978485188437
3.5903666666666667,-999.7981139457776
3.5920333333333336,-999.7983281499698
3.593716666666667,-999.798472504969
3.595366666666667,-999.7985423541621
3.5970500000000003,-999.7985423541621
3.598716666666667,-999.7984818181948
3.6003833333333337,-999.7983747160986
3.60205,-999.7982350177124
3.6037166666666667,-999.798062723036
3.6053833333333336,-999.7978857717467
3.60705,-999.7977088204574
3.608716666666667,-999.7975598088454
3.6103833333333335,-999.7974527067493
3.61205,-999.7973968273948
3.613716666666667,-999.7973828575562
3.6153833333333334,-999.7973735443304
3.6170500000000003,-999.7973409480403
3.618716666666667,-999.797238502557
3.6203833333333333,-999.7970568946549
3.62205,-999.7968054375597
3.6237333333333335,-999.7965213841743
3.6253833333333336,-999.7962419874017
3.627066666666667,-999.7960231265967
3.6287333333333334,-999.7959020546618
3.6304000000000003,-999.795897398049
3.6320666666666668,-999.796004500145
3.6337333333333337,-999.7962047344987
3.6354,-999.7964422217553
3.6370666666666667,-999.7966610825605
3.6387333333333336,-999.7968147507854
3.6404,-999.7968706301399
3.642066666666667,-999.7968240640112
3.6437333333333335,-999.7966936788506
3.6454,-999.7965167275614
3.647066666666667,-999.7963351196593
3.6487333333333334,-999.796195421273
3.6504000000000003,-999.7961116022412
3.652066666666667,-999.7960883191769
3.65375,-999.7961116022412
3.655416666666667,-999.7961674815957
3.6570833333333335,-999.7962419874017
3.6587500000000004,-999.7963258064335
3.660416666666667,-999.7964282519167
3.6620833333333334,-999.7965493238515
3.6637500000000003,-999.7966983354635
3.6654166666666668,-999.796865973527
3.6670833333333337,-999.797019641752
3.66875,-999.7971314004609
3.6704166666666667,-999.7971593401381
3.6720833333333336,-999.7970941475579
3.67375,-999.7969265094944
3.675416666666667,-999.7966936788506
3.6770833333333335,-999.7964375651425
3.67875,-999.7962047344987
3.6804333333333337,-999.7960417530481
3.6820833333333334,-999.7959858736936
3.6837666666666666,-999.7960277832095
3.6854333333333336,-999.7961488551442
3.6871,-999.7962978667563
3.688766666666667,-999.796418938691
3.6904333333333335,-999.7964701614326
3.6921000000000004,-999.7964329085296
3.693766666666667,-999.796307179982
3.6954333333333333,-999.7961302286927
3.6971000000000003,-999.795934650952
3.6987666666666668,-999.7957670128884
3.7004333333333337,-999.7956459409537
3.7021,-999.7955667785349
3.7037666666666667,-999.795520212406
3.7054333333333336,-999.7954783028902
3.7071,-999.7954363933743
3.708766666666667,-999.7953851706327
3.7104500000000002,-999.7953339478911
3.7121000000000004,-999.7952734119236
3.7137833333333337,-999.7951895928919
3.71545,-999.7950592077315
3.7171166666666666,-999.7948496601521
3.7187833333333336,-999.7945469803151
3.72045,-999.7941465116079
3.722116666666667,-999.793657567256
3.7237833333333334,-999.7931174001625
3.7254500000000004,-999.792572576456
3.727116666666667,-999.7920743188783
3.7287833333333333,-999.7916878200098
3.7304500000000003,-999.7914689592046
3.7321166666666667,-999.7914503327531
3.7337833333333337,-999.7916272840424
3.73545,-999.7919672167823
3.7371166666666666,-999.7924095950054
3.7387833333333336,-999.7928705996801
3.740466666666667,-999.7932850382259
3.742116666666667,-999.7936156577401
3.7438000000000002,-999.7938345185453
3.7454666666666667,-999.7939602470929
3.7471333333333336,-999.7940114698345
3.7488,-999.7940161264473
3.750466666666667,-999.7939881867701
3.7521333333333335,-999.7939276508027
3.7538,-999.7938298619324
3.755466666666667,-999.7936761937075
3.7571333333333334,-999.7934480196766
3.7588000000000004,-999.7931453398397
3.760466666666667,-999.792796093874
3.7621333333333333,-999.7924421912955
3.7638000000000003,-999.7921488246844
3.7654666666666667,-999.7919625601694
3.76715,-999.7919113374278
3.7688,-999.7919951564595
3.7704833333333334,-999.7921860775874
3.7721500000000003,-999.7924468479084
3.773816666666667,-999.7927169314552
3.7754833333333333,-999.7929683885504
3.7771500000000002,-999.793173279517
3.7788166666666667,-999.7933362609676
3.7804833333333336,-999.7934619895152
3.78215,-999.7935504651598
3.783816666666667,-999.7935923746758
3.7854833333333335,-999.7935551217727
3.78715,-999.7934247366122
3.788816666666667,-999.7931919059685
3.7904833333333334,-999.7928659430672
3.7921500000000004,-999.7924794441985
3.793816666666667,-999.7920650056526
3.7954833333333333,-999.7916598803325
3.7971500000000002,-999.791268724851
3.7988166666666667,-999.7909055090468
3.8005,-999.7905609196939
3.802166666666667,-999.7902303001798
3.8038333333333334,-999.7899229637301
3.8055000000000003,-999.7896435669575
3.807166666666667,-999.7894153929266
3.8088333333333337,-999.789252411476
3.8105,-999.7891639358313
3.8121666666666667,-999.7891546226056
3.8138333333333336,-999.7892105019602
3.8155,-999.7893222606691
3.817166666666667,-999.7894479892168
3.8188333333333335,-999.7895550913129
3.8205,-999.7896202838931
3.822166666666667,-999.789624940506
3.8238333333333334,-999.7895690611515
3.8255000000000003,-999.7894805855069
3.827166666666667,-999.7893874532493
3.8288333333333333,-999.7893129474434
3.830516666666667,-999.7892803511533
3.8321833333333335,-999.7892803511533
3.83385,-999.7892803511533
3.835516666666667,-999.7892384416374
3.8371833333333334,-999.7890987432511
3.8388500000000003,-999.788842629543
3.840516666666667,-999.7884654439001
3.8421833333333337,-999.7879997826126
3.84385,-999.7875201514864
3.8455166666666667,-999.7871010563276
3.8471833333333336,-999.7868216595551
3.84885,-999.7867285272976
3.850516666666667,-999.7868356293937
3.8521833333333335,-999.7871057129405
3.85385,-999.7874875551963
3.855516666666667,-999.7879019937421
3.8571833333333334,-999.7882884926108
3.8588500000000003,-999.7886051422863
3.8605333333333336,-999.7888286597043
3.8622,-999.7889590448649
3.863866666666667,-999.7889962977679
3.8655333333333335,-999.7889450750263
3.8672,-999.7888146898657
3.868866666666667,-999.7886004856734
3.8705333333333334,-999.7883024624495
3.8722000000000003,-999.7879345900323
3.873866666666667,-999.7875154948736
3.8755333333333337,-999.7870638034246
3.8772,-999.7866121119757
3.8788666666666667,-999.786188360204
3.8805333333333336,-999.7858111745612
3.8822,-999.7854852116599
3.883866666666667,-999.785219784726
3.8855333333333335,-999.7850102371466
3.8872166666666668,-999.7848425990832
3.888866666666667,-999.7847122139226
3.89055,-999.7846144250523
3.8922166666666667,-999.784549232472
3.8938833333333336,-999.7845026663432
3.89555,-999.784474726666
3.897216666666667,-999.7844654134402
3.8988833333333335,-999.7844793832788
3.9005500000000004,-999.7844980097303
3.902216666666667,-999.7845026663432
3.9038833333333334,-999.784474726666
3.9055500000000003,-999.7843909076342
3.907216666666667,-999.7842418960222
3.9088833333333337,-999.7840370050557
3.91055,-999.783799517799
3.9122166666666667,-999.7835666871553
3.9138833333333336,-999.7833664528017
3.91555,-999.7832127845768
3.9172333333333333,-999.7830917126421
3.9188833333333335,-999.7829846105459
3.9205666666666668,-999.7828635386112
3.9222333333333337,-999.7827145269991
3.9239,-999.7825375757099
3.9255666666666666,-999.7823652810335
3.9272333333333336,-999.7822162694215
3.9289,-999.782123137164
3.930566666666667,-999.7820905408738
3.9322333333333335,-999.7820951974867
3.9339000000000004,-999.7821045107124
3.935566666666667,-999.7820672578094
3.9372333333333334,-999.7819461858747
3.9389000000000003,-999.7817180118439
3.9405666666666668,-999.7814060187812
3.9422333333333337,-999.7810707426542
3.9439,-999.7807913458817
3.9455666666666667,-999.7806469908826
3.9472500000000004,-999.7806935570113
3.948916666666667,-999.780931044268
3.9505833333333333,-999.7813082299108
3.9522500000000003,-999.7817459515211
3.9539166666666667,-999.782123137164
3.9555833333333337,-999.7823419979691
3.95725,-999.7823280281305
3.9589166666666666,-999.782048631358
3.9605833333333336,-999.7815410605546
3.96225,-999.7808844781392
3.963916666666667,-999.780181329595
3.9655833333333335,-999.7795294037925
3.9672500000000004,-999.7789938933118
3.968916666666667,-999.7786213642818
3.9705833333333334,-999.7784304431539
3.9722500000000003,-999.7784164733152
3.9739166666666668,-999.7785701415402
3.9755833333333337,-999.7788541949255
3.977266666666667,-999.7792406937942
3.9789333333333334,-999.7796644455659
3.9806000000000004,-999.7800649142731
3.982266666666667,-999.7803908771743
3.9839333333333333,-999.7805817983023
3.9856000000000003,-999.7806004247537
3.9872666666666667,-999.7804420999161
3.9889333333333337,-999.7801301068533
3.9906,-999.7797203249204
3.992266666666667,-999.7792686334715
3.9939333333333336,-999.7788402250869
3.9956,-999.7784816658956
3.997266666666667,-999.7782115823488
3.9989333333333335,-999.7780346310595
