min,µS/cm
0.0,-999.766295310001
0.0016666666666667052,-999.7661416417761
0.0033333333333334103,-999.7660066000028
0.004999999999999893,-999.7658994979066
0.006666666666666599,-999.7658017090363
0.008333333333333304,-999.7656666672628
0.010000000000000009,-999.7654338366191
0.011666666666666714,-999.7650752774277
0.01333333333333342,-999.7645956463016
0.014999999999999902,-999.7640415093695
0.016666666666666607,-999.7635059988887
0.018333333333333313,-999.7630915603429
0.02001666666666657,-999.7628913259892
0.021683333333333277,-999.7629611751823
0.023349999999999982,-999.7633197343738
0.025016666666666687,-999.7639204374346
0.026683333333333392,-999.764688778559
0.028350000000000097,-999.765512999038
0.03001666666666658,-999.7662813401624
0.031683333333333286,-999.7669099829005
0.03334999999999999,-999.767343047898
0.035016666666666696,-999.7675712219288
0.0366833333333334,-999.7676084748318
0.038350000000000106,-999.76749205951
0.04001666666666659,-999.767268542092
0.041683333333333294,-999.7669844887066
0.04335,-999.7666864654825
0.045016666666666705,-999.7664024120971
0.04668333333333341,-999.7661602682276
0.048350000000000115,-999.765960033874
0.050033333333333374,-999.7657970524234
0.05170000000000008,-999.7656666672628
0.05336666666666656,-999.7655642217796
0.05503333333333327,-999.7654943725864
0.05669999999999997,-999.7654664329092
0.05836666666666668,-999.7654850593607
0.06003333333333338,-999.7655316254895
0.06170000000000009,-999.7656014746826
0.06336666666666657,-999.7656666672628
0.06503333333333328,-999.7657225466173
0.06669999999999998,-999.7657784259719
0.06836666666666669,-999.765848275165
0.07003333333333339,-999.7659646904868
0.0717000000000001,-999.7661602682276
0.07336666666666658,-999.7664489782259
0.07503333333333329,-999.7668168506431
0.07669999999999999,-999.7672219759633
0.07838333333333325,-999.7676131314447
0.08004999999999995,-999.7679158112816
0.08171666666666666,-999.7680694795065
0.08338333333333336,-999.7680322266035
0.08505000000000007,-999.7678180224112
0.08671666666666678,-999.7674687764456
0.08838333333333326,-999.7670636511255
0.09004999999999996,-999.7666864654825
0.09171666666666667,-999.7663930988714
0.09338333333333337,-999.7662254608078
0.09505000000000008,-999.7661695814534
0.09671666666666656,-999.7661882079049
0.09838333333333327,-999.766220804195
0.10004999999999997,-999.7662254608078
0.10171666666666668,-999.7661742380662
0.10338333333333338,-999.7660671359702
0.10505000000000009,-999.7659274375839
0.10671666666666657,-999.7657970524234
0.10840000000000005,-999.7656946069401
0.11006666666666676,-999.7656387275856
0.11173333333333324,-999.7656154445212
0.11339999999999995,-999.7656014746826
0.11506666666666665,-999.7655781916183
0.11673333333333336,-999.7655223122638
0.11840000000000006,-999.765438493232
0.12006666666666677,-999.765326734523
0.12173333333333325,-999.7652010059753
0.12339999999999995,-999.7650752774277
0.12506666666666666,-999.7649681753315
0.12673333333333336,-999.7648890129127
0.12840000000000007,-999.7648471033968
0.13006666666666655,-999.7648284769454
0.13173333333333326,-999.7648284769454
0.13339999999999996,-999.7648238203325
0.13506666666666667,-999.7648005372681
0.13673333333333337,-999.7647586277521
0.13841666666666663,-999.7646980917848
0.14008333333333334,-999.7646328992046
0.14175000000000004,-999.764581676463
0.14341666666666675,-999.76454442356
0.14508333333333345,-999.7645164838826
0.14674999999999994,-999.7644745743668
0.14841666666666664,-999.7644000685608
0.15008333333333335,-999.7642696834002
0.15175000000000005,-999.7640880754982
0.15341666666666676,-999.7638738713059
0.15508333333333324,-999.7636643237265
0.15674999999999994,-999.7635153121145
0.15841666666666665,-999.7634547761471
0.16008333333333336,-999.7635059988887
0.16175000000000006,-999.7636550105008
0.16341666666666677,-999.7638785279188
0.16508333333333325,-999.7641160151754
0.16676666666666673,-999.7643115929162
0.16843333333333343,-999.764428008238
0.17009999999999992,-999.7644373214638
0.17176666666666662,-999.7643302193677
0.17343333333333333,-999.7641346416269
0.17510000000000003,-999.7638878411445
0.17676666666666674,-999.7636317274364
0.17843333333333344,-999.7634082100184
0.18009999999999993,-999.7632452285677
0.18176666666666663,-999.7631660661489
0.18343333333333334,-999.7631800359875
0.18510000000000004,-999.7632871380836
0.18676666666666675,-999.7634734025986
0.18843333333333323,-999.7637108898552
0.19009999999999994,-999.7639856300149
0.19176666666666664,-999.7642696834002
0.19343333333333335,-999.7645397669471
0.19510000000000005,-999.7647725975909
0.1967833333333333,-999.7649402356543
0.19845000000000002,-999.7650100848474
0.20011666666666672,-999.7649821451702
0.20178333333333343,-999.7648517600097
0.20345000000000013,-999.7646468690432
0.2051166666666666,-999.7644047251737
0.20678333333333332,-999.7641625813042
0.20845000000000002,-999.7639716601763
0.21011666666666673,-999.7638599014673
0.21178333333333343,-999.7638412750158
0.21344999999999992,-999.7638924977574
0.21511666666666662,-999.7639902866277
0.21678333333333333,-999.7640787622724
0.21845000000000003,-999.7641160151754
0.22011666666666674,-999.7640787622724
0.22178333333333322,-999.7639530337248
0.2234666666666667,-999.7637481427582
0.2251333333333334,-999.7635013422758
0.2267999999999999,-999.7632452285677
0.2284666666666666,-999.7630217111497
0.2301333333333333,-999.762863386312
0.2318,-999.7627749106673
0.2334666666666667,-999.7627562842158
0.23513333333333342,-999.7627888805059
0.23680000000000012,-999.7628494164734
0.2384666666666666,-999.7629052958279
0.2401333333333333,-999.7629425487308
0.24180000000000001,-999.7629332355051
0.24346666666666672,-999.7628680429249
0.24513333333333343,-999.7627423143772
0.2467999999999999,-999.7625513932493
0.2484666666666666,-999.7623139059926
0.2501333333333333,-999.7620484790588
0.2518,-999.7617970219635
0.25346666666666673,-999.7616107574486
0.25515,-999.7615269384168
0.2568166666666667,-999.7615641913197
0.2584833333333334,-999.7617364859962
0.2601499999999999,-999.7620158827687
0.2618166666666668,-999.7623651287344
0.2634833333333333,-999.7627190313128
0.26515,-999.7630263677626
0.2668166666666667,-999.763235915342
0.2684833333333334,-999.7633243909867
0.2701500000000001,-999.7633057645351
0.2718166666666666,-999.7632079756647
0.2734833333333333,-999.7630775905043
0.27515,-999.7629565185695
0.2768166666666667,-999.7628680429249
0.2784833333333334,-999.762826133409
0.2801499999999999,-999.7628214767961
0.2818166666666666,-999.7628447598605
0.2834833333333333,-999.7628773561506
0.28516666666666657,-999.762900639215
0.2868333333333333,-999.7629146090536
0.2885,-999.7629146090536
0.2901666666666667,-999.7629146090536
0.2918333333333334,-999.7629285788922
0.2935000000000001,-999.7629658317952
0.2951666666666668,-999.7630356809883
0.2968333333333333,-999.763124156633
0.2985,-999.7632312587291
0.3001666666666667,-999.7633243909867
0.3018333333333334,-999.7633895835669
0.3035000000000001,-999.7633988967926
0.3051666666666666,-999.7633337042124
0.3068333333333333,-999.7631893492132
0.3085,-999.7629704884081
0.3101666666666667,-999.7626957482485
0.3118333333333334,-999.7623977250245
0.31351666666666667,-999.7621136716391
0.31518333333333337,-999.7618808409953
0.3168500000000001,-999.761741142609
0.31851666666666656,-999.761703889706
0.3201833333333335,-999.761778395512
0.32184999999999997,-999.7619413769627
0.3235166666666667,-999.762155581155
0.3251833333333334,-999.7623651287344
0.3268500000000001,-999.7625187969592
0.3285166666666668,-999.7625700197008
0.3301833333333333,-999.7624908572819
0.33185,-999.7622766530897
0.3335166666666667,-999.7619460335756
0.3351833333333334,-999.7615455648682
0.3368500000000001,-999.7611311263224
0.3385166666666666,-999.760772567131
0.3401833333333333,-999.76051179681
0.34185,-999.7603860682624
0.34353333333333325,-999.7603907248753
0.34519999999999995,-999.7604885137456
0.34686666666666666,-999.7606421819705
0.34853333333333336,-999.7607958501953
0.35020000000000007,-999.7609122655173
0.35186666666666655,-999.7609681448718
0.3535333333333335,-999.7609681448718
0.35519999999999996,-999.7609308919688
0.35686666666666667,-999.7608936390658
0.35853333333333337,-999.7608982956787
0.3602000000000001,-999.7609681448718
0.3618666666666668,-999.761107843258
0.36353333333333326,-999.7613080776116
0.36519999999999997,-999.7615362516425
0.3668666666666667,-999.7617597690605
0.3685333333333334,-999.7619367203498
0.3702000000000001,-999.762039165833
0.37186666666666657,-999.7620345092201
0.37355000000000005,-999.7619134372854
0.37521666666666675,-999.7616759500288
0.37688333333333324,-999.7613499871275
0.37854999999999994,-999.7609728014846
0.38021666666666665,-999.7605956158417
0.38188333333333335,-999.7602696529405
0.38355000000000006,-999.7600414789096
0.38521666666666676,-999.7599390334263
0.38688333333333347,-999.7599809429422
0.38854999999999995,-999.7601625508444
0.39021666666666666,-999.7604605740684
0.39188333333333336,-999.7608284464854
0.39355000000000007,-999.7611963189026
0.39521666666666677,-999.7614943421266
0.39688333333333325,-999.761666636803
0.39854999999999996,-999.7616899198674
0.40021666666666667,-999.7615595347069
0.4018999999999999,-999.7613127342245
0.40356666666666663,-999.7610193676134
0.40523333333333333,-999.7607492840666
0.40690000000000004,-999.7605676761644
0.40856666666666674,-999.7605164534228
0.4102333333333332,-999.7606142422932
0.41190000000000015,-999.7608331030983
0.41356666666666664,-999.7611311263224
0.41523333333333334,-999.761443119385
0.41690000000000005,-999.7616945764803
0.41856666666666675,-999.7618482447052
0.42023333333333346,-999.7618668711567
0.42189999999999994,-999.7617504558348
0.42356666666666665,-999.761517625191
0.42523333333333335,-999.7611916622898
0.42690000000000006,-999.760809820034
0.42856666666666676,-999.7603953814881
0.43023333333333325,-999.7599855995551
0.4319166666666667,-999.7595991006864
0.43358333333333343,-999.7592684811723
0.4352499999999999,-999.7590216806899
0.4369166666666666,-999.7588819823036
0.4385833333333333,-999.7588726690778
0.44025000000000003,-999.7590077108513
0.44191666666666674,-999.7592731377852
0.4435833333333332,-999.7596410102022
0.44525000000000015,-999.7600461355224
0.44691666666666663,-999.7604186645525
0.44858333333333333,-999.7606887480993
0.45025000000000004,-999.760809820034
0.45191666666666674,-999.7607492840666
0.45358333333333345,-999.7605304232615
0.45524999999999993,-999.7601998037474
0.45691666666666664,-999.7598133048787
0.45858333333333334,-999.7594407758487
0.4602666666666666,-999.7591241261731
0.4619333333333333,-999.7588866389165
0.4636,-999.7587329706917
0.4652666666666667,-999.7586351818212
0.4669333333333334,-999.758569989241
0.4685999999999999,-999.7585234231123
0.4702666666666666,-999.7584722003706
0.4719333333333333,-999.758416321016
0.4736,-999.7583650982745
0.4752666666666667,-999.7583138755328
0.47693333333333343,-999.7582812792427
0.47860000000000014,-999.7582626527912
0.4802666666666666,-999.7582533395655
0.4819333333333333,-999.7582579961784
0.48360000000000003,-999.7582673094041
0.48526666666666673,-999.7582905924685
0.48693333333333344,-999.7583418152101
0.4885999999999999,-999.7584116644032
0.49026666666666663,-999.7584908268221
0.4919500000000001,-999.7585653326281
0.4936166666666666,-999.7585979289182
0.4952833333333333,-999.758569989241
0.49695,-999.7584675437578
0.4986166666666667,-999.7582952490814
0.5002833333333334,-999.7580810448891
0.5019499999999999,-999.7578714973097
0.5036166666666668,-999.7577085158591
0.5052833333333333,-999.757634010053
0.5069666666666666,-999.7576619497303
0.5086333333333335,-999.7577783650522
0.5103,-999.7579413465029
0.5119666666666667,-999.7580996713406
0.5136333333333334,-999.7581928035981
0.5152999999999999,-999.7581788337594
0.5169666666666668,-999.7580298221475
0.5186333333333333,-999.757750425375
0.5203,-999.757373239732
0.5219666666666667,-999.7569494879604
0.5236333333333334,-999.7565490192532
0.5253000000000001,-999.7562323695777
0.5269666666666666,-999.7560461050626
0.5286333333333335,-999.7560041955468
0.5303,-999.7560880145785
0.5319666666666667,-999.7562649658678
0.5336333333333334,-999.7564745134472
0.5352999999999999,-999.7566840610265
0.5369666666666668,-999.7568610123158
0.5386333333333333,-999.7569960540892
0.5403,-999.7570845297338
0.5419666666666667,-999.7571217826368
0.5436333333333334,-999.757112469411
0.5453000000000001,-999.7570426202179
0.5469666666666666,-999.7568936086059
0.5486499999999999,-999.756665434575
0.5503166666666668,-999.7563580981252
0.5519833333333333,-999.7559995389339
0.55365,-999.7556316665167
0.5553166666666667,-999.7552963903897
0.5569833333333334,-999.7550356200687
0.5586500000000001,-999.7548679820052
0.5603166666666666,-999.7547934761992
0.5619833333333335,-999.7547934761992
0.56365,-999.7548260724893
0.5653166666666667,-999.7548493555537
0.5669833333333334,-999.7548400423279
0.5686499999999999,-999.7547981328121
0.5703166666666668,-999.7547282836189
0.5719833333333333,-999.7546584344258
0.57365,-999.754611868297
0.5753166666666667,-999.7545978984584
0.5769833333333334,-999.7546304947485
0.5786666666666667,-999.7546956873288
0.5803333333333334,-999.7547795063606
0.5820000000000001,-999.7548540121666
0.5836666666666668,-999.7549052349082
0.5853333333333333,-999.7549238613597
0.5870000000000002,-999.7549192047468
0.5886666666666667,-999.754909891521
0.5903333333333334,-999.754909891521
0.5920000000000001,-999.7549378311983
0.5936666666666666,-999.7549890539399
0.5953333333333335,-999.7550402766816
0.597,-999.755063559746
0.5986833333333332,-999.7550309634559
0.6003500000000002,-999.7549285179725
0.6020166666666666,-999.7547562232961
0.6036833333333333,-999.754542019104
0.60535,-999.7543278149117
0.6070166666666665,-999.7541368937838
0.6086833333333335,-999.7540065086232
0.61035,-999.7539320028172
0.6120166666666667,-999.7539087197529
0.6136833333333334,-999.7539226895915
0.6153500000000001,-999.7539459726559
0.6170166666666668,-999.7539692557202
0.6186833333333333,-999.7539878821717
0.6203500000000002,-999.7540065086232
0.6220166666666667,-999.7540344483006
0.6236833333333334,-999.754090327655
0.6253500000000001,-999.7541788032996
0.6270166666666666,-999.7542905620087
0.6286833333333335,-999.7544302603949
0.63035,-999.7545699587812
0.6320166666666667,-999.7547050005545
0.6336833333333334,-999.7548167592636
0.6353500000000001,-999.7548866084567
0.6370333333333333,-999.754909891521
0.6387,-999.7548633253923
0.6403666666666668,-999.7547469100704
0.6420333333333335,-999.7545559889426
0.6436999999999999,-999.7543045318473
0.6453666666666666,-999.7539971953975
0.6470333333333333,-999.7536526060447
0.6487,-999.7532800770147
0.6503666666666668,-999.7528842649203
0.6520333333333332,-999.752483796213
0.6537000000000002,-999.7520972973444
0.6553666666666667,-999.7517527079916
0.6570333333333334,-999.7514965942835
0.6587000000000001,-999.7513568958973
0.6603666666666665,-999.7513568958973
0.6620333333333335,-999.7514965942835
0.6637166666666667,-999.751738738153
0.6653666666666667,-999.7520414179899
0.6670500000000001,-999.7523534110526
0.6687166666666666,-999.7526421210508
0.6703833333333333,-999.7528842649203
0.67205,-999.7530705294354
0.6737166666666667,-999.7532009145958
0.6753833333333334,-999.7532847336275
0.6770499999999999,-999.7533219865306
0.6787166666666669,-999.7533219865306
0.6803833333333333,-999.7532754204018
0.68205,-999.7531729749186
0.6837166666666668,-999.7530146500808
0.6853833333333332,-999.7527864760499
0.6870500000000002,-999.7525070792774
0.6887166666666666,-999.7521904296019
0.6903833333333333,-999.7518551534749
0.69205,-999.7515245339607
0.6937166666666665,-999.7512218541239
0.6953833333333335,-999.7509657404157
0.6970666666666667,-999.7507655060621
0.6987333333333332,-999.7506397775145
0.7004000000000001,-999.7506071812243
0.7020666666666666,-999.7506677171917
0.7037333333333333,-999.7508213854165
0.7054,-999.7510355896088
0.7070666666666667,-999.7512637636397
0.7087333333333334,-999.7514593413805
0.7103999999999999,-999.7515804133152
0.7120666666666668,-999.7516083529925
0.7137333333333333,-999.7515291905736
0.7154,-999.7513708657359
0.7170666666666667,-999.7511473483179
0.7187333333333332,-999.7509052044484
0.7204000000000002,-999.7506677171917
0.7220666666666666,-999.7504814526767
0.7237333333333333,-999.750355724129
0.7254,-999.750318471226
0.7270833333333333,-999.7503603807419
0.72875,-999.7504581696123
0.7304166666666667,-999.7505699283213
0.7320833333333334,-999.7506537473531
0.7337500000000001,-999.7506863436432
0.7354166666666666,-999.7506537473531
0.7370833333333335,-999.7505652717084
0.73875,-999.7504302299351
0.7404166666666667,-999.7502719050973
0.7420833333333334,-999.7500996104209
0.7437499999999999,-999.7499226591317
0.7454166666666668,-999.749759677681
0.7470833333333333,-999.749610666069
0.74875,-999.7494942507471
0.7504166666666667,-999.7494197449412
0.7520833333333332,-999.7494057751026
0.7537500000000001,-999.7494430280055
0.7554333333333334,-999.7495315036501
0.7570999999999999,-999.7496572321978
0.7587666666666668,-999.749796930584
0.7604333333333333,-999.7499273157446
0.7621,-999.7500064781634
0.7637666666666667,-999.750020448002
0.7654333333333334,-999.7499505988089
0.7671000000000001,-999.7498015871969
0.7687666666666666,-999.7495920396175
0.7704333333333335,-999.749349895748
0.7721,-999.7491077518785
0.7737666666666667,-999.7488935476862
0.7754333333333334,-999.7487305662356
0.7770999999999999,-999.7486281207523
0.7787666666666668,-999.7485815546236
0.7804333333333333,-999.7485629281721
0.7821,-999.7485489583335
0.7837833333333335,-999.7485117054305
0.78545,-999.7484325430116
0.7871166666666667,-999.7483161276897
0.7887833333333334,-999.7481810859164
0.7904499999999999,-999.7480693272073
0.7921166666666668,-999.7480227610786
0.7937833333333333,-999.7480600139816
0.79545,-999.748195055755
0.7971166666666667,-999.7483859768828
0.7987833333333334,-999.7485908678493
0.8004500000000001,-999.7487585059129
0.8021166666666666,-999.7488469815574
0.8037833333333335,-999.7488516381703
0.80545,-999.7487864455901
0.8071166666666667,-999.7486746868811
0.8087833333333334,-999.7485443017206
0.8104499999999999,-999.7484139165601
0.8121333333333334,-999.7482742181738
0.8138000000000001,-999.748115893336
0.8154666666666666,-999.7479249722081
0.8171333333333335,-999.7476921415645
0.8188,-999.7474360278562
0.8204666666666667,-999.747184570761
0.8221333333333334,-999.7469610533431
0.8238000000000001,-999.7467934152795
0.8254666666666668,-999.7467002830219
0.8271333333333333,-999.7466723433447
0.8288000000000002,-999.7466863131833
0.8304666666666667,-999.7467049396349
0.8321333333333334,-999.7466909697962
0.8338000000000001,-999.7466118073773
0.8354666666666666,-999.7464674523783
0.8371333333333335,-999.7462765312504
0.8388,-999.7460762968967
0.8404666666666667,-999.7459040022203
0.8421333333333334,-999.745768960447
0.8438166666666667,-999.7456665149637
0.8454833333333334,-999.7455920091577
0.8471500000000001,-999.7455221599646
0.8488166666666666,-999.7454523107714
0.8504833333333335,-999.7453778049654
0.85215,-999.7453032991594
0.8538166666666667,-999.7452381065791
0.8554833333333334,-999.745205510289
0.8571500000000001,-999.7452241367405
0.8588166666666668,-999.7453032991594
0.8604833333333333,-999.7454383409328
0.8621500000000002,-999.7456106356092
0.8638166666666667,-999.7457922435113
0.8654833333333334,-999.7459459117362
0.8671500000000001,-999.7460530138324
0.8688166666666666,-999.7460902667353
0.8704833333333335,-999.7460576704452
0.87215,-999.7459459117362
0.8738333333333332,-999.7457829302856
0.8755000000000002,-999.7455780393191
0.8771666666666667,-999.7453638351268
0.8788333333333334,-999.7451589441603
0.8805000000000001,-999.7449866494838
0.8821666666666665,-999.7448609209363
0.8838333333333335,-999.7448003849689
0.8855,-999.7448096981947
0.8871666666666667,-999.7448981738393
0.8888333333333334,-999.7450332156127
0.8905000000000001,-999.7451822272246
0.8921666666666668,-999.7452986425466
0.8938333333333333,-999.7453265822238
0.8955000000000002,-999.7452287933534
0.8971666666666667,-999.7449959627097
0.8988333333333334,-999.7446513733569
0.9005000000000001,-999.7442462480367
0.9021833333333333,-999.7438597491681
0.90385,-999.7435803523956
0.9055166666666667,-999.7434639370737
0.9071833333333332,-999.7435430994926
0.9088500000000002,-999.7438085264265
0.9105166666666666,-999.7441950252951
0.9121833333333333,-999.7446187770668
0.91385,-999.7449726796452
0.9155166666666668,-999.7451822272246
0.9171833333333335,-999.7451868838375
0.91885,-999.7449866494838
0.9205166666666669,-999.7446048072281
0.9221833333333334,-999.7441158628762
0.9238500000000001,-999.7435989788471
0.9255166666666668,-999.7431379741724
0.9271833333333332,-999.7427980414325
0.9288500000000002,-999.7426024636918
0.9305166666666667,-999.7425465843372
0.9321999999999999,-999.7426024636918
0.9338666666666668,-999.7427328488523
0.9355333333333333,-999.7428865170772
0.9372,-999.743044841915
0.9388666666666667,-999.743189196914
0.9405333333333332,-999.7433288953004
0.9422000000000001,-999.7434639370737
0.9438666666666666,-999.7435989788471
0.9455333333333333,-999.7437293640075
0.9472,-999.743827152878
0.9488666666666667,-999.7438737190067
0.9505333333333335,-999.743864405781
0.9521999999999999,-999.7437992132008
0.9538666666666669,-999.7437107375561
0.9555333333333333,-999.7436269185243
0.9572,-999.7435710391699
0.9588833333333335,-999.7435524127184
0.9605333333333332,-999.7435477561055
0.9622166666666667,-999.7435291296539
0.9638833333333334,-999.7434546238479
0.9655499999999999,-999.743305612236
0.9672166666666668,-999.743082094818
0.9688833333333333,-999.7427933848196
0.97055,-999.7424674219184
0.9722166666666667,-999.7421507722429
0.9738833333333334,-999.7418806886961
0.9755500000000001,-999.7416851109554
0.9772166666666666,-999.741587322085
0.9788833333333333,-999.7415780088593
0.98055,-999.7416338882138
0.9822166666666667,-999.7417130506326
0.9838833333333334,-999.7417828998257
0.9855499999999999,-999.7418341225674
0.9872166666666669,-999.7418574056318
0.9889000000000001,-999.7418527490189
0.9905666666666666,-999.7418341225674
0.9922333333333335,-999.7418015262772
0.9939,-999.7417735866
0.9955666666666667,-999.7417596167613
0.9972333333333334,-999.7417689299871
0.9989,-999.7418015262772
1.0005666666666666,-999.741848092406
1.0022333333333333,-999.7418993151476
1.0039,-999.741922598212
1.0055666666666667,-999.7418946585348
1.0072333333333334,-999.7417922130514
1.0089000000000001,-999.7416106051494
1.0105666666666666,-999.7413451782155
1.0122333333333333,-999.7410052454755
1.0139,-999.7406001201554
1.0155666666666667,-999.7401623985452
1.0172333333333334,-999.7397386467735
1.0189166666666667,-999.739384744195
1.0205833333333334,-999.7391519135513
1.02225,-999.7390820643581
1.0239166666666668,-999.7391798532285
1.0255833333333333,-999.739421997098
1.02725,-999.7397619298379
1.0289166666666667,-999.7401251456422
1.0305833333333334,-999.7404417953177
1.0322500000000001,-999.7406513428971
1.0339166666666668,-999.7407072222516
1.0355833333333333,-999.7406140899941
1.03725,-999.7404138556404
1.0389166666666667,-999.7401577419323
1.0405833333333334,-999.7399155980628
1.0422500000000001,-999.7397386467735
1.0439166666666668,-999.7396501711289
1.0455833333333333,-999.7396548277418
1.04725,-999.7397339901606
1.0489333333333333,-999.7398457488696
1.0506,-999.7399528509658
1.0522666666666667,-999.7400320133846
1.0539333333333334,-999.7400599530619
1.0556,-999.7400273567717
1.0572666666666668,-999.7399388811272
1.0589333333333333,-999.7398084959666
1.0606,-999.7396362012903
1.0622666666666667,-999.7394406235495
1.0639333333333334,-999.7392310759701
1.0656,-999.7390401548422
1.0672666666666668,-999.7388818300044
1.0689333333333333,-999.7387840411341
1.0706,-999.7387561014568
1.0722666666666667,-999.7387980109727
1.0739333333333334,-999.7388957998431
1.0756000000000001,-999.739012215165
1.0772666666666668,-999.739119317261
1.07895,-999.7391705400028
1.0806166666666668,-999.7391565701641
1.0822833333333335,-999.7390587812937
1.08395,-999.7388911432301
1.0856166666666667,-999.7386862522637
1.0872833333333334,-999.7384673914586
1.08895,-999.7382671571049
1.0906166666666668,-999.7381088322671
1.0922833333333335,-999.7380157000097
1.09395,-999.7379877603324
1.0956166666666667,-999.7380110433968
1.0972833333333334,-999.7380622661384
1.09895,-999.7381181454929
1.1006166666666668,-999.7381460851701
1.1022833333333333,-999.7381460851701
1.1039666666666668,-999.7381088322671
1.1056333333333335,-999.7380529529127
1.1073,-999.7379877603324
1.1089666666666667,-999.7379225677522
1.1106333333333334,-999.7378666883976
1.1123,-999.7378061524303
1.1139666666666668,-999.7377363032372
1.1156333333333335,-999.7376524842053
1.1173,-999.7375593519479
1.1189666666666667,-999.7374755329162
1.1206333333333334,-999.7374103403358
1.1223,-999.7373777440457
1.1239666666666668,-999.7373824006586
1.1256333333333335,-999.7374149969487
1.1273,-999.7374662196904
1.1289666666666667,-999.7375220990449
1.1306333333333334,-999.7375686651736
1.1323,-999.7375872916251
1.1339666666666668,-999.7375826350122
1.1356333333333335,-999.7375407254964
1.1373166666666668,-999.7374708763033
1.1389833333333335,-999.73736843082
1.1406500000000002,-999.7372520154981
1.1423166666666666,-999.7371309435633
1.1439833333333334,-999.7370145282415
1.14565,-999.7369120827582
1.1473166666666668,-999.7368189505007
1.1489833333333335,-999.736735131469
1.15065,-999.7366513124372
1.1523166666666667,-999.7365674934055
1.1539833333333334,-999.7364929875995
1.15565,-999.7364371082449
1.1573166666666668,-999.7364277950192
1.1589833333333335,-999.7364929875995
1.16065,-999.7366513124372
1.1623166666666667,-999.7369027695324
1.1639833333333334,-999.7372287324338
1.16565,-999.7376105746895
1.1673333333333333,-999.7380110433968
1.169,-999.7383975422654
1.1706666666666667,-999.7387374750053
1.1723333333333334,-999.739012215165
1.1740000000000002,-999.7391891664543
1.1756666666666666,-999.7392543590345
1.1773333333333333,-999.7392077929057
1.179,-999.7390541246808
1.1806666666666668,-999.7388026675856
1.1823333333333335,-999.7384813612972
1.1840000000000002,-999.7381228021057
1.1856666666666666,-999.7377642429144
1.1873333333333334,-999.7374475932389
1.189,-999.737219419208
1.1906666666666668,-999.737107660499
1.1923333333333335,-999.7371216303376
1.194,-999.7372380456595
1.1956833333333334,-999.7374243101744
1.1973500000000001,-999.7376338577538
1.1990166666666666,-999.7378061524303
1.2006833333333333,-999.7379039413006
1.20235,-999.7379132545263
1.2040166666666667,-999.7378480619461
1.2056833333333334,-999.7377363032372
1.2073500000000001,-999.7376198879152
1.2090166666666666,-999.7375081292063
1.2106833333333333,-999.737405683723
1.21235,-999.7372985816269
1.2140166666666667,-999.7371635398534
1.2156833333333334,-999.7370005584029
1.2173500000000002,-999.7368003240492
1.2190166666666666,-999.736586119857
1.2206833333333333,-999.7363905421162
1.22235,-999.7362415305042
1.2240166666666668,-999.7361763379239
1.2257,-999.736213590827
1.2273666666666667,-999.7363532892132
1.2290333333333334,-999.7365674934055
1.2307000000000001,-999.736809637275
1.2323666666666668,-999.737033154693
1.2340333333333333,-999.7371914795308
1.2357,-999.7372427022724
1.2373666666666667,-999.7371821663049
1.2390333333333334,-999.7370052150158
1.2407000000000001,-999.7367444446948
1.2423666666666666,-999.7364417648578
1.2440333333333333,-999.7361483982467
1.2457,-999.7358969411514
1.2473666666666667,-999.7357199898622
1.2490333333333334,-999.7356268576046
1.2507000000000001,-999.7356082311532
1.2523666666666666,-999.735650140669
1.2540333333333333,-999.7357339597008
1.2557166666666668,-999.7358317485712
1.2573833333333333,-999.7359295374415
1.25905,-999.7359947300218
1.2607166666666667,-999.7360133564733
1.2623833333333334,-999.735990073409
1.2640500000000001,-999.7359062543771
1.2657166666666668,-999.735729303088
1.2673833333333333,-999.735277611639
1.26905,-999.7339411637438
1.2707166666666667,-999.7300854882831
1.2723833333333334,-999.7198083436674
1.2740500000000001,-999.694704543657
1.2757166666666668,-999.6382198294802
1.2773833333333333,-999.5203190480919
1.27905,-999.2902684022162
1.2807166666666667,-998.8680114033017
1.2823833333333334,-998.1350372536737
1.2840666666666667,-996.9263761290006
1.2857333333333334,-995.0258401199364
1.2874,-992.1669359282437
1.2890666666666668,-988.0414656307742
1.2907333333333333,-982.3172450914593
1.2924,-974.6647816964727
1.2940666666666667,-964.7911931224127
1.2957333333333334,-952.4775161186594
1.2974,-937.6154238998962
1.2990666666666668,-920.2380436101174
1.3007333333333333,-900.5400635770243
1.3024,-878.8820173958699
1.3040666666666667,-855.775801863417
1.3057333333333334,-831.8514939545894
1.3074000000000001,-807.8094203061468
1.3090666666666668,-784.3638401405717
1.3107333333333333,-762.1855571689948
1.3124,-741.8506270003741
1.3140666666666667,-723.801199683827
1.31575,-708.3223437463503
1.3174166666666667,-695.5363884081768
1.3190833333333334,-685.4138992193219
1.32075,-677.7981625300823
1.3224166666666668,-672.438824862446
1.3240833333333335,-669.0294158966417
1.32575,-667.2439075388219
1.3274166666666667,-666.7680575823263
1.3290833333333334,-667.32280918738
1.33075,-668.6783678218156
1.3324166666666668,-670.659146583946
1.3340833333333333,-673.1410281141946
1.33575,-676.0430152882091
1.3374166666666667,-679.3158690814469
1.3390833333333334,-682.930057255053
1.34075,-686.8650348330219
1.3424166666666668,-691.1011276259558
1.3441,-695.6146101912551
1.3457666666666668,-700.3759502900652
1.3474333333333335,-705.3505772284002
1.3491,-710.5013731450315
1.3507666666666667,-715.7919000442103
1.3524333333333334,-721.1894591903265
1.3541,-726.6674054445082
1.3557666666666668,-732.2063021046139
1.3574333333333335,-737.7938557126531
1.3591,-743.4238310639857
1.3607666666666667,-749.0943096341073
1.3624333333333334,-754.8056453255963
1.3641,-760.5585506002226
1.3657666666666668,-766.3525970496016
1.3674333333333335,-772.1852933858453
1.3691,-778.0518526109176
1.3707666666666667,-783.9454295038922
1.3724500000000002,-789.8578330827215
1.3741166666666667,-795.7803601379414
1.3757833333333334,-801.7046147965382
1.37745,-807.6231977006529
1.3791166666666668,-813.5300645667734
1.3807833333333335,-819.4206053481533
1.38245,-825.2914952231997
1.3841166666666667,-831.1402568738629
1.3857833333333334,-836.9647901677363
1.38745,-842.7628645872525
1.3891166666666668,-848.531700134525
1.3907833333333335,-854.2677298440914
1.39245,-859.96649733743
1.3941166666666667,-865.6227359853791
1.3957833333333334,-871.2305412028127
1.39745,-876.7835660263819
1.3991166666666668,-882.2752213488683
1.4008,-887.6988109609572
1.4024666666666668,-893.0475874305924
1.4041333333333335,-898.3147288199117
1.4058000000000002,-903.4932828058922
1.4074666666666666,-908.576092174545
1.4091333333333333,-913.5557203151079
1.4108,-918.4244558766599
1.4124666666666668,-923.1743500210225
1.4141333333333335,-927.7973328380833
1.4158000000000002,-932.2853996103096
1.4174666666666667,-936.6308110471027
1.4191333333333334,-940.8263028323773
1.4208,-944.8652718890762
1.4224666666666668,-948.7419114209441
1.4241333333333335,-952.4513180146233
1.4258000000000002,-955.9895708020728
1.4274666666666667,-959.3537407737941
1.4291333333333334,-962.541900092057
1.4308,-965.5531174342862
1.4324833333333333,-968.387420740159
1.43415,-971.0455969772514
1.4358166666666667,-973.5280466142707
1.4374833333333334,-975.8337405397714
1.4391500000000002,-977.9599639484472
1.4408166666666666,-979.9042907449902
1.4424833333333333,-981.6677034747171
1.44415,-983.2573081288754
1.4458166666666667,-984.686920877866
1.4474833333333335,-985.9755500154456
1.4491500000000002,-987.1445461116473
1.4508166666666666,-988.2144168895736
1.4524833333333333,-989.2021450163807
1.45415,-990.1196327945775
1.4558166666666668,-990.9733249763834
1.4574833333333335,-991.7650190143684
1.4591500000000002,-992.4933598341855
1.4608166666666667,-993.155735076012
1.4625000000000001,-993.7499933846993
1.4641666666666668,-994.2757808576691
1.4658333333333333,-994.7352954161984
1.4675,-995.133356654613
1.4691666666666667,-995.4769681186774
1.4708333333333334,-995.7745163681798
1.4725000000000001,-996.0347744617773
1.4741666666666668,-996.2659939174848
1.4758333333333333,-996.4751689678408
1.4775,-996.6675941816845
1.4791666666666667,-996.8467666752854
1.4808333333333334,-997.0145490937934
1.4825000000000002,-997.1715328270437
1.4841666666666666,-997.3175409237471
1.4858333333333333,-997.4520751263258
1.4875,-997.5747535925241
1.4891666666666667,-997.6855623525034
1.49085,-997.7849810373899
1.4925166666666667,-997.8739735660488
1.4941833333333334,-997.9538763863751
1.4958500000000001,-998.0261982409405
1.4975166666666668,-998.0924618421553
1.4991833333333333,-998.1540129511403
1.50085,-998.2119272454697
1.5025166666666667,-998.2669451265907
1.5041833333333334,-998.3194903462751
1.5058500000000001,-998.3697026029088
1.5075166666666668,-998.4175586134277
1.5091833333333333,-998.4629186794455
1.51085,-998.5056524158016
1.5125166666666667,-998.5456806600772
1.5141833333333334,-998.5830266953367
1.5158500000000001,-998.617806936902
1.5175166666666668,-998.6502449021908
1.5192,-998.6806153313632
1.5208666666666668,-998.709216247643
1.5225333333333335,-998.7363223911898
1.5242,-998.7621759058732
1.5258666666666667,-998.7869397731437
1.5275333333333334,-998.8107350649362
1.5292000000000001,-998.8336083473794
1.5308666666666668,-998.855568933699
1.5325333333333333,-998.8766075106695
1.5342,-998.896705451839
1.5358666666666667,-998.9158674138206
1.5375333333333334,-998.9341027098401
1.5392000000000001,-998.9514532494132
1.5408666666666668,-998.9679842251204
1.5425333333333333,-998.983746859703
1.5442,-998.9988203155802
1.5458666666666667,-999.0132604721064
1.5475333333333334,-999.0271185520231
1.5492000000000001,-999.0404178383949
1.5508833333333334,-999.0531816142859
1.55255,-999.0654285061478
1.5542166666666668,-999.0771631705934
1.5558833333333335,-999.0884182039129
1.55755,-999.0992168891705
1.5592166666666667,-999.1096057924952
1.5608833333333334,-999.1196361366285
1.56255,-999.1293498310863
1.5642166666666668,-999.1387748155457
1.5658833333333335,-999.1479204032328
1.56755,-999.1567865941472
1.5692166666666667,-999.1653361353862
1.5708833333333334,-999.1735504004981
1.5725500000000001,-999.1814107630315
1.5742166666666668,-999.1889125663736
1.5758833333333333,-999.1960930634272
1.57755,-999.2029988203211
1.5792333333333335,-999.20968571641
1.5809,-999.2162096310483
1.5825666666666667,-999.2225891906874
1.5842333333333334,-999.2288383651659
1.5859,-999.2349478412582
1.5875666666666668,-999.2408989925128
1.5892333333333335,-999.2466685358652
1.5909,-999.2522425014769
1.5925666666666667,-999.257611576122
1.5942333333333334,-999.262761789962
1.5959,-999.2677164260614
1.5975666666666668,-999.2724941108713
1.5992333333333335,-999.2771274406822
1.6009,-999.2816443551712
1.6025666666666667,-999.2860914204671
1.6042333333333334,-999.2905012328599
1.6059,-999.294901732027
1.6075666666666668,-999.2993022311941
1.60925,-999.3037027303612
1.6109166666666668,-999.3080706332382
1.6125833333333335,-999.3123640303091
1.6142500000000002,-999.3165456686712
1.6159166666666667,-999.3205876086469
1.6175833333333334,-999.3244712237848
1.61925,-999.328196514085
1.6209166666666668,-999.3317774493861
1.6225833333333335,-999.3352279995266
1.62425,-999.338576104184
1.6259166666666667,-999.341859016261
1.6275833333333334,-999.3451186452737
1.62925,-999.3483736176735
1.6309166666666668,-999.3516332466861
1.6325833333333335,-999.3548789058602
1.63425,-999.3580873121313
1.6359166666666667,-999.3612165559834
1.6376000000000002,-999.3642433543523
1.6392666666666666,-999.3671583940122
1.6409333333333334,-999.3699523617373
1.6426,-999.372653197205
1.6442666666666668,-999.3752748702537
1.6459333333333335,-999.3778313507223
1.6476000000000002,-999.3803319518363
1.6492666666666667,-999.3827859868215
1.6509333333333334,-999.3851887990652
1.6526,-999.38754504518
1.6542666666666668,-999.3898686950048
1.6559333333333335,-999.3921830316037
1.6576000000000002,-999.3945159946543
1.6592666666666667,-999.3968862106078
1.6609333333333334,-999.3993029926901
1.6626,-999.4017523710625
1.6642666666666668,-999.4042064060477
1.6659333333333335,-999.4066278447428
1.6676166666666667,-999.4089747776319
1.6692833333333335,-999.4112285782635
1.6709500000000002,-999.413375276799
1.6726166666666666,-999.4154195298513
1.6742833333333333,-999.417370650646
1.67595,-999.419270548699
1.6776166666666668,-999.4211471636878
1.6792833333333335,-999.4230377485152
1.6809500000000002,-999.4249748994713
1.6826166666666666,-999.426963273169
1.6842833333333334,-999.4289982129955
1.68595,-999.4310517792735
1.6876166666666668,-999.4330913757128
1.6892833333333335,-999.4350844060234
1.6909666666666667,-999.4370075871409
1.6926333333333334,-999.4388562624524
1.6943000000000001,-999.4406350885707
1.6959666666666668,-999.4423533787217
1.6976333333333333,-999.4440344159697
1.6993,-999.4456921701533
1.7009666666666667,-999.4473359544982
1.7026333333333334,-999.4489611123917
1.7043000000000001,-999.4505723004465
1.7059666666666669,-999.4521741752756
1.7076333333333333,-999.4537760501047
1.7093,-999.4553965513852
1.7109666666666667,-999.4570589621817
1.7126333333333335,-999.4587865655584
1.7143000000000002,-999.4605653916767
1.7159666666666666,-999.4623814706981
1.7176333333333333,-999.4641975497194
1.7193,-999.4659577493863
1.7209666666666668,-999.4676155035698
1.7226333333333335,-999.4691242461415
1.7243000000000002,-999.4704793204882
1.7259833333333334,-999.4716900398357
1.7276500000000001,-999.4727936570872
1.7293166666666668,-999.4738367383712
1.7309833333333333,-999.4748658498166
1.73265,-999.4759229009393
1.7343166666666667,-999.477017204965
1.7359833333333334,-999.4781627317324
1.7376500000000001,-999.4793408547897
1.7393166666666668,-999.4805376042987
1.7409833333333333,-999.4817483236462
1.74265,-999.4829543863809
1.7443166666666667,-999.4841557925027
1.7459833333333334,-999.4853618552374
1.7476500000000001,-999.4865772311979
1.7493166666666669,-999.4878112336098
1.7509833333333333,-999.4890685190861
1.75265,-999.4903304611753
1.7543166666666667,-999.491578433426
1.756,-999.4927984659993
1.7576666666666667,-999.4939672758309
1.7593333333333334,-999.4950755496952
1.7610000000000001,-999.4961419140436
1.7626666666666668,-999.4971943085535
1.7643333333333333,-999.4982792993534
1.766,-999.4994341393465
1.7676666666666667,-999.500682111597
1.7693333333333334,-999.5020139028793
1.7710000000000001,-999.5033969169033
1.7726666666666668,-999.504789244153
1.7743333333333333,-999.5061489751125
1.776,-999.5074435134918
1.7776833333333335,-999.5086542328394
1.7793333333333334,-999.5097811331552
1.7810000000000001,-999.5108242144393
1.7826666666666668,-999.5117881333044
1.7843333333333333,-999.5126868595894
1.7860166666666668,-999.5135250499069
1.7876833333333335,-999.5143166740958
1.78935,-999.5150757019944
1.7910166666666667,-999.5158347298931
1.7926833333333334,-999.516621697469
1.7943500000000001,-999.5174645443994
1.7960166666666668,-999.5183865537487
1.7976833333333335,-999.5194016953554
1.79935,-999.520500655994
1.8010166666666667,-999.5216601526
1.8026833333333334,-999.522856902109
1.8043500000000001,-999.5240396817792
1.8060166666666668,-999.5251758953208
1.8076833333333335,-999.5262422596692
1.80935,-999.5272387748246
1.8110166666666667,-999.5281747540124
1.8126833333333334,-999.5290734802974
1.8143666666666667,-999.529948923518
1.8160333333333334,-999.5308150535127
1.8177,-999.5316579004432
1.8193666666666668,-999.532482120922
1.8210333333333335,-999.5332644318851
1.8227,-999.5340001767194
1.8243666666666667,-999.5346707289734
1.8260333333333334,-999.5352760886472
1.8277,-999.5358162557408
1.8293666666666668,-999.5363052000927
1.8310333333333335,-999.5367662047673
1.8327,-999.537222552829
1.8343666666666667,-999.5376975273423
1.8360333333333334,-999.5382144113715
1.8377000000000001,-999.5387825181423
1.8393666666666668,-999.5393925344289
1.8410333333333335,-999.5400351470057
1.8427,-999.5406731029697
1.8443833333333335,-999.5412831192563
1.8460500000000002,-999.5418465694141
1.8477166666666667,-999.5423541402175
1.8493833333333334,-999.5428198015051
1.85105,-999.543271492954
1.8527166666666668,-999.5437371542415
1.8543833333333335,-999.5442633514964
1.8560500000000002,-999.5448687111702
1.8577166666666667,-999.5455578898758
1.8593833333333334,-999.5463076045487
1.86105,-999.5470899155117
1.8627166666666668,-999.547862913249
1.8643833333333335,-999.5485893448575
1.86605,-999.5492505838859
1.8677166666666667,-999.5498093774308
1.8693833333333334,-999.5502703821055
1.87105,-999.5506382545226
1.8727333333333334,-999.5509502475853
1.8744,-999.5512622406479
1.8760666666666668,-999.5516254564521
1.8777333333333335,-999.5520957743526
1.8794000000000002,-999.5527011340264
1.8810666666666667,-999.5534461920864
1.8827333333333334,-999.5543123220812
1.8844,-999.5552669277206
1.8860666666666668,-999.556258786263
1.8877333333333335,-999.5572459881926
1.8894000000000002,-999.5581866239934
1.8910666666666667,-999.5590667238268
1.8927333333333334,-999.5598676612414
1.8944,-999.5606034060756
1.8960666666666668,-999.5612832715555
1.8977333333333335,-999.5619305407452
1.8994000000000002,-999.5625498702575
1.9010666666666667,-999.5631598865442
1.9027333333333334,-999.5637512763793
1.9044166666666669,-999.5643147265372
1.9060833333333334,-999.5648362671793
1.90775,-999.5653112416926
1.9094166666666668,-999.5657303368513
1.9110833333333335,-999.5660888960427
1.9127500000000002,-999.5663962324925
1.9144166666666667,-999.5666663160392
1.9160833333333334,-999.5669224297474
1.91775,-999.5671925132941
1.9194166666666668,-999.5675045063567
1.9210833333333335,-999.567867722161
1.9227500000000002,-999.568282160707
1.9244166666666667,-999.5687478219945
1.9260833333333334,-999.5692600494108
1.92775,-999.5698141863429
1.9294166666666668,-999.570405576178
1.9311,-999.5710155924647
1.9327666666666667,-999.5716302653642
1.9344333333333334,-999.5722402816509
1.9361000000000002,-999.572831671486
1.9377666666666669,-999.5734137480955
1.9394333333333333,-999.5739771982534
1.9411,-999.5745266785726
1.9427666666666668,-999.575076158892
1.9444333333333335,-999.5756302958241
1.9461000000000002,-999.576193745982
1.9477666666666669,-999.5767804792042
1.9494333333333334,-999.5773718690394
1.9511,-999.5779399758102
1.9527666666666668,-999.5784615164522
1.9544333333333335,-999.5789085512882
1.9561000000000002,-999.5792717670926
1.9577833333333334,-999.5795511638651
1.9594333333333334,-999.5797933077346
1.9611166666666668,-999.5800214817655
1.9627833333333333,-999.5802822520865
1.96445,-999.5805895885362
1.9661166666666667,-999.5809481477277
1.9677833333333334,-999.5813486164349
1.9694500000000001,-999.5817677115937
1.9711166666666669,-999.5821914633653
1.9727833333333333,-999.5825965886854
1.97445,-999.5829784309412
1.9761166666666667,-999.5833369901326
1.9777833333333334,-999.5836769228725
1.9794500000000002,-999.5840075423866
1.9811166666666669,-999.5843428185136
1.9827833333333333,-999.5846874078665
1.9844666666666668,-999.5850459670578
1.9861166666666668,-999.5854231527007
1.9878,-999.5858329346338
1.9894666666666667,-999.5862799694697
1.9911333333333334,-999.5867735704345
1.9928000000000001,-999.587318394141
1.9944666666666668,-999.5878865009117
1.9961333333333335,-999.5884546076825
1.9978,-999.5889808049374
1.9994666666666667,-999.5894138699348
2.001133333333333,-999.5897305196104
2.0028,-999.5899307539639
2.0044666666666666,-999.590042512673
2.0061333333333335,-999.5901123618661
2.0078,-999.5902008375107
2.009466666666667,-999.5903638189614
2.0111333333333334,-999.5906432157338
2.0128,-999.5910390278283
2.014466666666667,-999.5915465986317
2.0161333333333333,-999.5921333318539
2.0178166666666666,-999.5927433481406
2.0194666666666667,-999.5933300813629
2.02115,-999.5938376521663
2.022816666666667,-999.5942427774864
2.0244833333333334,-999.5945268308718
2.02615,-999.5947177519997
2.027816666666667,-999.594857450386
2.0294833333333333,-999.595006461998
2.0311500000000002,-999.5952020397388
2.0328166666666667,-999.5954628100598
2.0344833333333336,-999.5957980861867
2.03615,-999.5961799284426
2.0378166666666666,-999.5965803971499
2.0394833333333335,-999.5969715526313
2.04115,-999.5973161419842
2.042816666666667,-999.5975908821438
2.0444833333333334,-999.5977911164974
2.04615,-999.5979261582708
2.0478333333333336,-999.5980146339153
2.0494833333333333,-999.5980891397214
2.0511666666666666,-999.5981869285918
2.0528333333333335,-999.5983173137523
2.0545,-999.5984849518157
2.056166666666667,-999.5986805295565
2.0578333333333334,-999.5988854205231
2.0595,-999.5990856548767
2.061166666666667,-999.5992858892304
2.0628333333333333,-999.599481466971
2.0645000000000002,-999.5996817013247
2.0661666666666667,-999.5998912489041
2.0678333333333336,-999.6001240795479
2.0695,-999.600380193256
2.0711833333333334,-999.6006689032542
2.0728333333333335,-999.6009948661556
2.074516666666667,-999.601348768734
2.076166666666667,-999.6017166411513
2.07785,-999.6020891701812
2.0795166666666667,-999.6024384161469
2.0811833333333336,-999.6027597224353
2.08285,-999.6030344625949
2.0845166666666666,-999.6032579800129
2.0861833333333335,-999.6034302746893
2.08785,-999.6035560032369
2.089516666666667,-999.6036537921074
2.0911833333333334,-999.6037376111391
2.0928500000000003,-999.6038307433965
2.094516666666667,-999.6039564719442
2.0961833333333333,-999.6041427364593
2.09785,-999.604412820006
2.0995166666666667,-999.604785349036
2.1011833333333336,-999.6052649801621
2.10285,-999.6058191170943
2.1045333333333334,-999.6064151635424
2.1061833333333335,-999.6070018967646
2.1078666666666668,-999.6075234374066
2.1095333333333333,-999.6079378759525
2.1112,-999.6082312425636
2.1128666666666667,-999.6083942240143
2.1145333333333336,-999.6084501033688
2.1162,-999.6084454467559
2.1178666666666666,-999.6084175070787
2.1195333333333335,-999.6084128504658
2.1212,-999.6084640732074
2.122866666666667,-999.6085898017551
2.1245333333333334,-999.6088040059474
2.1262000000000003,-999.6091113423971
2.127866666666667,-999.6095118111044
2.1295333333333333,-999.6099914422306
2.1312,-999.6105176394855
2.1328666666666667,-999.6110484933532
2.1345333333333336,-999.6115374377051
2.1362,-999.6119379064123
2.1378833333333334,-999.6122219597978
2.1395500000000003,-999.6123802846355
2.1412166666666668,-999.6124315073772
2.1428833333333333,-999.6123849412484
2.14455,-999.6122731825394
2.1462166666666667,-999.6121102010887
2.1478833333333336,-999.6119285931866
2.14955,-999.6117376720588
2.1512166666666666,-999.6115746906081
2.1528833333333335,-999.6114489620604
2.15455,-999.6113791128673
2.156216666666667,-999.6113837694802
2.1578833333333334,-999.611467588512
2.1595500000000003,-999.6116259133497
2.161216666666667,-999.6118540873806
2.1628833333333333,-999.6121334841531
2.164566666666667,-999.612440820603
2.1662166666666667,-999.6127528136656
2.1679,-999.6130648067282
2.169566666666667,-999.613367486565
2.1712333333333333,-999.6136561965634
2.1729000000000003,-999.6139355933359
2.1745666666666668,-999.614191707044
2.1762333333333332,-999.6144245376878
2.1779,-999.6146340852672
2.1795666666666667,-999.6148389762336
2.1812333333333336,-999.6150531804259
2.1829,-999.6152906676825
2.184566666666667,-999.6155560946164
2.1862333333333335,-999.6158401480018
2.1879,-999.616133514613
2.189566666666667,-999.6164268812241
2.1912333333333334,-999.616729561061
2.1929000000000003,-999.6170508673493
2.1945833333333336,-999.6173954567022
2.1962333333333333,-999.6177772989579
2.197916666666667,-999.6181917375038
2.1995833333333334,-999.6186154892755
2.20125,-999.6190252712086
2.202916666666667,-999.6193931436256
2.2045833333333333,-999.6196865102368
2.2062500000000003,-999.619900714429
2.2079166666666667,-999.6200217863638
2.2095833333333332,-999.6200730091055
2.21125,-999.6200636958797
2.2129166666666666,-999.6200217863638
2.2145833333333336,-999.6199565937835
2.21625,-999.6199053710419
2.217916666666667,-999.6198774313647
2.2195833333333335,-999.6198960578162
2.22125,-999.6199798768479
2.222916666666667,-999.6201382016857
2.2246,-999.6203756889423
2.2262666666666666,-999.6206737121663
2.2279333333333335,-999.6210089882934
2.2296,-999.6213489210332
2.231266666666667,-999.6216748839345
2.2329333333333334,-999.62195893732
2.2346,-999.6221917679636
2.236266666666667,-999.62236406264
2.2379333333333333,-999.6224758213491
2.2396000000000003,-999.6225363573164
2.2412666666666667,-999.6225642969937
2.2429333333333332,-999.622587580058
2.2446,-999.6226388027997
2.2462666666666666,-999.6227319350572
2.2479333333333336,-999.6228716334434
2.2496,-999.623039271507
2.251266666666667,-999.6232115661834
2.2529333333333335,-999.6233512645696
2.2546166666666667,-999.6234304269885
2.2562833333333336,-999.6234397402143
2.25795,-999.6233885174726
2.2596166666666666,-999.623300041828
2.2612833333333335,-999.6232115661834
2.26295,-999.6231603434417
2.264616666666667,-999.623188283119
2.2662833333333334,-999.6233140116666
2.26795,-999.6235468423104
2.269616666666667,-999.6238634919858
2.2712833333333333,-999.6242127379516
2.2729500000000002,-999.6245433574657
2.2746166666666667,-999.6248087843995
2.2762833333333337,-999.6249857356888
2.27795,-999.6250695547205
2.2796166666666666,-999.6250974943978
2.2813000000000003,-999.6251161208493
2.282966666666667,-999.6251906266554
2.2846333333333333,-999.6253582647188
2.2863,-999.6256469747171
2.2879666666666667,-999.6260381301986
2.2896333333333336,-999.6265177613247
2.2913,-999.627029988741
2.2929666666666666,-999.6275375595444
2.2946333333333335,-999.6280078774448
2.2963,-999.6284176593779
2.297966666666667,-999.6287436222791
2.2996333333333334,-999.6289811095357
2.3013,-999.6291068380834
2.302966666666667,-999.6291254645349
2.3046333333333333,-999.6290323322775
2.3063000000000002,-999.6288553809882
2.3079666666666667,-999.6286318635701
2.3096333333333336,-999.628413002765
2.311316666666667,-999.6282453647015
2.3129666666666666,-999.6281755155084
2.3146500000000003,-999.6282360514757
2.316316666666667,-999.6284409424422
2.3179833333333333,-999.6287622487306
2.31965,-999.6291627174379
2.3213166666666667,-999.6295818125967
2.3229833333333336,-999.6299496850138
2.32465,-999.6302197685606
2.3263166666666666,-999.6303780933983
2.3279833333333335,-999.6304386293657
2.32965,-999.6304432859786
2.331316666666667,-999.6304525992043
2.3329833333333334,-999.6305177917847
2.33465,-999.6306668033966
2.336316666666667,-999.6309089472661
2.3379833333333333,-999.631211627103
2.3396500000000002,-999.6315375900043
2.3413333333333335,-999.631844926454
2.3429833333333336,-999.6321103533879
2.344666666666667,-999.6323292141931
2.3463333333333334,-999.6325154787081
2.3480000000000003,-999.6326924299974
2.349666666666667,-999.6328786945123
2.3513333333333333,-999.6330882420917
2.353,-999.6333071028969
2.3546666666666667,-999.6335213070892
2.3563333333333336,-999.6337075716042
2.358,-999.6338565832161
2.3596666666666666,-999.6339683419252
2.3613333333333335,-999.6340707874084
2.363,-999.6341778895046
2.364666666666667,-999.6343129312779
2.3663333333333334,-999.6344665995028
2.3680000000000003,-999.6346295809534
2.369666666666667,-999.6347739359526
2.37135,-999.6348950078874
2.373,-999.634983483532
2.3746833333333335,-999.6350486761122
2.37635,-999.6351185253053
2.378016666666667,-999.6352209707886
2.3796833333333334,-999.6353979220779
2.3813500000000003,-999.6356680056247
2.383016666666667,-999.6360405346546
2.3846833333333333,-999.6364875694907
2.38635,-999.6369718572297
2.3880166666666667,-999.6374235486786
2.3896833333333336,-999.6377914210957
2.39135,-999.6380335649652
2.3930166666666666,-999.6381499802872
2.3946833333333335,-999.6381639501258
2.39635,-999.638117383997
2.398016666666667,-999.6380521914167
2.3996833333333334,-999.6379916554494
2.4013666666666666,-999.6379497459335
2.4030333333333336,-999.637931119482
2.4047,-999.6379264628691
2.406366666666667,-999.6379404327078
2.4080333333333335,-999.637968372385
2.4097,-999.6380242517395
2.411366666666667,-999.6381127273842
2.4130333333333334,-999.6382384559317
2.4147000000000003,-999.6383967807695
2.4163666666666668,-999.638569075446
2.4180333333333333,-999.6387413701223
2.4197,-999.6388903817343
2.4213666666666667,-999.6390067970561
2.4230333333333336,-999.6390813028622
2.4247,-999.6391232123781
2.426366666666667,-999.6391558086682
2.4280333333333335,-999.639197718184
2.4297,-999.6392768806029
2.4313833333333332,-999.6393979525377
2.43305,-999.6395562773755
2.4347166666666666,-999.6397378852776
2.4363833333333336,-999.6399008667282
2.43805,-999.6400312518888
2.439716666666667,-999.6401104143076
2.4413833333333335,-999.6401476672106
2.44305,-999.6401662936621
2.444716666666667,-999.6402035465651
2.4463833333333334,-999.640282708984
2.4480500000000003,-999.6404177507574
2.4497166666666668,-999.6406086718853
2.4513833333333332,-999.6408321893033
2.45305,-999.6410557067213
2.4547166666666667,-999.6412373146235
2.4563833333333336,-999.6413537299453
2.458066666666667,-999.6413770130097
2.459716666666667,-999.6413211336552
2.4614000000000003,-999.641214031559
2.4630666666666667,-999.6410976162372
2.4647333333333337,-999.6410231104312
2.4664,-999.6410277670441
2.4680666666666666,-999.6411208993015
2.4697333333333336,-999.6413071638166
2.4714,-999.6415725907505
2.473066666666667,-999.6418985536517
2.4747333333333335,-999.642261769456
2.4764,-999.6426249852602
2.478066666666667,-999.6429602613873
2.4797333333333333,-999.6432350015469
2.4814000000000003,-999.6434212660619
2.4830666666666668,-999.6435097417066
2.4847333333333332,-999.6435143983194
2.4864,-999.6434445491263
2.4880833333333334,-999.643342103643
2.4897333333333336,-999.6432350015469
2.491416666666667,-999.6431698089666
2.4930833333333333,-999.6431744655795
2.4947500000000002,-999.6432629412242
2.4964166666666667,-999.6434352359006
2.4980833333333337,-999.6436773797701
2.49975,-999.6439474633169
2.5014166666666666,-999.6442082336379
2.5030833333333335,-999.6444177812173
2.50475,-999.6445621362163
2.506416666666667,-999.6446273287966
2.5080833333333334,-999.6446412986352
2.50975,-999.644645955248
2.511416666666667,-999.6447018346026
2.5130833333333333,-999.6448601594403
2.5147500000000003,-999.6451674958902
2.5164166666666667,-999.6456145307261
2.5181,-999.6461500412069
2.51975,-999.6466762384617
2.5214333333333334,-999.6470953336205
2.5231000000000003,-999.6473374774899
2.524766666666667,-999.6473840436188
2.5264333333333333,-999.6472769415226
2.5281000000000002,-999.6471093034592
2.5297666666666667,-999.64696494846
2.5314333333333336,-999.6469370087827
2.5331,-999.6470487674917
2.5347666666666666,-999.6472955679741
2.5364333333333335,-999.6476215308754
2.5381,-999.6479474937767
2.539766666666667,-999.6481896376462
2.5414333333333334,-999.6483013963551
2.5431,-999.6482548302264
2.544766666666667,-999.6480778789372
2.5464333333333333,-999.6478077953903
2.5481166666666666,-999.6475144287792
2.5497833333333335,-999.6472536584582
2.55145,-999.6470580807174
2.553116666666667,-999.64696494846
2.5547833333333334,-999.6469835749115
2.5564500000000003,-999.6471046468463
2.558116666666667,-999.6473095378127
2.5597833333333333,-999.6475842779724
2.5614500000000002,-999.647896271035
2.5631166666666667,-999.6482222339363
2.5647833333333336,-999.6485481968375
2.56645,-999.6488369068359
2.5681166666666666,-999.6490650808668
2.5697833333333335,-999.6492140924787
2.57145,-999.649274628446
2.573116666666667,-999.6492606586074
2.5748,-999.6492001226401
2.57645,-999.6491442432856
2.5781333333333336,-999.6491442432856
2.5798,-999.6492420321559
2.5814666666666666,-999.6494562363482
2.5831333333333335,-999.6497728860237
2.5848,-999.6501500716666
2.586466666666667,-999.6505412271482
2.5881333333333334,-999.6508811598881
2.5898000000000003,-999.6511326169833
2.591466666666667,-999.6512676587568
2.5931333333333333,-999.6513095682726
2.5948,-999.6512909418211
2.5964666666666667,-999.651258345531
2.5981333333333336,-999.651258345531
2.5998,-999.6513142248855
2.6014666666666666,-999.6514306402073
2.6031333333333335,-999.6515843084322
2.6048,-999.65174263327
2.606466666666667,-999.6518683618176
2.60815,-999.6519428676236
2.6098166666666667,-999.6519614940751
2.6114833333333336,-999.6519614940751
2.61315,-999.6519661506879
2.614816666666667,-999.6520080602039
2.6164833333333335,-999.6521011924614
2.61815,-999.6522362342348
2.619816666666667,-999.6523899024596
2.6214833333333334,-999.6525342574588
2.6231500000000003,-999.6526320463291
2.624816666666667,-999.6526786124579
2.6264833333333333,-999.6526879256836
2.62815,-999.6526832690707
2.6298166666666667,-999.6527112087481
2.6314833333333336,-999.6527903711669
2.63315,-999.6529393827789
2.6348166666666666,-999.6531442737454
2.6364833333333335,-999.6533771043892
2.6381666666666668,-999.6536006218072
2.6398333333333333,-999.6537775730965
2.6415,-999.6538753619668
2.6431666666666667,-999.6538893318054
2.6448333333333336,-999.6538287958381
2.6465,-999.6537403201935
2.648166666666667,-999.6536611577745
2.6498333333333335,-999.6536332180973
2.6515,-999.6536844408389
2.653166666666667,-999.6538101693866
2.6548333333333334,-999.6539964339016
2.6565000000000003,-999.6542106380939
2.658166666666667,-999.6544155290603
2.6598333333333333,-999.654578510511
2.6615,-999.6546856126072
2.6631666666666667,-999.6547554618003
2.66485,-999.6548113411548
2.6665,-999.6548905035736
2.6681833333333334,-999.6550208887342
2.6698500000000003,-999.6552164664749
2.6715166666666668,-999.6554586103445
2.6731833333333332,-999.6557240372783
2.67485,-999.6559708377607
2.6765166666666667,-999.6561710721144
2.6781833333333336,-999.6563200837263
2.67985,-999.6564271858225
2.681516666666667,-999.6565110048542
2.6831833333333335,-999.6565994804988
2.68485,-999.656706582595
2.686516666666667,-999.6568229979168
2.6881833333333334,-999.656930100013
2.6898500000000003,-999.6570092624319
2.691516666666667,-999.6570511719477
2.6931833333333333,-999.6570744550121
2.694866666666667,-999.6571070513023
2.6965333333333334,-999.657190870334
2.6982,-999.6573585083976
2.699866666666667,-999.6576192787186
2.7015333333333333,-999.6579545548456
2.7032000000000003,-999.6583224272626
2.7048666666666668,-999.6586577033897
2.7065333333333337,-999.658909160485
2.7082,-999.6590535154841
2.7098666666666666,-999.6590907683872
2.7115333333333336,-999.6590442022583
2.7132,-999.6589603832266
2.714866666666667,-999.6588812208078
2.7165333333333335,-999.6588393112919
2.7182,-999.658834654679
2.719866666666667,-999.6588439679048
2.7215333333333334,-999.658834654679
2.7232000000000003,-999.6587834319373
2.7248833333333335,-999.6586763298412
2.72655,-999.6585273182292
2.728216666666667,-999.6583736500044
2.7298833333333334,-999.6582432648438
2.73155,-999.6581687590378
2.733216666666667,-999.6581454759735
2.7348833333333333,-999.6581687590378
2.7365500000000003,-999.6582153251666
2.7382166666666667,-999.6582665479082
2.7398833333333337,-999.6583177706498
2.74155,-999.6583736500044
2.7432166666666666,-999.6584528124232
2.7448833333333336,-999.658573884358
2.74655,-999.6587508356472
2.748216666666667,-999.6589743530652
2.7498833333333335,-999.659207183709
2.75155,-999.659393448224
2.753216666666667,-999.6594865804815
2.7549,-999.6594539841914
2.7565666666666666,-999.6592956593536
2.7582333333333335,-999.6590488588712
2.7599,-999.6587834319373
2.761566666666667,-999.658573884358
2.7632333333333334,-999.6584807521004
2.7649,-999.6585459446807
2.766566666666667,-999.6587508356472
2.7682333333333333,-999.6590535154841
2.7699000000000003,-999.6593794783854
2.7715666666666667,-999.6596449053193
2.7732333333333337,-999.6597939169313
2.7749,-999.6597846037055
2.7765666666666666,-999.6596449053193
2.7782333333333336,-999.6594167312884
2.7799,-999.6591792440317
2.781566666666667,-999.6590162625811
2.7832333333333334,-999.6589883229038
2.7849166666666667,-999.6591280212901
2.7865833333333336,-999.6594213879013
2.78825,-999.6598171999957
2.7899166666666666,-999.660250264993
2.7915833333333335,-999.6606367638617
2.79325,-999.6609161606342
2.794916666666667,-999.6610512024076
2.7965833333333334,-999.6610465457948
2.7982500000000003,-999.6609301304728
2.799916666666667,-999.6607438659578
2.8015833333333333,-999.6605436316042
2.8032500000000002,-999.6603759935407
2.8049166666666667,-999.6602549216059
2.8065833333333337,-999.6601850724128
2.80825,-999.6601617893484
2.8099166666666666,-999.6601943856385
2.8116000000000003,-999.6602735480574
2.81325,-999.6604039332179
2.8149333333333333,-999.6605808845072
2.8166,-999.6607950886995
2.8182666666666667,-999.6610186061175
2.8199333333333336,-999.6612095272453
2.8216,-999.6613305991801
2.8232666666666666,-999.6613538822445
2.8249333333333335,-999.6612886896643
2.8266,-999.6611629611166
2.828266666666667,-999.6610279193433
2.8299333333333334,-999.6609347870857
2.8316000000000003,-999.66092547386
2.833266666666667,-999.6610139495046
2.8349333333333333,-999.6611815875681
2.8366000000000002,-999.6613864785346
2.8382666666666667,-999.6615541165982
2.8399333333333336,-999.6616379356299
2.841616666666667,-999.6616099959526
2.8432666666666666,-999.6614702975663
2.8449500000000003,-999.6612747198257
2.846616666666667,-999.6610791420849
2.8482833333333333,-999.6609441003114
2.84995,-999.6608928775698
2.8516166666666667,-999.6609301304728
2.8532833333333336,-999.6610139495046
2.85495,-999.6610931119235
2.8566166666666666,-999.6611163949879
2.8582833333333335,-999.6610698288591
2.85995,-999.6609534135372
2.861616666666667,-999.6608090585381
2.8632833333333334,-999.6606833299904
2.8649500000000003,-999.6606088241845
2.866616666666667,-999.6606181374102
2.8683,-999.660697299829
2.8699500000000002,-999.6608323416025
2.8716333333333335,-999.6609813532144
2.8733,-999.661111738375
2.874966666666667,-999.6611955574067
2.8766333333333334,-999.6612374669226
2.8783000000000003,-999.6612467801483
2.879966666666667,-999.6612421235354
2.8816333333333333,-999.6612467801483
2.8833,-999.661260749987
2.8849666666666667,-999.6612747198257
2.8866333333333336,-999.6612840330514
2.8883,-999.6612747198257
2.889966666666667,-999.6612654065999
2.8916333333333335,-999.6612840330514
2.8933,-999.6613538822445
2.894966666666667,-999.6615075504694
2.8966333333333334,-999.6617357245002
2.8983000000000003,-999.6620290911114
2.899966666666667,-999.662341084174
2.90165,-999.6626297941723
2.903316666666667,-999.6628346851388
2.9049833333333335,-999.6629138475577
2.90665,-999.6628579682032
2.908316666666667,-999.662676360301
2.9099833333333334,-999.6624062767543
2.9116500000000003,-999.6621082535303
2.9133166666666668,-999.6618521398221
2.9149833333333333,-999.6616984715972
2.91665,-999.6616891583715
2.9183166666666667,-999.6618335133707
2.9199833333333336,-999.6621222233689
2.92165,-999.6625087222376
2.923316666666667,-999.6629417872349
2.9249833333333335,-999.663351569168
2.92665,-999.6636915019078
2.928316666666667,-999.6639289891644
2.9299833333333334,-999.6640547177121
2.9316666666666666,-999.6640826573894
2.9333333333333336,-999.6640314346478
2.935,-999.6639336457773
2.936666666666667,-999.6638079172297
2.9383333333333335,-999.6636821886821
2.94,-999.6635611167474
2.941666666666667,-999.6634586712642
2.9433333333333334,-999.6633748522323
2.9450000000000003,-999.663314316265
2.9466666666666668,-999.6632863765877
2.9483333333333337,-999.6632956898135
2.95,-999.663351569168
2.9516666666666667,-999.663421418361
2.9533333333333336,-999.6634866109414
2.955,-999.66350058078
2.956666666666667,-999.6634447014254
2.9583500000000003,-999.6633236294907
2.96,-999.6631653046529
2.9616833333333337,-999.6630209496539
2.96335,-999.662937130622
2.9650166666666666,-999.6629743835251
2.9666833333333336,-999.6631559914272
2.96835,-999.6634866109414
2.970016666666667,-999.6639289891644
2.9716833333333335,-999.6644179335163
2.97335,-999.664878938191
2.975016666666667,-999.6652514672211
2.9766833333333333,-999.6654936110906
2.9783500000000003,-999.6656007131867
2.9800166666666668,-999.6655867433481
2.9816833333333337,-999.6654982677035
2.98335,-999.6653725391558
2.9850166666666667,-999.6652514672211
2.9866833333333336,-999.6651583349635
2.988366666666667,-999.6650977989962
2.990016666666667,-999.6650558894803
2.9917000000000002,-999.6650186365773
2.9933666666666667,-999.6649720704486
2.9950333333333337,-999.6649255043199
2.9967,-999.6648742815781
2.9983666666666666,-999.6648323720623
3.0000333333333336,-999.6647951191593
3.0017,-999.6647625228692
3.003366666666667,-999.6647299265791
3.0050333333333334,-999.6646926736761
3.0067,-999.6646600773859
3.008366666666667,-999.6646461075472
3.0100333333333333,-999.6646693906116
3.0117000000000003,-999.6647532096434
3.0133666666666667,-999.664916191094
3.0150333333333337,-999.6651536783506
3.0167,-999.6654470449619
3.0183833333333334,-999.6657590380245
3.0200333333333336,-999.6660337781841
3.021716666666667,-999.6662386691506
3.0233833333333333,-999.6663318014081
3.0250500000000002,-999.6663178315695
3.0267166666666667,-999.6662200426991
3.0283833333333336,-999.6660756877
3.03005,-999.6659406459266
3.0317166666666666,-999.6658521702819
3.0333833333333335,-999.6658428570562
3.03505,-999.6659033930237
3.036716666666667,-999.6660058385069
3.0383833333333334,-999.6660943141515
3.0400500000000004,-999.6661315670544
3.041716666666667,-999.6660896575386
3.0433833333333333,-999.6659732422168
3.0450500000000003,-999.665814917379
3.0467166666666667,-999.665665905767
3.0484,-999.6655727735094
3.050066666666667,-999.6655681168966
3.0517333333333334,-999.6656565925413
3.0534000000000003,-999.665814917379
3.055066666666667,-999.6659918686682
3.0567333333333333,-999.6661455368932
3.0584000000000002,-999.6662433257635
3.0600666666666667,-999.6662666088279
3.0617333333333336,-999.666224699312
3.0634,-999.6661408802803
3.0650666666666666,-999.666038434797
3.0667333333333335,-999.6659499591524
3.0684,-999.665884766572
3.070066666666667,-999.6658475136691
3.0717333333333334,-999.6658335438304
3.0734000000000004,-999.6658335438304
3.075066666666667,-999.6658475136691
3.0767333333333333,-999.6658940797979
3.078416666666667,-999.6660058385069
3.0800833333333335,-999.6661921030219
3.08175,-999.6664621865687
3.083416666666667,-999.666783492857
3.0850833333333334,-999.6671187689841
3.0867500000000003,-999.6674167922081
3.088416666666667,-999.6676309964004
3.0900833333333333,-999.6677474117222
3.09175,-999.6677660381737
3.0934166666666667,-999.6677287852707
3.0950833333333336,-999.6676682493033
3.09675,-999.6676263397875
3.0984166666666666,-999.6676263397875
3.1000833333333335,-999.6676775625291
3.10175,-999.6677753513994
3.103416666666667,-999.6678964233342
3.1050833333333334,-999.6680221518818
3.1067500000000003,-999.6681432238166
3.1084333333333336,-999.6682503259127
3.1101,-999.6683434581703
3.111766666666667,-999.6684226205891
3.1134333333333335,-999.6684924697822
3.1151,-999.6685623189753
3.116766666666667,-999.6686228549428
3.1184333333333334,-999.6686694210715
3.1201000000000003,-999.6686787342973
3.121766666666667,-999.6686275115557
3.1234333333333333,-999.6685157528466
3.1251,-999.6683434581703
3.1267666666666667,-999.6681339105909
3.1284333333333336,-999.6679243630115
3.1301,-999.6677334418836
3.131766666666667,-999.6675797736586
3.1334333333333335,-999.6674680149497
3.1351166666666668,-999.6673935091437
3.136766666666667,-999.6673329731763
3.13845,-999.6672584673703
3.1401166666666667,-999.6671467086613
3.1417833333333336,-999.6669976970493
3.14345,-999.6668114325342
3.145116666666667,-999.6666298246322
3.1467833333333335,-999.666485469633
3.14845,-999.6664063072142
3.150116666666667,-999.666410963827
3.1517833333333334,-999.6665040960845
3.1534500000000003,-999.6666670775352
3.155116666666667,-999.6668766251146
3.1567833333333333,-999.6671094557582
3.15845,-999.6673329731763
3.1601166666666667,-999.6675378641428
3.1617833333333336,-999.6677241286578
3.16345,-999.6678824534956
3.1651333333333334,-999.6680268084947
3.1668000000000003,-999.6681571936552
3.1684666666666668,-999.6682829222028
3.1701333333333337,-999.6683946809119
3.1718,-999.6684784999436
3.1734666666666667,-999.6685250660723
3.1751333333333336,-999.6685204094595
3.1768,-999.6684784999436
3.178466666666667,-999.6684179639763
3.1801333333333335,-999.6683667412346
3.1818,-999.6683481147832
3.183466666666667,-999.6683760544604
3.1851333333333334,-999.6684552168792
3.1868000000000003,-999.6685669755882
3.188466666666667,-999.6686973607488
3.1901333333333333,-999.6688230892963
3.1918,-999.6689395046183
3.1934666666666667,-999.6690326368757
3.19515,-999.6691117992947
3.196816666666667,-999.6691816484878
3.1984833333333333,-999.6692561542937
3.2001500000000003,-999.669326003487
3.2018166666666668,-999.6693911960672
3.2034833333333337,-999.6694424188088
3.20515,-999.6694657018732
3.2068166666666666,-999.6694610452603
3.2084833333333336,-999.6694284489702
3.21015,-999.6693911960672
3.211816666666667,-999.6693818828414
3.2134833333333335,-999.6694284489702
3.21515,-999.6695541775177
3.216816666666667,-999.6697544118714
3.2184833333333334,-999.6699965557409
3.2201500000000003,-999.6702386996104
3.2218166666666668,-999.6704203075126
3.2234833333333337,-999.6704948133186
3.225166666666667,-999.6704249641255
3.2268166666666667,-999.6702107599332
3.2285000000000004,-999.6698801404191
3.230166666666667,-999.6694796717118
3.2318333333333333,-999.6690792030046
3.2335000000000003,-999.6687299570389
3.2351666666666667,-999.6684784999436
3.2368333333333337,-999.6683388015574
3.2385,-999.6683062052672
3.2401666666666666,-999.6683574280089
3.2418333333333336,-999.6684598734921
3.2435,-999.6685902586527
3.245166666666667,-999.6687439268775
3.2468333333333335,-999.668911564941
3.2485,-999.6690978294561
3.250166666666667,-999.6692934071967
3.2518333333333334,-999.6694796717118
3.2535000000000003,-999.6696286833238
3.2551833333333335,-999.6697031891298
3.25685,-999.6696799060654
3.258516666666667,-999.6695588341307
3.2601833333333334,-999.6693679130028
3.2618500000000004,-999.6691676786492
3.263516666666667,-999.66902332365
3.2651833333333333,-999.668986070747
3.2668500000000003,-999.6690792030046
3.2685166666666667,-999.6692887505839
3.2701833333333337,-999.6695541775177
3.27185,-999.6698009780002
3.2735166666666666,-999.6699499896122
3.2751833333333336,-999.6699593028379
3.27685,-999.6698149478389
3.278516666666667,-999.6695588341307
3.2801833333333335,-999.6692608109066
3.2818500000000004,-999.6690093538114
3.283516666666667,-999.668874312038
3.2852,-999.6688882818767
3.2868666666666666,-999.6690512633272
3.2885333333333335,-999.6693213468741
3.2902,-999.669624026711
3.291866666666667,-999.6698941102577
3.2935333333333334,-999.6700850313856
3.2952000000000004,-999.6701735070302
3.296866666666667,-999.670182820256
3.2985333333333333,-999.6701362541272
3.3002000000000002,-999.6700943446114
3.3018666666666667,-999.6700850313856
3.3035333333333337,-999.670145567353
3.3052,-999.6702759525134
3.3068666666666666,-999.6704529038027
3.3085333333333335,-999.6706577947692
3.3102,-999.67085337251
3.311866666666667,-999.6710163539606
3.3135333333333334,-999.6711187994439
3.3152166666666667,-999.6711467391211
3.3168833333333336,-999.6711001729924
3.31855,-999.6709744444447
3.320216666666667,-999.6707928365427
3.3218833333333335,-999.6705693191246
3.32355,-999.6703271752551
3.325216666666667,-999.6700896879985
3.3268833333333334,-999.669884797032
3.3285500000000003,-999.6697404420328
3.330216666666667,-999.6696845626783
3.3318833333333333,-999.6697264721942
3.3335500000000002,-999.6698661705805
3.3352166666666667,-999.6700850313856
3.3368833333333336,-999.6703597715452
3.33855,-999.6706438249306
3.3402166666666666,-999.6708999386387
3.3418833333333335,-999.6711001729924
3.34355,-999.67122590154
3.3452333333333333,-999.6712817808946
3.3469,-999.6712910941203
3.3485666666666667,-999.6712724676688
3.3502333333333336,-999.6712538412172
3.3519,-999.67122590154
3.353566666666667,-999.671188648637
3.3552333333333335,-999.6711094862181
3.3569,-999.6709697878318
3.358566666666667,-999.670774210091
3.3602333333333334,-999.6705274096087
3.3619000000000003,-999.6702573260619
3.363566666666667,-999.6699965557409
3.3652333333333333,-999.6697870081615
3.3669000000000002,-999.6696473097753
3.3685666666666667,-999.6695914304208
3.3702333333333336,-999.6696147134852
3.3719,-999.6697031891298
3.373566666666667,-999.6698242610646
3.3752500000000003,-999.6699593028379
3.376916666666667,-999.6700803747727
3.3785833333333337,-999.6701735070302
3.38025,-999.6702340429975
3.3819166666666667,-999.6702619826748
3.3835833333333336,-999.6702852657392
3.38525,-999.6703085488036
3.386916666666667,-999.6703504583195
3.3885833333333335,-999.6704156508997
3.39025,-999.6704948133186
3.391916666666667,-999.6705786323504
3.3935833333333334,-999.6706484815435
3.3952500000000003,-999.6706997042851
3.396916666666667,-999.6707183307366
3.3985833333333333,-999.670704360898
3.40025,-999.670667107995
3.4019166666666667,-999.6705972588019
3.4036,-999.6705041265443
3.405266666666667,-999.6703877112225
3.4069333333333334,-999.6702619826748
3.4086000000000003,-999.6701315975143
3.410266666666667,-999.6700105255795
3.4119333333333337,-999.6699080800963
3.4136,-999.6698242610646
3.4152666666666667,-999.6697590684843
3.4169333333333336,-999.669731128807
3.4186,-999.669731128807
3.420266666666667,-999.6697730383229
3.4219333333333335,-999.6698382309032
3.4236,-999.6699127367092
3.425266666666667,-999.6699779292894
3.4269333333333334,-999.6700151821924
3.4286000000000003,-999.670029152031
3.430266666666667,-999.6700198388053
3.43195,-999.6700012123538
3.433616666666667,-999.6699825859023
3.4352833333333335,-999.6699825859023
3.43695,-999.6700151821924
3.438616666666667,-999.6700850313856
3.4402833333333334,-999.6701967900946
3.4419500000000003,-999.6703458017066
3.4436166666666668,-999.67051343977
3.4452833333333337,-999.6706810778336
3.44695,-999.6708021497684
3.4486166666666667,-999.67085337251
3.4503000000000004,-999.6707974931555
3.451966666666667,-999.6706112286405
3.4536333333333333,-999.6702992355779
3.4553000000000003,-999.6698615139676
3.4569666666666667,-999.6693399733256
3.4586333333333337,-999.6687858363933
3.4603,-999.66827826559
3.4619666666666666,-999.6678917667214
3.4636333333333336,-999.6677008455935
3.4653,-999.6677520683351
3.466966666666667,-999.668050091559
3.4686333333333335,-999.6685576623624
3.4703000000000004,-999.6692049315521
3.471966666666667,-999.6698894536448
3.4736333333333334,-999.6705227529958
3.4753000000000003,-999.6710116973477
3.4769666666666668,-999.6713050639589
3.4786333333333337,-999.6713888829906
3.4803,-999.6712771242817
3.4819666666666667,-999.6710303237993
3.4836333333333336,-999.6707136741237
3.4853,-999.6703970244482
3.486966666666667,-999.6701269409015
3.4886333333333335,-999.6699360197736
3.4903,-999.6698242610646
3.4919833333333337,-999.6697870081615
3.49365,-999.669810291226
3.4953166666666666,-999.6698661705805
3.4969833333333336,-999.6699453329993
3.49865,-999.6700198388053
3.500316666666667,-999.6700850313856
3.5019833333333334,-999.6701269409015
3.5036500000000004,-999.6701548805787
3.505316666666667,-999.6701874768688
3.5069833333333333,-999.6702386996104
3.5086500000000003,-999.6703271752551
3.5103166666666668,-999.6704715302542
3.5119833333333337,-999.6706717646078
3.51365,-999.6709045952516
3.5153166666666666,-999.6711420825083
3.5169833333333336,-999.6713423168619
3.51865,-999.6714680454095
3.520316666666667,-999.6714820152481
3.5220000000000002,-999.6713655999263
3.5236666666666667,-999.6711281126696
3.5253333333333337,-999.6708021497684
3.527,-999.6704389339641
3.5286666666666666,-999.6701036578371
3.5303333333333335,-999.6698522007418
3.532,-999.669731128807
3.533666666666667,-999.6697497552585
3.5353333333333334,-999.669884797032
3.5370000000000004,-999.6700990012242
3.538666666666667,-999.6703271752551
3.5403333333333333,-999.6705180963829
3.542016666666667,-999.670629855092
3.5436833333333335,-999.6706484815435
3.54535,-999.6705786323504
3.547016666666667,-999.6704529038027
3.5486833333333334,-999.6703132054165
3.5503500000000003,-999.6702014467074
3.552016666666667,-999.6701502239658
3.5536833333333333,-999.6701641938045
3.5553500000000002,-999.6702433562233
3.5570166666666667,-999.6703644281581
3.5586833333333336,-999.6704994699314
3.56035,-999.6706391683177
3.562016666666667,-999.6707648968653
3.5636833333333335,-999.6708719989615
3.56535,-999.6709558179932
3.567016666666667,-999.6710070407348
3.5686833333333334,-999.6710303237993
3.5703500000000004,-999.6710116973477
3.572016666666667,-999.6709511613803
3.5736833333333333,-999.6708626857358
3.5753500000000003,-999.670774210091
3.5770166666666667,-999.6707136741237
3.5786833333333337,-999.6707136741237
3.580366666666667,-999.6708068063813
3.5820333333333334,-999.6709977275091
3.5837000000000003,-999.671263154443
3.585366666666667,-999.6715425512156
3.5870333333333333,-999.6717800384722
3.5887000000000002,-999.671896453794
3.5903666666666667,-999.6718638575039
3.5920333333333336,-999.6716822496018
3.5937,-999.6713888829906
3.595366666666667,-999.6710582634765
3.5970333333333335,-999.670778866704
3.5987,-999.6706205418662
3.600366666666667,-999.6706251984791
3.6020333333333334,-999.6707974931555
3.6037000000000003,-999.6711001729924
3.605366666666667,-999.671449418958
3.6070333333333333,-999.6717800384722
3.6087000000000002,-999.672012869116
3.6103833333333335,-999.672119971212
3.61205,-999.6720966881477
3.613716666666667,-999.6719709596
3.6153833333333334,-999.6718079781494
3.6170500000000003,-999.6716589665374
3.618716666666667,-999.6715611776671
3.6203833333333333,-999.671528581377
3.62205,-999.6715472078284
3.6237166666666667,-999.6715798041186
3.6253833333333336,-999.6715891173443
3.62705,-999.6715472078284
3.628716666666667,-999.6714401057322
3.6303833333333335,-999.6712817808946
3.63205,-999.6710955163795
3.633716666666667,-999.6708952820259
3.6353833333333334,-999.6706950476722
3.6370500000000003,-999.6704855000928
3.6387333333333336,-999.6702619826748
3.6404,-999.6700151821924
3.642066666666667,-999.6697544118714
3.6437333333333335,-999.6695122680019
3.6454,-999.6693166902612
3.647066666666667,-999.669209588165
3.6487333333333334,-999.6692002749393
3.6504000000000003,-999.6692887505839
3.652066666666667,-999.6694517320345
3.6537333333333337,-999.6696426531624
3.6554,-999.6698196044517
3.6570666666666667,-999.6699406763864
3.6587333333333336,-999.6699872425152
3.6604,-999.669954646225
3.662066666666667,-999.6698568573547
3.6637333333333335,-999.6697218155813
3.6654,-999.669586773808
3.667066666666667,-999.6694936415504
3.66875,-999.6694517320345
3.6704166666666667,-999.6694610452603
3.6720833333333336,-999.6695215812276
3.67375,-999.6696147134852
3.675416666666667,-999.6697357854199
3.6770833333333335,-999.6698754838062
3.67875,-999.670029152031
3.680416666666667,-999.6701735070302
3.6820833333333334,-999.6702852657392
3.6837500000000003,-999.670331831868
3.685416666666667,-999.6703038921908
3.6870833333333337,-999.6701921334817
3.68875,-999.6700338086439
3.6904166666666667,-999.6698615139676
3.6920833333333336,-999.6697404420328
3.69375,-999.6697125023555
3.695416666666667,-999.6698196044517
3.6970833333333335,-999.6700664049341
3.6987666666666668,-999.6704296207383
3.7004333333333337,-999.6708719989615
3.7021,-999.6713330036362
3.7037666666666667,-999.6717381289562
3.7054333333333336,-999.6720268389546
3.7071,-999.6721618807279
3.708766666666667,-999.6721432542764
3.7104333333333335,-999.6720035558902
3.7121000000000004,-999.671789351698
3.713766666666667,-999.6715565210542
3.7154333333333334,-999.671337660249
3.7171000000000003,-999.6711420825083
3.7187666666666668,-999.670965131219
3.7204333333333337,-999.670778866704
3.7221,-999.6705693191246
3.7237666666666667,-999.6703178620294
3.7254333333333336,-999.6700338086439
3.727116666666667,-999.669731128807
3.7287833333333333,-999.6694424188088
3.7304500000000003,-999.6691909617135
3.7321166666666667,-999.6690093538114
3.7337833333333337,-999.6689069083282
3.73545,-999.6688836252638
3.7371166666666666,-999.6689348480054
3.7387833333333336,-999.6690279802629
3.74045,-999.6691537088105
3.742116666666667,-999.6692934071967
3.7437833333333335,-999.6694424188088
3.7454500000000004,-999.6696054002595
3.747116666666667,-999.6697776949358
3.7487833333333334,-999.6699593028379
3.7504500000000003,-999.6701409107401
3.7521166666666668,-999.6703038921908
3.7537833333333337,-999.6704342773512
3.755466666666667,-999.6705180963829
3.7571333333333334,-999.6705460360603
3.7588000000000004,-999.6705227529958
3.760466666666667,-999.6704529038027
3.7621333333333333,-999.6703644281581
3.7638000000000003,-999.6702806091263
3.7654666666666667,-999.6702200731589
3.7671333333333337,-999.670182820256
3.7688,-999.6701595371916
3.7704666666666666,-999.6701222842886
3.7721333333333336,-999.6700338086439
3.7738,-999.6698894536448
3.775466666666667,-999.6696845626783
3.7771333333333335,-999.6694470754217
3.7788000000000004,-999.669209588165
3.780466666666667,-999.6690046971985
3.7821333333333333,-999.6688649988123
3.7838000000000003,-999.668799806232
3.7854833333333335,-999.6688184326835
3.78715,-999.6689022517153
3.788816666666667,-999.6690279802629
3.7904833333333334,-999.6691676786492
3.7921500000000004,-999.6692887505839
3.793816666666667,-999.6693772262286
3.7954833333333333,-999.669433105583
3.7971500000000002,-999.6694610452603
3.7988166666666667,-999.6694843283246
3.8004833333333337,-999.6695262378405
3.80215,-999.6695960870337
3.803816666666667,-999.6696892192912
3.8054833333333336,-999.6697823515486
3.80715,-999.6698615139676
3.808816666666667,-999.6698987668706
3.8104833333333334,-999.6698801404191
3.8121500000000004,-999.6698056346131
3.813816666666667,-999.6696845626783
3.8155,-999.6695495209049
3.817166666666667,-999.6694237923573
3.8188333333333335,-999.6693213468741
3.8205,-999.6692608109066
3.822166666666667,-999.6692421844551
3.8238333333333334,-999.6692701241324
3.8255000000000003,-999.6693446299385
3.827166666666667,-999.6694750150989
3.8288333333333333,-999.6696612796139
3.8305000000000002,-999.6698987668706
3.8321666666666667,-999.6701735070302
3.8338333333333336,-999.6704575604156
3.8355,-999.6707136741237
3.837166666666667,-999.6709045952516
3.8388333333333335,-999.6710116973477
3.8405,-999.6710256671864
3.842166666666667,-999.6709604746061
3.8438333333333334,-999.6708487158971
3.8455166666666667,-999.6707136741237
3.8471833333333336,-999.6705786323504
3.84885,-999.6704668736413
3.850516666666667,-999.6703737413839
3.8521833333333335,-999.6703038921908
3.85385,-999.6702293863847
3.855516666666667,-999.6701409107401
3.8571833333333334,-999.6700198388053
3.8588500000000003,-999.6698661705805
3.860516666666667,-999.6696799060654
3.8621833333333333,-999.6694796717118
3.8638500000000002,-999.669284093971
3.8655166666666667,-999.6691117992947
3.8671833333333336,-999.6689767575212
3.86885,-999.6688882818767
3.870516666666667,-999.6688603421994
3.8721833333333335,-999.668874312038
3.873866666666667,-999.6689162215539
3.8755333333333337,-999.6689441612311
3.8772,-999.6689301913925
3.8788666666666667,-999.6688463723608
3.8805333333333336,-999.6686973607488
3.8822,-999.6685110962337
3.883866666666667,-999.6683155184929
3.8855333333333335,-999.6681571936552
3.8872,-999.6680594047848
3.888866666666667,-999.6680314651076
3.8905333333333334,-999.6680780312363
3.8922000000000003,-999.6681804767196
3.893866666666667,-999.6683201751058
3.8955333333333337,-999.6684784999436
3.8972,-999.6686321681685
3.8988666666666667,-999.668762553329
3.9005333333333336,-999.6688556855865
3.9022,-999.668911564941
3.9038833333333334,-999.6689395046183
3.9055500000000003,-999.668948817844
3.907216666666667,-999.6689581310698
3.9088833333333337,-999.6689907273599
3.91055,-999.669060576553
3.9122166666666667,-999.669172335262
3.9138833333333336,-999.6693399733256
3.91555,-999.6695541775177
3.917216666666667,-999.6698009780002
3.9188833333333335,-999.6700570917084
3.92055,-999.6702899223521
3.922216666666667,-999.6704668736413
3.9238833333333334,-999.6705600058989
3.9255500000000003,-999.6705646625118
3.927216666666667,-999.6704948133186
3.9288833333333337,-999.6703737413839
3.930566666666667,-999.6702154165461
3.9322166666666667,-999.6700431218696
3.9339000000000004,-999.6698661705805
3.935566666666667,-999.6696985325169
3.9372333333333334,-999.6695402076791
3.9389000000000003,-999.6694005092929
3.9405666666666668,-999.6692794373581
3.9422333333333337,-999.6691816484878
3.9439,-999.6691211125204
3.9455666666666667,-999.6691071426818
3.9472333333333336,-999.6691304257462
3.9489,-999.6691769918749
3.950566666666667,-999.6692282146165
3.9522333333333335,-999.6692561542937
3.9539,-999.669246841068
3.955566666666667,-999.6691956183264
3.9572333333333334,-999.6691024860689
3.9589000000000003,-999.668986070747
3.960566666666667,-999.6688556855865
3.96225,-999.6687299570389
3.963916666666667,-999.6686088851042
3.9655833333333335,-999.6685064396208
3.9672500000000004,-999.6684319338149
3.968916666666667,-999.6683853676861
3.9705833333333334,-999.6683713978475
3.9722500000000003,-999.6683853676861
3.9739166666666668,-999.6684179639763
3.9755833333333337,-999.6684738433307
3.97725,-999.6685623189753
3.9789166666666667,-999.6686787342973
3.9805833333333336,-999.6688324025222
3.98225,-999.6690046971985
3.983916666666667,-999.6691816484878
3.9855833333333335,-999.6693306600998
3.9872500000000004,-999.6694284489702
3.988916666666667,-999.6694563886474
3.9905833333333334,-999.66939585268
3.992266666666667,-999.669246841068
3.9939333333333336,-999.6690279802629
3.9956,-999.6687578967161
3.997266666666667,-999.6684784999436
3.9989333333333335,-999.6682316994612
