min,µS/cm
0.0,-999.5191409250344
0.0016666666666667052,-999.519196804389
0.0033333333333334103,-999.5191129853572
0.004999999999999893,-999.5188335885847
0.006666666666666599,-999.5182747950397
0.008333333333333304,-999.5173481290775
0.010000000000000009,-999.5160442774725
0.011666666666666714,-999.5144424026433
0.01333333333333342,-999.5127473955567
0.015016666666666678,-999.5112246831466
0.016683333333333383,-999.5101443489596
0.01835000000000009,-999.509715940575
0.02001666666666657,-999.5100465600891
0.021683333333333277,-999.5111082678246
0.023349999999999982,-999.5127520521696
0.025016666666666687,-999.5147357692545
0.026683333333333392,-999.5167893355325
0.028350000000000097,-999.518670607134
0.03001666666666658,-999.5201933195443
0.031683333333333286,-999.5212596838927
0.03334999999999999,-999.5218603869537
0.035016666666666696,-999.5220559646943
0.0366833333333334,-999.5219488625983
0.038350000000000106,-999.5216461827614
0.04001666666666659,-999.5212317442155
0.041683333333333294,-999.5207474564764
0.04335,-999.5201979761572
0.04503333333333326,-999.519569333419
0.04668333333333341,-999.5188475584233
0.04836666666666667,-999.5180466210088
0.050033333333333374,-999.5172224005299
0.05170000000000008,-999.5164633726312
0.05336666666666656,-999.5158626695703
0.05503333333333327,-999.5155134236047
0.05669999999999997,-999.5154575442501
0.05836666666666668,-999.5156810616681
0.06003333333333338,-999.5161187832784
0.06170000000000009,-999.5166822334363
0.06336666666666657,-999.5172643100458
0.06503333333333328,-999.5177951639135
0.06669999999999998,-999.5182328855238
0.06836666666666669,-999.5185774748766
0.07003333333333339,-999.5188475584233
0.0717000000000001,-999.51908504568
0.07336666666666658,-999.519308563098
0.07505000000000006,-999.5195274239031
0.07669999999999999,-999.519718345031
0.07838333333333325,-999.5198487301915
0.08004999999999995,-999.5198906397073
0.08171666666666666,-999.5198114772885
0.08338333333333336,-999.5196112429348
0.08505000000000007,-999.519308563098
0.08671666666666655,-999.5189406906809
0.08838333333333326,-999.5185402219736
0.09004999999999996,-999.5181723495564
0.09171666666666667,-999.5178789829453
0.09338333333333337,-999.517706688269
0.09505000000000008,-999.5176787485916
0.09671666666666678,-999.5178091337522
0.09840000000000004,-999.5180699040732
0.10004999999999997,-999.5184238066516
0.10171666666666668,-999.5188149621332
0.10338333333333338,-999.5191874911633
0.10506666666666664,-999.519494827613
0.10673333333333335,-999.5196950619667
0.10840000000000005,-999.5197649111598
0.11006666666666676,-999.5196950619667
0.11173333333333324,-999.5194994842259
0.11339999999999995,-999.5192107742276
0.11506666666666665,-999.5188801547134
0.11673333333333336,-999.5185728182637
0.11840000000000006,-999.518335331007
0.12006666666666677,-999.5182142590724
0.12173333333333325,-999.5182189156852
0.12339999999999995,-999.5183306743942
0.12506666666666666,-999.5185076256835
0.12673333333333336,-999.5186938901985
0.12840000000000007,-999.5188196187461
0.13006666666666677,-999.5188522150362
0.13175000000000003,-999.5187777092302
0.13339999999999996,-999.5186100711667
0.13508333333333344,-999.5183865537487
0.13674999999999993,-999.5181537231049
0.13841666666666663,-999.5179488321385
0.14008333333333334,-999.5177905073007
0.14175000000000004,-999.5176834052045
0.14341666666666675,-999.5176042427856
0.14508333333333323,-999.5175437068183
0.14674999999999994,-999.5174924840767
0.14841666666666664,-999.5174552311736
0.15008333333333335,-999.517441261335
0.15175000000000005,-999.5174552311736
0.15341666666666676,-999.5175017973024
0.15508333333333346,-999.5175669898827
0.15674999999999994,-999.5176321824629
0.15841666666666665,-999.5176601221401
0.16008333333333336,-999.5176182126243
0.16175000000000006,-999.5174738576252
0.16341666666666677,-999.5172317137557
0.16510000000000002,-999.5169057508543
0.16676666666666673,-999.5165425350501
0.16843333333333343,-999.5161886324715
0.17009999999999992,-999.5158766394089
0.17176666666666662,-999.5156391521523
0.17343333333333333,-999.5154761707016
0.17510000000000003,-999.5153690686055
0.17676666666666674,-999.5152945627996
0.17843333333333322,-999.5152293702192
0.18009999999999993,-999.5151688342519
0.18176666666666663,-999.5151129548974
0.18343333333333334,-999.5150710453815
0.18510000000000004,-999.5150477623172
0.18676666666666675,-999.5150477623172
0.18843333333333345,-999.5150663887687
0.19009999999999994,-999.5151036416717
0.19178333333333342,-999.5151362379618
0.19343333333333335,-999.5151502078004
0.1951166666666666,-999.5151222681232
0.1967833333333333,-999.5150431057043
0.19845000000000002,-999.5149127205437
0.20011666666666672,-999.5147404258673
0.20178333333333343,-999.514568131191
0.2034499999999999,-999.5144237761918
0.2051166666666666,-999.514344613773
0.20678333333333332,-999.5143399571601
0.20845000000000002,-999.5143911799017
0.21011666666666673,-999.5144610290948
0.21178333333333343,-999.5145122518364
0.21344999999999992,-999.5145122518364
0.21511666666666662,-999.5144517158691
0.21678333333333333,-999.514344613773
0.2184666666666666,-999.5142328550639
0.2201333333333333,-999.5141490360322
0.2218,-999.5141443794193
0.2234666666666667,-999.5142281984511
0.2251333333333334,-999.5143958365146
0.2268000000000001,-999.5146240105455
0.2284666666666666,-999.5148614978021
0.2301333333333333,-999.5150617321558
0.2318,-999.5151967739291
0.2334666666666667,-999.5152573098965
0.23513333333333342,-999.5152479966707
0.2367999999999999,-999.5151921173162
0.2384666666666666,-999.5150989850588
0.2401333333333333,-999.514977913124
0.24180000000000001,-999.5148242448992
0.24346666666666672,-999.5146379803841
0.24513333333333343,-999.5144098063532
0.24680000000000013,-999.5141397228065
0.2484833333333334,-999.5138277297439
0.2501333333333333,-999.5134971102297
0.2518166666666668,-999.5131618341027
0.2534833333333333,-999.5128451844272
0.25515,-999.5125611310417
0.2568166666666667,-999.5123189871722
0.2584833333333334,-999.5121187528187
0.2601500000000001,-999.5119418015294
0.2618166666666666,-999.5117695068529
0.2634833333333333,-999.5115925555637
0.26515,-999.5114109476616
0.2668166666666667,-999.5112386529852
0.2684833333333334,-999.5111082678246
0.2701499999999999,-999.5110430752444
0.2718166666666668,-999.5110663583088
0.2734833333333333,-999.5111781170178
0.27515,-999.5113364418555
0.2768166666666667,-999.5114994233062
0.2784833333333334,-999.5116251518539
0.2801500000000001,-999.5116717179826
0.2818333333333334,-999.5116391216925
0.2835000000000001,-999.511541332822
0.2851666666666668,-999.5114016344359
0.2868333333333333,-999.5112433095981
0.2885,-999.511094297986
0.2901666666666667,-999.5109545995998
0.2918333333333334,-999.5108242144393
0.2935000000000001,-999.5106798594402
0.2951666666666666,-999.5105168779895
0.2968333333333333,-999.5103306134745
0.2985,-999.5101396923467
0.3001666666666667,-999.5099673976703
0.3018333333333334,-999.5098370125097
0.3034999999999999,-999.5097671633166
0.30518333333333336,-999.5097811331552
0.3068333333333333,-999.5098742654127
0.30851666666666655,-999.5100325902505
0.3101666666666667,-999.5102328246041
0.31184999999999996,-999.5104284023449
0.31351666666666667,-999.5105774139569
0.31518333333333337,-999.5106379499243
0.3168500000000001,-999.510572757344
0.3185166666666668,-999.5103771796033
0.32018333333333326,-999.5100558733149
0.32184999999999997,-999.5096507479948
0.3235166666666667,-999.5092176829974
0.3251833333333334,-999.5088079010643
0.3268500000000001,-999.5084772815502
0.32851666666666657,-999.5082537641322
0.3301833333333333,-999.5081559752617
0.33185,-999.5081839149391
0.3335166666666667,-999.5083236133253
0.3351833333333334,-999.508556443969
0.3368500000000001,-999.5088498105802
0.33853333333333335,-999.50915714703
0.3401833333333333,-999.5094225739639
0.34186666666666676,-999.5095995252531
0.34353333333333347,-999.5096460913819
0.34519999999999995,-999.5095529591243
0.34686666666666666,-999.5093201284806
0.34853333333333336,-999.5089848523536
0.35020000000000007,-999.5086076667106
0.35186666666666677,-999.5082491075193
0.35353333333333326,-999.5079743673597
0.35519999999999996,-999.5078206991348
0.35686666666666667,-999.5078206991348
0.35853333333333337,-999.5079510842953
0.3602000000000001,-999.508188571552
0.36186666666666656,-999.5084679683245
0.3635333333333335,-999.5087333952583
0.36519999999999997,-999.508933629612
0.3668666666666667,-999.5090360750952
0.36855000000000016,-999.5090314184823
0.3702000000000001,-999.508933629612
0.37188333333333334,-999.5087892746128
0.37355000000000005,-999.5086262931621
0.37521666666666675,-999.5084679683245
0.37688333333333346,-999.5083189567124
0.37854999999999994,-999.5081792583262
0.38021666666666665,-999.508034903327
0.38188333333333335,-999.5078812351021
0.38355000000000006,-999.5077275668773
0.38521666666666676,-999.5075832118781
0.38688333333333325,-999.507476109782
0.38854999999999995,-999.5074155738146
0.39021666666666666,-999.5074202304274
0.39188333333333336,-999.5074667965563
0.39355000000000007,-999.5075273325236
0.39521666666666655,-999.5075645854266
0.3968833333333335,-999.5075459589751
0.39856666666666674,-999.5074435134918
0.40021666666666667,-999.5072572489769
0.40190000000000015,-999.5070104484945
0.40356666666666663,-999.5067403649477
0.40523333333333333,-999.5064982210782
0.40690000000000004,-999.5063305830147
0.40856666666666674,-999.5062653904345
0.41023333333333345,-999.5063026433374
0.41189999999999993,-999.5064190586593
0.41356666666666664,-999.5065727268842
0.41523333333333334,-999.5067077686575
0.41690000000000005,-999.5067776178507
0.41856666666666675,-999.5067589913992
0.42023333333333324,-999.5066472326902
0.42189999999999994,-999.506465624788
0.42356666666666665,-999.5062653904345
0.42523333333333335,-999.5060791259194
0.42690000000000006,-999.5059394275331
0.4285833333333333,-999.5058509518885
0.43025,-999.505795072534
0.4319166666666667,-999.5057438497925
0.43358333333333343,-999.5056553741478
0.43525000000000014,-999.5055063625358
0.4369166666666666,-999.5053061281822
0.4385833333333333,-999.5050686409255
0.44025000000000003,-999.5048311536689
0.44191666666666674,-999.5046216060895
0.44358333333333344,-999.5044539680259
0.4452499999999999,-999.5043235828655
0.44691666666666663,-999.5042025109307
0.44858333333333333,-999.5040628125445
0.45025000000000004,-999.5038858612552
0.45191666666666674,-999.5036530306114
0.4535833333333332,-999.5033782904518
0.45525000000000015,-999.5030662973892
0.45691666666666664,-999.5027543043265
0.4585999999999999,-999.5024655943282
0.4602666666666668,-999.5022513901359
0.4619333333333333,-999.5021442880399
0.4636,-999.50217688433
0.4652666666666667,-999.5023678054579
0.4669333333333334,-999.5027030815849
0.4686000000000001,-999.5031640862595
0.4702666666666666,-999.5036995967401
0.4719333333333333,-999.5042537336723
0.4736,-999.5047566478628
0.4752666666666667,-999.5051431467315
0.47693333333333343,-999.5053759773753
0.4785999999999999,-999.5054318567297
0.4802666666666666,-999.5053200980208
0.4819333333333333,-999.5050919239899
0.48360000000000003,-999.504826497056
0.4852833333333333,-999.5045936664122
0.4869333333333332,-999.5044679378645
0.4886166666666667,-999.5044912209289
0.4902833333333334,-999.5046821420568
0.4919499999999999,-999.5050267314097
0.4936166666666668,-999.5054877360842
0.4952833333333333,-999.5060185899521
0.49695,-999.5065634136585
0.4986166666666667,-999.5070802976876
0.5002833333333332,-999.5075273325236
0.5019500000000001,-999.5078905483279
0.5036166666666666,-999.5081559752617
0.5052833333333333,-999.5083282699381
0.50695,-999.5084214021956
0.5086166666666667,-999.5084633117116
0.5102833333333334,-999.5085005646146
0.5119666666666667,-999.5086030100978
0.5136166666666668,-999.5088404973544
0.5153000000000001,-999.5093294417063
0.5169666666666666,-999.5101955717012
0.5186333333333335,-999.5116111820153
0.5203,-999.5137532239378
0.5219666666666667,-999.5167986487583
0.5236333333333334,-999.5208638717983
0.5252999999999999,-999.5259814893482
0.5269666666666668,-999.5320397426989
0.5286333333333333,-999.5387592350779
0.5303,-999.5457255279392
0.5319666666666667,-999.552379827738
0.5336333333333334,-999.5581400578646
0.5353000000000001,-999.5624148284842
0.5369666666666666,-999.5645242741166
0.5386333333333335,-999.5625778099347
0.5403,-999.5492366140472
0.5419666666666667,-999.4999975895043
0.5436333333333334,-999.3485459123499
0.5453166666666667,-998.9451435389673
0.5469666666666668,-998.0005496172237
0.5486500000000001,-996.028776744394
0.5503166666666666,-992.3127996699478
0.5519833333333335,-985.9220175938318
0.55365,-975.8044876976891
0.5553166666666667,-960.957319923191
0.5569833333333334,-940.6519964992311
0.5586499999999999,-914.6657497224704
0.5603166666666668,-883.4581919403087
0.5619833333333333,-848.238799184672
0.56365,-810.8954135379267
0.5653166666666667,-773.7872240942843
0.5669833333333334,-739.4385015309967
0.5686500000000001,-710.1925791754353
0.5703166666666666,-687.8931916728119
0.5719833333333335,-673.6520494677369
0.57365,-667.7408240119651
0.5753333333333333,-669.6184587989088
0.5770000000000002,-678.0782438246897
0.5786666666666667,-691.4784762503014
0.5803333333333334,-708.0094659272626
0.5820000000000001,-725.9491508481788
0.5836666666666666,-743.8678065053504
0.5853333333333335,-760.7566196288711
0.587,-776.071604702655
0.5886666666666667,-789.6998295512516
0.5903333333333334,-801.8667580568542
0.5920000000000001,-813.0101025165105
0.5936666666666668,-823.6465094721161
0.5953333333333333,-834.2540035183792
0.597,-845.1861473010788
0.5986666666666667,-856.6255778337948
0.6003333333333334,-868.5766816458556
0.6020000000000001,-880.8906380463814
0.6036666666666666,-893.3119712831974
0.60535,-905.5343973010473
0.6070166666666668,-917.2546728128822
0.6086833333333332,-928.2157853842787
0.6103500000000002,-938.2344879853699
0.6120166666666667,-947.2116646111066
0.6136833333333334,-955.1267330325799
0.6153500000000001,-962.0211277911538
0.6170166666666665,-967.9766888581108
0.6186833333333335,-973.0953913988059
0.62035,-977.4832478619568
0.6220166666666667,-981.2394813547095
0.6236833333333334,-984.4500622639665
0.6253500000000001,-987.1852542214027
0.6270166666666668,-989.5004476371689
0.6286833333333333,-991.4392656606805
0.6303500000000002,-993.0378389512365
0.6320166666666667,-994.329085105252
0.6336833333333334,-995.3460893572058
0.6353666666666669,-996.124106923176
0.6370333333333333,-996.7009401864842
0.6387,-997.1159375259261
0.6403666666666668,-997.4080608214289
0.6420333333333332,-997.6135059248719
0.6437000000000002,-997.7635419917123
0.6453666666666666,-997.8829002929306
0.6470333333333333,-997.9890524400347
0.6487,-998.0923640532849
0.6503666666666665,-998.1970726503977
0.6520333333333335,-998.3027963891172
0.6537,-998.4062849536567
0.6553666666666667,-998.503137844849
0.6570333333333334,-998.5892293036865
0.6587000000000001,-998.6617187963154
0.6603666666666668,-998.7195073620973
0.6620333333333333,-998.7633167760276
0.6637000000000002,-998.7953263329321
0.6653833333333334,-998.8186326803726
0.6670499999999999,-998.8365978928454
0.6687166666666668,-998.8522999914607
0.6703833333333333,-998.8681185053979
0.67205,-998.8854969846483
0.6737166666666667,-998.9049616264668
0.6753833333333332,-998.9262283774681
0.6770500000000002,-998.9484823303989
0.6787166666666666,-998.9706384944593
0.6803833333333333,-998.991625848688
0.68205,-999.0106015461546
0.6837166666666668,-999.0270440462172
0.6853833333333335,-999.0408276203278
0.6870499999999999,-999.0521571594534
0.6887166666666669,-999.0614843550425
0.6903833333333333,-999.0693959403175
0.69205,-999.0764926183393
0.6937166666666668,-999.083300586363
0.6954,-999.090201686644
0.6970666666666667,-999.0973961535364
0.6987333333333334,-999.1049212399428
0.7003999999999999,-999.1126838136058
0.7020666666666668,-999.1205115798491
0.7037333333333333,-999.128204304319
0.7054,-999.1356036621777
0.7070666666666667,-999.1425885814906
0.7087333333333332,-999.1491218093546
0.7104000000000001,-999.1552126589954
0.7120666666666666,-999.1609216663804
0.7137333333333333,-999.1663326505414
0.7154,-999.1715294305103
0.7170666666666667,-999.176577198867
0.7187333333333334,-999.1815318349663
0.7203999999999999,-999.1864305917111
0.7220666666666669,-999.191282782327
0.7237500000000001,-999.1960884068143
0.7254166666666666,-999.2008288387213
0.7270833333333335,-999.2054761383708
0.72875,-999.2099930528598
0.7304166666666667,-999.2143330160595
0.7320833333333334,-999.2184820581314
0.7337499999999999,-999.2224168960109
0.7354166666666668,-999.2261561561497
0.7370833333333333,-999.229732434838
0.73875,-999.2331969548171
0.7404166666666667,-999.2366242218933
0.7420833333333332,-999.2400561455823
0.7437500000000001,-999.2435346354002
0.7454166666666666,-999.2470550347339
0.7470833333333333,-999.250594060519
0.74875,-999.2541098032399
0.7504166666666667,-999.2575603533804
0.7520833333333334,-999.2609084580378
0.7537499999999999,-999.2641168643088
0.7554333333333334,-999.2671762589678
0.7571000000000001,-999.2700773287891
0.7587666666666666,-999.2728200737726
0.7604333333333335,-999.2754138071441
0.7621,-999.2778585289036
0.7637666666666667,-999.2801682088898
0.7654333333333334,-999.282361473554
0.7670999999999999,-999.2844755757993
0.7687666666666668,-999.2865617383675
0.7704333333333333,-999.2886804972256
0.7721,-999.2908923883414
0.7737666666666667,-999.2932393212305
0.7754333333333334,-999.2957678620218
0.7771000000000001,-999.2984919805539
0.7787666666666666,-999.3014116768267
0.7804333333333335,-999.3045083243886
0.7821,-999.3077353571111
0.7837833333333333,-999.3110462088655
0.7854500000000002,-999.3143803436842
0.7871166666666667,-999.3176958520513
0.7887833333333334,-999.3209508244512
0.7904500000000001,-999.3241219778192
0.7921166666666666,-999.3271860290911
0.7937833333333335,-999.3301243518154
0.79545,-999.3329136629277
0.7971166666666667,-999.3355353359764
0.7987833333333334,-999.3379660878973
0.8004499999999999,-999.3401966054645
0.8021166666666668,-999.3421989490009
0.8037833333333333,-999.3439638052806
0.80545,-999.3454725478522
0.8071166666666667,-999.3467251767156
0.8087833333333334,-999.3477123786452
0.8104500000000001,-999.3484434668666
0.8121333333333334,-999.3489370678313
0.8138000000000001,-999.3492024947652
0.8154666666666668,-999.3492723439584
0.8171333333333333,-999.3491792117009
0.8188000000000002,-999.3489603508957
0.8204666666666667,-999.3486623276717
0.8221333333333334,-999.3483456779962
0.8238000000000001,-999.3480662812237
0.8254666666666666,-999.3478846733216
0.8271333333333335,-999.3478474204186
0.8288,-999.347977805579
0.8304666666666667,-999.348280485416
0.8321333333333334,-999.3487414900906
0.8337999999999999,-999.3493189100872
0.8354666666666668,-999.3499661792767
0.8371333333333333,-999.3506320749179
0.8388,-999.3512840007205
0.8404666666666667,-999.3518940170071
0.84215,-999.3524714370037
0.8438166666666667,-999.3530395437745
0.8454833333333334,-999.353616963771
0.8471500000000001,-999.3542362932834
0.8488166666666668,-999.3549021889246
0.8504833333333333,-999.3556099940816
0.8521500000000002,-999.3563317690773
0.8538166666666667,-999.3570256043956
0.8554833333333334,-999.3576682169725
0.8571500000000001,-999.3582316671303
0.8588166666666666,-999.3587206114822
0.8604833333333335,-999.3591536764797
0.86215,-999.3595634584127
0.8638166666666667,-999.3600058366359
0.8654833333333334,-999.360522720665
0.8671500000000001,-999.3611420501774
0.8688166666666668,-999.3618871082374
0.8704833333333333,-999.3627392683936
0.8721666666666668,-999.3636752475816
0.8738333333333335,-999.3646577928982
0.8755,-999.3656589646664
0.8771666666666669,-999.3666415099831
0.8788333333333334,-999.3675868023968
0.8805000000000001,-999.3684669022301
0.8821666666666668,-999.3692911227091
0.8838333333333332,-999.3700594638335
0.8855000000000002,-999.3707998652807
0.8871666666666667,-999.3715449233407
0.8888333333333334,-999.3723132644651
0.8905000000000001,-999.373137484944
0.8921666666666666,-999.3740268980032
0.8938333333333335,-999.374967533804
0.8955,-999.3759221394434
0.8971666666666667,-999.3768534620185
0.8988333333333334,-999.3777009655618
0.9005000000000001,-999.3784413670089
0.9021833333333333,-999.3790467266828
0.90385,-999.3795356710347
0.9055166666666667,-999.3799268265161
0.9071833333333335,-999.3802621026432
0.9088499999999999,-999.380602035383
0.9105166666666669,-999.3809931908646
0.9121833333333333,-999.3814914484423
0.91385,-999.3821154345675
0.9155166666666668,-999.3828744624661
0.9171833333333332,-999.3837499056867
0.9188500000000002,-999.3847045113262
0.9205166666666666,-999.3856870566428
0.9221833333333334,-999.3866649453466
0.9238500000000001,-999.3876009245346
0.9255166666666668,-999.3884717111422
0.9271833333333335,-999.3892773051696
0.92885,-999.390008393391
0.9305333333333332,-999.390678945645
0.9322000000000001,-999.3913029317704
0.9338666666666666,-999.3918803517669
0.9355333333333333,-999.3924391453119
0.9372,-999.3929886256312
0.9388666666666667,-999.393556732402
0.9405333333333334,-999.3941574354628
0.9421999999999999,-999.3948186744911
0.9438666666666669,-999.3955497627126
0.9455333333333333,-999.39635535674
0.9472,-999.3972214867348
0.9488666666666667,-999.3981295262455
0.9505333333333332,-999.3990468789818
0.9522000000000002,-999.3999502618797
0.9538666666666666,-999.4008210484874
0.9555333333333333,-999.4016499255791
0.9572,-999.4024229233164
0.9588666666666668,-999.4031400416992
0.96055,-999.4037919675018
0.9622166666666667,-999.4043693874983
0.9638833333333334,-999.4048676450759
0.9655500000000001,-999.4053007100733
0.9672166666666666,-999.4056778957163
0.9688833333333335,-999.406022485069
0.97055,-999.4063670744217
0.9722166666666667,-999.4067442600647
0.9738833333333334,-999.4071773250621
0.9755499999999999,-999.407666269414
0.9772166666666668,-999.4081971232818
0.9788833333333333,-999.4087233205366
0.98055,-999.4091982950499
0.9822166666666667,-999.4095894505315
0.9838833333333332,-999.4098781605297
0.9855500000000001,-999.4100644250448
0.9872166666666666,-999.4101715271408
0.9888833333333333,-999.4102413763339
0.9905666666666668,-999.4103112255272
0.9922333333333333,-999.4104136710104
0.9939,-999.4105906222997
0.9955666666666667,-999.4108560492335
0.9972333333333334,-999.411209951812
0.9989,-999.4116476734223
1.0005666666666666,-999.4121459309999
1.0022333333333333,-999.4126860980934
1.0039,-999.4132448916386
1.0055666666666667,-999.4137990285707
1.0072333333333334,-999.414343852277
1.0089000000000001,-999.4148607363062
1.0105666666666666,-999.4153450240452
1.0122333333333333,-999.415801372107
1.0139,-999.4162251238787
1.0155666666666667,-999.4166302491989
1.0172333333333334,-999.4170260612932
1.0189166666666667,-999.4174125601619
1.0205833333333334,-999.4177897458047
1.02225,-999.4181483049962
1.0239166666666668,-999.4184789245103
1.0255833333333333,-999.4187722911214
1.02725,-999.4190237482167
1.0289166666666667,-999.4192472656347
1.0305833333333334,-999.4194661264398
1.0322500000000001,-999.4197129269222
1.0339166666666668,-999.4200156067591
1.0355833333333333,-999.4204067622406
1.03725,-999.4209050198183
1.0389166666666667,-999.421515036105
1.0405833333333334,-999.4222228412619
1.0422500000000001,-999.423009808838
1.0439166666666668,-999.423829372704
1.0455833333333333,-999.4246396233442
1.04725,-999.4253893380171
1.0489333333333333,-999.4260459204326
1.0506,-999.4265814309132
1.0522666666666667,-999.4269912128462
1.0539333333333334,-999.427298549296
1.0556,-999.4275267233269
1.0572666666666668,-999.4277176444548
1.0589333333333333,-999.4279039089698
1.0606,-999.4281134565492
1.0622666666666667,-999.4283323173543
1.0639333333333334,-999.4285511781594
1.0656,-999.4287514125131
1.0672666666666668,-999.4289237071895
1.0689333333333333,-999.4290866886402
1.0706,-999.4292636399293
1.0722666666666667,-999.4294964705731
1.0739333333333334,-999.4298224334744
1.0756000000000001,-999.4302601550846
1.0772833333333334,-999.430809635404
1.07895,-999.431442934755
1.0806166666666668,-999.4321181436219
1.0822833333333335,-999.4327980091017
1.08395,-999.4334406216784
1.0856166666666667,-999.4340226982879
1.0872833333333334,-999.4345302690913
1.08895,-999.4349819605402
1.0906166666666668,-999.4353917424731
1.0922833333333335,-999.435773584729
1.09395,-999.4361368005332
1.0956166666666667,-999.436481389886
1.0972833333333334,-999.4367980395615
1.09895,-999.437077436334
1.1006166666666668,-999.4373102669778
1.1022833333333333,-999.4374779050413
1.1039666666666668,-999.4375803505245
1.1056333333333335,-999.4376129468146
1.1073,-999.4375896637503
1.1089666666666667,-999.4375337843958
1.1106333333333334,-999.4374825616542
1.1123,-999.4374732484284
1.1139666666666668,-999.4375430976215
1.1156333333333335,-999.437715392298
1.1173,-999.4379901324576
1.1189666666666667,-999.4383719747134
1.1206333333333334,-999.4388376360008
1.1223,-999.4393684898687
1.1239666666666668,-999.4399319400266
1.1256333333333335,-999.4404907335716
1.1273,-999.4410122742136
1.1289666666666667,-999.441445339211
1.1306333333333334,-999.4417666454993
1.1323,-999.4419389401758
1.1339666666666668,-999.4419715364659
1.1356333333333335,-999.4418830608213
1.1373166666666668,-999.4417107661449
1.1389833333333335,-999.4415245016298
1.1406500000000002,-999.4413754900179
1.1423166666666666,-999.4413149540505
1.1439833333333334,-999.4413615201793
1.14565,-999.4415245016298
1.1473166666666668,-999.441785271951
1.1489833333333335,-999.4421205480779
1.15065,-999.4425163601724
1.1523166666666667,-999.4429401119439
1.1539833333333334,-999.4433638637156
1.15565,-999.4437503625843
1.1573166666666668,-999.4440763254855
1.1589833333333335,-999.4443277825808
1.16065,-999.4445140470958
1.1623166666666667,-999.4446584020949
1.1639833333333334,-999.4447887872554
1.1656666666666666,-999.4449238290288
1.1673333333333333,-999.4450868104794
1.169,-999.4452730749945
1.1706666666666667,-999.4454826225739
1.1723333333333334,-999.4456921701533
1.1740000000000002,-999.445887747894
1.1756666666666666,-999.4460507293446
1.1773333333333333,-999.446185771118
1.179,-999.4462742467626
1.1806666666666668,-999.4463254695042
1.1823333333333335,-999.4463394393429
1.1840000000000002,-999.4463208128914
1.1856666666666666,-999.4462695901498
1.1873333333333334,-999.4462043975695
1.189,-999.4461252351506
1.1906666666666668,-999.4460553859575
1.1923333333333335,-999.4460041632159
1.194,-999.4459808801515
1.1956833333333334,-999.445999506603
1.1973500000000001,-999.446074012409
1.1990166666666666,-999.4462043975695
1.2006833333333333,-999.4463953186973
1.20235,-999.4466514324055
1.2040166666666667,-999.4469541122425
1.2056833333333334,-999.4472893883694
1.2073500000000001,-999.4476339777223
1.2090166666666666,-999.4479459707849
1.2106833333333333,-999.4481974278801
1.21235,-999.4483604093307
1.2140166666666667,-999.4484395717496
1.2156833333333334,-999.4484488849754
1.2173500000000002,-999.448425601911
1.2190166666666666,-999.4483976622338
1.2206833333333333,-999.4484069754595
1.22235,-999.4484768246526
1.2240166666666668,-999.4486118664261
1.2257,-999.4488027875539
1.2273666666666667,-999.4490309615848
1.2290333333333334,-999.4492777620671
1.2307000000000001,-999.449505936098
1.2323666666666668,-999.4496922006131
1.2340333333333333,-999.4498132725478
1.2357,-999.4498644952895
1.2373666666666667,-999.4498598386766
1.2390333333333334,-999.4498225857735
1.2407000000000001,-999.4497946460963
1.2423666666666666,-999.4498132725478
1.2440333333333333,-999.4499064048053
1.2457,-999.4500973259333
1.2473666666666667,-999.4503860359315
1.2490333333333334,-999.4507585649615
1.2507000000000001,-999.4511823167331
1.2523666666666666,-999.4515967552791
1.2540333333333333,-999.451969284309
1.2557166666666668,-999.452271964146
1.2573833333333333,-999.4525094514025
1.25905,-999.4527096857562
1.2607166666666667,-999.4529145767227
1.2623833333333334,-999.4531567205922
1.2640500000000001,-999.4534454305905
1.2657166666666668,-999.453766736879
1.2673833333333333,-999.4540880431673
1.26905,-999.4543627833269
1.2707166666666667,-999.4545537044548
1.2723833333333334,-999.4546421800994
1.2740500000000001,-999.4546328668737
1.2757166666666668,-999.454549047842
1.2773833333333333,-999.45443263252
1.27905,-999.4543162171982
1.2807166666666667,-999.4542417113922
1.2823833333333334,-999.4542184283277
1.2840666666666667,-999.4542417113922
1.2857333333333334,-999.4543069039725
1.2874,-999.4543860663913
1.2890666666666668,-999.454474542036
1.2907333333333333,-999.4545723309063
1.2924,-999.4546887462282
1.2940666666666667,-999.4548331012273
1.2957333333333334,-999.4550240223552
1.2974,-999.4552708228376
1.2990666666666668,-999.4555641894488
1.3007333333333333,-999.4558808391242
1.3024,-999.4561881755741
1.3040666666666667,-999.4564442892822
1.3057333333333334,-999.4566119273456
1.3074000000000001,-999.4566678067002
1.3090666666666668,-999.4566165839585
1.3107333333333333,-999.4564815421852
1.3124166666666668,-999.4563139041217
1.3140833333333335,-999.4561742057354
1.31575,-999.456113669768
1.3174166666666667,-999.4561648925096
1.3190833333333334,-999.4563325305731
1.32075,-999.4565933008942
1.3224166666666668,-999.4569146071826
1.3240833333333335,-999.4572638531482
1.32575,-999.4576130991138
1.3274166666666667,-999.4579297487894
1.3290833333333334,-999.458204488949
1.33075,-999.4584233497542
1.3324166666666668,-999.458577017979
1.3340833333333333,-999.4586515237851
1.33575,-999.4586422105593
1.3374166666666667,-999.4585490783018
1.3390833333333334,-999.458395410077
1.34075,-999.4582138021748
1.3424166666666668,-999.4580415074984
1.3441,-999.4579250921765
1.3457666666666668,-999.4578924958864
1.3474333333333335,-999.457943718628
1.3491,-999.4580694471756
1.3507666666666667,-999.458241741852
1.3524333333333334,-999.4584326629799
1.3541,-999.4586049576562
1.3557666666666668,-999.4587306862039
1.3574333333333335,-999.4587912221713
1.3591,-999.4587865655584
1.3607666666666667,-999.458726029591
1.3624333333333334,-999.4586328973336
1.3641,-999.4585304518503
1.3657666666666668,-999.4584326629799
1.3674333333333335,-999.4583488439481
1.3691,-999.4582883079808
1.3707666666666667,-999.458241741852
1.3724500000000002,-999.4582091455619
1.3741166666666667,-999.4581858624975
1.3757833333333334,-999.458167236046
1.37745,-999.4581439529817
1.3791166666666668,-999.4581206699172
1.3807833333333335,-999.4580834170142
1.38245,-999.4580275376597
1.3841166666666667,-999.4579344054023
1.3857833333333334,-999.457794707016
1.38745,-999.4576084425009
1.3891166666666668,-999.4573988949217
1.3907833333333335,-999.4572126304066
1.39245,-999.4571008716975
1.3941166666666667,-999.4571055283104
1.3957833333333334,-999.4572498833096
1.39745,-999.4575199668564
1.3991166666666668,-999.4578645562091
1.4008,-999.4582370852391
1.4024666666666668,-999.458577017979
1.4041333333333335,-999.4588471015257
1.4058000000000002,-999.4590333660408
1.4074666666666666,-999.459140468137
1.4091333333333333,-999.4592056607172
1.4108,-999.4592615400717
1.4124666666666668,-999.4593313892648
1.4141333333333335,-999.459438491361
1.4158000000000002,-999.45958284636
1.4174666666666667,-999.4597644542622
1.4191333333333334,-999.4599646886159
1.4208,-999.4601695795824
1.4224666666666668,-999.4603651573232
1.4241333333333335,-999.4605467652252
1.4258000000000002,-999.4607190599016
1.4274666666666667,-999.4608820413523
1.4291333333333334,-999.46104036619
1.4308166666666666,-999.4611847211892
1.4324833333333333,-999.461305793124
1.43415,-999.4613896121557
1.4358166666666667,-999.4614315216716
1.4374833333333334,-999.4614408348973
1.4391500000000002,-999.4614361782844
1.4408166666666666,-999.4614408348973
1.4424833333333333,-999.4614920576389
1.44415,-999.4616131295737
1.4458166666666667,-999.4618180205402
1.4474833333333335,-999.4621020739256
1.4491500000000002,-999.4624466632783
1.4508166666666666,-999.4628191923084
1.4524833333333333,-999.4631730948869
1.45415,-999.463466461498
1.4558166666666668,-999.4636806656903
1.4574833333333335,-999.4638017376251
1.4591500000000002,-999.4638529603667
1.4608333333333334,-999.4638576169796
1.4625000000000001,-999.4638529603667
1.4641666666666668,-999.4638483037538
1.4658333333333333,-999.4638389905281
1.4675,-999.4638017376251
1.4691666666666667,-999.4637039487546
1.4708333333333334,-999.4635269974655
1.4725000000000001,-999.4632801969831
1.4741666666666668,-999.4629914869847
1.4758333333333333,-999.4626981203736
1.4775,-999.4624699463427
1.4791666666666667,-999.4623395611823
1.4808333333333334,-999.4623302479565
1.4825000000000002,-999.4624420066655
1.4841666666666666,-999.4626329277934
1.4858333333333333,-999.4628657584371
1.4875,-999.4630892758552
1.4891666666666667,-999.4632801969831
1.49085,-999.463429208595
1.4925166666666667,-999.4635502805298
1.4941833333333334,-999.4636620392388
1.4958500000000001,-999.4637970810122
1.4975166666666668,-999.4639647190756
1.4991833333333333,-999.464174266655
1.50085,-999.4643931274602
1.5025166666666667,-999.4645793919752
1.5041833333333334,-999.4646911506842
1.5058500000000001,-999.4646911506842
1.5075166666666668,-999.4645700787495
1.5091833333333333,-999.4643465613315
1.51085,-999.464067164559
1.5125166666666667,-999.4637877677865
1.5141833333333334,-999.4635735635942
1.5158500000000001,-999.4634524916594
1.5175166666666668,-999.4634478350465
1.5192,-999.4635269974655
1.5208666666666668,-999.4636620392388
1.5225333333333335,-999.463806394238
1.5242,-999.4639228095598
1.5258666666666667,-999.4640066285916
1.5275333333333334,-999.4640438814946
1.5292000000000001,-999.4640485381075
1.5308666666666668,-999.464029911656
1.5325333333333333,-999.4640066285916
1.5342,-999.4639786889143
1.5358666666666667,-999.4639600624628
1.5375333333333334,-999.4639693756885
1.5392000000000001,-999.4640205984302
1.5408666666666668,-999.4641323571392
1.5425333333333333,-999.4642999952027
1.5442,-999.4645048861693
1.5458666666666667,-999.4647097771357
1.5475333333333334,-999.4648541321349
1.5492166666666667,-999.4648960416507
1.5508833333333334,-999.4647935961675
1.55255,-999.464551452298
1.5542166666666668,-999.4641882364937
1.5558833333333335,-999.4637551714964
1.55755,-999.4633127932732
1.5592166666666667,-999.4629309510174
1.5608833333333334,-999.4626748373092
1.56255,-999.4625863616646
1.5642166666666668,-999.4626794939221
1.5658833333333335,-999.4629402642431
1.56755,-999.4633174498861
1.5692166666666667,-999.4637458582706
1.5708833333333334,-999.4641696100422
1.5725500000000001,-999.4645467956851
1.5742166666666668,-999.464849475522
1.5758833333333333,-999.46507299294
1.5775666666666668,-999.4652313177778
1.5792333333333335,-999.4653430764868
1.5809,-999.4654175822927
1.5825666666666667,-999.4654641484216
1.5842333333333334,-999.4654967447117
1.5859,-999.4655060579374
1.5875666666666668,-999.4655014013246
1.5892333333333335,-999.4654874314859
1.5909,-999.4654827748731
1.5925666666666667,-999.4655107145503
1.5942333333333334,-999.465594533582
1.5959,-999.4657435451941
1.5975666666666668,-999.4659484361606
1.5992333333333335,-999.4661812668043
1.6009,-999.4663908143837
1.6025666666666667,-999.4665537958343
1.6042333333333334,-999.4666422714789
1.6059,-999.4666515847047
1.6075833333333334,-999.4665957053502
1.60925,-999.4665025730927
1.6109166666666668,-999.4664001276094
1.6125833333333335,-999.4663163085777
1.6142500000000002,-999.4662650858361
1.6159166666666667,-999.4662464593846
1.6175833333333334,-999.4662557726103
1.61925,-999.4662790556747
1.6209166666666668,-999.4663069953519
1.6225833333333335,-999.4663535614807
1.62425,-999.4664373805125
1.6259166666666667,-999.4665817355116
1.6275833333333334,-999.466791283091
1.62925,-999.4670567100248
1.6309166666666668,-999.4673593898617
1.6325833333333335,-999.4676574130858
1.63425,-999.4679228400197
1.6359166666666667,-999.4681277309861
1.6376000000000002,-999.4682674293724
1.6392666666666666,-999.4683465917913
1.6409333333333334,-999.4683791880814
1.6426,-999.468397814533
1.6442666666666668,-999.468435067436
1.6459333333333335,-999.4684956034033
1.6476000000000002,-999.4685840790479
1.6492666666666667,-999.4686818679183
1.6509333333333334,-999.4687610303372
1.6526,-999.4688075964659
1.6542666666666668,-999.4688308795303
1.6559333333333335,-999.4688634758204
1.6576000000000002,-999.468956608078
1.6592666666666667,-999.469142872593
1.6609333333333334,-999.4694315825913
1.6626,-999.4697947983955
1.6642666666666668,-999.4701766406513
1.66595,-999.4705026035525
1.6676166666666667,-999.4707168077448
1.6692833333333335,-999.4707866569379
1.6709500000000002,-999.4707307775834
1.6726166666666666,-999.4705864225843
1.6742833333333333,-999.4704280977465
1.67595,-999.4703023691989
1.6776166666666668,-999.4702511464573
1.6792833333333335,-999.4702790861345
1.6809500000000002,-999.4703629051663
1.6826166666666666,-999.4704653506495
1.6842833333333334,-999.4705351998426
1.68595,-999.4705398564555
1.6876166666666668,-999.4704560374238
1.6892833333333335,-999.4702883993602
1.6909500000000002,-999.4700695385551
1.6926166666666667,-999.4698273946856
1.6943000000000001,-999.4696131904934
1.6959666666666668,-999.4694502090427
1.6976333333333333,-999.4693524201723
1.6993,-999.4693198238822
1.7009666666666667,-999.4693337937208
1.7026333333333334,-999.4693617333982
1.7043000000000001,-999.4693896730754
1.7059666666666669,-999.4693943296883
1.7076333333333333,-999.4693803598497
1.7093,-999.4693617333982
1.7109666666666667,-999.4693524201723
1.7126333333333335,-999.4693757032368
1.7143000000000002,-999.4694222693655
1.7159666666666666,-999.4694688354942
1.7176333333333333,-999.4694828053329
1.7193,-999.469440895817
1.7209666666666668,-999.4693337937208
1.7226333333333335,-999.4691754688831
1.7243000000000002,-999.4690124874325
1.7259833333333334,-999.4688867588849
1.7276500000000001,-999.4688541625947
1.7293166666666668,-999.4689333250136
1.7309833333333333,-999.4691195895286
1.73265,-999.4693850164625
1.7343166666666667,-999.4696783830736
1.7359833333333334,-999.4699531232333
1.7376500000000001,-999.4701719840384
1.7393166666666668,-999.4703303088761
1.7409833333333333,-999.4704420675852
1.74265,-999.4705119167783
1.7443166666666667,-999.4705631395199
1.7459833333333334,-999.4705957358101
1.7476500000000001,-999.4706143622616
1.7493166666666669,-999.4706143622616
1.7509833333333333,-999.4705957358101
1.75265,-999.4705631395199
1.7543333333333335,-999.4705119167783
1.756,-999.4704513808109
1.7576666666666667,-999.4703861882307
1.7593333333333334,-999.470334965489
1.7610000000000001,-999.4703023691989
1.7626666666666668,-999.4702930559731
1.7643333333333333,-999.470297712586
1.766,-999.4702883993602
1.7676666666666667,-999.4702371766186
1.7693333333333334,-999.4701300745226
1.7710000000000001,-999.4699670930719
1.7726666666666668,-999.4697668587182
1.7743333333333333,-999.4695619677517
1.776,-999.4693803598497
1.7776666666666667,-999.4692592879148
1.7793333333333334,-999.4691987519475
1.7810000000000001,-999.469180125496
1.7826666666666668,-999.4691708122702
1.78435,-999.4691195895286
1.7860166666666668,-999.468993860981
1.7876833333333335,-999.4687796567887
1.78935,-999.4685049166291
1.7910166666666667,-999.4682255198566
1.7926833333333334,-999.4679926892128
1.7943500000000001,-999.4678529908265
1.7960166666666668,-999.4678250511492
1.7976833333333335,-999.4678902437295
1.79935,-999.4679926892128
1.8010166666666667,-999.4680811648574
1.8026833333333334,-999.4681044479217
1.8043500000000001,-999.4680392553415
1.8060166666666668,-999.4678902437295
1.8076833333333335,-999.4676806961502
1.80935,-999.4674525221193
1.8110166666666667,-999.4672429745399
1.8126833333333334,-999.4670986195407
1.8143666666666667,-999.4670287703476
1.8160333333333334,-999.4670287703476
1.8177,-999.4670613666377
1.8193666666666668,-999.4670939629278
1.8210333333333335,-999.4670939629278
1.8227,-999.4670613666377
1.8243666666666667,-999.467014800509
1.8260333333333334,-999.4669868608318
1.8277,-999.4670194571219
1.8293666666666668,-999.467126559218
1.8310333333333335,-999.4673035105072
1.8327,-999.4675130580866
1.8343666666666667,-999.4676900093759
1.8360333333333334,-999.4677784850205
1.8377000000000001,-999.4677412321175
1.8393666666666668,-999.4675829072797
1.8410333333333335,-999.4673221369587
1.8427166666666668,-999.4670194571219
1.8443833333333335,-999.4667214338979
1.8460500000000002,-999.4664839466412
1.8477166666666667,-999.466339591642
1.8493833333333334,-999.4662976821262
1.85105,-999.4663442482549
1.8527166666666668,-999.466456006964
1.8543833333333335,-999.4666143318017
1.8560500000000002,-999.466791283091
1.8577166666666667,-999.4669682343803
1.8593833333333334,-999.4671498422823
1.86105,-999.4673221369587
1.8627166666666668,-999.4674897750223
1.8643833333333335,-999.4676434432471
1.86605,-999.467759858569
1.8677166666666667,-999.4678250511492
1.8693833333333334,-999.4678110813106
1.87105,-999.467722605666
1.8727333333333334,-999.467573594054
1.8744,-999.467387329539
1.8760666666666668,-999.4671824385725
1.8777333333333335,-999.4669728909931
1.8794000000000002,-999.4667586868009
1.8810666666666667,-999.4665211995442
1.8827333333333334,-999.4662418027717
1.8844,-999.4659158398704
1.8860666666666668,-999.4655479674533
1.8877333333333335,-999.4651707818103
1.8894000000000002,-999.4648355056834
1.8910666666666667,-999.4645933618139
1.8927333333333334,-999.4644909163306
1.8944,-999.4645467956851
1.8960666666666668,-999.4647470300388
1.8977333333333335,-999.4650636797143
1.8994000000000002,-999.4654268955185
1.9010833333333335,-999.4657761414842
1.9027500000000002,-999.4660648514824
1.9044166666666669,-999.4662604292232
1.9060833333333334,-999.4663582180935
1.90775,-999.4663815011579
1.9094166666666668,-999.4663535614807
1.9110833333333335,-999.4663116519648
1.9127500000000002,-999.466269742449
1.9144166666666667,-999.4662418027717
1.9160833333333334,-999.4662138630945
1.91775,-999.4661859234171
1.9194166666666668,-999.4661440139013
1.9210833333333335,-999.466078821321
1.9227500000000002,-999.4659950022893
1.9244166666666667,-999.465892556806
1.9260833333333334,-999.4657947679357
1.92775,-999.4657202621297
1.9294166666666668,-999.4657016356782
1.9311,-999.465748201807
1.9327666666666667,-999.4658599605159
1.9344333333333334,-999.4660182853537
1.9361000000000002,-999.466195236643
1.9377666666666669,-999.4663675313193
1.9394333333333333,-999.4665258561571
1.9411,-999.4666702111562
1.9427666666666668,-999.4668052529296
1.9444333333333335,-999.466940294703
1.9461000000000002,-999.4670706798635
1.9477666666666669,-999.4671731253468
1.9494333333333334,-999.4672103782498
1.9511,-999.4671405290566
1.9527666666666668,-999.4669542645416
1.9544333333333335,-999.4666515847047
1.9561000000000002,-999.4662790556747
1.9577666666666667,-999.465892556806
1.9594333333333334,-999.4655619372919
1.9611166666666668,-999.4653291066481
1.9627833333333333,-999.4652220045521
1.96445,-999.4652452876164
1.9661166666666667,-999.465371016164
1.9677833333333334,-999.4655712505177
1.9694500000000001,-999.4658133943872
1.9711166666666669,-999.4660648514824
1.9727833333333333,-999.4663163085777
1.97445,-999.4665491392215
1.9761166666666667,-999.4667493735751
1.9777833333333334,-999.4669076984128
1.9794500000000002,-999.4670008306704
1.9811166666666669,-999.467014800509
1.9827833333333333,-999.466940294703
1.98445,-999.4667773132524
1.9861166666666668,-999.4665398259957
1.9878,-999.4662418027717
1.9894666666666667,-999.465929809709
1.9911333333333334,-999.4656410997108
1.9928000000000001,-999.4654129256799
1.9944666666666668,-999.4652778839065
1.9961333333333335,-999.4652359743907
1.9978,-999.4652685706808
1.9994666666666667,-999.4653244500353
2.001133333333333,-999.4653570463254
2.0028,-999.4653291066481
2.0044666666666666,-999.4652266611649
2.0061333333333335,-999.4650590231014
2.0078,-999.4648541321349
2.009466666666667,-999.4646585543941
2.0111333333333334,-999.4645048861693
2.0128,-999.4644396935889
2.014466666666667,-999.4644909163306
2.0161333333333333,-999.4646911506842
2.0178000000000003,-999.465035740037
2.0194833333333335,-999.465520027776
2.02115,-999.4660927911597
2.022816666666667,-999.4667074640593
2.0244833333333334,-999.4672895406686
2.02615,-999.4677877982463
2.027816666666667,-999.4681556706635
2.0294833333333333,-999.4683838446942
2.0311500000000002,-999.4684769769518
2.0328166666666667,-999.4684443806617
2.0344833333333336,-999.4683279653398
2.03615,-999.4681510140506
2.0378166666666666,-999.4679507796969
2.0394833333333335,-999.4677645151819
2.04115,-999.4676201601827
2.042816666666667,-999.4675177146995
2.0444833333333334,-999.4674478655064
2.04615,-999.4673919861518
2.047816666666667,-999.4673174803459
2.0495,-999.4671964084112
2.0511666666666666,-999.4670054872832
2.0528333333333335,-999.4667400603494
2.0545,-999.4664234106738
2.056166666666667,-999.4661067609983
2.0578333333333334,-999.465855303903
2.0595,-999.4657295753555
2.061166666666667,-999.4657807980971
2.0628333333333333,-999.4660182853537
2.0645000000000002,-999.4664094408352
2.0661666666666667,-999.4669076984128
2.0678333333333336,-999.4674292390549
2.0695,-999.4678995569553
2.0711666666666666,-999.4682534595338
2.0728333333333335,-999.4684490372746
2.0745,-999.468472320339
2.076166666666667,-999.4683512484041
2.0778333333333334,-999.4681184177604
2.0795166666666667,-999.4678250511492
2.0811833333333336,-999.4675084014738
2.08285,-999.4672103782498
2.0845166666666666,-999.4669682343803
2.0861833333333335,-999.4668052529296
2.08785,-999.4667447169622
2.089516666666667,-999.4667773132524
2.0911833333333334,-999.4668751021227
2.0928500000000003,-999.4669915174446
2.094516666666667,-999.4670846497021
2.0961833333333333,-999.4671079327665
2.09785,-999.4670380835734
2.0995166666666667,-999.4668704455098
2.1011833333333336,-999.4666422714789
2.10285,-999.4664001276094
2.1045166666666666,-999.4662138630945
2.1061833333333335,-999.4661253874498
2.1078666666666668,-999.4661672969656
2.1095333333333333,-999.466339591642
2.1112,-999.4666096751888
2.1128666666666667,-999.4669309814773
2.1145333333333336,-999.4672429745399
2.1162,-999.4674804617965
2.1178666666666666,-999.4675782506669
2.1195333333333335,-999.4675177146995
2.1212,-999.4672988538944
2.122866666666667,-999.4669589211545
2.1245333333333334,-999.4665724222858
2.1262000000000003,-999.4662138630945
2.127866666666667,-999.4659624059992
2.1295333333333333,-999.4658506472902
2.1312,-999.4658785869674
2.1328666666666667,-999.4659996589022
2.1345333333333336,-999.4661579837399
2.136216666666667,-999.4662883689005
2.1378833333333334,-999.466339591642
2.1395500000000003,-999.4663023387391
2.1412166666666668,-999.4661998932559
2.1428833333333333,-999.4660601948696
2.14455,-999.4659204964832
2.1462166666666667,-999.4658087377743
2.1478833333333336,-999.4657435451941
2.14955,-999.4657249187426
2.1512166666666666,-999.4657435451941
2.1528833333333335,-999.4657854547099
2.15455,-999.4658413340644
2.156216666666667,-999.4658972134189
2.1578833333333334,-999.4659391229347
2.1595500000000003,-999.4659670626121
2.161216666666667,-999.4659810324507
2.1628833333333333,-999.4659763758378
2.16455,-999.4659530927735
2.1662333333333335,-999.4659065266446
2.1679,-999.4658273642258
2.169566666666667,-999.4657249187426
2.1712333333333333,-999.4656178166464
2.1729000000000003,-999.4655246843889
2.1745666666666668,-999.4654874314859
2.1762333333333332,-999.4655293410018
2.1779,-999.4656597261622
2.1795666666666667,-999.4658739303545
2.1812333333333336,-999.4661393572884
2.1829,-999.4664234106738
2.184566666666667,-999.4666655545433
2.1862333333333335,-999.4668378492197
2.1879,-999.4669170116385
2.189566666666667,-999.4669030417999
2.1912333333333334,-999.4668192227682
2.1929000000000003,-999.4666981508335
2.1945666666666668,-999.4665724222858
2.19625,-999.4664653201897
2.197916666666667,-999.466376844545
2.1995833333333334,-999.4662976821262
2.20125,-999.4662092064816
2.202916666666667,-999.4661021043854
2.2045833333333333,-999.465971719225
2.2062500000000003,-999.4658506472902
2.2079166666666667,-999.4657575150327
2.2095833333333332,-999.465710948904
2.21125,-999.4657249187426
2.2129166666666666,-999.4657807980971
2.2145833333333336,-999.4658413340644
2.21625,-999.4658785869674
2.217916666666667,-999.4658506472902
2.2195833333333335,-999.4657575150327
2.22125,-999.4656131600335
2.222916666666667,-999.4654548351958
2.2245833333333334,-999.465333763261
2.2262666666666666,-999.4652825405194
2.2279333333333335,-999.4653244500353
2.2296,-999.4654548351958
2.231266666666667,-999.4656550695494
2.2329333333333334,-999.4658692737416
2.2346,-999.4660508816438
2.236266666666667,-999.466153327127
2.2379333333333333,-999.4661719535785
2.2396000000000003,-999.466116074224
2.2412666666666667,-999.4660369118052
2.2429333333333332,-999.465971719225
2.2446,-999.4659624059992
2.2462666666666666,-999.4660275985794
2.2479333333333336,-999.4661626403528
2.2496,-999.4663489048678
2.251266666666667,-999.4665491392215
2.2529333333333335,-999.4667260905107
2.2546166666666667,-999.4668378492197
2.2562833333333336,-999.4668704455098
2.25795,-999.4668192227682
2.2596166666666666,-999.4667028074464
2.2612833333333335,-999.4665491392215
2.26295,-999.4663861577708
2.264616666666667,-999.466232489546
2.2662833333333334,-999.4660974477725
2.26795,-999.4659903456765
2.269616666666667,-999.4659018700318
2.2712833333333333,-999.4658506472902
2.2729500000000002,-999.4658273642258
2.2746166666666667,-999.4658413340644
2.2762833333333337,-999.4659018700318
2.27795,-999.4659996589022
2.2796166666666666,-999.4661300440627
2.2813000000000003,-999.466269742449
2.282966666666667,-999.4664001276094
2.2846333333333333,-999.4665072297056
2.2863,-999.4665817355116
2.2879666666666667,-999.466637614866
2.2896333333333336,-999.4666981508335
2.2913,-999.4667866264781
2.2929666666666666,-999.4669216682515
2.2946333333333335,-999.4671079327665
2.2963,-999.4673314501845
2.297966666666667,-999.4675549676025
2.2996333333333334,-999.467722605666
2.3013,-999.4677784850205
2.302966666666667,-999.467685352763
2.3046333333333333,-999.4674525221193
2.3063000000000002,-999.4671358724437
2.3079666666666667,-999.4668099095425
2.3096333333333336,-999.466567765673
2.3113,-999.4664699768026
2.3129666666666666,-999.4665491392215
2.3146500000000003,-999.4667866264781
2.316316666666667,-999.4671172459922
2.3179833333333333,-999.4674478655064
2.31965,-999.4676900093759
2.3213166666666667,-999.4677831416334
2.3229833333333336,-999.4676900093759
2.32465,-999.467424582442
2.3263166666666666,-999.4670380835734
2.3279833333333335,-999.4666096751888
2.32965,-999.4662231763202
2.331316666666667,-999.4659624059992
2.3329833333333334,-999.4658785869674
2.33465,-999.4659624059992
2.336316666666667,-999.4661719535785
2.3379833333333333,-999.4664373805125
2.3396500000000002,-999.4666981508335
2.3413166666666667,-999.4669123550257
2.343,-999.4670660232506
2.344666666666667,-999.467163812121
2.3463333333333334,-999.4672196914755
2.3480000000000003,-999.4672569443785
2.349666666666667,-999.4673035105072
2.3513333333333333,-999.4673826729261
2.353,-999.4675037448609
2.3546666666666667,-999.4676760395373
2.3563333333333336,-999.4678995569553
2.358,-999.4681696405021
2.3596666666666666,-999.4684630071132
2.3613333333333335,-999.4687563737243
2.363,-999.4690171440453
2.364666666666667,-999.4692080651732
2.3663333333333334,-999.4693151672693
2.3680000000000003,-999.4693198238822
2.369666666666667,-999.4692220350119
2.3713333333333333,-999.4690497403354
2.373016666666667,-999.4688308795303
2.3746833333333335,-999.4686120187251
2.37635,-999.4684304108231
2.378016666666667,-999.4683233087269
2.3796833333333334,-999.4683046822754
2.3813500000000003,-999.4683698748556
2.383016666666667,-999.4685002600162
2.3846833333333333,-999.4686632414669
2.38635,-999.468840192756
2.3880166666666667,-999.4690031742067
2.3896833333333336,-999.4691382159801
2.39135,-999.4692453180762
2.3930166666666666,-999.4693105106564
2.3946833333333335,-999.4693337937208
2.39635,-999.4693198238822
2.398016666666667,-999.4692732577535
2.3996833333333334,-999.4691987519475
2.4013500000000003,-999.469100963077
2.4030333333333336,-999.468993860981
2.4047,-999.468882102272
2.406366666666667,-999.4687843134016
2.4080333333333335,-999.4687144642085
2.4097,-999.4686725546926
2.411366666666667,-999.4686632414669
2.4130333333333334,-999.4686632414669
2.4147000000000003,-999.4686446150154
2.4163666666666668,-999.468579422435
2.4180333333333333,-999.4684397240488
2.4197,-999.4682162066308
2.4213666666666667,-999.4679321532454
2.4230333333333336,-999.4676294734085
2.4247,-999.4673687030875
2.426366666666667,-999.4672103782498
2.4280333333333335,-999.467201065024
2.4297,-999.467350076636
2.4313833333333332,-999.4676341300213
2.43305,-999.4680066590514
2.4347166666666666,-999.468397814533
2.4363833333333336,-999.4687377472728
2.43805,-999.468993860981
2.439716666666667,-999.4691475292059
2.4413833333333335,-999.4691987519475
2.44305,-999.4691614990445
2.444716666666667,-999.4690590535612
2.4463833333333334,-999.4689146985621
2.4480500000000003,-999.4687610303372
2.4497166666666668,-999.4686259885638
2.4513833333333332,-999.4685188864677
2.45305,-999.4684490372746
2.4547166666666667,-999.4684117843716
2.4563833333333336,-999.4684024711459
2.45805,-999.468397814533
2.459716666666667,-999.4683931579201
2.4614000000000003,-999.4683791880814
2.4630666666666667,-999.4683512484041
2.4647333333333337,-999.4683139955011
2.4664,-999.4682720859853
2.4680666666666666,-999.468244146308
2.4697333333333336,-999.4682488029209
2.4714,-999.4682953690497
2.473066666666667,-999.4683885013072
2.4747333333333335,-999.4685328563063
2.4764,-999.4687237774342
2.478066666666667,-999.4689379816265
2.4797333333333333,-999.4691708122702
2.4814000000000003,-999.4694082995269
2.4830666666666668,-999.4696178471063
2.4847333333333332,-999.4697901417826
2.4864,-999.4699065571045
2.4880666666666666,-999.469962436459
2.48975,-999.4699670930719
2.491416666666667,-999.469925183556
2.4930833333333333,-999.4698553343629
2.4947500000000002,-999.4697715153311
2.4964166666666667,-999.4696923529123
2.4980833333333337,-999.4696364735578
2.49975,-999.4696085338805
2.5014166666666666,-999.4696085338805
2.5030833333333335,-999.4696225037192
2.50475,-999.4696411301707
2.506416666666667,-999.469664413235
2.5080833333333334,-999.469701666138
2.50975,-999.469776171944
2.511416666666667,-999.4698925872659
2.5130833333333333,-999.4700555687165
2.5147500000000003,-999.4702464898444
2.5164166666666667,-999.4704374109723
2.5180833333333337,-999.4706050490358
2.519766666666667,-999.4707214643577
2.5214333333333334,-999.4707773437121
2.5231000000000003,-999.4707726870993
2.524766666666667,-999.4707168077448
2.5264333333333333,-999.470637645326
2.5281000000000002,-999.470558482907
2.5297666666666667,-999.4705119167783
2.5314333333333336,-999.470521230004
2.5331,-999.4705864225843
2.5347666666666666,-999.4706935246804
2.5364333333333335,-999.470819253228
2.5381,-999.4709356685499
2.539766666666667,-999.4710241441945
2.5414333333333334,-999.4710753669362
2.5431,-999.4710939933877
2.544766666666667,-999.4710986500006
2.5464333333333333,-999.4710893367749
2.5481000000000003,-999.4710707103234
2.5497833333333335,-999.4710381140331
2.55145,-999.4709729214529
2.553116666666667,-999.4708844458083
2.5547833333333334,-999.470782000325
2.5564500000000003,-999.4706795548418
2.558116666666667,-999.4705910791972
2.5597833333333333,-999.4705305432298
2.5614500000000002,-999.4704979469396
2.5631166666666667,-999.470483977101
2.5647833333333336,-999.4704746638753
2.566466666666667,-999.4704560374238
2.5681333333333334,-999.4704187845208
2.5698000000000003,-999.4703535919406
2.571466666666667,-999.4702558030701
2.5731333333333333,-999.4701440443612
2.5748,-999.4700229724264
2.5764666666666667,-999.4699112137174
2.5781333333333336,-999.4698087682341
2.5798,-999.4697063227509
2.5814666666666666,-999.4695945640418
2.5831333333333335,-999.4694734921071
2.5848,-999.4693431069466
2.586466666666667,-999.4692034085604
2.5881333333333334,-999.4690590535612
2.5898000000000003,-999.4689240117879
2.591466666666667,-999.4688122530788
2.5931333333333333,-999.4687470604986
2.5948,-999.4687470604986
2.5964666666666667,-999.4688075964659
2.5981333333333336,-999.4689286684007
2.5998,-999.4690776800127
2.6014666666666666,-999.4692266916247
2.6031333333333335,-999.4693477635594
2.6048,-999.4694222693655
2.606466666666667,-999.4694502090427
2.60815,-999.4694362392041
2.6098166666666667,-999.4693989863011
2.6114833333333336,-999.4693431069466
2.61315,-999.4692825709792
2.614816666666667,-999.469217378399
2.6164833333333335,-999.469142872593
2.61815,-999.4690590535612
2.619816666666667,-999.4689472948522
2.6214833333333334,-999.4688122530788
2.6231500000000003,-999.468658584854
2.624816666666667,-999.4685002600162
2.6264833333333333,-999.4683652182428
2.62815,-999.4682767425982
2.6298166666666667,-999.4682581161467
2.6314833333333336,-999.4683093388883
2.633166666666667,-999.4684117843716
2.6348166666666666,-999.4685328563063
2.6365000000000003,-999.4686446150154
2.6381666666666668,-999.4687051509827
2.6398333333333333,-999.4687051509827
2.6415,-999.4686399584025
2.6431666666666667,-999.4685142298548
2.6448333333333336,-999.4683605616299
2.6465,-999.4682068934051
2.648166666666667,-999.4680718516316
2.6498333333333335,-999.4679880325999
2.6515,-999.4679600929227
2.653166666666667,-999.4679880325999
2.6548333333333334,-999.4680532251801
2.6565000000000003,-999.4681370442119
2.6581833333333336,-999.4682068934051
2.65985,-999.4682394896952
2.661516666666667,-999.4682208632437
2.6631833333333335,-999.4681370442119
2.66485,-999.4680020024385
2.666516666666667,-999.4678157379235
2.6681833333333334,-999.4675968771184
2.6698500000000003,-999.4673547332488
2.6715166666666668,-999.4671032761536
2.6731833333333332,-999.4668564756712
2.67485,-999.4666236450274
2.6765166666666667,-999.4664187540609
2.6781833333333336,-999.4662604292232
2.67985,-999.466153327127
2.681516666666667,-999.4661067609983
2.6831833333333335,-999.4661207308369
2.68485,-999.4661672969656
2.686516666666667,-999.4662185197074
2.6881833333333334,-999.4662511159975
2.6898500000000003,-999.4662511159975
2.691516666666667,-999.4662138630945
2.6931833333333333,-999.4661440139013
2.69485,-999.4660648514824
2.6965333333333334,-999.4659763758378
2.6982,-999.4658879001931
2.699866666666667,-999.4657901113228
2.7015333333333333,-999.4656736960009
2.7032000000000003,-999.4655433108404
2.7048666666666668,-999.4654036124541
2.7065333333333337,-999.465259257455
2.7082,-999.4651428421331
2.7098666666666666,-999.4650636797143
2.7115333333333336,-999.4650264268113
2.7132,-999.4650171135855
2.714866666666667,-999.4650217701984
2.7165333333333335,-999.4650124569727
2.7182,-999.4649891739083
2.719866666666667,-999.4649565776181
2.7215333333333334,-999.4649286379408
2.7232000000000003,-999.4649332945537
2.7248833333333335,-999.4649705474568
2.72655,-999.465035740037
2.728216666666667,-999.4651149024559
2.7298833333333334,-999.465184751649
2.73155,-999.4652220045521
2.733216666666667,-999.4652126913263
2.7348833333333333,-999.4651381855202
2.7365500000000003,-999.464998487134
2.7382166666666667,-999.4648215358447
2.7398833333333337,-999.4646352713297
2.74155,-999.4644816031049
2.7432166666666666,-999.464402440686
2.7448833333333336,-999.4644164105246
2.74655,-999.4645374824594
2.748216666666667,-999.4647516866517
2.7498833333333335,-999.4650310834242
2.75155,-999.4653291066481
2.753216666666667,-999.4656038468078
2.7549,-999.4658227076129
2.7565666666666666,-999.4659810324507
2.7582333333333335,-999.4660974477725
2.7599,-999.4661998932559
2.761566666666667,-999.4663256218034
2.7632333333333334,-999.466493259867
2.7649,-999.4667028074464
2.766566666666667,-999.4669263248644
2.7682333333333333,-999.467126559218
2.7699000000000003,-999.4672802274429
2.7715666666666667,-999.4673687030875
2.7732333333333337,-999.4674012993776
2.7749,-999.4674012993776
2.7765666666666666,-999.467387329539
2.7782333333333336,-999.467387329539
2.7799,-999.4674059559904
2.781566666666667,-999.4674385522807
2.7832333333333334,-999.4674664919579
2.7849166666666667,-999.4674804617965
2.7865833333333336,-999.4674664919579
2.78825,-999.4674152692163
2.7899166666666666,-999.4673314501845
2.7915833333333335,-999.4672196914755
2.79325,-999.4671032761536
2.794916666666667,-999.4670008306704
2.7965833333333334,-999.4669263248644
2.7982500000000003,-999.4668844153484
2.799916666666667,-999.4668704455098
2.8015833333333333,-999.4668797587356
2.8032500000000002,-999.4669216682515
2.8049166666666667,-999.4669822042189
2.8065833333333337,-999.4670706798635
2.80825,-999.4671777819597
2.8099166666666666,-999.4672895406686
2.8115833333333335,-999.4673919861518
2.81325,-999.4674664919579
2.8149333333333333,-999.4674897750223
2.8166,-999.4674432088935
2.8182666666666667,-999.4673221369587
2.8199333333333336,-999.4671405290566
2.8216,-999.4669123550257
2.8232666666666666,-999.4666608979304
2.8249333333333335,-999.4664094408352
2.8266,-999.4661672969656
2.828266666666667,-999.4659530927735
2.8299333333333334,-999.4657807980971
2.8316000000000003,-999.4656597261622
2.833266666666667,-999.4655991901949
2.8349333333333333,-999.4655991901949
2.8366000000000002,-999.4656550695494
2.8382666666666667,-999.4657575150327
2.8399333333333336,-999.4658972134189
2.8416,-999.4660695080953
2.8432833333333334,-999.4662650858361
2.8449500000000003,-999.4664699768026
2.846616666666667,-999.4666562413175
2.8482833333333333,-999.4667959397038
2.84995,-999.4668425058326
2.8516166666666667,-999.4667633434137
2.8532833333333336,-999.4665351693828
2.85495,-999.4661672969656
2.8566166666666666,-999.4656830092266
2.8582833333333335,-999.4651288722945
2.85995,-999.4645700787495
2.861616666666667,-999.4640625079461
2.8632833333333334,-999.4636573826259
2.8649500000000003,-999.463391955692
2.866616666666667,-999.4632569139186
2.8682833333333333,-999.4632476006929
2.869966666666667,-999.4633360763376
2.8716333333333335,-999.4634990577881
2.8733,-999.4637225752061
2.874966666666667,-999.4640019719787
2.8766333333333334,-999.4643325914928
2.8783000000000003,-999.4647004639099
2.879966666666667,-999.4650869627786
2.8816333333333333,-999.46544552197
2.8833,-999.4657435451941
2.8849666666666667,-999.4659437795477
2.8866333333333336,-999.4660322551923
2.8883,-999.466008972128
2.889966666666667,-999.4658972134189
2.8916333333333335,-999.4657295753555
2.8933,-999.4655479674533
2.894966666666667,-999.4653849860026
2.8966333333333334,-999.4652499442293
2.8983000000000003,-999.4651335289074
2.899966666666667,-999.4650217701984
2.9016333333333333,-999.4648913850378
2.903316666666667,-999.4647423734259
2.9049833333333335,-999.4645933618139
2.90665,-999.4644769464919
2.908316666666667,-999.4644257237503
2.9099833333333334,-999.4644583200404
2.9116500000000003,-999.4645561089109
2.9133166666666668,-999.4647004639099
2.9149833333333333,-999.4648308490705
2.91665,-999.4649006982636
2.9183166666666667,-999.4648774151992
2.9199833333333336,-999.4647423734259
2.92165,-999.464514199395
2.923316666666667,-999.4642348026225
2.9249833333333335,-999.4639554058499
2.92665,-999.463727231819
2.928316666666667,-999.4635921900457
2.9299833333333334,-999.4635782202071
2.9316666666666666,-999.4636853223031
2.9333333333333336,-999.4638902132697
2.935,-999.464174266655
2.936666666666667,-999.4644909163306
2.9383333333333335,-999.4647982527804
2.94,-999.4650590231014
2.941666666666667,-999.4652499442293
2.9433333333333334,-999.4653430764868
2.9450000000000003,-999.4653244500353
2.9466666666666668,-999.4651800950361
2.9483333333333337,-999.4648960416507
2.95,-999.4644816031049
2.9516666666666667,-999.4639554058499
2.9533333333333336,-999.4633686726277
2.955,-999.4627865960183
2.956666666666667,-999.4623023082793
2.9583333333333335,-999.4619856586037
2.96,-999.4618878697333
2.9616833333333337,-999.4620229115067
2.96335,-999.4623675008595
2.9650166666666666,-999.4628517885985
2.9666833333333336,-999.4633966123049
2.96835,-999.4639088397212
2.970016666666667,-999.4643093084285
2.9716833333333335,-999.4645467956851
2.97335,-999.4646119882653
2.975016666666667,-999.4645235126208
2.9766833333333333,-999.4643372481057
2.9783500000000003,-999.4641090740748
2.9800166666666668,-999.4638948698826
2.9816833333333337,-999.4637318884319
2.98335,-999.4636294429487
2.9850166666666667,-999.4635782202071
2.9866833333333336,-999.463545623917
2.98835,-999.4635176842397
2.9900333333333333,-999.4634850879495
2.9917000000000002,-999.4634385218208
2.9933666666666667,-999.4633966123049
2.9950333333333337,-999.4633686726277
2.9967,-999.4633640160148
2.9983666666666666,-999.463391955692
3.0000333333333336,-999.4634338652079
3.0017,-999.463466461498
3.003366666666667,-999.4634757747237
3.0050333333333334,-999.4634431784336
3.0067,-999.4633733292405
3.008366666666667,-999.4632941668217
3.0100333333333333,-999.4632382874671
3.0117000000000003,-999.4632476006929
3.0133666666666667,-999.4633407329504
3.0150333333333337,-999.4634990577881
3.0167,-999.4636992921418
3.0183666666666666,-999.4638948698826
3.0200500000000003,-999.4640485381075
3.021716666666667,-999.4641277005263
3.0233833333333333,-999.4641183873006
3.0250500000000002,-999.4640159418174
3.0267166666666667,-999.4638389905281
3.0283833333333336,-999.4636108164972
3.03005,-999.4633686726277
3.0317166666666666,-999.463131185371
3.0333833333333335,-999.4629402642431
3.03505,-999.4628145356955
3.036716666666667,-999.4627865960183
3.0383833333333334,-999.4628657584371
3.0400500000000004,-999.4630473663393
3.041716666666667,-999.4632988234346
3.0433833333333333,-999.4635735635942
3.0450500000000003,-999.4638203640766
3.0467166666666667,-999.46398800214
3.0483833333333337,-999.4640485381075
3.050066666666667,-999.4639740323014
3.0517333333333334,-999.4637551714964
3.0534000000000003,-999.4633966123049
3.055066666666667,-999.462907667953
3.0567333333333333,-999.4623349045694
3.0584000000000002,-999.4617202316698
3.0600666666666667,-999.4611148719961
3.0617333333333336,-999.4605514218381
3.0634,-999.4600578208733
3.0650666666666666,-999.459624755876
3.0667333333333335,-999.4592289437816
3.0684,-999.4588331316871
3.070066666666667,-999.458395410077
3.0717333333333334,-999.4578878392736
3.0734000000000004,-999.4572871362126
3.075066666666667,-999.4565793310555
3.0767333333333333,-999.4557644238024
3.078416666666667,-999.4548424144531
3.0800833333333335,-999.4538086463948
3.08175,-999.4526538064017
3.083416666666667,-999.4513546114096
3.0850833333333334,-999.4499017481925
3.0867500000000003,-999.4482859035247
3.088416666666667,-999.4465257038579
3.0900833333333333,-999.4446584020949
3.09175,-999.4427305643645
3.0934166666666667,-999.4407654737312
3.0950833333333336,-999.4387445037434
3.09675,-999.4366257448851
3.0984166666666666,-999.4343253781248
3.1000833333333335,-999.4317502712047
3.10175,-999.4288072918675
3.103416666666667,-999.425435904146
3.1050833333333334,-999.4216174815882
3.1067500000000003,-999.4173659940332
3.1084333333333336,-999.4127652605124
3.1101,-999.4079084132835
3.111766666666667,-999.4029118676683
3.1134333333333335,-999.3978640993116
3.1151,-999.3928256441806
3.116766666666667,-999.3877918456624
3.1184333333333334,-999.3827440773057
3.1201000000000003,-999.3776124899172
3.121766666666667,-999.3723412041423
3.1234333333333333,-999.3668789972397
3.1251,-999.3612118993706
3.1267666666666667,-999.3553585369864
3.1284333333333336,-999.3493468497644
3.1301,-999.3432234038335
3.131766666666667,-999.3370161388707
3.1334333333333335,-999.3307529945536
3.1351,-999.3244479407205
3.136766666666667,-999.3181242604359
3.13845,-999.311809893377
3.1401166666666667,-999.3055420924469
3.1417833333333336,-999.2993627671615
3.14345,-999.2933184836494
3.145116666666667,-999.2874464948137
3.1467833333333335,-999.2817933667832
3.14845,-999.2763963524608
3.150116666666667,-999.2712973613624
3.1517833333333334,-999.2665243331653
3.1534500000000003,-999.2620912377081
3.155116666666667,-999.2580120448293
3.1567833333333333,-999.2543100375935
3.15845,-999.2510038424521
3.1601166666666667,-999.248130712308
3.1618,-999.2457279000644
3.163466666666667,-999.2438140321727
3.1651333333333334,-999.24238445202
3.1668000000000003,-999.2414065633162
3.1684666666666668,-999.2408337999325
3.1701333333333337,-999.2406289089661
3.1718,-999.2407592941265
3.1734666666666667,-999.2412342686398
3.1751333333333336,-999.2420678023445
3.1768,-999.2432924915307
3.178466666666667,-999.2449269626499
3.1801333333333335,-999.2469898421537
3.1818,-999.2494625035904
3.183466666666667,-999.2523309771216
3.1851333333333334,-999.2555486966183
3.1868000000000003,-999.2590923790164
3.188466666666667,-999.2629201147998
3.1901333333333333,-999.2670086209043
3.1918,-999.2713439274911
3.1934666666666667,-999.2759213779475
3.1951333333333336,-999.2807316590477
3.196816666666667,-999.2857747707916
3.1984833333333333,-999.2910274301148
3.2001500000000003,-999.2964570407273
3.2018166666666668,-999.302031006339
3.2034833333333337,-999.307702760821
3.20515,-999.3134303946576
3.2068166666666666,-999.3191719983328
3.2084833333333336,-999.3248903189436
3.21015,-999.3305341337484
3.211816666666667,-999.3360801596829
3.2134833333333335,-999.3414911438439
3.21515,-999.34674845978
3.216816666666667,-999.3518334810398
3.2184833333333334,-999.3567415510103
3.2201500000000003,-999.3614773263045
3.2218166666666668,-999.3660640899865
3.2234833333333337,-999.3705158118953
3.225166666666667,-999.3748604317078
3.2268333333333334,-999.3791072626501
3.2285000000000004,-999.3832656179477
3.230166666666667,-999.3873308409878
3.2318333333333333,-999.3912936185446
3.2335000000000003,-999.3951492940054
3.2351666666666667,-999.3988885541442
3.2368333333333337,-999.4025067423482
3.2385,-999.4060178284561
3.2401666666666666,-999.4094264690808
3.2418333333333336,-999.4127466340609
3.2435,-999.4159829800092
3.245166666666667,-999.4191122238614
3.2468333333333335,-999.4221297090045
3.2485,-999.4249935259228
3.250166666666667,-999.4276757349389
3.2518333333333334,-999.4301437397628
3.2535000000000003,-999.4323696007172
3.2551666666666668,-999.4343672876406
3.25685,-999.436141457146
3.258516666666667,-999.4377247055237
3.2601833333333334,-999.4391542856764
3.2618500000000004,-999.4404581372814
3.263516666666667,-999.441668856629
3.2651833333333333,-999.4428050701706
3.2668500000000003,-999.4438854043576
3.2685166666666667,-999.4449238290288
3.2701833333333337,-999.4459343140228
3.27185,-999.446935485791
3.2735166666666666,-999.4479320009463
3.2751833333333336,-999.4489331727144
3.27685,-999.4499390010955
3.278516666666667,-999.4509355162508
3.2801833333333335,-999.4518947785031
3.2818500000000004,-999.4527841915623
3.283516666666667,-999.4535711591382
3.2852,-999.4542277415536
3.2868666666666666,-999.4547539388085
3.2885333333333335,-999.4551637207414
3.2902,-999.4555036534814
3.291866666666667,-999.4558342729955
3.2935333333333334,-999.4562207718642
3.2952000000000004,-999.4566910897646
3.296866666666667,-999.4572498833096
3.2985333333333333,-999.4578645562091
3.3002000000000002,-999.4584699158829
3.3018666666666667,-999.4590100829764
3.3035333333333337,-999.4594431479738
3.3052,-999.459736514585
3.3068666666666666,-999.4598808695841
3.3085333333333335,-999.4598948394228
3.3102,-999.4597970505523
3.311866666666667,-999.4596340691018
3.31355,-999.4594478045867
3.3152166666666667,-999.4592941363618
3.3168833333333336,-999.4591916908786
3.31855,-999.4591590945885
3.320216666666667,-999.4591916908786
3.3218833333333335,-999.4592755099103
3.32355,-999.4593919252322
3.325216666666667,-999.4595269670056
3.3268833333333334,-999.4596573521661
3.3285500000000003,-999.459773767488
3.330216666666667,-999.4598715563584
3.3318833333333333,-999.4599460621644
3.3335500000000002,-999.4599879716802
3.3352166666666667,-999.4599693452287
3.3368833333333336,-999.4598762129713
3.33855,-999.4596899484562
3.3402166666666666,-999.4594152082966
3.3418833333333335,-999.4590752755566
3.343566666666667,-999.4587120597524
3.3452333333333333,-999.4583907534641
3.3469,-999.4581625794332
3.3485666666666667,-999.4580647905627
3.3502333333333336,-999.4581113566915
3.3519,-999.4582696815293
3.353566666666667,-999.4584931989473
3.3552333333333335,-999.4587074031396
3.3569,-999.4588564147515
3.358566666666667,-999.4588983242675
3.3602333333333334,-999.4588191618485
3.3619000000000003,-999.4586468671722
3.363566666666667,-999.4584280063671
3.3652333333333333,-999.4582138021748
3.3669000000000002,-999.4580415074984
3.3685666666666667,-999.4579344054023
3.3702333333333336,-999.4578924958864
3.3719,-999.457906465725
3.3735833333333334,-999.4579576884666
3.3752500000000003,-999.4580321942726
3.376916666666667,-999.4581346397559
3.3785833333333337,-999.4582510550778
3.38025,-999.4583814402383
3.3819166666666667,-999.4585211386245
3.3835833333333336,-999.4586608370108
3.38525,-999.4587865655584
3.386916666666667,-999.458879697816
3.3885833333333335,-999.4589216073318
3.39025,-999.4589029808803
3.391916666666667,-999.4588098486228
3.3935833333333334,-999.458656180398
3.3952500000000003,-999.4584606026572
3.396916666666667,-999.4582463984649
3.3985833333333333,-999.4580461641112
3.40025,-999.4578831826606
3.4019166666666667,-999.457794707016
3.4036,-999.4578086768546
3.405266666666667,-999.457943718628
3.4069333333333334,-999.4581951757233
3.4086000000000003,-999.4585164820116
3.410266666666667,-999.4588471015257
3.4119333333333337,-999.4591125284597
3.4136,-999.4592568834588
3.4152666666666667,-999.4592382570073
3.4169333333333336,-999.459061305718
3.4186,-999.4587725957198
3.420266666666667,-999.4584373195928
3.4219333333333335,-999.4581206699172
3.4236,-999.4578971524993
3.425266666666667,-999.457794707016
3.4269333333333334,-999.457831959919
3.4286000000000003,-999.4579949413696
3.430266666666667,-999.458241741852
3.43195,-999.4585071687859
3.433616666666667,-999.458726029591
3.4352833333333335,-999.4588471015257
3.43695,-999.4588564147515
3.438616666666667,-999.4587539692683
3.4402833333333334,-999.4585723613661
3.4419500000000003,-999.4583581571738
3.4436166666666668,-999.4581532662074
3.4452833333333337,-999.4579716583053
3.44695,-999.4578366165318
3.4486166666666667,-999.4577481408872
3.4502833333333336,-999.4577062313714
3.45195,-999.4577062313714
3.453616666666667,-999.457757454113
3.4552833333333335,-999.4578598995962
3.4569666666666667,-999.4580135678211
3.4586333333333337,-999.4582138021748
3.4603,-999.4584559460443
3.4619666666666666,-999.4587353428168
3.4636333333333336,-999.459024052815
3.4653,-999.4592894797489
3.466966666666667,-999.4594897141026
3.4686333333333335,-999.4595735331343
3.4703000000000004,-999.4595083405541
3.471966666666667,-999.4593034495875
3.4736333333333334,-999.4589728300734
3.4753000000000003,-999.4585723613661
3.4769666666666668,-999.458167236046
3.4786333333333337,-999.4578179900803
3.4803,-999.4575851594366
3.4819666666666667,-999.4574920271791
3.4836333333333336,-999.4575385933078
3.4853,-999.4577015747585
3.486966666666667,-999.4579250921765
3.4886333333333335,-999.458167236046
3.4903,-999.4583674703996
3.4919833333333337,-999.4584931989473
3.49365,-999.4585164820116
3.4953166666666666,-999.4584326629799
3.4969833333333336,-999.4582603683035
3.49865,-999.4580228810469
3.500316666666667,-999.4577621107259
3.5019833333333334,-999.4575106536306
3.5036500000000004,-999.4573011060512
3.505316666666667,-999.4571520944392
3.5069833333333333,-999.457082245246
3.5086500000000003,-999.4570915584718
3.5103166666666668,-999.4571753775036
3.5119833333333337,-999.4573011060512
3.51365,-999.4574547742761
3.5153166666666666,-999.4575944726623
3.5169833333333336,-999.4577015747585
3.51865,-999.4577481408872
3.5203333333333333,-999.4577155445971
3.5220000000000002,-999.4575944726623
3.5236666666666667,-999.4573849250829
3.5253333333333337,-999.4570962150847
3.527,-999.4567423125062
3.5286666666666666,-999.4563651268633
3.5303333333333335,-999.4559879412204
3.532,-999.4556433518676
3.533666666666667,-999.4553546418693
3.5353333333333334,-999.45514509429
3.5370000000000004,-999.4550147091295
3.538666666666667,-999.4549681430008
3.5403333333333333,-999.4550007392909
3.5420000000000003,-999.4550892149355
3.5436666666666667,-999.455219600096
3.5453333333333337,-999.4553732683208
3.547,-999.4555269365458
3.5486666666666666,-999.455666634932
3.5503500000000003,-999.455778393641
3.552016666666667,-999.4558575560599
3.5536833333333333,-999.45589015235
3.5553500000000002,-999.45589015235
3.5570166666666667,-999.4558622126727
3.5586833333333336,-999.4558296163826
3.56035,-999.4558016767054
3.562016666666667,-999.4557970200925
3.5636833333333335,-999.4558203031569
3.56535,-999.4558668692856
3.567016666666667,-999.4559320618658
3.5686833333333334,-999.4559879412204
3.5703500000000004,-999.4560298507363
3.572016666666667,-999.4560484771878
3.5736833333333333,-999.456039163962
3.5753500000000003,-999.4560112242848
3.5770166666666667,-999.4559879412204
3.5787,-999.4559879412204
3.580366666666667,-999.4560298507363
3.5820333333333334,-999.4561276396066
3.5837000000000003,-999.4562719946058
3.585366666666667,-999.4564489458951
3.5870333333333333,-999.4566305537971
3.5887000000000002,-999.4567935352478
3.5903666666666667,-999.4569099505698
3.5920333333333336,-999.4569704865371
3.5937,-999.4569611733114
3.595366666666667,-999.4568820108924
3.5970333333333335,-999.4567283426676
3.5987,-999.4565094818624
3.600366666666667,-999.4562487115414
3.6020333333333334,-999.4559739713818
3.6037000000000003,-999.4557085444479
3.605366666666667,-999.4554943402557
3.6070333333333333,-999.4553499852565
3.608716666666667,-999.4552801360634
3.6103833333333335,-999.4552847926763
3.61205,-999.4553406720307
3.613716666666667,-999.4554384609011
3.6153833333333334,-999.4555455629973
3.6170500000000003,-999.4556526650933
3.618716666666667,-999.4557457973509
3.6203833333333333,-999.4558249597698
3.62205,-999.4558948089629
3.6237166666666667,-999.4559460317046
3.6253833333333336,-999.4559693147689
3.62705,-999.4559553449303
3.628716666666667,-999.45589015235
3.6303833333333335,-999.4557644238024
3.63205,-999.455592129126
3.633716666666667,-999.4553918947723
3.6353833333333334,-999.4551870038058
3.6370500000000003,-999.4549867694523
3.6387333333333336,-999.4548051615501
3.6404,-999.4546328668737
3.642066666666667,-999.4544838552617
3.6437333333333335,-999.454358126714
3.6454,-999.4542743076823
3.647066666666667,-999.4542277415536
3.6487333333333334,-999.4542230849406
3.6504000000000003,-999.4542370547794
3.652066666666667,-999.4542323981665
3.6537333333333337,-999.4541811754248
3.6554,-999.4540554468772
3.6570666666666667,-999.453836586072
3.6587333333333336,-999.4535478760738
3.6604,-999.4532125999467
3.662066666666667,-999.4528726672069
3.6637333333333335,-999.4525653307571
3.6654,-999.452309217049
3.6670833333333337,-999.4521043260825
3.66875,-999.4519553144704
3.6704166666666667,-999.4518482123743
3.6720833333333336,-999.4517737065682
3.67375,-999.4517131706009
3.675416666666667,-999.4516479780207
3.6770833333333335,-999.4515595023761
3.67875,-999.4514384304413
3.680416666666667,-999.451303388668
3.6820833333333334,-999.4511730035074
3.6837500000000003,-999.4510752146371
3.685416666666667,-999.4510239918953
3.6870833333333337,-999.4510193352825
3.68875,-999.4510612447984
3.6904166666666667,-999.4511404072173
3.6920833333333336,-999.4512428527005
3.69375,-999.451373237861
3.695416666666667,-999.4515362193116
3.6971000000000003,-999.4517271404395
3.6987666666666668,-999.4519506578575
3.7004333333333337,-999.4521974583399
3.7021,-999.4524582286609
3.7037666666666667,-999.4527050291433
3.7054333333333336,-999.4529285465613
3.7071,-999.4531008412378
3.708766666666667,-999.4532125999467
3.7104333333333335,-999.4532545094627
3.7121000000000004,-999.4532172565596
3.713766666666667,-999.4531054978506
3.7154333333333334,-999.4529378597871
3.7171000000000003,-999.4527609084979
3.7187666666666668,-999.4526258667245
3.7204333333333337,-999.4525793005957
3.7221,-999.4526584630146
3.7237666666666667,-999.4528819804326
3.7254333333333336,-999.4532358830111
3.727116666666667,-999.4536829178471
3.7287833333333333,-999.454171862199
3.7304500000000003,-999.4546375234866
3.7321166666666667,-999.455033335581
3.7337833333333337,-999.4553127323535
3.73545,-999.4554664005784
3.7371166666666666,-999.4555129667071
3.7387833333333336,-999.4554943402557
3.74045,-999.4554570873527
3.742116666666667,-999.4554477741269
3.7437833333333335,-999.4554896836428
3.7454500000000004,-999.4555781592874
3.747116666666667,-999.4556899179964
3.7487833333333334,-999.4558109899311
3.7504500000000003,-999.4559041221886
3.7521166666666668,-999.4559646581561
3.7538,-999.4559925978333
3.755466666666667,-999.4559972544462
3.7571333333333334,-999.4560065676719
3.7588000000000004,-999.4560484771878
3.760466666666667,-999.456150922671
3.7621333333333333,-999.4563185607345
3.7638000000000003,-999.4565560479912
3.7654666666666667,-999.4568540712152
3.7671333333333337,-999.4571846907294
3.7688,-999.4574920271791
3.7704666666666666,-999.4577341710486
3.7721333333333336,-999.4578552429833
3.7738,-999.4578366165318
3.775466666666667,-999.4576689784684
3.7771333333333335,-999.4573849250829
3.7788000000000004,-999.4570310225045
3.780466666666667,-999.456677119926
3.7821333333333333,-999.4563790967019
3.7838000000000003,-999.4561835189612
3.7854833333333335,-999.4561090131551
3.78715,-999.4561416094452
3.788816666666667,-999.4562487115414
3.7904833333333334,-999.456374440089
3.7921500000000004,-999.4564768855723
3.793816666666667,-999.4565141384753
3.7954833333333333,-999.4564629157337
3.7971500000000002,-999.4563325305731
3.7988166666666667,-999.4561462660581
3.8004833333333337,-999.4559180920272
3.80215,-999.4556712915448
3.803816666666667,-999.4554291476753
3.8054833333333336,-999.4552056302574
3.80715,-999.4550193657424
3.808816666666667,-999.4548750107432
3.8104833333333334,-999.4547865350986
3.8121500000000004,-999.4547539388085
3.8138333333333336,-999.4547772218729
3.8155,-999.4548424144531
3.817166666666667,-999.4549402033234
3.8188333333333335,-999.4550473054196
3.8205,-999.4551590641286
3.822166666666667,-999.4552615096119
3.8238333333333334,-999.4553592984822
3.8255000000000003,-999.4554524307398
3.827166666666667,-999.4555455629973
3.8288333333333333,-999.4556480084805
3.8305000000000002,-999.4557551105767
3.8321666666666667,-999.4558668692856
3.8338333333333336,-999.4559646581561
3.8355,-999.4560345073492
3.837166666666667,-999.4560671036393
3.8388333333333335,-999.4560484771878
3.8405,-999.4559832846076
3.842166666666667,-999.4558761825114
3.8438333333333334,-999.4557597671895
3.8455166666666667,-999.4556526650933
3.8471833333333336,-999.455592129126
3.84885,-999.4555967857389
3.850516666666667,-999.4556806047706
3.8521833333333335,-999.4558203031569
3.85385,-999.4559879412204
3.855516666666667,-999.456150922671
3.8571833333333334,-999.4562766512187
3.8588500000000003,-999.4563465004118
3.860516666666667,-999.4563558136375
3.8621833333333333,-999.456337187186
3.8638500000000002,-999.4563139041217
3.8655166666666667,-999.4563232173474
3.8671833333333336,-999.4563884099276
3.86885,-999.4565094818624
3.870516666666667,-999.4566678067002
3.8721833333333335,-999.456821474925
3.873866666666667,-999.4569472034727
3.8755333333333337,-999.4570030828272
3.8772,-999.4569704865371
3.8788666666666667,-999.4568261315379
3.8805333333333336,-999.4565700178298
3.8822,-999.4562254284771
3.883866666666667,-999.4558296163826
3.8855333333333335,-999.4554524307398
3.8872,-999.4551590641286
3.888866666666667,-999.4550007392909
3.8905333333333334,-999.4550147091295
3.8922000000000003,-999.4552009736445
3.893866666666667,-999.4555362497715
3.8955333333333337,-999.4559693147689
3.8972,-999.4564629157337
3.8988666666666667,-999.4569611733114
3.9005333333333336,-999.4574314912118
3.902216666666667,-999.4578412731447
3.9038833333333334,-999.4581765492718
3.9055500000000003,-999.4584186931413
3.907216666666667,-999.4585537349146
3.9088833333333337,-999.458577017979
3.91055,-999.4584838857215
3.9122166666666667,-999.458278994755
3.9138833333333336,-999.4579763149181
3.91555,-999.4576177557267
3.917216666666667,-999.4572545399225
3.9188833333333335,-999.4569425468599
3.92055,-999.4567469691191
3.922216666666667,-999.4566910897646
3.9238833333333334,-999.4567842220221
3.9255500000000003,-999.4569984262143
3.927216666666667,-999.4572778229868
3.9288833333333337,-999.4575572197593
3.93055,-999.4577667673387
3.9322333333333335,-999.4578645562091
3.9339000000000004,-999.457831959919
3.935566666666667,-999.4576782916942
3.9372333333333334,-999.4574501176633
3.9389000000000003,-999.4572079737937
3.9405666666666668,-999.4570170526658
3.9422333333333337,-999.4569285770212
3.9439,-999.4569611733114
3.9455666666666667,-999.4571101849233
3.9472333333333336,-999.4573243891156
3.9489,-999.4575525631465
3.950566666666667,-999.4577248578229
3.9522333333333335,-999.4577760805645
3.9539,-999.457682948307
3.955566666666667,-999.4574314912118
3.9572333333333334,-999.4570543055688
3.9589000000000003,-999.4565933008942
3.960566666666667,-999.4561043565423
3.96225,-999.4556480084805
3.963916666666667,-999.4552754794505
3.9655833333333335,-999.4550193657424
3.9672500000000004,-999.4548982938076
3.968916666666667,-999.4549076070333
3.9705833333333334,-999.4550286789681
3.9722500000000003,-999.4552335699346
3.9739166666666668,-999.4554896836428
3.9755833333333337,-999.4557551105767
3.97725,-999.4559972544462
3.9789166666666667,-999.4561835189612
3.9805833333333336,-999.456299934283
3.98225,-999.4563325305731
3.983916666666667,-999.4562906210573
3.9855833333333335,-999.4561835189612
3.9872500000000004,-999.4560298507363
3.988916666666667,-999.4558622126727
3.9905833333333334,-999.455703887835
3.992266666666667,-999.455592129126
3.9939333333333336,-999.4555455629973
3.9955999999999996,-999.4555828159002
3.9972666666666665,-999.4556992312222
3.9989333333333335,-999.4558715258985
