min,µS/cm
0.0,-999.9417332000759
0.0016666666666667052,-999.941914807978
0.0033333333333334103,-999.9422966502339
0.004999999999999893,-999.9427483416827
0.006666666666666599,-999.9430882744226
0.008333333333333304,-999.9431208707127
0.010000000000000009,-999.9427204020054
0.011666666666666714,-999.941877555075
0.01333333333333342,-999.9407087452433
0.014999999999999902,-999.9394235200898
0.016666666666666607,-999.938259366871
0.018333333333333313,-999.9374537728436
0.02001666666666657,-999.9371510930067
0.021683333333333277,-999.9374258331663
0.023349999999999982,-999.9382267705809
0.025016666666666687,-999.9394281767027
0.026683333333333392,-999.9408391304039
0.028350000000000097,-999.9422454274921
0.03001666666666658,-999.9434608034526
0.031683333333333286,-999.9443455598989
0.03334999999999999,-999.944829847638
0.035016666666666696,-999.9449090100568
0.0366833333333334,-999.9446482397358
0.038350000000000106,-999.9441639519968
0.04001666666666659,-999.9435911886131
0.041683333333333294,-999.9430510215196
0.04335,-999.9426365829737
0.045016666666666705,-999.9423897824913
0.04668333333333341,-999.9422873370081
0.048350000000000115,-999.9422780237824
0.050033333333333374,-999.9422826803952
0.05170000000000008,-999.9422361142664
0.05336666666666656,-999.9420964158802
0.05503333333333327,-999.9418496153978
0.05669999999999997,-999.9415096826579
0.05836666666666668,-999.9411138705635
0.06003333333333338,-999.9407273716948
0.06170000000000009,-999.9404014087936
0.06336666666666657,-999.9401918612142
0.06503333333333328,-999.940126668634
0.06669999999999998,-999.9402244575043
0.06836666666666669,-999.9404898844382
0.07003333333333339,-999.9408996663713
0.0717000000000001,-999.9414165504004
0.07336666666666658,-999.9419800005583
0.07503333333333329,-999.9425294808776
0.07669999999999999,-999.9429904855522
0.0783666666666667,-999.9432931653892
0.08004999999999995,-999.943409580711
0.08171666666666666,-999.9433211050664
0.08338333333333336,-999.9430649913583
0.08505000000000007,-999.942697118941
0.08671666666666678,-999.9422966502339
0.08838333333333326,-999.9419427476553
0.09004999999999996,-999.9416959471729
0.09171666666666667,-999.9415841884639
0.09338333333333337,-999.9415981583026
0.09505000000000008,-999.9416959471729
0.09671666666666656,-999.9418356455592
0.09838333333333327,-999.9419613741068
0.10004999999999997,-999.9420312233
0.10171666666666668,-999.9420219100742
0.10338333333333338,-999.9419287778167
0.10505000000000009,-999.9417751095918
0.10671666666666657,-999.9415981583026
0.10838333333333328,-999.9414491466905
0.11006666666666676,-999.9413839541103
0.11173333333333324,-999.941430520239
0.11339999999999995,-999.9416028149154
0.11506666666666665,-999.9418682418493
0.11673333333333336,-999.9421895481377
0.11840000000000006,-999.9424968845874
0.12006666666666677,-999.9427390284569
0.12173333333333325,-999.9428601003917
0.12339999999999995,-999.9428368173274
0.12506666666666666,-999.9426738358767
0.12673333333333336,-999.9423897824913
0.12840000000000007,-999.9420358799129
0.13006666666666655,-999.9416773207214
0.13173333333333326,-999.9413699842717
0.13339999999999996,-999.9411650933051
0.13506666666666667,-999.9410905874992
0.13673333333333337,-999.9411557800794
0.13841666666666663,-999.9413234181429
0.14008333333333334,-999.9415515921738
0.14175000000000004,-999.9417797662047
0.14341666666666675,-999.9419613741068
0.14508333333333345,-999.9420545063643
0.14674999999999994,-999.9420358799129
0.14841666666666664,-999.9419194645909
0.15008333333333335,-999.9417378566887
0.15175000000000005,-999.9415283091093
0.15341666666666676,-999.9413327313687
0.15508333333333324,-999.9411930329824
0.15674999999999994,-999.9411278404021
0.15841666666666665,-999.9411371536279
0.16008333333333336,-999.9412023462081
0.16175000000000006,-999.94128616524
0.16341666666666677,-999.9413513578202
0.16508333333333325,-999.9413467012073
0.16674999999999995,-999.941244255724
0.16843333333333343,-999.941020738306
0.17009999999999992,-999.9406901187918
0.17176666666666662,-999.9402756802459
0.17343333333333333,-999.9398333020229
0.17510000000000003,-999.9394188634769
0.17676666666666674,-999.9390975571886
0.17843333333333344,-999.9389206058993
0.18009999999999993,-999.9389066360607
0.18176666666666663,-999.9390603042855
0.18343333333333334,-999.9393490142838
0.18510000000000004,-999.9397215433138
0.18676666666666675,-999.9401126987954
0.18843333333333323,-999.9404759145996
0.19009999999999994,-999.9407646245978
0.19176666666666664,-999.9409369192742
0.19343333333333335,-999.9409927986287
0.19510000000000005,-999.9409322626614
0.19676666666666676,-999.9407832510493
0.19845000000000002,-999.9405876733086
0.20011666666666672,-999.940387438955
0.20178333333333343,-999.9402430839558
0.20345000000000013,-999.9401825479885
0.2051166666666666,-999.9402198008914
0.20678333333333332,-999.9403408728263
0.20845000000000002,-999.9405085108897
0.21011666666666673,-999.9406668357275
0.21178333333333343,-999.9407692812107
0.21344999999999992,-999.9407785944364
0.21511666666666662,-999.9406621791146
0.21678333333333333,-999.9404200352451
0.21845000000000003,-999.9400521628279
0.22011666666666674,-999.9396004713791
0.22178333333333322,-999.9391068704143
0.22344999999999993,-999.9386412091268
0.22511666666666663,-999.9382500536452
0.2267999999999999,-999.9379892833242
0.2284666666666666,-999.9378728680024
0.2301333333333333,-999.9379008076796
0.2318,-999.9380498192916
0.2334666666666667,-999.9382686800967
0.23513333333333342,-999.9385061673534
0.23680000000000012,-999.938706401707
0.2384666666666666,-999.9388414434803
0.2401333333333333,-999.9389112926735
0.24180000000000001,-999.9389438889636
0.24346666666666672,-999.9389578588023
0.24513333333333343,-999.9389857984795
0.2467999999999999,-999.9390323646082
0.2484666666666666,-999.939078930737
0.2501333333333333,-999.9391068704143
0.2518,-999.9390696175112
0.25346666666666673,-999.9389578588023
0.25515,-999.9387622810615
0.2568166666666667,-999.938520137192
0.2584833333333334,-999.9382826499353
0.2601499999999999,-999.938105698646
0.2618166666666668,-999.938035849453
0.2634833333333333,-999.9380917288074
0.26515,-999.9382686800967
0.2668166666666667,-999.9385387636435
0.2684833333333334,-999.9388647265448
0.2701500000000001,-999.9392093158975
0.2718166666666666,-999.9395352787988
0.2734833333333333,-999.9398100189584
0.27515,-999.9400009400863
0.2768166666666667,-999.9400847591181
0.2784833333333334,-999.9400381929893
0.2801499999999999,-999.9398705549258
0.2818166666666666,-999.9396004713791
0.2834833333333333,-999.939265195252
0.28516666666666657,-999.9389066360607
0.2868333333333333,-999.9385806731593
0.2885,-999.9383152462254
0.2901666666666667,-999.9381522647749
0.2918333333333334,-999.9380917288074
0.2935000000000001,-999.9381289817105
0.2951666666666668,-999.9382267705809
0.2968333333333333,-999.9383478425156
0.2985,-999.9384270049345
0.3001666666666667,-999.9384176917088
0.3018333333333334,-999.9383012763868
0.3035000000000001,-999.9380777589688
0.3051666666666666,-999.9377937055834
0.3068333333333333,-999.9375096521981
0.3085,-999.9373047612315
0.3101666666666667,-999.9372302554256
0.3118333333333334,-999.9373187310701
0.3134999999999999,-999.9375608749397
0.31518333333333337,-999.9379008076796
0.3168500000000001,-999.9382640234838
0.31851666666666656,-999.9385667033207
0.3201833333333335,-999.9387343413842
0.32184999999999997,-999.9387203715456
0.3235166666666667,-999.9385154805791
0.3251833333333334,-999.9381569213878
0.3268500000000001,-999.9377098865517
0.3285166666666668,-999.9372581951028
0.3301833333333333,-999.936876352847
0.33185,-999.9366295523646
0.3335166666666667,-999.9365503899458
0.3351833333333334,-999.9366388655903
0.3368500000000001,-999.9368670396212
0.3385166666666666,-999.9371697194582
0.3401833333333333,-999.937477055908
0.34185,-999.9377238563903
0.3435166666666667,-999.9378588981637
0.34519999999999995,-999.937844928325
0.34686666666666666,-999.9376772902616
0.34853333333333336,-999.9373885802634
0.35020000000000007,-999.9370300210719
0.35186666666666655,-999.9366621486548
0.3535333333333335,-999.9363454989792
0.35519999999999996,-999.9361266381741
0.35686666666666667,-999.9360335059166
0.35853333333333337,-999.936056788981
0.3602000000000001,-999.9361825175287
0.3618666666666668,-999.9363874084951
0.36353333333333326,-999.936615582526
0.36519999999999997,-999.9368204734925
0.3668666666666667,-999.9369368888144
0.3685333333333334,-999.936918262363
0.3702000000000001,-999.9367506242994
0.37186666666666657,-999.9364619143012
0.37355000000000005,-999.9361126683355
0.37521666666666675,-999.9357867054342
0.37688333333333324,-999.9355492181776
0.37854999999999994,-999.935460742533
0.38021666666666665,-999.9355212785003
0.38188333333333335,-999.9356982297896
0.38355000000000006,-999.9359357170463
0.38521666666666676,-999.9361592344643
0.38688333333333347,-999.9363082460762
0.38854999999999995,-999.936354812205
0.39021666666666666,-999.9363035894634
0.39188333333333336,-999.9362011439802
0.39355000000000007,-999.9360893852711
0.39521666666666677,-999.936019536078
0.39688333333333325,-999.9360148794651
0.39854999999999996,-999.9360847286582
0.40021666666666667,-999.9362244270445
0.40188333333333337,-999.9364200047853
0.40356666666666663,-999.9366388655903
0.40523333333333333,-999.9368484131697
0.40690000000000004,-999.9370067380075
0.40856666666666674,-999.9370812438135
0.4102333333333332,-999.9370486475234
0.41190000000000015,-999.9369089491372
0.41356666666666664,-999.936690088332
0.41523333333333334,-999.9364246613982
0.41690000000000005,-999.9361545778513
0.41856666666666675,-999.9359170905948
0.42023333333333346,-999.9357541091441
0.42189999999999994,-999.9356702901124
0.42356666666666665,-999.9356796033381
0.42523333333333335,-999.9357680789827
0.42690000000000006,-999.9359077773689
0.42856666666666676,-999.9360707588196
0.43023333333333325,-999.9362151138188
0.43189999999999995,-999.9363129026891
0.43358333333333343,-999.9363454989792
0.4352499999999999,-999.9363129026891
0.4369166666666666,-999.9362290836574
0.4385833333333333,-999.9361266381741
0.44025000000000003,-999.9360521323681
0.44191666666666674,-999.9360428191424
0.4435833333333332,-999.9361126683355
0.44525000000000015,-999.9362616799475
0.44691666666666663,-999.9364339746239
0.44858333333333333,-999.9365876428487
0.45025000000000004,-999.936657492042
0.45191666666666674,-999.9366109259131
0.45358333333333345,-999.9364386312368
0.45524999999999993,-999.9361545778513
0.45691666666666664,-999.9358006752728
0.45858333333333334,-999.9354095197913
0.46025000000000005,-999.9350323341484
0.4619333333333333,-999.9347017146343
0.4636,-999.9344456009261
0.4652666666666667,-999.9342686496369
0.4669333333333334,-999.9341615475407
0.4685999999999999,-999.934114981412
0.4702666666666666,-999.9341010115734
0.4719333333333333,-999.9340963549605
0.4736,-999.9340916983476
0.4752666666666667,-999.9340870417348
0.47693333333333343,-999.9340916983476
0.47860000000000014,-999.9341056681862
0.4802666666666666,-999.9341382644764
0.4819333333333333,-999.9341801739922
0.48360000000000003,-999.9342313967339
0.48526666666666673,-999.9342965893142
0.48693333333333344,-999.934375751733
0.4885999999999999,-999.9344828538292
0.49026666666666663,-999.9346178956025
0.4919500000000001,-999.9347855336661
0.4936166666666666,-999.9349578283425
0.4952833333333333,-999.9351161531802
0.49695,-999.9352139420506
0.4986166666666667,-999.9352232552764
0.5002833333333334,-999.9351114965673
0.5019499999999999,-999.9348926357621
0.5036166666666668,-999.9345899559253
0.5052833333333333,-999.9342500231854
0.50695,-999.9339333735098
0.5086166666666667,-999.9337051994789
0.5102833333333332,-999.9336027539957
0.5119500000000001,-999.9336493201245
0.5136166666666666,-999.9338216148009
0.5152833333333333,-999.934077728509
0.51695,-999.9343571252815
0.5186166666666667,-999.9345899559253
0.5203,-999.9347110278601
0.5219666666666667,-999.9346830881827
0.5236333333333334,-999.9345014802807
0.5253000000000001,-999.9342034570566
0.5269666666666666,-999.9338495544781
0.5286333333333335,-999.9335096217383
0.5303,-999.9332488514173
0.5319666666666667,-999.933109153031
0.5336333333333334,-999.9331044964181
0.5352999999999999,-999.9332255683528
0.5369666666666668,-999.9334351159322
0.5386333333333333,-999.9336865730274
0.5403,-999.933928716897
0.5419666666666667,-999.9341196380249
0.5436333333333334,-999.9342174268953
0.5453000000000001,-999.9342081136696
0.5469833333333334,-999.9341010115734
0.5486499999999999,-999.9339240602841
0.5503166666666668,-999.9337284825434
0.5519833333333333,-999.9335701577056
0.55365,-999.9335142783511
0.5553166666666667,-999.9335980973829
0.5569833333333334,-999.9338309280266
0.5586500000000001,-999.934189487218
0.5603166666666666,-999.9346039257639
0.5619833333333335,-999.9349950812455
0.56365,-999.935274478018
0.5653166666666667,-999.9353955499527
0.5669833333333334,-999.9353396705982
0.5686499999999999,-999.9351254664059
0.5703166666666668,-999.934822786569
0.5719833333333333,-999.934524763345
0.57365,-999.9343245289914
0.5753166666666667,-999.9342965893142
0.5769833333333334,-999.9344781972163
0.5786500000000001,-999.9348460696334
0.5803333333333334,-999.9353396705982
0.5820000000000001,-999.9358751810788
0.5836666666666668,-999.936354812205
0.5853333333333333,-999.9367226846222
0.5870000000000002,-999.9369508586531
0.5886666666666667,-999.9370439909105
0.5903333333333334,-999.9370393342977
0.5920000000000001,-999.9369927681689
0.5936666666666666,-999.9369648284917
0.5953333333333335,-999.9369974247818
0.597,-999.9371231533294
0.5986666666666667,-999.9373466707474
0.6003333333333334,-999.9376400373586
0.6019999999999999,-999.9379660002598
0.6036666666666668,-999.9382779933225
0.6053333333333333,-999.9385480768692
0.607,-999.9387576244486
0.6086833333333335,-999.9389112926735
0.61035,-999.9390183947696
0.6120166666666667,-999.9390882439628
0.6136833333333334,-999.9391301534787
0.6153500000000001,-999.9391487799302
0.6170166666666668,-999.9391580931559
0.6186833333333333,-999.9391674063817
0.6203500000000002,-999.9391953460589
0.6220166666666667,-999.9392465688005
0.6236833333333334,-999.9393164179936
0.6253500000000001,-999.9393955804126
0.6270166666666666,-999.9394561163799
0.6286833333333335,-999.9394607729928
0.63035,-999.9393769539611
0.6320166666666667,-999.9391860328332
0.6336833333333334,-999.9388367868675
0.6353500000000001,-999.9379380605826
0.6370166666666668,-999.9343943781845
0.6387,-999.9203174374627
0.6403666666666668,-999.8723077587189
0.6420333333333335,-999.7327537274606
0.6436999999999999,-999.3797498752268
0.6453666666666666,-998.5873620019236
0.6470333333333333,-996.9838201054297
0.6487,-994.0221956903218
0.6503666666666668,-988.9817801252854
0.6520333333333332,-981.016587922823
0.6537000000000002,-969.2590082852445
0.6553666666666667,-952.9710938003711
0.6570333333333334,-931.7193743454849
0.6587000000000001,-905.5348396792705
0.6603666666666665,-875.0168610713523
0.6620333333333335,-841.348250788333
0.6637,-806.2079692288339
0.6653666666666667,-771.5907603369983
0.6670333333333334,-739.5638948025014
0.6687166666666666,-712.0050586350286
0.6703833333333333,-690.3686610471311
0.67205,-675.5208087505404
0.6737166666666667,-667.6681016886924
0.6753833333333334,-666.3861967001046
0.6770499999999999,-670.7356081673576
0.6787166666666669,-679.4379282181328
0.6803833333333333,-691.0780634223847
0.68205,-704.2978055329518
0.6837166666666668,-717.9517628242968
0.6853833333333332,-731.2073003180359
0.6870500000000002,-743.5816995536824
0.6887166666666666,-754.9213994084491
0.6903833333333333,-765.3366917582865
0.69205,-775.1102749142378
0.6937166666666665,-784.5991434457708
0.6953833333333335,-794.1466666730804
0.69705,-804.0170794371595
0.6987333333333332,-814.3582943893775
0.7004000000000001,-825.1933338237895
0.7020666666666666,-836.4356173372062
0.7037333333333333,-847.9204265623914
0.7054,-859.4435783379914
0.7070666666666667,-870.7989989178251
0.7087333333333334,-881.8088150032837
0.7103999999999999,-892.3421198932184
0.7120666666666668,-902.3216231271259
0.7137333333333333,-911.7194315938835
0.7154,-920.5452357048845
0.7170666666666667,-928.8305793557458
0.7187333333333332,-936.613069352048
0.7204000000000002,-943.9235278144123
0.7220666666666666,-950.7777034075826
0.7237333333333333,-957.1725181104488
0.7254,-963.0873384713602
0.7270833333333333,-968.4896706456736
0.72875,-973.3449532526289
0.7304166666666667,-977.627621487541
0.7320833333333334,-981.3302992756154
0.7337500000000001,-984.4684605414367
0.7354166666666666,-987.0801172159054
0.7370833333333335,-989.2214094238456
0.73875,-990.9597695763035
0.7404166666666667,-992.3662762122071
0.7420833333333334,-993.5087109885685
0.7437499999999999,-994.4463432740636
0.7454166666666668,-995.2269312903411
0.7470833333333333,-995.8859165179944
0.74875,-996.4475226572005
0.7504166666666667,-996.927032711416
0.7520833333333332,-997.3336900571984
0.7537500000000001,-997.6735017251566
0.7554166666666666,-997.9515806762276
0.7570999999999999,-998.1736685140867
0.7587666666666668,-998.34685260353
0.7604333333333333,-998.4795241609586
0.7621,-998.5808287740596
0.7637666666666667,-998.6598421813268
0.7654333333333334,-998.7247367383562
0.7671000000000001,-998.7820875825277
0.7687666666666666,-998.8365001039749
0.7704333333333335,-998.8905587228437
0.7721,-998.9450457500969
0.7737666666666667,-998.999388422351
0.7754333333333334,-999.0522130388078
0.7770999999999999,-999.1018618452837
0.7787666666666668,-999.1468540388844
0.7804333333333333,-999.1862117309059
0.7821,-999.2195717055441
0.7837666666666667,-999.2472273294103
0.7854333333333332,-999.2699795399187
0.7871166666666667,-999.2889598939983
0.7887833333333334,-999.3054023940607
0.7904499999999999,-999.3204572234864
0.7921166666666668,-999.335027765173
0.7937833333333333,-999.3497100655686
0.79545,-999.3647555817686
0.7971166666666667,-999.3801224042569
0.7987833333333334,-999.3955730457769
0.8004500000000001,-999.410725664073
0.8021166666666666,-999.4251937602764
0.8037833333333335,-999.438646714873
0.80545,-999.4508610104448
0.8071166666666667,-999.4617714544114
0.8087833333333334,-999.4714478959662
0.8104499999999999,-999.4800626297854
0.8121166666666668,-999.487839173287
0.8137833333333333,-999.4950382967922
0.8154666666666666,-999.5018742044931
0.8171333333333335,-999.5085378175175
0.8188,-999.5151548644133
0.8204666666666667,-999.5217951943733
0.8221333333333334,-999.5284727772365
0.8238000000000001,-999.5351596733253
0.8254666666666668,-999.5417813768339
0.8271333333333333,-999.5482540687306
0.8288000000000002,-999.5544799601447
0.8304666666666667,-999.5603845452705
0.8321333333333334,-999.5659166013663
0.8338000000000001,-999.571080785045
0.8354666666666666,-999.5759236624352
0.8371333333333335,-999.580524395956
0.8388,-999.5849900877033
0.8404833333333332,-999.5893999000962
0.8421500000000002,-999.5938283389405
0.8438166666666667,-999.5982986873008
0.8454833333333334,-999.6027969753383
0.8471500000000001,-999.6072719803113
0.8488166666666666,-999.6116445398012
0.8504833333333335,-999.6158354913889
0.85215,-999.6197982689458
0.8538166666666667,-999.623523559246
0.8554833333333334,-999.6270532718054
0.8571500000000001,-999.6304572558172
0.8588166666666668,-999.6338193303131
0.8604833333333333,-999.6372093444863
0.8621500000000002,-999.6406785210784
0.8638166666666667,-999.6442315167022
0.8654833333333334,-999.6478077953903
0.8671500000000001,-999.6513281947241
0.8688166666666666,-999.6547042390587
0.8704833333333335,-999.6578614225881
0.87215,-999.660776462248
0.8738333333333332,-999.6634679844899
0.8755000000000002,-999.6659965252811
0.8771666666666667,-999.6684179639763
0.8788333333333334,-999.6707974931555
0.8805000000000001,-999.6731770223347
0.8821666666666665,-999.6755891478041
0.8838333333333335,-999.6780431827893
0.8855,-999.680557753742
0.8871666666666667,-999.6831282040491
0.8888333333333334,-999.6857591903237
0.8905000000000001,-999.6884413993398
0.8921666666666668,-999.6911375781946
0.8938333333333333,-999.6937918475335
0.8955000000000002,-999.6963436713891
0.8971666666666667,-999.6987092307297
0.8988333333333334,-999.700827989588
0.9005000000000001,-999.7026813215123
0.9021666666666666,-999.7042831963414
0.90385,-999.7057081198813
0.9055166666666667,-999.7070538810021
0.9071833333333332,-999.708441551639
0.9088500000000002,-999.7099549508234
0.9105166666666666,-999.71164995791
0.9121833333333333,-999.713517259673
0.91385,-999.7155056333708
0.9155166666666668,-999.7175172901328
0.9171833333333335,-999.7194497844761
0.91885,-999.7212192973686
0.9205166666666669,-999.7227652928432
0.9221833333333334,-999.7240924275127
0.9238500000000001,-999.7252472675058
0.9255166666666668,-999.7263136318542
0.9271833333333332,-999.7273893094283
0.9288500000000002,-999.7285534626471
0.9305166666666667,-999.7298526576393
0.9321833333333334,-999.7312868944049
0.9338666666666668,-999.7328049502023
0.9355333333333333,-999.7343416324511
0.9372,-999.7358177787326
0.9388666666666667,-999.7371728530792
0.9405333333333332,-999.7383649459753
0.9422000000000001,-999.7393940574208
0.9438666666666666,-999.7402927837056
0.9455333333333333,-999.7411216607975
0.9472,-999.7419365680506
0.9488666666666667,-999.7427980414325
0.9505333333333335,-999.7437573036848
0.9521999999999999,-999.7448376378719
0.9538666666666669,-999.7460576704452
0.9555333333333333,-999.7473987749532
0.9572,-999.7488330117188
0.9588666666666668,-999.7502951881617
0.9605333333333332,-999.7517107984758
0.9622166666666667,-999.753005336855
0.9638833333333334,-999.7541089541065
0.9655499999999999,-999.7549797407141
0.9672166666666668,-999.7556270099038
0.9688833333333333,-999.7560973278042
0.97055,-999.7564884832858
0.9722166666666667,-999.756926204896
0.9738833333333334,-999.757526907957
0.9755500000000001,-999.7583697548873
0.9772166666666666,-999.7594780287517
0.9788833333333333,-999.7608191332597
0.98055,-999.7622859663154
0.9822166666666667,-999.7637481427582
0.9838833333333334,-999.765065964202
0.9855499999999999,-999.7661369851633
0.9872166666666669,-999.766928609352
0.9888833333333333,-999.7674687764456
0.99055,-999.7678552753142
0.9922333333333335,-999.7682231477314
0.9939,-999.7686934656318
0.9955666666666667,-999.7693593612729
0.9972333333333334,-999.7702441177192
0.9989,-999.7713197952934
1.0005666666666666,-999.7725025749637
1.0022333333333333,-999.7736713847954
1.0039,-999.7747144660794
1.0055666666666667,-999.7755386865584
1.0072333333333334,-999.7761021367163
1.0089000000000001,-999.7764048165532
1.0105666666666666,-999.7765026054236
1.0122333333333333,-999.776483978972
1.0139,-999.7764560392948
1.0155666666666667,-999.776525888488
1.0172333333333334,-999.7767680323575
1.0189000000000001,-999.7772523200965
1.0205666666666666,-999.7779880649308
1.02225,-999.7789566404089
1.0239166666666668,-999.7801021671761
1.0255833333333333,-999.7813547960395
1.02725,-999.7826167381288
1.0289166666666667,-999.7837948611862
1.0305833333333334,-999.7848006895673
1.0322500000000001,-999.7855690306917
1.0339166666666668,-999.7860766014951
1.0355833333333333,-999.7863513416547
1.03725,-999.7864584437508
1.0389166666666667,-999.7865096664925
1.0405833333333334,-999.7866307384272
1.0422500000000001,-999.7869194484255
1.0439166666666668,-999.7874409890675
1.0455833333333333,-999.788204673579
1.04725,-999.7891592792184
1.0489166666666667,-999.7902163303412
1.0506,-999.791268724851
1.0522666666666667,-999.7922279871033
1.0539333333333334,-999.7930382377435
1.0556,-999.7936761937075
1.0572666666666668,-999.7941697946723
1.0589333333333333,-999.7945423237022
1.0606,-999.7948450035392
1.0622666666666667,-999.7951197436988
1.0639333333333334,-999.7954177669228
1.0656,-999.7957763261142
1.0672666666666668,-999.7962093911116
1.0689333333333333,-999.7967262751407
1.0706,-999.7973130083631
1.0722666666666667,-999.797946307714
1.0739333333333334,-999.7985889202909
1.0756000000000001,-999.7992175630291
1.0772666666666668,-999.799813609477
1.0789333333333333,-999.8003584331834
1.0806166666666668,-999.8008613473739
1.0822833333333335,-999.8013409785001
1.08395,-999.8018206096262
1.0856166666666667,-999.8023374936554
1.0872833333333334,-999.8029242268777
1.08895,-999.8035994357447
1.0906166666666668,-999.8043584636433
1.0922833333333335,-999.8051733708965
1.09395,-999.8059882781496
1.0956166666666667,-999.8067286795967
1.0972833333333334,-999.8073107562062
1.09895,-999.8076832852362
1.1006166666666668,-999.8078322968482
1.1022833333333333,-999.8077950439452
1.10395,-999.8076600021718
1.1056166666666667,-999.8075342736242
1.1072833333333334,-999.8075389302371
1.1089666666666667,-999.8077810741066
1.1106333333333334,-999.8083119279744
1.1123,-999.8091128653889
1.1139666666666668,-999.8101186937699
1.1156333333333335,-999.8112129977957
1.1173,-999.8122700489183
1.1189666666666667,-999.813178088429
1.1206333333333334,-999.8138719237475
1.1223,-999.8143329284221
1.1239666666666668,-999.8146030119689
1.1256333333333335,-999.8147566801937
1.1273,-999.8148824087414
1.1289666666666667,-999.8150593600305
1.1306333333333334,-999.8153341001903
1.1323,-999.8157252556717
1.1339666666666668,-999.8162095434108
1.1356333333333335,-999.8167497105043
1.1373166666666668,-999.8173085040494
1.1389833333333335,-999.81784401453
1.1406500000000002,-999.8183189890433
1.1423166666666666,-999.8187241143634
1.1439833333333334,-999.8190500772647
1.14565,-999.8192968777471
1.1473166666666668,-999.8194831422621
1.1489833333333335,-999.8196274972612
1.15065,-999.8197718522604
1.1523166666666667,-999.8199488035497
1.1539833333333334,-999.8201909474192
1.15565,-999.820530880159
1.1573166666666668,-999.8209686017693
1.1589833333333335,-999.82150411225
1.16065,-999.8221048153108
1.1623166666666667,-999.822733458049
1.1639833333333334,-999.8233481309485
1.16565,-999.8239208943322
1.1673166666666668,-999.8244517482
1.169,-999.8249593190034
1.1706666666666667,-999.8254715464196
1.1723333333333334,-999.8260303399646
1.1740000000000002,-999.82665432609
1.1756666666666666,-999.8273435047955
1.1773333333333333,-999.8280513099526
1.179,-999.8287172055936
1.1806666666666668,-999.8292620293001
1.1823333333333335,-999.8296345583301
1.1840000000000002,-999.8298161662323
1.1856666666666666,-999.8298487625224
1.1873333333333334,-999.8298115096194
1.189,-999.8298161662323
1.1906666666666668,-999.8299512080056
1.1923333333333335,-999.8302911407455
1.194,-999.830868560742
1.1956666666666667,-999.8316694981567
1.1973500000000001,-999.8326147905702
1.1990166666666666,-999.8336113057255
1.2006833333333333,-999.8345379716877
1.20235,-999.8352969995864
1.2040166666666667,-999.8358325100671
1.2056833333333334,-999.8361445031297
1.2073500000000001,-999.8362702316773
1.2090166666666666,-999.8362888581288
1.2106833333333333,-999.8362655750644
1.21235,-999.8362748882902
1.2140166666666667,-999.8363400808705
1.2156833333333334,-999.8364844358696
1.2173500000000002,-999.8366986400619
1.2190166666666666,-999.8369733802215
1.2206833333333333,-999.83729468651
1.22235,-999.8376532457013
1.2240166666666668,-999.83803974457
1.2256833333333335,-999.8384495265029
1.2273666666666667,-999.8388779348875
1.2290333333333334,-999.8393109998849
1.2307000000000001,-999.8397254384308
1.2323666666666668,-999.8401072806865
1.2340333333333333,-999.8404332435878
1.2357,-999.8407126403604
1.2373666666666667,-999.840950127617
1.2390333333333334,-999.8411829582607
1.2407000000000001,-999.841434415356
1.2423666666666666,-999.8417370951929
1.2440333333333333,-999.8421142808357
1.2457,-999.8425473458332
1.2473666666666667,-999.8430176637336
1.2490333333333334,-999.8434740117954
1.2507000000000001,-999.8438698238897
1.2523666666666666,-999.8441818169524
1.2540333333333333,-999.8444053343704
1.2557,-999.8445776290467
1.2573833333333333,-999.8447452671103
1.25905,-999.8449501580768
1.2607166666666667,-999.8452202416236
1.2623833333333334,-999.8455508611377
1.2640500000000001,-999.8459047637162
1.2657166666666668,-999.8462353832304
1.2673833333333333,-999.8465008101642
1.26905,-999.8466637916149
1.2707166666666667,-999.8467289841951
1.2723833333333334,-999.8467057011308
1.2740500000000001,-999.8466405085505
1.2757166666666668,-999.8465706593574
1.2773833333333333,-999.846547376293
1.27905,-999.8466125688733
1.2807166666666667,-999.8467988333882
1.2823833333333334,-999.8471294529024
1.2840500000000001,-999.8475997708028
1.2857166666666666,-999.8482004738637
1.2874,-999.8488896525693
1.2890666666666668,-999.8496160841778
1.2907333333333333,-999.850319232722
1.2924,-999.8509432188472
1.2940666666666667,-999.8514647594893
1.2957333333333334,-999.8518605715836
1.2974,-999.8521353117433
1.2990666666666668,-999.8522982931939
1.3007333333333333,-999.852368142387
1.3024,-999.852368142387
1.3040666666666667,-999.8523495159355
1.3057333333333334,-999.8523727989999
1.3074000000000001,-999.8524938709347
1.3090666666666668,-999.85274532803
1.3107333333333333,-999.8531178570599
1.3124,-999.853564891896
1.3140666666666667,-999.8540165833449
1.31575,-999.8543751425364
1.3174166666666667,-999.8545846901156
1.3190833333333334,-999.8546033165671
1.32075,-999.854463618181
1.3224166666666668,-999.8542214743114
1.3240833333333335,-999.8539700172162
1.32575,-999.8537977225398
1.3274166666666667,-999.8537837527011
1.3290833333333334,-999.8539653606033
1.33075,-999.854347202859
1.3324166666666668,-999.8548920265655
1.3340833333333333,-999.8555346391422
1.33575,-999.8561958781705
1.3374166666666667,-999.8567965812314
1.3390833333333334,-999.8572715557447
1.34075,-999.8575788921945
1.3424166666666668,-999.8576999641292
1.3441,-999.8576487413876
1.3457666666666668,-999.8574671334854
1.3474333333333335,-999.8572110197773
1.3491,-999.8569362796177
1.3507666666666667,-999.8567220754254
1.3524333333333334,-999.8566196299422
1.3541,-999.8566755092967
1.3557666666666668,-999.8569083399404
1.3574333333333335,-999.8573088086478
1.3591,-999.8578443191284
1.3607666666666667,-999.8584636486407
1.3624333333333334,-999.8590829781532
1.3641,-999.8596184886338
1.3657666666666668,-999.859986361051
1.3674333333333335,-999.8601400292758
1.3691,-999.8600748366956
1.3707666666666667,-999.8598326928261
1.3724333333333334,-999.8594927600861
1.3741,-999.8591481707334
1.3757833333333334,-999.8588920570253
1.37745,-999.8587756417035
1.3791166666666668,-999.8588175512193
1.3807833333333335,-999.8589805326699
1.38245,-999.859199393475
1.3841166666666667,-999.8594089410544
1.3857833333333334,-999.8595579526665
1.38745,-999.8596278018596
1.3891166666666668,-999.8596324584724
1.3907833333333335,-999.8596184886338
1.39245,-999.8596464283111
1.3941166666666667,-999.859762843633
1.3957833333333334,-999.8600049875025
1.39745,-999.8603682033067
1.3991166666666668,-999.8608152381428
1.4007833333333335,-999.8612948692689
1.40245,-999.8617465607178
1.4041333333333335,-999.8621144331349
1.4058000000000002,-999.8623519203916
1.4074666666666666,-999.8624310828105
1.4091333333333333,-999.8623565770044
1.4108,-999.8621563426508
1.4124666666666668,-999.8618816024912
1.4141333333333335,-999.8616022057187
1.4158000000000002,-999.8613693750749
1.4174666666666667,-999.8612389899145
1.4191333333333334,-999.8612389899145
1.4208,-999.8613786883006
1.4224666666666668,-999.8616580850731
1.4241333333333335,-999.8620492405547
1.4258000000000002,-999.8625009320036
1.4274666666666667,-999.8629665932912
1.4291333333333334,-999.8633763752241
1.4308,-999.8636743984482
1.4324833333333333,-999.863828066673
1.43415,-999.8638373798988
1.4358166666666667,-999.8637489042542
1.4374833333333334,-999.8636278323194
1.4391500000000002,-999.8635486699005
1.4408166666666666,-999.8635952360293
1.4424833333333333,-999.8637954703829
1.44415,-999.8641447163486
1.4458166666666667,-999.8645870945717
1.4474833333333335,-999.8650341294077
1.4491500000000002,-999.8653833753734
1.4508166666666666,-999.8655556700497
1.4524833333333333,-999.8654951340824
1.45415,-999.8652203939228
1.4558166666666668,-999.8647966421511
1.4574833333333335,-999.8643263242507
1.4591500000000002,-999.8639165423177
1.4608166666666667,-999.8636650852225
1.4625000000000001,-999.8636231757065
1.4641666666666668,-999.8638047836087
1.4658333333333333,-999.8641726560259
1.4675,-999.8646662569906
1.4691666666666667,-999.8652017674713
1.4708333333333334,-999.8657093382747
1.4725000000000001,-999.8661424032721
1.4741666666666668,-999.866477679399
1.4758333333333333,-999.86670585343
1.4775,-999.8668362385905
1.4791666666666667,-999.866892117945
1.4808333333333334,-999.8668828047192
1.4825000000000002,-999.8668269253648
1.4841666666666666,-999.8667384497201
1.4858333333333333,-999.8666406608497
1.4875,-999.8665568418179
1.4891666666666667,-999.8665102756892
1.4908333333333335,-999.8665056190763
1.4925166666666667,-999.8665382153664
1.4941833333333334,-999.8665894381081
1.4958500000000001,-999.8666266910111
1.4975166666666668,-999.8666173777854
1.4991833333333333,-999.8665568418179
1.50085,-999.8664450831089
1.5025166666666667,-999.8663240111741
1.5041833333333334,-999.8662355355295
1.5058500000000001,-999.8662448487553
1.5075166666666668,-999.8663752339158
1.5091833333333333,-999.8666499740755
1.51085,-999.8670504427827
1.5125166666666667,-999.8675300739088
1.5141833333333334,-999.8680236748736
1.5158500000000001,-999.8684520832581
1.5175166666666668,-999.868754763095
1.5191833333333333,-999.8688944614813
1.52085,-999.8688851482556
1.5225333333333335,-999.8687687329336
1.5242,-999.8686197213217
1.5258666666666667,-999.8685312456771
1.5275333333333334,-999.8685824684187
1.5292000000000001,-999.8688106424496
1.5308666666666668,-999.8692157677697
1.5325333333333333,-999.8697466216374
1.5342,-999.8703147284083
1.5358666666666667,-999.8708316124374
1.5375333333333334,-999.8712041414674
1.5392000000000001,-999.8713717795309
1.5408666666666668,-999.8713112435636
1.5425333333333333,-999.8710597864683
1.5442,-999.8706686309868
1.5458666666666667,-999.8702169395378
1.5475333333333334,-999.8697885311534
1.5492000000000001,-999.8694439418006
1.5508833333333334,-999.8692204243825
1.55255,-999.8691459185766
1.5542166666666668,-999.8692111111568
1.5558833333333335,-999.8694206587362
1.55755,-999.8697466216374
1.5592166666666667,-999.8701657167962
1.5608833333333334,-999.8706406913095
1.56255,-999.8711296356614
1.5642166666666668,-999.8715720138846
1.5658833333333335,-999.8719212598502
1.56755,-999.872154090494
1.5692166666666667,-999.8722705058159
1.5708833333333334,-999.872303102106
1.5725500000000001,-999.8723077587189
1.5742166666666668,-999.8723170719446
1.5758833333333333,-999.8723496682347
1.57755,-999.8723869211377
1.5792166666666667,-999.8724008909763
1.5809,-999.8723263851704
1.5825666666666667,-999.8721308074296
1.5842333333333334,-999.8717955313026
1.5859,-999.8713438398537
1.5875666666666668,-999.870845582276
1.5892333333333335,-999.8704032040529
1.5909,-999.8701191506675
1.5925666666666667,-999.8700725845388
1.5942333333333334,-999.8702914453439
1.5959,-999.8707431367928
1.5975666666666668,-999.8713624663052
1.5992333333333335,-999.8720330185593
1.6009,-999.872638378233
1.6025666666666667,-999.873085413069
1.6042333333333334,-999.873308930487
1.6059,-999.8732809908098
1.6075666666666668,-999.8730202204888
1.6092333333333335,-999.8725778422656
1.6109166666666668,-999.8720376751721
1.6125833333333335,-999.8715068213044
1.6142500000000002,-999.8710737563069
1.6159166666666667,-999.8708176425988
1.6175833333333334,-999.8707803896958
1.61925,-999.8709713108236
1.6209166666666668,-999.8713624663052
1.6225833333333335,-999.871893320173
1.62425,-999.872489366621
1.6259166666666667,-999.8730574733918
1.6275833333333334,-999.8735138214536
1.62925,-999.8737932182261
1.6309166666666668,-999.8738584108063
1.6325833333333335,-999.8737000859686
1.63425,-999.8733554966158
1.6359166666666667,-999.8728851787154
1.6375833333333334,-999.8723729512991
1.6392666666666666,-999.8719119466244
1.6409333333333334,-999.8715813271103
1.6426,-999.8714323154983
1.6442666666666668,-999.8714649117885
1.6459333333333335,-999.8716465196906
1.6476000000000002,-999.8719072900116
1.6492666666666667,-999.8721587471068
1.6509333333333334,-999.8723077587189
1.6526,-999.8722984454931
1.6542666666666668,-999.872116837591
1.6559333333333335,-999.8717908746897
1.6576000000000002,-999.8713857493696
1.6592666666666667,-999.8709945938881
1.6609333333333334,-999.870696570664
1.6626,-999.8705568722778
1.6642666666666668,-999.8705941251808
1.6659333333333335,-999.8707850463087
1.6676,-999.8710737563069
1.6692833333333335,-999.8713857493696
1.6709500000000002,-999.8716465196906
1.6726166666666666,-999.8718095011412
1.6742833333333333,-999.8718420974313
1.67595,-999.8717582783996
1.6776166666666668,-999.8715813271103
1.6792833333333335,-999.8713531530794
1.6809500000000002,-999.8711203224357
1.6826166666666666,-999.8709340579206
1.6842833333333334,-999.8708222992117
1.68595,-999.8707990161473
1.6876166666666668,-999.8708502388889
1.6892833333333335,-999.8709666542107
1.6909500000000002,-999.8711156658228
1.6926166666666667,-999.8712646774349
1.6942833333333334,-999.8713764361438
1.69595,-999.8714230022725
1.6976333333333333,-999.8713810927567
1.6993,-999.8712413943705
1.7009666666666667,-999.8710132203396
1.7026333333333334,-999.8707338235671
1.7043000000000001,-999.8704404569559
1.7059666666666669,-999.8701843432477
1.7076333333333333,-999.8700027353457
1.7093,-999.8699189163138
1.7109666666666667,-999.8699328861525
1.7126333333333335,-999.87002601841
1.7143000000000002,-999.8701517469576
1.7159666666666666,-999.8702588490538
1.7176333333333333,-999.8703147284083
1.7193,-999.8703054151825
1.7209666666666668,-999.8702355659893
1.7226333333333335,-999.870137777119
1.7243000000000002,-999.8700679279259
1.7259833333333334,-999.8700586147002
1.7276500000000001,-999.8701517469576
1.7293166666666668,-999.8703426680855
1.7309833333333333,-999.8705987817937
1.73265,-999.8708548955018
1.7343166666666667,-999.871036503404
1.7359833333333334,-999.8710784129198
1.7376500000000001,-999.8709526843721
1.7393166666666668,-999.8706686309868
1.7409833333333333,-999.8702588490538
1.74265,-999.8698071576049
1.7443166666666667,-999.8693880624461
1.7459833333333334,-999.8690853826092
1.7476500000000001,-999.8689363709972
1.7493166666666669,-999.8689689672873
1.7509833333333333,-999.8691598884152
1.75265,-999.8694718814778
1.7543166666666667,-999.8698490671208
1.7559833333333335,-999.8702262527636
1.7576666666666667,-999.8705429024392
1.7593333333333334,-999.8707571066315
1.7610000000000001,-999.8708502388889
1.7626666666666668,-999.8708176425988
1.7643333333333333,-999.8706826008254
1.766,-999.870473053246
1.7676666666666667,-999.8702309093765
1.7693333333333334,-999.8699841088941
1.7710000000000001,-999.8697745613148
1.7726666666666668,-999.8696348629285
1.7743333333333333,-999.8695743269611
1.776,-999.8696069232512
1.7776666666666667,-999.8697000555087
1.7793333333333334,-999.8698257840564
1.7810000000000001,-999.8699421993782
1.7826666666666668,-999.8699980787328
1.7843333333333333,-999.8699608258297
1.7860166666666668,-999.8698211274435
1.7876833333333335,-999.8696069232512
1.78935,-999.8693647793817
1.7910166666666667,-999.8691598884152
1.7926833333333334,-999.8690481297062
1.7943500000000001,-999.8690714127706
1.7960166666666668,-999.8692204243825
1.7976833333333335,-999.8694672248649
1.79935,-999.8697373084117
1.8010166666666667,-999.8699701390555
1.8026833333333334,-999.8701098374418
1.8043500000000001,-999.8701331205061
1.8060166666666668,-999.8700306750229
1.8076833333333335,-999.8698350972821
1.80935,-999.869578983574
1.8110166666666667,-999.869318213253
1.8126833333333334,-999.8690853826092
1.8143500000000001,-999.8689084313199
1.8160333333333334,-999.868796672611
1.8177,-999.8687454498693
1.8193666666666668,-999.868754763095
1.8210333333333335,-999.8688106424496
1.8227,-999.8689130879328
1.8243666666666667,-999.8690527863191
1.8260333333333334,-999.8692204243825
1.8277,-999.8693973756718
1.8293666666666668,-999.8695650137354
1.8310333333333335,-999.8697047121216
1.8327,-999.8698164708306
1.8343666666666667,-999.8699002898624
1.8360333333333334,-999.8699608258297
1.8377000000000001,-999.8700073919586
1.8393666666666668,-999.8700446448615
1.8410333333333335,-999.8700772411516
1.8427,-999.8700958676031
1.8443666666666667,-999.870100524216
1.8460500000000002,-999.8700772411516
1.8477166666666667,-999.8700073919586
1.8493833333333334,-999.8698676935722
1.85105,-999.86965348938
1.8527166666666668,-999.8693694359946
1.8543833333333335,-999.8690481297062
1.8560500000000002,-999.8687407932564
1.8577166666666667,-999.8685079626126
1.8593833333333334,-999.8684055171294
1.86105,-999.8684613964839
1.8627166666666668,-999.8686849139019
1.8643833333333335,-999.8690341598676
1.86605,-999.8694485984134
1.8677166666666667,-999.8698630369594
1.8693833333333334,-999.8702029696992
1.87105,-999.8704264871172
1.8727166666666668,-999.8705196193748
1.8743833333333335,-999.8704963363105
1.8760666666666668,-999.87039854744
1.8777333333333335,-999.8703007585697
1.8794000000000002,-999.8702588490538
1.8810666666666667,-999.8703054151825
1.8827333333333334,-999.8704451135687
1.8844,-999.8706360346966
1.8860666666666668,-999.8708316124374
1.8877333333333335,-999.8709759674366
1.8894000000000002,-999.8710178769525
1.8910666666666667,-999.8709340579206
1.8927333333333334,-999.8707338235671
1.8944,-999.870435800343
1.8960666666666668,-999.8700818977645
1.8977333333333335,-999.8697279951859
1.8994000000000002,-999.8694113455105
1.9010666666666667,-999.8691878280924
1.9027333333333334,-999.8690807259964
1.9044166666666669,-999.8690993524478
1.9060833333333334,-999.8692483640598
1.90775,-999.8695044777679
1.9094166666666668,-999.8698257840564
1.9110833333333335,-999.870175030022
1.9127500000000002,-999.8704963363105
1.9144166666666667,-999.8707477934057
1.9160833333333334,-999.8708874917919
1.91775,-999.8709061182434
1.9194166666666668,-999.8708036727602
1.9210833333333335,-999.8706267214709
1.9227500000000002,-999.8704311437301
1.9244166666666667,-999.870286788731
1.9260833333333334,-999.8702635056667
1.92775,-999.8704078606658
1.9294166666666668,-999.87073848018
1.9310833333333335,-999.8712320811447
1.9327666666666667,-999.8718234709798
1.9344333333333334,-999.8724102042021
1.9361000000000002,-999.8728944919411
1.9377666666666669,-999.8731925151652
1.9394333333333333,-999.8732716775841
1.9411,-999.8731412924235
1.9427666666666668,-999.8728572390381
1.9444333333333335,-999.8725033364597
1.9461000000000002,-999.8721494338811
1.9477666666666669,-999.8718514106571
1.9494333333333334,-999.8716325498519
1.9511,-999.87148353824
1.9527666666666668,-999.8713810927567
1.9544333333333335,-999.871297273725
1.9561000000000002,-999.8711994848545
1.9577666666666667,-999.8710737563069
1.9594333333333334,-999.8709107748563
1.9611,-999.8707151971155
1.9627666666666668,-999.8705009929233
1.96445,-999.8702914453439
1.9661166666666667,-999.8701191506675
1.9677833333333334,-999.87002601841
1.9694500000000001,-999.8700353316358
1.9711166666666669,-999.8701657167962
1.9727833333333333,-999.8704171738915
1.97445,-999.870775733083
1.9761166666666667,-999.8711948282416
1.9777833333333334,-999.8716185800133
1.9794500000000002,-999.8719585127533
1.9811166666666669,-999.8721494338811
1.9827833333333333,-999.8721401206553
1.98445,-999.871925916463
1.9861166666666668,-999.8715440742073
1.9877833333333335,-999.8710784129198
1.9894500000000002,-999.8706360346966
1.9911166666666669,-999.8703054151825
1.9928000000000001,-999.8701517469576
1.9944666666666668,-999.8702029696992
1.9961333333333335,-999.8704311437301
1.9978,-999.870775733083
1.9994666666666667,-999.8711575753387
2.001133333333333,-999.8714788816271
2.0028,-999.871665146142
2.0044666666666666,-999.8716698027549
2.0061333333333335,-999.8714788816271
2.0078,-999.8711156658228
2.009466666666667,-999.8706360346966
2.0111333333333334,-999.8701331205061
2.0128,-999.8697000555087
2.014466666666667,-999.8694160021233
2.0161333333333333,-999.8693321830916
2.0178000000000003,-999.8694532550263
2.0194833333333335,-999.869765248089
2.02115,-999.8702215961507
2.022816666666667,-999.8707571066315
2.0244833333333334,-999.8713019303378
2.02615,-999.8717862180769
2.027816666666667,-999.872154090494
2.0294833333333333,-999.8723682946862
2.0311500000000002,-999.872414860815
2.0328166666666667,-999.8723170719446
2.0344833333333336,-999.872116837591
2.03615,-999.8718607238828
2.0378166666666666,-999.8716232366262
2.0394833333333335,-999.8714509419498
2.04115,-999.8713857493696
2.042816666666667,-999.871441628724
2.0444833333333334,-999.8716046101747
2.04615,-999.8718467540442
2.047816666666667,-999.8720888979137
2.0494833333333333,-999.8722611925901
2.0511666666666666,-999.8722984454931
2.0528333333333335,-999.8721587471068
2.0545,-999.8718700371086
2.056166666666667,-999.8715068213044
2.0578333333333334,-999.8711762017901
2.0595,-999.8709759674366
2.061166666666667,-999.8709759674366
2.0628333333333333,-999.8711948282416
2.0645000000000002,-999.8715859837232
2.0661666666666667,-999.8720609582365
2.0678333333333336,-999.8725079930725
2.0695,-999.8728339559738
2.0711666666666666,-999.8729643411343
2.0728333333333335,-999.8728898353282
2.0745,-999.8726290650072
2.076166666666667,-999.8722611925901
2.0778333333333334,-999.8718700371086
2.0795166666666667,-999.8715347609816
2.0811833333333336,-999.8713112435636
2.08285,-999.8712041414674
2.0845166666666666,-999.8711948282416
2.0861833333333335,-999.8712367377576
2.08785,-999.8712833038863
2.089516666666667,-999.8713019303378
2.0911833333333334,-999.8712833038863
2.0928500000000003,-999.8712413943705
2.094516666666667,-999.8711994848545
2.0961833333333333,-999.871180858403
2.09785,-999.8711994848545
2.0995166666666667,-999.871260020822
2.1011833333333336,-999.8713531530794
2.10285,-999.87148353824
2.1045166666666666,-999.8716372064648
2.1061833333333335,-999.8718141577541
2.10785,-999.8720097354949
2.1095333333333333,-999.8722099698485
2.1112,-999.8724055475892
2.1128666666666667,-999.8725731856528
2.1145333333333336,-999.8726849443618
2.1162,-999.8727221972648
2.1178666666666666,-999.8726802877488
2.1195333333333335,-999.8725778422656
2.1212,-999.8724428004923
2.122866666666667,-999.8723263851704
2.1245333333333334,-999.8722705058159
2.1262000000000003,-999.872303102106
2.127866666666667,-999.8724241740407
2.1295333333333333,-999.8726150951686
2.1312,-999.8728339559738
2.1328666666666667,-999.8730248771017
2.1345333333333336,-999.8731366358106
2.1362,-999.8731459490364
2.1378666666666666,-999.8730435035532
2.1395500000000003,-999.8728479258124
2.1412166666666668,-999.8726104385557
2.1428833333333333,-999.8723822645248
2.14455,-999.8722239396872
2.1462166666666667,-999.8721727169454
2.1478833333333336,-999.8722472227515
2.14955,-999.8724474571052
2.1512166666666666,-999.8727315104906
2.1528833333333335,-999.8730714432304
2.15455,-999.8734206891961
2.156216666666667,-999.8737326822587
2.1578833333333334,-999.8739608562896
2.1595500000000003,-999.8740679583857
2.161216666666667,-999.8740446753213
2.1628833333333333,-999.873909633548
2.16455,-999.8737000859686
2.1662166666666667,-999.8734858817763
2.1678833333333336,-999.873308930487
2.169566666666667,-999.8732111416167
2.1712333333333333,-999.8732111416167
2.1729000000000003,-999.8733042738742
2.1745666666666668,-999.8734672553248
2.1762333333333332,-999.8736535198398
2.1779,-999.8738071880647
2.1795666666666667,-999.8738584108063
2.1812333333333336,-999.873760621936
2.1829,-999.8734905383892
2.184566666666667,-999.8730714432304
2.1862333333333335,-999.8725731856528
2.1879,-999.8720982111395
2.189566666666667,-999.871744308561
2.1912333333333334,-999.871595296949
2.1929000000000003,-999.8716744593678
2.1945666666666668,-999.871967825979
2.1962333333333333,-999.872414860815
2.1979,-999.8729270882313
2.1995833333333334,-999.8734067193574
2.20125,-999.8737885616132
2.202916666666667,-999.874021392257
2.2045833333333333,-999.8741005546758
2.2062500000000003,-999.8740260488698
2.2079166666666667,-999.8738490975805
2.2095833333333332,-999.8736162669368
2.21125,-999.8734020627445
2.2129166666666666,-999.8732577077454
2.2145833333333336,-999.873239081294
2.21625,-999.8733601532286
2.217916666666667,-999.8736209235497
2.2195833333333335,-999.873984139354
2.22125,-999.8744078911257
2.222916666666667,-999.8748316428972
2.2245833333333334,-999.8752088285402
2.2262500000000003,-999.8754835686998
2.2279333333333335,-999.875627923699
2.2296,-999.8756325803118
2.231266666666667,-999.8755068517642
2.2329333333333334,-999.8752786777333
2.2346,-999.874989967735
2.236266666666667,-999.8746966011239
2.2379333333333333,-999.8744451440286
2.2396000000000003,-999.874282162578
2.2412666666666667,-999.874244909675
2.2429333333333332,-999.8743426985453
2.2446,-999.8745615593505
2.2462666666666666,-999.8748642391873
2.2479333333333336,-999.8751948587015
2.2496,-999.8754882253127
2.251266666666667,-999.8756884596663
2.2529333333333335,-999.8757536522465
2.2546,-999.8756931162792
2.256266666666667,-999.8755394480543
2.25795,-999.8753438703135
2.2596166666666666,-999.8751669190243
2.2612833333333335,-999.875027220638
2.26295,-999.8749340883805
2.264616666666667,-999.8748502693487
2.2662833333333334,-999.8747478238655
2.26795,-999.8745941556406
2.269616666666667,-999.8743846080612
2.2712833333333333,-999.874128494353
2.2729500000000002,-999.8738584108063
2.2746166666666667,-999.8736116103239
2.2762833333333337,-999.8734300024219
2.27795,-999.8733601532286
2.2796166666666666,-999.8734346590347
2.2812833333333336,-999.8736488632269
2.28295,-999.873984139354
2.284616666666667,-999.874389264674
2.2863,-999.8747943899942
2.2879666666666667,-999.8751343227342
2.2896333333333336,-999.875362496765
2.2913,-999.8754509724097
2.2929666666666666,-999.8753904364423
2.2946333333333335,-999.8752041719273
2.2963,-999.8749340883805
2.297966666666667,-999.8746314085436
2.2996333333333334,-999.8743473551582
2.3013,-999.8741331509659
2.302966666666667,-999.8740353620956
2.30465,-999.8740819282243
2.3063166666666666,-999.8742681927394
2.3079833333333335,-999.8745848424148
2.30965,-999.8749806545093
2.311316666666667,-999.8753950930552
2.3129833333333334,-999.8757629654723
2.3146500000000003,-999.8760144225676
2.316316666666667,-999.876112211438
2.3179833333333333,-999.876033049019
2.31965,-999.8758002183753
2.3213166666666667,-999.8754602856354
2.3229833333333336,-999.8750970698311
2.32465,-999.87480370322
2.3263166666666666,-999.8746360651566
2.3279833333333335,-999.8746407217694
2.32965,-999.87480370322
2.331316666666667,-999.8750737867667
2.3329833333333334,-999.8753811232166
2.33465,-999.8756512067633
2.336316666666667,-999.8758235014396
2.3379833333333333,-999.875846784504
2.3396500000000002,-999.8757257125693
2.3413166666666667,-999.8754882253127
2.3429833333333336,-999.8751902020887
2.34465,-999.8749061487033
2.3463333333333334,-999.874691944511
2.3480000000000003,-999.8745708725762
2.349666666666667,-999.874542932899
2.3513333333333333,-999.8745988122535
2.353,-999.8747059143496
2.3546666666666667,-999.874840956123
2.3563333333333336,-999.8749806545093
2.358,-999.8751063830568
2.3596666666666666,-999.8751948587015
2.3613333333333335,-999.8752321116045
2.363,-999.8752227983788
2.364666666666667,-999.8751715756372
2.3663333333333334,-999.8750970698311
2.3680000000000003,-999.8750318772509
2.369666666666667,-999.8750039375736
2.3713333333333333,-999.8750179074123
2.373,-999.8750784433796
2.3746833333333335,-999.8751529491857
2.37635,-999.8752227983788
2.378016666666667,-999.875250738056
2.3796833333333334,-999.8752088285402
2.3813500000000003,-999.8750784433796
2.383016666666667,-999.8748456127358
2.3846833333333333,-999.8745336196732
2.38635,-999.874170403869
2.3880166666666667,-999.8738071880647
2.3896833333333336,-999.8735091648407
2.39135,-999.8733415267772
2.3930166666666666,-999.87334618339
2.3946833333333335,-999.8735324479051
2.3963666666666668,-999.8738723806449
2.3980333333333332,-999.8743007890295
2.3997,-999.874729197414
2.4013666666666666,-999.8750691301539
2.4030333333333336,-999.8752600512818
2.4047,-999.8752833343461
2.406366666666667,-999.8751482925728
2.4080333333333335,-999.8749108053162
2.4097,-999.8746453783823
2.411366666666667,-999.8744358308029
2.4130333333333334,-999.8743473551582
2.4147000000000003,-999.8743985778999
2.4163666666666668,-999.8745894990277
2.4180333333333333,-999.8748735524131
2.4197,-999.8751808888629
2.4213666666666667,-999.8754602856354
2.4230333333333336,-999.8756605199891
2.4247,-999.8757583088594
2.426366666666667,-999.8757583088594
2.4280333333333335,-999.8756838030534
2.4297,-999.8755580745058
2.431366666666667,-999.8754090628938
2.4330333333333334,-999.8752553946689
2.4347166666666666,-999.8751156962826
2.4363833333333336,-999.8749853111221
2.43805,-999.8748688958002
2.439716666666667,-999.874766450317
2.4413833333333335,-999.8746872878982
2.44305,-999.8746453783823
2.444716666666667,-999.8746407217694
2.4463833333333334,-999.8746640048338
2.4480500000000003,-999.874691944511
2.4497166666666668,-999.8746966011239
2.4513833333333332,-999.8746453783823
2.45305,-999.8745289630604
2.4547166666666667,-999.8743613249968
2.4563833333333336,-999.8741750604819
2.45805,-999.874021392257
2.459716666666667,-999.8739375732252
2.4613833333333335,-999.8739608562896
2.4630666666666667,-999.8740819282243
2.4647333333333337,-999.8742728493522
2.4664,-999.8744777403188
2.4680666666666666,-999.8746314085436
2.4697333333333336,-999.8746686614467
2.4714,-999.8745522461247
2.473066666666667,-999.8742728493522
2.4747333333333335,-999.8738630674192
2.4764,-999.873383436293
2.478066666666667,-999.872899148554
2.4797333333333333,-999.8724707401695
2.4814000000000003,-999.8721447772682
2.4830666666666668,-999.8719212598502
2.4847333333333332,-999.8717862180769
2.4864,-999.8717210254966
2.4880666666666666,-999.8716837725935
2.4897333333333336,-999.8716558329163
2.4914,-999.8716092667876
2.4930833333333333,-999.8715440742073
2.4947500000000002,-999.8714649117885
2.4964166666666667,-999.8713997192082
2.4980833333333337,-999.8713764361438
2.49975,-999.8714090324339
2.5014166666666666,-999.871520791143
2.5030833333333335,-999.8716977424322
2.50475,-999.8719119466244
2.506416666666667,-999.8721214942038
2.5080833333333334,-999.8722798190416
2.50975,-999.8723589814605
2.511416666666667,-999.8723356983961
2.5130833333333333,-999.8722099698485
2.5147500000000003,-999.8719957656563
2.5164166666666667,-999.8717163688838
2.5180833333333337,-999.8714090324339
2.51975,-999.8711110092099
2.5214333333333334,-999.8708781785662
2.5231000000000003,-999.8707338235671
2.524766666666667,-999.8707105405026
2.5264333333333333,-999.8708036727602
2.5281000000000002,-999.870999250501
2.5297666666666667,-999.8712460509834
2.5314333333333336,-999.87148353824
2.5331,-999.8716465196906
2.5347666666666666,-999.8716698027549
2.5364333333333335,-999.8715301043687
2.5381,-999.871222767919
2.539766666666667,-999.8707897029216
2.5414333333333334,-999.8703147284083
2.5431,-999.8698863200237
2.544766666666667,-999.8696208930899
2.5464333333333333,-999.8695929534126
2.5481000000000003,-999.869839753895
2.5497666666666667,-999.8703380114727
2.5514333333333337,-999.8710085637267
2.553116666666667,-999.8717303387224
2.5547833333333334,-999.8723729512991
2.5564500000000003,-999.8728339559738
2.558116666666667,-999.8730574733918
2.5597833333333333,-999.8730248771017
2.5614500000000002,-999.8727734200064
2.5631166666666667,-999.8723869211377
2.5647833333333336,-999.8719631693662
2.56645,-999.871595296949
2.5681166666666666,-999.8713624663052
2.5697833333333335,-999.8713019303378
2.57145,-999.8714090324339
2.573116666666667,-999.8716372064648
2.5747833333333334,-999.8719166032373
2.57645,-999.8721494338811
2.578116666666667,-999.8722705058159
2.5797833333333333,-999.8722146264614
2.5814666666666666,-999.8719631693662
2.5831333333333335,-999.8715301043687
2.5848,-999.870957340985
2.586466666666667,-999.8703193850212
2.5881333333333334,-999.8697000555087
2.5898000000000003,-999.8691831714796
2.591466666666667,-999.8688246122882
2.5931333333333333,-999.8686662874504
2.5948,-999.8687128535792
2.5964666666666667,-999.86894102761
2.5981333333333336,-999.8693042434144
2.5998,-999.8697559348633
2.6014666666666666,-999.8702169395378
2.6031333333333335,-999.8706313780838
2.6048,-999.8709387145335
2.606466666666667,-999.8711110092099
2.60815,-999.8711622319515
2.6098166666666667,-999.8711342922743
2.6114833333333336,-999.8710830695327
2.61315,-999.8710737563069
2.614816666666667,-999.8711342922743
2.6164833333333335,-999.8712693340477
2.61815,-999.8714462853369
2.619816666666667,-999.8716278932391
2.6214833333333334,-999.8717722482382
2.6231500000000003,-999.8718467540442
2.624816666666667,-999.8718420974313
2.6264833333333333,-999.8717536217868
2.62815,-999.871595296949
2.6298166666666667,-999.8713997192082
2.6314833333333336,-999.8711855150159
2.63315,-999.8710039071138
2.6348166666666666,-999.8708781785662
2.6364833333333335,-999.8708316124374
2.63815,-999.8708735219533
2.6398333333333333,-999.8709852806624
2.6415,-999.8711529187258
2.6431666666666667,-999.871334526628
2.6448333333333336,-999.8714975080786
2.6465,-999.8716046101747
2.648166666666667,-999.8716465196906
2.6498333333333335,-999.8716185800133
2.6515,-999.8715487308202
2.653166666666667,-999.8714695684014
2.6548333333333334,-999.8714323154983
2.6565000000000003,-999.8714742250143
2.658166666666667,-999.8716185800133
2.6598333333333333,-999.8718607238828
2.6615,-999.8721820301712
2.6631666666666667,-999.8725359327498
2.6648333333333336,-999.8728712088767
2.6665,-999.8731180093591
2.6681666666666666,-999.8732111416167
2.6698500000000003,-999.8731040395205
2.6715166666666668,-999.872787389845
2.6731833333333332,-999.8722798190416
2.67485,-999.8716465196906
2.6765166666666667,-999.8709852806624
2.6781833333333336,-999.8703845776014
2.67985,-999.869914259701
2.681516666666667,-999.8696069232512
2.6831833333333335,-999.8694579116392
2.68485,-999.8694206587362
2.686516666666667,-999.8694439418006
2.6881833333333334,-999.8694672248649
2.6898500000000003,-999.8694532550263
2.691516666666667,-999.8693694359946
2.6931833333333333,-999.8692157677697
2.69485,-999.869020190029
2.6965166666666667,-999.8688199556753
2.6981833333333336,-999.8686662874504
2.699866666666667,-999.8686150647088
2.7015333333333333,-999.8686942271277
2.7032000000000003,-999.8689130879328
2.7048666666666668,-999.8692530206727
2.7065333333333337,-999.8696814290572
2.7082,-999.8701424337319
2.7098666666666666,-999.8705801553422
2.7115333333333336,-999.8709619975979
2.7132,-999.8712460509834
2.714866666666667,-999.8714136890468
2.7165333333333335,-999.8714649117885
2.7182,-999.871404375821
2.719866666666667,-999.8712646774349
2.7215333333333334,-999.8710784129198
2.7232000000000003,-999.8709014616305
2.7248666666666668,-999.8707803896958
2.7265333333333333,-999.8707664198572
2.728216666666667,-999.8708688653404
2.7298833333333334,-999.8710597864683
2.73155,-999.8712879604992
2.733216666666667,-999.87148353824
2.7348833333333333,-999.8715720138846
2.7365500000000003,-999.8715021646915
2.7382166666666667,-999.8712553642091
2.7398833333333337,-999.8708595521147
2.74155,-999.8703892342143
2.7432166666666666,-999.8699328861525
2.7448833333333336,-999.8695882967997
2.74655,-999.8694253153491
2.748216666666667,-999.8694625682521
2.7498833333333335,-999.8696860856701
2.75155,-999.87002601841
2.753216666666667,-999.8704032040529
2.7548833333333334,-999.87073848018
2.7565666666666666,-999.8709619975979
2.7582333333333335,-999.8710458166297
2.7599,-999.8709806240495
2.761566666666667,-999.8707803896958
2.7632333333333334,-999.8704777098588
2.7649,-999.8701191506675
2.766566666666667,-999.8697466216374
2.7682333333333333,-999.869392719059
2.7699000000000003,-999.8690853826092
2.7715666666666667,-999.8688292689011
2.7732333333333337,-999.8686336911603
2.7749,-999.8684800229354
2.7765666666666666,-999.8683775774522
2.7782333333333336,-999.8683170414848
2.7799,-999.8683170414848
2.781566666666667,-999.8683729208393
2.7832333333333334,-999.868493992774
2.7849,-999.868680257289
2.786566666666667,-999.8689224011586
2.78825,-999.8692111111568
2.7899166666666666,-999.8695324174453
2.7915833333333335,-999.8698723501851
2.79325,-999.8701843432477
2.794916666666667,-999.8704218305044
2.7965833333333334,-999.8705289326006
2.7982500000000003,-999.8704637400202
2.799916666666667,-999.8702076263121
2.8015833333333333,-999.8697699047019
2.8032500000000002,-999.8692064545439
2.8049166666666667,-999.8685824684187
2.8065833333333337,-999.8679817653577
2.80825,-999.8674974776187
2.8099166666666666,-999.8671761713304
2.8115833333333335,-999.8670550993955
2.81325,-999.8671249485888
2.814916666666667,-999.8673577792325
2.8166,-999.8676837421337
2.8182666666666667,-999.8680423013251
2.8199333333333336,-999.8683636076136
2.8216,-999.8685964382573
2.8232666666666666,-999.8686988837405
2.8249333333333335,-999.8686476609989
2.8266,-999.8684427700324
2.828266666666667,-999.8681028372926
2.8299333333333334,-999.8676651156823
2.8316000000000003,-999.8671947977818
2.833266666666667,-999.8667617327844
2.8349333333333333,-999.8664218000446
2.8366000000000002,-999.8662122524652
2.8382666666666667,-999.8661424032721
2.8399333333333336,-999.8661889694008
2.8416,-999.8663240111741
2.8432666666666666,-999.8664869926248
2.8449333333333335,-999.8666406608497
2.846616666666667,-999.8667337931072
2.8482833333333333,-999.8667431063329
2.84995,-999.8666732571398
2.8516166666666667,-999.8665382153664
2.8532833333333336,-999.8663798905287
2.85495,-999.8662495053682
2.8566166666666666,-999.8661889694008
2.8582833333333335,-999.866216909078
2.85995,-999.8663333243999
2.861616666666667,-999.8665009624634
2.8632833333333334,-999.8666779137527
2.8649500000000003,-999.8668176121389
2.866616666666667,-999.8668781481064
2.8682833333333333,-999.8668269253648
2.8699500000000002,-999.8666639439141
2.8716166666666667,-999.866407830206
2.8732833333333336,-999.8661004937562
2.874966666666667,-999.865807127145
2.8766333333333334,-999.8655882663398
2.8783000000000003,-999.8654951340824
2.879966666666667,-999.8655649832755
2.8816333333333333,-999.8657978139192
2.8833,-999.8661610297236
2.8849666666666667,-999.8666080645596
2.8866333333333336,-999.8670644126213
2.8883,-999.8674648813286
2.889966666666667,-999.8677442781011
2.8916333333333335,-999.8678653500359
2.8933,-999.8678094706814
2.894966666666667,-999.867599923102
2.8966333333333334,-999.8672879300393
2.8983166666666667,-999.8669573105252
2.899966666666667,-999.8666872269785
2.90165,-999.866552185205
2.903316666666667,-999.8665894381081
2.9049833333333335,-999.8667803592359
2.90665,-999.8670830390729
2.908316666666667,-999.8674276284256
2.9099833333333334,-999.8677256516496
2.9116500000000003,-999.8679165727775
2.9133166666666668,-999.8679584822934
2.9149833333333333,-999.8678374103587
2.91665,-999.8675812966505
2.9183166666666667,-999.8672506771363
2.9199833333333336,-999.8668967745579
2.92165,-999.8665754682694
2.923316666666667,-999.8663007281098
2.9249833333333335,-999.8660958371433
2.92665,-999.865956138757
2.928316666666667,-999.8658769763382
2.9299833333333334,-999.8658536932738
2.9316500000000003,-999.8658630064996
2.933316666666667,-999.865886289564
2.935,-999.865886289564
2.936666666666667,-999.865844380048
2.9383333333333335,-999.8657652176291
2.94,-999.8656720853717
2.941666666666667,-999.8656022361786
2.9433333333333334,-999.8655882663398
2.9450000000000003,-999.865658115533
2.9466666666666668,-999.8658164403707
2.9483333333333337,-999.8660585842402
2.95,-999.8663519508515
2.9516666666666667,-999.8666639439141
2.9533333333333336,-999.8669433406866
2.955,-999.8671575448789
2.956666666666667,-999.8672599903621
2.9583333333333335,-999.8672227374591
2.96,-999.8670504427827
2.961666666666667,-999.8667570761716
2.96335,-999.8663938603673
2.9650166666666666,-999.8660259879501
2.9666833333333336,-999.8657139948875
2.96835,-999.865509103921
2.970016666666667,-999.8654392547279
2.9716833333333335,-999.8654997906953
2.97335,-999.8656627721459
2.975016666666667,-999.8658676631125
2.9766833333333333,-999.8660539276274
2.9783500000000003,-999.8661563731107
2.9800166666666668,-999.8661237768206
2.9816833333333337,-999.8659468255313
2.98335,-999.8656441456944
2.9850333333333334,-999.8652669600515
2.9866833333333336,-999.8648897744087
2.988366666666667,-999.8645917511845
2.990016666666667,-999.8644427395726
2.9916833333333335,-999.8644706792498
2.9933666666666667,-999.8646709136035
2.9950333333333337,-999.8650108463434
2.9967,-999.8654206282764
2.9983666666666666,-999.8658164403707
3.0000333333333336,-999.8661284334335
3.0017,-999.8662867582711
3.003366666666667,-999.8662727884325
3.0050333333333334,-999.8660911805305
3.0067,-999.865807127145
3.008366666666667,-999.8654904774695
3.0100333333333333,-999.8652297071485
3.0117000000000003,-999.8650993219879
3.0133666666666667,-999.8651272616653
3.0150333333333337,-999.865322839406
3.0167,-999.8656488023073
3.0183666666666666,-999.8660446144016
3.0200333333333336,-999.8664311132703
3.0217,-999.8667431063329
3.0233833333333333,-999.8669200576222
3.0250500000000002,-999.8669479972995
3.0267166666666667,-999.8668455518163
3.0283833333333336,-999.8666639439141
3.03005,-999.8664730227862
3.0317166666666666,-999.8663472942386
3.0333833333333335,-999.8663333243999
3.03505,-999.8664590529476
3.036716666666667,-999.86670585343
3.0383833333333334,-999.8670271597183
3.0400500000000004,-999.8673531226196
3.041716666666667,-999.8676185495535
3.0433833333333333,-999.8677629045526
3.0450500000000003,-999.8677629045526
3.0467166666666667,-999.8676092363278
3.0484,-999.8673344961682
3.05005,-999.8669945634282
3.0517333333333334,-999.8666406608497
3.0534000000000003,-999.8663519508515
3.055066666666667,-999.8661843127879
3.0567333333333333,-999.8661703429493
3.0584000000000002,-999.8663007281098
3.0600666666666667,-999.8665475285922
3.0617333333333336,-999.8668641782677
3.0634,-999.8671808279432
3.0650666666666666,-999.8674415982642
3.0667333333333335,-999.8675952664892
3.0684,-999.8676092363278
3.070066666666667,-999.8674788511672
3.0717333333333334,-999.867227394072
3.0734000000000004,-999.8669060877836
3.075066666666667,-999.8665801248824
3.0767333333333333,-999.8663193545613
3.078416666666667,-999.8661703429493
3.0800666666666667,-999.8661656863364
3.08175,-999.8662960714969
3.083416666666667,-999.8665195889149
3.0850833333333334,-999.8667617327844
3.0867500000000003,-999.8669573105252
3.088416666666667,-999.8670318163312
3.0900833333333333,-999.8669619671381
3.09175,-999.8667477629458
3.0934166666666667,-999.8664264566575
3.0950833333333336,-999.866067897466
3.09675,-999.8657559044034
3.0984166666666666,-999.8655603266626
3.1000833333333335,-999.8655323869854
3.10175,-999.8656860552103
3.103416666666667,-999.8659980482729
3.1050833333333334,-999.8664031735931
3.1067500000000003,-999.8668269253648
3.1084333333333336,-999.8671761713304
3.1101,-999.8673810622969
3.111766666666667,-999.8673950321355
3.1134333333333335,-999.8672320506848
3.1151,-999.8669386840737
3.116766666666667,-999.8665987513339
3.1184333333333334,-999.8663053847226
3.1201000000000003,-999.8661377466592
3.121766666666667,-999.8661377466592
3.1234333333333333,-999.8663053847226
3.1251,-999.8666034079467
3.1267666666666667,-999.8669712803638
3.1284333333333336,-999.8673298395553
3.1301,-999.8676138929407
3.131766666666667,-999.8677722177783
3.1334333333333335,-999.8677815310041
3.1351,-999.8676558024565
3.136766666666667,-999.8674276284256
3.13845,-999.8671668581046
3.1401000000000003,-999.8669573105252
3.1417833333333336,-999.8668641782677
3.14345,-999.8669386840737
3.145116666666667,-999.8672041110076
3.1467833333333335,-999.8676278627793
3.14845,-999.8681494034213
3.150116666666667,-999.8686756006762
3.1517833333333334,-999.8691040090607
3.1534500000000003,-999.8693461529302
3.155116666666667,-999.8693414963174
3.1567833333333333,-999.8690760693835
3.15845,-999.868573155193
3.1601166666666667,-999.8679165727775
3.1617833333333336,-999.8672134242333
3.16345,-999.8665801248824
3.165116666666667,-999.866109806982
3.1667833333333335,-999.8658583498867
3.1684666666666668,-999.865844380048
3.1701333333333337,-999.8660120181115
3.1718,-999.8662960714969
3.1734666666666667,-999.8666034079467
3.1751333333333336,-999.866854865042
3.1768,-999.8670038766539
3.178466666666667,-999.8670271597183
3.1801333333333335,-999.8669479972995
3.1818,-999.8668036423003
3.183466666666667,-999.8666546306883
3.1851333333333334,-999.866552185205
3.1868000000000003,-999.866552185205
3.188466666666667,-999.8666639439141
3.1901333333333333,-999.8668874613321
3.1918,-999.8671808279432
3.1934666666666667,-999.8675021342316
3.19515,-999.8678048140686
3.196816666666667,-999.8680376447122
3.1984833333333333,-999.8681866563243
3.2001500000000003,-999.868233222453
3.2018166666666668,-999.8681819997114
3.2034833333333337,-999.8680562711638
3.20515,-999.8678839764874
3.2068166666666666,-999.8676930553595
3.2084833333333336,-999.867525417296
3.21015,-999.8673996887484
3.211816666666667,-999.8673344961682
3.2134833333333335,-999.8673298395553
3.21515,-999.8673717490711
3.216816666666667,-999.8674276284256
3.2184833333333334,-999.8674695379415
3.2201500000000003,-999.8674462548771
3.2218166666666668,-999.8673298395553
3.2234833333333337,-999.8671063221373
3.225166666666667,-999.8668036423003
3.2268166666666667,-999.8664543963347
3.2285000000000004,-999.8661284334335
3.230166666666667,-999.8659002594026
3.2318333333333333,-999.8658210969836
3.2335000000000003,-999.8659375123055
3.2351666666666667,-999.8662401921424
3.2368333333333337,-999.8666779137527
3.2385,-999.8671575448789
3.2401666666666666,-999.8675859532634
3.2418333333333336,-999.8678746632617
3.2435,-999.8679817653577
3.245166666666667,-999.867897946326
3.2468333333333335,-999.8676651156823
3.2485,-999.8673344961682
3.250166666666667,-999.8669573105252
3.2518333333333334,-999.8665894381081
3.2535000000000003,-999.8662681318197
3.2551833333333335,-999.8659980482729
3.2568333333333337,-999.8657838440806
3.258516666666667,-999.8656115494043
3.2601833333333334,-999.865471851018
3.2618500000000004,-999.8653600923091
3.263516666666667,-999.8652809298901
3.2651833333333333,-999.8652483336
3.2668500000000003,-999.8652669600515
3.2685166666666667,-999.865322839406
3.2701833333333337,-999.8654020018249
3.27185,-999.8654858208566
3.2735166666666666,-999.8655649832755
3.2751833333333336,-999.8656348324687
3.27685,-999.8657046816618
3.278516666666667,-999.8657838440806
3.2801833333333335,-999.8658723197253
3.2818500000000004,-999.8659747652085
3.283516666666667,-999.8660818673046
3.2852,-999.8661703429493
3.2868500000000003,-999.8662122524652
3.2885333333333335,-999.8661889694008
3.2902,-999.866067897466
3.291866666666667,-999.8658630064996
3.2935333333333334,-999.8656068927914
3.2952000000000004,-999.8653600923091
3.296866666666667,-999.8651877976326
3.2985333333333333,-999.8651552013425
3.3002000000000002,-999.8653042129545
3.3018666666666667,-999.8656348324687
3.3035333333333337,-999.8660958371433
3.3052,-999.8666080645596
3.3068666666666666,-999.8670737258471
3.3085333333333335,-999.8673950321355
3.3102,-999.8675161040702
3.311866666666667,-999.8674043453613
3.3135333333333334,-999.8670737258471
3.3152166666666667,-999.8665847814952
3.3168833333333336,-999.8660213313373
3.31855,-999.8654811642438
3.320216666666667,-999.8650527558592
3.3218833333333335,-999.8647826723125
3.32355,-999.864689540055
3.325216666666667,-999.8647500760223
3.3268833333333334,-999.8649270273116
3.3285500000000003,-999.8651645145683
3.330216666666667,-999.8654066584378
3.3318833333333333,-999.8655929229527
3.3335500000000002,-999.865695368436
3.3352166666666667,-999.8656860552103
3.3368833333333336,-999.8655789531141
3.33855,-999.8654020018249
3.3402166666666666,-999.8652017674713
3.3419000000000003,-999.8650201595691
3.34355,-999.8649037442473
3.3452333333333333,-999.8648944310215
3.3469,-999.8650015331176
3.3485666666666667,-999.8652250505356
3.3502333333333336,-999.8655323869854
3.3519,-999.8658630064996
3.353566666666667,-999.8661517164978
3.3552333333333335,-999.8663240111741
3.3569,-999.8663426376257
3.358566666666667,-999.8662075958523
3.3602333333333334,-999.8659514821442
3.3619000000000003,-999.8656441456944
3.363566666666667,-999.8653740621477
3.3652333333333333,-999.8652157373099
3.3669000000000002,-999.8652157373099
3.3685666666666667,-999.8653833753734
3.3702333333333336,-999.8656860552103
3.3719,-999.8660585842402
3.373566666666667,-999.866407830206
3.3752500000000003,-999.8666639439141
3.376916666666667,-999.8667663893973
3.3785833333333337,-999.86670585343
3.38025,-999.8665009624634
3.3819166666666667,-999.8662122524652
3.3835833333333336,-999.8659235424669
3.38525,-999.8657046816618
3.386916666666667,-999.8656162060172
3.3885833333333335,-999.8656720853717
3.39025,-999.8658676631125
3.391916666666667,-999.8661517164978
3.3935833333333334,-999.8664497397218
3.3952500000000003,-999.8666965402042
3.396916666666667,-999.8668269253648
3.3985833333333333,-999.8667989856874
3.40025,-999.8666173777854
3.4019333333333335,-999.8663100413355
3.4035833333333336,-999.8659421689184
3.405266666666667,-999.8655789531141
3.4069333333333334,-999.8652809298901
3.4086000000000003,-999.8651039786008
3.410266666666667,-999.865062069085
3.4119333333333337,-999.8651319182782
3.4136,-999.8652716166644
3.4152666666666667,-999.8654252848893
3.4169333333333336,-999.8655417002111
3.4186,-999.865583609727
3.420266666666667,-999.8655323869854
3.4219333333333335,-999.8653833753734
3.4236,-999.8651505447297
3.425266666666667,-999.8648664913442
3.4269333333333334,-999.8645777813459
3.4286000000000003,-999.8643309808635
3.430266666666667,-999.8641633428001
3.43195,-999.8641167766713
3.4336,-999.8641912824773
3.4352833333333335,-999.8643868602181
3.43695,-999.8646662569906
3.438616666666667,-999.8649829066661
3.4402833333333334,-999.8652762732772
3.4419500000000003,-999.8654997906953
3.4436166666666668,-999.8656162060172
3.4452833333333337,-999.8656208626301
3.44695,-999.8655230737596
3.4486166666666667,-999.8653694055348
3.4502833333333336,-999.8651971108584
3.45195,-999.8650574124721
3.453616666666667,-999.8649922198919
3.4552833333333335,-999.8650294727948
3.45695,-999.8651645145683
3.458616666666667,-999.8653740621477
3.4602833333333334,-999.8656255192429
3.4619666666666666,-999.8658676631125
3.4636333333333336,-999.8660585842402
3.4653,-999.8661656863364
3.466966666666667,-999.8661703429493
3.4686333333333335,-999.8660772106917
3.4703000000000004,-999.8659142292412
3.471966666666667,-999.8657233081133
3.4736333333333334,-999.865546356824
3.4753000000000003,-999.8654206282764
3.4769666666666668,-999.8653694055348
3.4786333333333337,-999.865397345212
3.4803,-999.8654997906953
3.4819666666666667,-999.8656488023073
3.4836333333333336,-999.8657931573064
3.4853,-999.8658956027897
3.486966666666667,-999.8659235424669
3.4886500000000003,-999.865849036661
3.4903166666666667,-999.8656813985974
3.4919833333333337,-999.8654578811794
3.49365,-999.8652203939228
3.4953166666666666,-999.865024816182
3.4969833333333336,-999.8649316839245
3.49865,-999.8649596236017
3.500316666666667,-999.8651086352137
3.5019833333333334,-999.8653507790832
3.5036500000000004,-999.8656441456944
3.505316666666667,-999.8659281990798
3.5069833333333333,-999.8661563731107
3.5086500000000003,-999.866291414884
3.5103166666666668,-999.8663053847226
3.5119833333333337,-999.8661936260137
3.51365,-999.8659747652085
3.5153166666666666,-999.8656907118232
3.5169833333333336,-999.865397345212
3.51865,-999.865136574891
3.520316666666667,-999.8649642802146
3.5220000000000002,-999.8649037442473
3.5236666666666667,-999.8649549669889
3.5253333333333337,-999.8650806955364
3.527,-999.8652436769871
3.5286666666666666,-999.8653926885992
3.5303333333333335,-999.8654904774695
3.532,-999.865509103921
3.533666666666667,-999.8654439113408
3.5353333333333334,-999.8653135261802
3.5370000000000004,-999.8651412315039
3.538666666666667,-999.864950310376
3.5403333333333333,-999.8647780156996
3.5420000000000003,-999.8646476305391
3.5436666666666667,-999.8645870945717
3.5453333333333337,-999.8645964077974
3.547,-999.8646709136035
3.5486833333333334,-999.8647966421511
3.5503333333333336,-999.8649409971503
3.552016666666667,-999.8650667256978
3.5536833333333333,-999.865136574891
3.5553500000000002,-999.8651132918267
3.5570166666666667,-999.8649735934404
3.5586833333333336,-999.8647361061837
3.56035,-999.8644380829597
3.562016666666667,-999.8641400597357
3.5636833333333335,-999.863907229092
3.56535,-999.8637768439314
3.567016666666667,-999.8637582174799
3.5686833333333334,-999.863828066673
3.5703500000000004,-999.8639351687692
3.572016666666667,-999.8640329576396
3.5736833333333333,-999.8640748671554
3.575366666666667,-999.8640422708653
3.5770166666666667,-999.8639258555435
3.5787,-999.8637489042542
3.58035,-999.8635626397391
3.5820333333333334,-999.863422941353
3.5837000000000003,-999.8633903450627
3.585366666666667,-999.8634881339332
3.5870333333333333,-999.8637256211898
3.5887000000000002,-999.8640655539297
3.5903666666666667,-999.8644473961855
3.5920333333333336,-999.864801298764
3.5937,-999.8650760389236
3.595366666666667,-999.8652436769871
3.5970333333333335,-999.8652948997287
3.5987,-999.8652669600515
3.600366666666667,-999.8651971108584
3.6020333333333334,-999.8651226050524
3.6037000000000003,-999.865062069085
3.605366666666667,-999.8650201595691
3.6070333333333333,-999.8649968765047
3.608716666666667,-999.8649922198919
3.6103666666666667,-999.8650015331176
3.61205,-999.8650480992463
3.613716666666667,-999.8651319182782
3.6153833333333334,-999.8652483336
3.6170500000000003,-999.8653740621477
3.618716666666667,-999.8654625377923
3.6203833333333333,-999.865471851018
3.62205,-999.8653647489219
3.6237166666666667,-999.865136574891
3.6253833333333336,-999.8648152686026
3.62705,-999.8644520527984
3.628716666666667,-999.8641167766713
3.6303833333333335,-999.8638792894146
3.63205,-999.8637861571572
3.633716666666667,-999.8638420365116
3.6353833333333334,-999.8640329576396
3.6370500000000003,-999.8643076977992
3.6387333333333336,-999.8645964077974
3.6404,-999.8648245818283
3.642066666666667,-999.8649363405374
3.6437333333333335,-999.8648990876344
3.6454,-999.8647174797322
3.647066666666667,-999.8644241131211
3.6487333333333334,-999.8640841803812
3.6504000000000003,-999.8637675307057
3.652066666666667,-999.8635393566748
3.6537333333333337,-999.8634369111916
3.6554,-999.8634648508688
3.6570666666666667,-999.8635998926421
3.6587333333333336,-999.86379081377
3.6604,-999.8639957047366
3.662066666666667,-999.8641633428001
3.6637333333333335,-999.8642518184447
3.6654,-999.8642331919932
3.667066666666667,-999.8640981502198
3.66875,-999.8638466931245
3.6704166666666667,-999.8635067603847
3.6720833333333336,-999.863120261516
3.67375,-999.8627244494216
3.675416666666667,-999.8623752034559
3.6770833333333335,-999.8621004632963
3.67875,-999.8619141987813
3.680416666666667,-999.8618024400723
3.6820833333333334,-999.861741904105
3.6837500000000003,-999.8616906813633
3.685416666666667,-999.8616115189444
3.6870833333333337,-999.8614625073325
3.68875,-999.861220363463
3.6904166666666667,-999.8608850873359
3.6920833333333336,-999.8604753054029
3.69375,-999.8600422404055
3.6954333333333333,-999.8596417716982
3.6970833333333335,-999.8593251220227
3.6987666666666668,-999.8591295442819
3.7004333333333337,-999.8590457252502
3.7021,-999.8590503818631
3.7037666666666667,-999.8590876347661
3.7054333333333336,-999.8591202310562
3.7071,-999.8591016046047
3.708766666666667,-999.8590038157342
3.7104333333333335,-999.8588268644451
3.7121000000000004,-999.8585754073498
3.713766666666667,-999.8582587576742
3.7154333333333334,-999.8579141683215
3.7171000000000003,-999.8575742355816
3.7187666666666668,-999.8572715557447
3.7204333333333337,-999.8570294118751
3.7221,-999.8568664304246
3.7237666666666667,-999.8567639849413
3.7254333333333336,-999.8567081055868
3.7271,-999.8566615394581
3.7287833333333333,-999.8566196299422
3.7304500000000003,-999.8565684072006
3.7321166666666667,-999.8565171844589
3.7337833333333337,-999.8564845881688
3.73545,-999.8564706183301
3.7371166666666666,-999.8564799315559
3.7387833333333336,-999.8564985580074
3.74045,-999.8565078712331
3.742116666666667,-999.8564845881688
3.7437833333333335,-999.8564193955885
3.7454500000000004,-999.8563169501052
3.747116666666667,-999.8561958781705
3.7487833333333334,-999.8560794628486
3.7504500000000003,-999.8560049570426
3.7521166666666668,-999.8559863305911
3.7537833333333337,-999.8560328967199
3.755466666666667,-999.856139998816
3.7571166666666667,-999.8562843538151
3.7588000000000004,-999.8564473352658
3.760466666666667,-999.856628943168
3.7621333333333333,-999.8568291775216
3.7638000000000003,-999.8570666647782
3.7654666666666667,-999.8573507181636
3.7671333333333337,-999.8576813376777
3.7688,-999.8580538667078
3.7704666666666666,-999.8584217391249
3.7721333333333336,-999.8587430454132
3.7738,-999.8589572496055
3.775466666666667,-999.8590317554116
3.7771333333333335,-999.8589572496055
3.7788000000000004,-999.8587570152519
3.780466666666667,-999.858491588318
3.78215,-999.8582541010613
3.783816666666667,-999.8581283725138
3.7854833333333335,-999.8581889084811
3.78715,-999.8584683052536
3.788816666666667,-999.8589525929926
3.7904833333333334,-999.8595812357308
3.7921500000000004,-999.8602611012107
3.793816666666667,-999.8608850873359
3.7954833333333333,-999.8613554052363
3.7971500000000002,-999.8616022057187
3.7988166666666667,-999.8616161755573
3.8004833333333337,-999.8614299110423
3.80215,-999.8611132613668
3.803816666666667,-999.8607500455626
3.8054833333333336,-999.860433395887
3.80715,-999.8602191916947
3.808816666666667,-999.8601493425016
3.8104833333333334,-999.8602285049204
3.8121500000000004,-999.8604473657256
3.813816666666667,-999.8607872984655
3.8155,-999.8612110502372
3.817166666666667,-999.8616767115246
3.8188333333333335,-999.8621377161993
3.8205,-999.8625288716809
3.822166666666667,-999.8627989552276
3.8238333333333334,-999.8629153705494
3.8255000000000003,-999.8628688044207
3.827166666666667,-999.8627011663573
3.8288333333333333,-999.8624823055521
3.8305000000000002,-999.8623053542628
3.8321666666666667,-999.8622401616826
3.8338333333333336,-999.8623053542628
3.8355,-999.862486962165
3.837166666666667,-999.8627244494216
3.8388333333333335,-999.862933997001
3.8405,-999.8630504123229
3.842166666666667,-999.8630317858714
3.8438333333333334,-999.8628874308722
3.8455166666666667,-999.8626639134542
3.8471833333333336,-999.8624357394234
3.84885,-999.8622681013599
3.850516666666667,-999.8622122220054
3.8521833333333335,-999.8622820711985
3.85385,-999.8624590224878
3.855516666666667,-999.8626871965187
3.8571833333333334,-999.8629200271624
3.8588500000000003,-999.8630923218387
3.860516666666667,-999.8631807974834
3.8621833333333333,-999.8631714842577
3.8638500000000002,-999.8630923218387
3.8655166666666667,-999.8629759065169
3.8671833333333336,-999.8628734610336
3.868866666666667,-999.8628315515177
3.870516666666667,-999.8628827742593
3.8722000000000003,-999.8630504123229
3.87385,-999.8633298090954
3.8755333333333337,-999.8636930248997
3.8772,-999.8641028068326
3.8788666666666667,-999.8645219019915
3.8805333333333336,-999.8649084008601
3.8822,-999.8652250505356
3.883866666666667,-999.8654206282764
3.8855333333333335,-999.8654485679536
3.8872,-999.8652762732772
3.888866666666667,-999.8649084008601
3.8905333333333334,-999.8643728903794
3.8922000000000003,-999.8637442476413
3.893866666666667,-999.8631249181288
3.8955333333333337,-999.8626266605512
3.8972,-999.8623472637787
3.8988666666666667,-999.8623332939401
3.9005333333333336,-999.8625800944225
3.902216666666667,-999.8630131594199
3.903866666666667,-999.8635160736104
3.9055500000000003,-999.8639631084465
3.907216666666667,-999.8642611316704
3.9088833333333337,-999.8643449507022
3.91055,-999.8642238787675
3.9122166666666667,-999.8639537952207
3.9138833333333336,-999.8636324889322
3.91555,-999.863343778934
3.917216666666667,-999.863162171032
3.9188833333333335,-999.8631156049031
3.92055,-999.863194767322
3.922216666666667,-999.8633484355469
3.9238833333333334,-999.8635253868362
3.9255500000000003,-999.8636511153838
3.927216666666667,-999.8636930248997
3.9288833333333337,-999.8636231757065
3.93055,-999.8634601942559
3.9322333333333335,-999.8632273636122
3.9339000000000004,-999.862971249904
3.935566666666667,-999.8627291060345
3.9372333333333334,-999.8625288716809
3.9389000000000003,-999.8623845166817
3.9405666666666668,-999.8622913844242
3.9422333333333337,-999.8622401616826
3.9439,-999.862226191844
3.9455666666666667,-999.8622401616826
3.9472333333333336,-999.8622727579727
3.9489,-999.8623286373272
3.950566666666667,-999.8623984865203
3.9522333333333335,-999.8624729923264
3.9539,-999.8625428415195
3.955566666666667,-999.8625940642611
3.9572333333333334,-999.8626173473255
3.9589000000000003,-999.862598720874
3.960566666666667,-999.8625335282937
3.96225,-999.8624310828105
3.9639,-999.8623100108757
3.9655833333333335,-999.8621982521668
3.9672500000000004,-999.8621237463607
3.968916666666667,-999.8621097765221
3.9705833333333334,-999.8621516860379
3.9722500000000003,-999.8622355050697
3.9739166666666668,-999.8623193241015
3.9755833333333337,-999.8623612336173
3.97725,-999.8623286373272
3.9789166666666667,-999.8622168786183
3.9805833333333336,-999.8620445839418
3.98225,-999.8618676326525
3.983916666666667,-999.8617465607178
3.9855833333333335,-999.8617279342664
3.9872500000000004,-999.8618303797496
3.988916666666667,-999.8620492405547
3.9905833333333334,-999.8623332939401
3.992266666666667,-999.8626220039383
3.9939333333333336,-999.862859491195
3.9956,-999.8629991895813
3.997266666666667,-999.863008502807
3.9989333333333335,-999.8628874308722
