min,µS/cm
0.0,-1000.2061356791323
0.0016666666666667052,-1000.2065454610654
0.0033333333333334103,-1000.2069040202567
0.004999999999999893,-1000.2071228810619
0.006666666666666599,-1000.2071089112233
0.00835000000000008,-1000.2067550086448
0.010016666666666563,-1000.2059773542946
0.011683333333333268,-1000.2047852613986
0.013349999999999973,-1000.203276518827
0.015016666666666678,-1000.2016467043206
0.016683333333333383,-1000.2001519315877
0.01835000000000009,-1000.1990390011105
0.02001666666666657,-1000.1984895207912
0.021683333333333277,-1000.1985873096615
0.023349999999999982,-1000.1993090846572
0.025016666666666687,-1000.2005244606177
0.026683333333333392,-1000.2020145767377
0.028350000000000097,-1000.2035466023738
0.03001666666666658,-1000.2048877068818
0.031683333333333286,-1000.2058655955856
0.03334999999999999,-1000.2063778230018
0.035016666666666696,-1000.2064243891307
0.036699999999999955,-1000.2060704865521
0.03836666666666666,-1000.2054558136526
0.040033333333333365,-1000.2047480084956
0.04170000000000007,-1000.2041379922089
0.043366666666666775,-1000.2037794330175
0.04503333333333326,-1000.2037701197918
0.046699999999999964,-1000.2041286789831
0.04836666666666667,-1000.2047945746243
0.050033333333333374,-1000.2056467347804
0.05170000000000008,-1000.2065128647753
0.05336666666666656,-1000.2072206699323
0.05503333333333327,-1000.2076164820267
0.05669999999999997,-1000.207602512188
0.05836666666666668,-1000.2071415075134
0.06003333333333338,-1000.20626140768
0.06170000000000009,-1000.2050739713968
0.06336666666666657,-1000.2037375235017
0.06503333333333328,-1000.2024429851223
0.06671666666666676,-1000.2013673075481
0.06838333333333324,-1000.2006548457782
0.07004999999999995,-1000.2003801056186
0.07171666666666665,-1000.2005570569078
0.07338333333333336,-1000.2011251636786
0.07505000000000006,-1000.2019633539961
0.07671666666666677,-1000.2029272728613
0.07838333333333325,-1000.2038492822106
0.08004999999999995,-1000.204580370432
0.08171666666666666,-1000.2050274052681
0.08338333333333336,-1000.2051484772028
0.08505000000000007,-1000.2049715259136
0.08671666666666655,-1000.2045664005934
0.08838333333333326,-1000.2040308901128
0.09004999999999996,-1000.2034581267291
0.09171666666666667,-1000.2029412426999
0.09338333333333337,-1000.2025407739927
0.09506666666666663,-1000.2023032867361
0.09673333333333334,-1000.2022520639944
0.09840000000000004,-1000.2023824491549
0.10006666666666675,-1000.2026804723789
0.10173333333333345,-1000.2030949109248
0.10339999999999994,-1000.2035838552767
0.10506666666666664,-1000.2040821128544
0.10673333333333335,-1000.2045198344647
0.10840000000000005,-1000.2048364841402
0.11006666666666676,-1000.2049715259136
0.11173333333333324,-1000.2048923634947
0.11339999999999995,-1000.2045850270449
0.11506666666666665,-1000.2040821128544
0.11673333333333336,-1000.2034488135033
0.11840000000000006,-1000.2027642914107
0.12006666666666677,-1000.2021263354468
0.12173333333333325,-1000.201632734482
0.12339999999999995,-1000.2013533377095
0.12506666666666666,-1000.2013300546452
0.12674999999999992,-1000.2015675419018
0.12841666666666662,-1000.2020099201249
0.13008333333333333,-1000.2025733702828
0.13175000000000003,-1000.2031554468922
0.13341666666666674,-1000.203649047857
0.13508333333333344,-1000.2039843239841
0.13674999999999993,-1000.2041147091445
0.13841666666666663,-1000.2040308901128
0.14008333333333334,-1000.2037561499532
0.14175000000000004,-1000.2033556812459
0.14341666666666675,-1000.2028993331841
0.14508333333333323,-1000.2024709247995
0.14674999999999994,-1000.2021496185112
0.14841666666666664,-1000.2019866370605
0.15008333333333335,-1000.2020145767377
0.15175000000000005,-1000.2022334375429
0.15341666666666676,-1000.2026199364116
0.15510000000000002,-1000.2031228506021
0.15676666666666672,-1000.2036769875342
0.15843333333333343,-1000.2041938715633
0.16010000000000013,-1000.2046036534964
0.16176666666666661,-1000.2048318275273
0.16343333333333332,-1000.2048457973659
0.16510000000000002,-1000.2046269365608
0.16676666666666673,-1000.2042031847891
0.16843333333333343,-1000.2036211081797
0.17009999999999992,-1000.2029552125385
0.17176666666666662,-1000.2023032867361
0.17343333333333333,-1000.2017584630296
0.17510000000000003,-1000.2013952472254
0.17676666666666674,-1000.201260205452
0.17843333333333322,-1000.2013626509353
0.18009999999999993,-1000.2016467043206
0.18176666666666663,-1000.202047173028
0.1834499999999999,-1000.2024755814124
0.1851166666666666,-1000.2028527670553
0.1867833333333333,-1000.2031181939892
0.18845,-1000.2032392659239
0.1901166666666667,-1000.2032066696338
0.19178333333333342,-1000.2030343749575
0.19345000000000012,-1000.2027549781849
0.1951166666666666,-1000.2024243586708
0.1967833333333333,-1000.202117022221
0.19845000000000002,-1000.2019028180288
0.20011666666666672,-1000.2018236556099
0.20178333333333343,-1000.2019074746416
0.2034499999999999,-1000.2021496185112
0.2051166666666666,-1000.2024988644768
0.20678333333333332,-1000.2029039897969
0.20845000000000002,-1000.2032904886656
0.21011666666666673,-1000.2035838552767
0.21178333333333343,-1000.2037375235017
0.2134666666666667,-1000.2037049272114
0.2151333333333334,-1000.2034720965677
0.2168000000000001,-1000.2030716278605
0.2184666666666666,-1000.2025454306056
0.2201333333333333,-1000.2019819804476
0.2218,-1000.2014697530313
0.2234666666666667,-1000.2010925673885
0.2251333333333334,-1000.200924929325
0.2268000000000001,-1000.2009854652923
0.2284666666666666,-1000.201260205452
0.2301333333333333,-1000.2016886138365
0.2318,-1000.2021729015755
0.2334666666666667,-1000.2026152797987
0.23513333333333342,-1000.2029319294742
0.2367999999999999,-1000.2030669712476
0.2384666666666666,-1000.2030017786673
0.2401333333333333,-1000.2027736046365
0.24180000000000001,-1000.2024336718965
0.24348333333333327,-1000.2020657994794
0.24514999999999998,-1000.2017398365781
0.24681666666666668,-1000.2015163191601
0.2484833333333334,-1000.2014325001284
0.2501500000000001,-1000.2014976927086
0.2518166666666668,-1000.2016932704494
0.2534833333333333,-1000.2019819804476
0.25515,-1000.2023125999618
0.2568166666666667,-1000.2026339062502
0.2584833333333334,-1000.2029039897969
0.2601500000000001,-1000.2030949109248
0.2618166666666666,-1000.2031740733437
0.2634833333333333,-1000.2031228506021
0.26515,-1000.2029179596356
0.2668166666666667,-1000.2025640570571
0.2684833333333334,-1000.2020704560923
0.2701499999999999,-1000.2014883794828
0.27183333333333337,-1000.2008737065834
0.2735000000000001,-1000.2003102564254
0.27516666666666656,-1000.1998725348152
0.27683333333333326,-1000.1996117644942
0.27849999999999997,-1000.1995558851396
0.2801666666666667,-1000.1997002401388
0.2818333333333334,-1000.199988950137
0.2835000000000001,-1000.2003475093285
0.2851666666666668,-1000.2006827854555
0.2868333333333333,-1000.2009202727121
0.2885,-1000.2010087483567
0.2901666666666667,-1000.2009388991636
0.2918333333333334,-1000.2007246949713
0.2935000000000001,-1000.2004127019087
0.2951666666666666,-1000.2000494861044
0.2968333333333333,-1000.1996769570744
0.29851666666666676,-1000.1993416809474
0.3001666666666667,-1000.1990669407877
0.30184999999999995,-1000.1988806762728
0.30351666666666666,-1000.1987875440152
0.30518333333333336,-1000.1987922006281
0.30685000000000007,-1000.1988760196599
0.30851666666666655,-1000.1990017482075
0.3101833333333335,-1000.1991274767552
0.31184999999999996,-1000.1992112957869
0.31351666666666667,-1000.199206639174
0.31518333333333337,-1000.1990995370779
0.3168500000000001,-1000.1988806762728
0.3185166666666668,-1000.1985733398229
0.32018333333333326,-1000.198238063696
0.32184999999999997,-1000.1979307272462
0.3235166666666667,-1000.1977165230539
0.3251833333333334,-1000.1976280474092
0.3268500000000001,-1000.1976932399896
0.32851666666666657,-1000.1978888177304
0.33020000000000005,-1000.1981961541801
0.33186666666666675,-1000.19856868321
0.33353333333333324,-1000.1989644953045
0.33519999999999994,-1000.1993323677216
0.33686666666666665,-1000.1996397041714
0.33853333333333335,-1000.1998352819122
0.34020000000000006,-1000.1999004744924
0.34186666666666676,-1000.1998213120735
0.34353333333333347,-1000.1995977946556
0.34519999999999995,-1000.1992578619156
0.34686666666666666,-1000.1988341101439
0.34853333333333336,-1000.1983824186951
0.35020000000000007,-1000.1979540103106
0.35186666666666677,-1000.1976140775706
0.35353333333333326,-1000.1973952167656
0.35519999999999996,-1000.1973160543466
0.35686666666666667,-1000.1973579638625
0.3585499999999999,-1000.1974930056359
0.3602000000000001,-1000.1976559870866
0.36188333333333333,-1000.1978049986985
0.36355000000000004,-1000.1978888177304
0.36521666666666674,-1000.1978981309561
0.36688333333333323,-1000.1978282817629
0.36855000000000016,-1000.1977025532153
0.37021666666666664,-1000.1975395717647
0.37188333333333334,-1000.1973672770882
0.37355000000000005,-1000.1972136088634
0.37521666666666675,-1000.1971204766058
0.37688333333333346,-1000.1971111633801
0.37854999999999994,-1000.1972042956377
0.38021666666666665,-1000.1974091866042
0.38188333333333335,-1000.1976932399896
0.38355000000000006,-1000.1980192028908
0.38521666666666676,-1000.1983125695019
0.38688333333333325,-1000.1985174604685
0.3885666666666667,-1000.1985733398229
0.39023333333333343,-1000.1984569245011
0.3918999999999999,-1000.1981728711157
0.3935666666666666,-1000.197749119344
0.3952333333333333,-1000.1972368919278
0.39690000000000003,-1000.1967013814472
0.39856666666666674,-1000.1961984672566
0.4002333333333332,-1000.1957840287107
0.40190000000000015,-1000.1954906620996
0.40356666666666663,-1000.1953323372618
0.40523333333333333,-1000.1953043975846
0.40690000000000004,-1000.1953928732291
0.40856666666666674,-1000.1955698245184
0.41023333333333345,-1000.1958119683879
0.41189999999999993,-1000.1960960217733
0.41356666666666664,-1000.1963754185458
0.41523333333333334,-1000.1966129058025
0.41690000000000005,-1000.1967665740274
0.4185833333333333,-1000.1968131401561
0.42025,-1000.1967479475759
0.4219166666666667,-1000.196594279351
0.4235833333333334,-1000.1963987016102
0.4252499999999999,-1000.1962031238695
0.4269166666666666,-1000.1960447990317
0.4285833333333333,-1000.1959563233871
0.43025,-1000.1959563233871
0.4319166666666667,-1000.1960447990317
0.43358333333333343,-1000.1962031238695
0.43525000000000014,-1000.1963800751587
0.4369166666666666,-1000.1965337433836
0.4385833333333333,-1000.1966035925767
0.44025000000000003,-1000.1965616830608
0.44191666666666674,-1000.196403358223
0.44358333333333344,-1000.1961519011278
0.4452499999999999,-1000.1958585345167
0.44691666666666663,-1000.1955605112927
0.4486000000000001,-1000.1953090541974
0.4502666666666666,-1000.1951274462953
0.4519333333333333,-1000.195025000812
0.4536,-1000.1950203441992
0.4552666666666667,-1000.1951134764566
0.4569333333333334,-1000.1952997409717
0.4585999999999999,-1000.1955605112927
0.4602666666666668,-1000.1958492212909
0.4619333333333333,-1000.1961146482248
0.4636,-1000.1962915995141
0.4652666666666667,-1000.1963428222557
0.4669333333333334,-1000.196259003224
0.4686000000000001,-1000.1960587688703
0.4702666666666666,-1000.1957933419365
0.4719333333333333,-1000.1955046319382
0.4736,-1000.195253174843
0.4752666666666667,-1000.1950669103279
0.47693333333333343,-1000.1949644648447
0.4786166666666667,-1000.1949504950061
0.4802833333333334,-1000.1950063743606
0.4819500000000001,-1000.1951088198438
0.4836166666666666,-1000.1952392050043
0.4852833333333333,-1000.1953695901648
0.48695,-1000.1954813488738
0.4886166666666667,-1000.1955651679056
0.4902833333333334,-1000.1955931075828
0.4919499999999999,-1000.1955698245184
0.4936166666666668,-1000.1954860054867
0.4952833333333333,-1000.1953556203262
0.49695,-1000.1951879822626
0.4986166666666667,-1000.1950017177477
0.5002833333333332,-1000.1948247664584
0.5019500000000001,-1000.1946850680721
0.5036166666666666,-1000.1946059056532
0.5052833333333333,-1000.1946059056532
0.50695,-1000.1946990379107
0.5086333333333333,-1000.1948759892
0.5103,-1000.1951041632309
0.5119666666666667,-1000.1953463071004
0.5136333333333334,-1000.1955558546798
0.5153000000000001,-1000.1956815832275
0.5169666666666666,-1000.1956955530661
0.5186333333333335,-1000.1955791377442
0.5203,-1000.1953509637133
0.5219666666666667,-1000.1950436272635
0.5236333333333334,-1000.1947130077494
0.5252999999999999,-1000.1944196411382
0.5269666666666668,-1000.1942147501718
0.5286333333333333,-1000.1941449009786
0.5303,-1000.1942380332362
0.5319666666666667,-1000.1944894903314
0.5336333333333334,-1000.1948759892
0.5353000000000001,-1000.1953369938747
0.5369833333333334,-1000.1957979985493
0.5386500000000001,-1000.1961984672566
0.5403166666666668,-1000.1964778640291
0.5419833333333333,-1000.1966035925767
0.5436500000000002,-1000.1965709962866
0.5453166666666667,-1000.1963847317716
0.5469833333333334,-1000.196072738709
0.5486500000000001,-1000.1956722700016
0.5503166666666666,-1000.1952485182301
0.5519833333333335,-1000.1948666759743
0.55365,-1000.1945919358146
0.5553166666666667,-1000.194466207267
0.5569833333333334,-1000.1945127733958
0.5586499999999999,-1000.1947223209752
0.5603166666666668,-1000.195062253715
0.5619833333333333,-1000.1954813488738
0.56365,-1000.1959051006454
0.5653333333333335,-1000.196259003224
0.567,-1000.1964778640291
0.5686666666666667,-1000.1965058037064
0.5703333333333334,-1000.19633350903
0.5720000000000001,-1000.1959656366129
0.5736666666666668,-1000.1954440959709
0.5753333333333333,-1000.1948480495228
0.5770000000000002,-1000.1942613163005
0.5786666666666667,-1000.1937770285615
0.5803333333333334,-1000.1934696921116
0.5820000000000001,-1000.1933905296928
0.5836666666666666,-1000.193534884692
0.5853333333333335,-1000.193870160819
0.587,-1000.1943311654936
0.5886666666666667,-1000.1948294230713
0.5903333333333334,-1000.1952950843588
0.5920000000000001,-1000.1956396737115
0.5936666666666668,-1000.1958166250008
0.5953333333333333,-1000.1957886853236
0.5970166666666665,-1000.1955651679056
0.5986833333333335,-1000.1951833256497
0.6003499999999999,-1000.1947036945237
0.6020166666666666,-1000.1942194067847
0.6036833333333333,-1000.1938096248516
0.60535,-1000.1935488545306
0.6070166666666668,-1000.1934743487245
0.6086833333333332,-1000.1936047338851
0.6103500000000002,-1000.1939167269477
0.6120166666666667,-1000.1943497919451
0.6136833333333334,-1000.1948247664584
0.6153500000000001,-1000.1952485182301
0.6170166666666665,-1000.1955465414541
0.6186833333333335,-1000.1956629567759
0.62035,-1000.1955744811313
0.6220166666666667,-1000.1952950843588
0.6236833333333334,-1000.1948666759743
0.6253666666666666,-1000.194354448558
0.6270333333333333,-1000.1938282513031
0.6287,-1000.1933625900156
0.6303666666666667,-1000.1930180006628
0.6320333333333334,-1000.1928317361478
0.6336999999999999,-1000.1928177663092
0.6353666666666669,-1000.1929574646954
0.6370333333333333,-1000.1932228916293
0.6387,-1000.193572137595
0.6403666666666668,-1000.1939446666249
0.6420333333333332,-1000.1943078824293
0.6437000000000002,-1000.1946245321047
0.6453666666666666,-1000.1948527061356
0.6470333333333333,-1000.1949737780704
0.6487,-1000.194955151619
0.6503666666666665,-1000.1947968267812
0.6520333333333335,-1000.19450346017
0.6537,-1000.19413093114
0.6553833333333332,-1000.1937537454971
0.6570500000000001,-1000.1934790053374
0.6587166666666666,-1000.1934044995314
0.6603833333333333,-1000.1935907640465
0.66205,-1000.1940703951726
0.6637166666666667,-1000.194801483394
0.6653833333333334,-1000.1956862398404
0.6670499999999999,-1000.1965849661252
0.6687166666666668,-1000.1973533072496
0.6703833333333333,-1000.1978701912788
0.67205,-1000.1980564557938
0.6737166666666667,-1000.197902787569
0.6753833333333332,-1000.1974650659587
0.6770500000000002,-1000.1968271099947
0.6787166666666666,-1000.1961193048377
0.6803833333333333,-1000.1954580658095
0.68205,-1000.1949411817802
0.6837166666666668,-1000.1946431585562
0.6854,-1000.1946059056532
0.6870666666666667,-1000.1948480495228
0.6887333333333334,-1000.1953509637133
0.6904000000000001,-1000.1960587688703
0.6920666666666666,-1000.1968829893492
0.6937333333333333,-1000.1977211796668
0.6954,-1000.1984755509526
0.6970666666666667,-1000.1990483143362
0.6987333333333334,-1000.1993789338504
0.7003999999999999,-1000.1994441264306
0.7020666666666668,-1000.1992578619156
0.7037333333333333,-1000.1988806762728
0.7054,-1000.1984150149852
0.7070666666666667,-1000.1979819499878
0.7087333333333332,-1000.1977118664411
0.7104000000000001,-1000.1976978966024
0.7120666666666666,-1000.1979633235363
0.7137333333333333,-1000.1984755509526
0.7154166666666668,-1000.1991228201423
0.7170833333333333,-1000.199765432719
0.71875,-1000.2002590336838
0.7204166666666667,-1000.200510490779
0.7220833333333334,-1000.2004639246503
0.7237500000000001,-1000.2001193352976
0.7254166666666666,-1000.1994767227208
0.7270833333333335,-1000.1982706599861
0.72875,-1000.1949598082318
0.7304166666666667,-1000.1839562320075
0.7320833333333334,-1000.1491107978621
0.7337499999999999,-1000.0510751269995
0.7354166666666668,-999.8065563849204
0.7370833333333333,-999.2593252096601
0.73875,-998.1467579482807
0.7404166666666667,-996.0704115201115
0.7420833333333332,-992.4830361234411
0.7437666666666667,-986.7054740836404
0.7454333333333334,-977.9830747181471
0.7470999999999999,-965.5837113808765
0.7487666666666668,-948.9274867572484
0.7504333333333333,-927.7267898096362
0.7521,-902.1064782990638
0.7537666666666667,-872.6738211105921
0.7554333333333334,-840.5156530628519
0.7571000000000001,-807.1154546025747
0.7587666666666666,-774.2000002293847
0.7604333333333335,-743.5402184461897
0.7621,-716.7403589546403
0.7637666666666667,-695.0515139359289
0.7654333333333334,-679.2399476651289
0.7670999999999999,-669.529280005735
0.7687666666666668,-665.6211198613146
0.7704333333333333,-666.7848400151287
0.7721166666666666,-671.9961579292994
0.7737833333333335,-680.0980915688435
0.77545,-689.9573005223448
0.7771166666666667,-700.5929298236002
0.7787833333333334,-711.2627200369084
0.7804500000000001,-721.5002601600719
0.7821166666666668,-731.1060795239667
0.7837833333333333,-740.1020642091064
0.7854500000000002,-748.6631445347625
0.7871166666666667,-757.0411361553897
0.7887833333333334,-765.4942948210493
0.7904500000000001,-774.2325685798343
0.7921166666666666,-783.38408879162
0.7937833333333335,-792.9838731852285
0.79545,-802.9818026362833
0.7971166666666667,-813.2642883869188
0.7987833333333334,-823.6829521244778
0.8004499999999999,-834.0836832458543
0.8021333333333334,-844.330843931218
0.8038000000000001,-854.3232739224673
0.8054666666666666,-864.0009029135113
0.8071333333333335,-873.3426550744766
0.8088,-882.3577784385335
0.8104666666666667,-891.0734583116479
0.8121333333333334,-899.5215738655634
0.8138000000000001,-907.7272289002907
0.8154666666666668,-915.7007052170582
0.8171333333333333,-923.4336814486578
0.8188000000000002,-930.8997080339583
0.8204666666666667,-938.0580768632042
0.8221333333333334,-944.8600238863659
0.8238000000000001,-951.255728002291
0.8254666666666666,-957.2007884072143
0.8271333333333335,-962.6603363839259
0.8288,-967.6113170420804
0.8304666666666667,-972.0433787312561
0.8321500000000002,-975.9600977301412
0.8338166666666667,-979.3798350633028
0.8354833333333334,-982.3354151948986
0.8371500000000001,-984.8713274043386
0.8388166666666665,-987.0391390226032
0.8404833333333335,-988.8921449840498
0.84215,-990.4804644130545
0.8438166666666667,-991.8474690019374
0.8454833333333334,-993.0279483054894
0.8471500000000001,-994.0480305785537
0.8488166666666668,-994.9264633445658
0.8504833333333333,-995.6767461242512
0.8521500000000002,-996.3095192780297
0.8538166666666667,-996.8346361987454
0.8554833333333334,-997.2626627410123
0.8571500000000001,-997.6055524300809
0.8588166666666666,-997.8766278353877
0.8605,-998.0899658976541
0.8621666666666667,-998.2594293534102
0.8638333333333332,-998.397688846289
0.8655000000000002,-998.5153288573564
0.8671666666666666,-998.6203261644674
0.8688333333333333,-998.7179101438811
0.8705,-998.8107536913877
0.8721666666666668,-998.8995227026285
0.8738333333333335,-998.9835186856722
0.8755,-999.0613958793978
0.8771666666666669,-999.1317712697814
0.8788333333333334,-999.1937042210221
0.8805000000000001,-999.2469060231218
0.8821666666666668,-999.2918330241422
0.8838333333333332,-999.3295376185931
0.8855000000000002,-999.3614819829173
0.8871666666666667,-999.3892773051696
0.8888333333333334,-999.414418358083
0.8905166666666668,-999.4381344874568
0.8921833333333333,-999.4612406005436
0.89385,-999.4841231962126
0.8955166666666667,-999.5068102141408
0.8971833333333332,-999.5290408840073
0.8988500000000001,-999.5504240503304
0.9005166666666666,-999.5705406179515
0.9021833333333333,-999.5890692805821
0.90385,-999.60582843032
0.9055166666666667,-999.6208180671655
0.9071833333333335,-999.634201172569
0.9088499999999999,-999.6462478300772
0.9105166666666669,-999.6572979724301
0.9121833333333333,-999.6676589360776
0.91385,-999.677605461179
0.9155166666666668,-999.687314499024
0.9171833333333332,-999.6968745252568
0.9188500000000002,-999.7062901964906
0.9205333333333334,-999.7155056333708
0.9221999999999999,-999.7244277036397
0.9238666666666668,-999.73296327504
0.9255333333333333,-999.7410424983785
0.9272,-999.7486420905909
0.9288666666666667,-999.7557760215159
0.9305333333333332,-999.7625001705077
0.9322000000000001,-999.7688936999854
0.9338666666666666,-999.7750264591422
0.9355333333333333,-999.7809776103967
0.9372,-999.7868123463294
0.9388666666666667,-999.7925772330689
0.9405333333333334,-999.7983048669055
0.9421999999999999,-999.8040045610647
0.9438666666666669,-999.8096576890953
0.9455333333333333,-999.8152223414812
0.9472,-999.8206333256422
0.9488666666666667,-999.8258254489982
0.95055,-999.830724205743
0.9522166666666667,-999.8353016561992
0.9538833333333334,-999.8395531437544
0.9555499999999999,-999.8435159213112
0.9572166666666668,-999.8472738079015
0.9588833333333333,-999.8509106225571
0.96055,-999.8545288107612
0.9622166666666667,-999.8582168481583
0.9638833333333334,-999.8620213008775
0.9655500000000001,-999.865956138757
0.9672166666666666,-999.8699701390555
0.9688833333333335,-999.873984139354
0.97055,-999.8778910375563
0.9722166666666667,-999.8815930447921
0.9738833333333334,-999.8850203118683
0.9755499999999999,-999.8881495557205
0.9772166666666668,-999.8910087160259
0.9789000000000001,-999.8936629853647
0.9805666666666666,-999.8961868695432
0.9822333333333335,-999.8986781574314
0.9839,-999.9012020416097
0.9855666666666667,-999.9038097448199
0.9872333333333334,-999.906529206739
0.9889,-999.9093511141415
0.9905666666666667,-999.9122521839628
0.9922333333333334,-999.915190506687
0.9939,-999.9181195161856
0.9955666666666667,-999.9209926463295
0.9972333333333334,-999.9237819574419
0.9989,-999.9264408833936
1.0005666666666666,-999.9289554543462
1.0022333333333333,-999.9313117004612
1.0039,-999.9335003085125
1.0055666666666667,-999.9355445615647
1.0072333333333334,-999.9374817125208
1.0089166666666667,-999.9393862671868
1.0105833333333334,-999.9413234181429
1.01225,-999.943372327808
1.0139166666666668,-999.9455702490851
1.0155833333333333,-999.9479171819743
1.01725,-999.9503758735724
1.0189166666666667,-999.9528625048478
1.0205833333333334,-999.9552979133815
1.02225,-999.9576122499805
1.0239166666666668,-999.9597496352902
1.0255833333333333,-999.9616821296335
1.02725,-999.963414389623
1.0289166666666667,-999.9649650417105
1.0305833333333334,-999.9663713387988
1.0322500000000001,-999.9676845036297
1.0339166666666668,-999.9689604155575
1.0355833333333333,-999.9702502973239
1.0372666666666668,-999.9716007150578
1.0389333333333335,-999.973048921662
1.0406,-999.9746042303623
1.0422666666666667,-999.976257327933
1.0439333333333334,-999.977975618084
1.0456,-999.9796985648478
1.0472666666666668,-999.9813656322572
1.0489333333333333,-999.9829209409575
1.0506,-999.9843039549814
1.0522666666666667,-999.9854913912646
1.0539333333333334,-999.9864785931942
1.0556,-999.9872888438344
1.0572666666666668,-999.98797802254
1.0589333333333333,-999.9886159785038
1.0606,-999.9893051572094
1.0622666666666667,-999.9901200644626
1.0639333333333334,-999.9911258928437
1.0656,-999.992345925417
1.0672833333333334,-999.9937475658924
1.06895,-999.9952702783027
1.0706166666666668,-999.9968209303901
1.0722833333333335,-999.9983110465101
1.07395,-999.9996428377925
1.0756166666666667,-1000.0007650814954
1.0772833333333334,-1000.0016544945546
1.07895,-1000.0023343600344
1.0806166666666668,-1000.0028745271279
1.0822833333333335,-1000.0033541582541
1.08395,-1000.0038710422832
1.0856166666666667,-1000.004508998247
1.0872833333333334,-1000.0053425319518
1.08895,-1000.0063949264616
1.0906166666666668,-1000.0076661817765
1.0922833333333335,-1000.0091283582193
1.09395,-1000.0107162632098
1.0956166666666667,-1000.0123367644904
1.0973,-1000.0138967298036
1.0989666666666666,-1000.0152983702791
1.1006333333333334,-1000.0164718367236
1.1023,-1000.0173798762343
1.1039666666666668,-1000.0180318020368
1.1056333333333335,-1000.0184695236471
1.1073,-1000.0187815167097
1.1089666666666667,-1000.0190562568694
1.1106333333333334,-1000.019405502835
1.1123,-1000.0199084170256
1.1139666666666668,-1000.0206348486341
1.1156333333333335,-1000.0216080807251
1.1173,-1000.022800173621
1.1189666666666667,-1000.0241505913549
1.1206333333333334,-1000.0255615450561
1.1223,-1000.0269166194028
1.1239666666666668,-1000.028104055686
1.12565,-1000.0290586613254
1.1273166666666667,-1000.0297338701923
1.1289833333333334,-1000.0301389955124
1.1306500000000002,-1000.0303252600274
1.1323166666666666,-1000.0303671695433
1.1339833333333333,-1000.0303625129304
1.13565,-1000.0304137356721
1.1373166666666668,-1000.0306186266386
1.1389833333333335,-1000.031051691636
1.1406666666666667,-1000.031759496793
1.1423166666666666,-1000.0327373854968
1.1440000000000001,-1000.0339527614573
1.1456666666666666,-1000.0353218056426
1.1473333333333333,-1000.0367420725695
1.149,-1000.0380878336905
1.1506666666666667,-1000.0392426736836
1.1523333333333334,-1000.0401274301298
1.1540000000000001,-1000.0407234765779
1.1556666666666666,-1000.0410727225435
1.1573333333333333,-1000.0412636436714
1.159,-1000.0414126552835
1.1606666666666667,-1000.0416408293144
1.1623333333333334,-1000.0420180149572
1.1640000000000001,-1000.0425907783408
1.1656666666666666,-1000.0433498062396
1.1673333333333333,-1000.0442671589759
1.169,-1000.0452683307441
1.1706666666666667,-1000.0462788157381
1.1723333333333334,-1000.0472287647646
1.1740000000000002,-1000.0480529852435
1.1756666666666666,-1000.048709567659
1.1773333333333333,-1000.0491845421722
1.179,-1000.0495011918478
1.1806666666666668,-1000.0496827997498
1.1823333333333335,-1000.0497805886203
1.1840000000000002,-1000.0498411245876
1.1856833333333334,-1000.0499156303936
1.1873500000000001,-1000.0500460155541
1.1890166666666668,-1000.0502695329722
1.1906833333333333,-1000.0506234355506
1.19235,-1000.0511449761926
1.1940166666666667,-1000.0518527813497
1.1956833333333334,-1000.0527468510218
1.1973500000000001,-1000.0537992455315
1.1990166666666666,-1000.0549354590731
1.2006833333333333,-1000.0560483895504
1.20235,-1000.0570262782542
1.2040166666666667,-1000.0577713363142
1.2056833333333334,-1000.0582463108275
1.2073500000000001,-1000.0584512017939
1.2090166666666666,-1000.0584558584068
1.2106833333333333,-1000.0583673827622
1.21235,-1000.0582928769562
1.2140333333333333,-1000.0583440996978
1.2157,-1000.0585722737287
1.2173666666666667,-1000.0590006821133
1.2190333333333334,-1000.0596106983999
1.2207000000000001,-1000.060351099847
1.2223666666666668,-1000.0611660071003
1.2240333333333333,-1000.0619902275791
1.2257,-1000.062777195155
1.2273666666666667,-1000.063489656925
1.2290333333333334,-1000.0640903599859
1.2307000000000001,-1000.0645606778862
1.2323666666666668,-1000.0648912974004
1.23405,-1000.0650822185283
1.2357166666666668,-1000.0651520677214
1.2373833333333335,-1000.0651520677214
1.23905,-1000.0651567243343
1.2407166666666667,-1000.0652545132046
1.2423833333333334,-1000.0655199401385
1.24405,-1000.0660042278776
1.2457166666666668,-1000.0667073764217
1.2473833333333333,-1000.0675921328681
1.24905,-1000.0685746781847
1.2507166666666667,-1000.0695618801143
1.2523833333333334,-1000.0704466365606
1.25405,-1000.0711590983304
1.2557166666666668,-1000.071666669134
1.2573833333333333,-1000.0719833188094
1.25905,-1000.0721695833245
1.2607166666666667,-1000.0723046250978
1.2623833333333334,-1000.0724722631613
1.2640500000000001,-1000.0727376900952
1.2657166666666668,-1000.0731428154154
1.2673833333333333,-1000.0736922957346
1.26905,-1000.0743675046016
1.2707166666666667,-1000.075135845726
1.2723833333333334,-1000.0759507529791
1.2740666666666667,-1000.0767563470065
1.2757333333333334,-1000.0775107182923
1.2774,-1000.078157987482
1.2790666666666668,-1000.0786609016725
1.2807333333333335,-1000.078982207961
1.2824,-1000.0791172497343
1.2840666666666667,-1000.0790706836056
1.2857333333333334,-1000.0788751058648
1.2874,-1000.0785957090923
1.2890666666666668,-1000.0783163123198
1.2907333333333333,-1000.078157987482
1.2924,-1000.0782185234493
1.2940666666666667,-1000.0785863958665
1.2957333333333334,-1000.0792848877978
1.2974,-1000.0802627765016
1.2990833333333334,-1000.0814315863333
1.3007333333333333,-1000.0826469622938
1.3024,-1000.0837878324481
1.3040833333333335,-1000.0847377814747
1.30575,-1000.0854316167931
1.3074166666666667,-1000.0858646817906
1.3090833333333334,-1000.0860695727571
1.31075,-1000.0861207954987
1.3124166666666668,-1000.0860975124343
1.3140833333333335,-1000.0860928558214
1.31575,-1000.0861580484017
1.3174166666666667,-1000.0863256864652
1.3190833333333334,-1000.0866050832377
1.32075,-1000.087000895332
1.3224166666666668,-1000.0874944962968
1.3240833333333335,-1000.0880765729063
1.32575,-1000.0887098722573
1.3274166666666667,-1000.0893524848341
1.3290833333333334,-1000.0899485312821
1.3307666666666667,-1000.0904467888597
1.3324333333333334,-1000.0908146612769
1.3341,-1000.0910288654692
1.3357666666666668,-1000.0910894014365
1.3374333333333335,-1000.0910381786949
1.3391,-1000.0909171067601
1.3407666666666667,-1000.0908193178898
1.3424333333333334,-1000.0908239745027
1.3441,-1000.0910242088563
1.3457666666666668,-1000.0914759003052
1.3474333333333335,-1000.0921883620751
1.3491,-1000.0931196846501
1.3507666666666667,-1000.0941674225471
1.3524333333333334,-1000.0952058472183
1.3541,-1000.0961185433418
1.3557666666666668,-1000.0968030654345
1.35745,-1000.0972221605932
1.3591,-1000.097380485431
1.3607833333333335,-1000.0973292626894
1.3624500000000002,-1000.0971290283358
1.3641166666666666,-1000.096858944789
1.3657833333333333,-1000.0965888612423
1.36745,-1000.0963886268886
1.3691166666666668,-1000.0963094644696
1.3707833333333335,-1000.0963979401143
1.3724500000000002,-1000.0966819934997
1.3741166666666667,-1000.097156968013
1.3757833333333334,-1000.097794923977
1.37745,-1000.0985353254241
1.3791166666666668,-1000.0992990099356
1.3807833333333335,-1000.0999881886412
1.38245,-1000.1005143858961
1.3841166666666667,-1000.1008263789587
1.3857833333333334,-1000.1009195112161
1.3874666666666666,-1000.1008356921844
1.3891166666666668,-1000.1006680541209
1.3908,-1000.1005236991218
1.3924666666666667,-1000.100519042509
1.3941333333333334,-1000.1007332467012
1.3958000000000002,-1000.1012221910531
1.3974666666666666,-1000.1019625925003
1.3991333333333333,-1000.102907884914
1.4008,-1000.1039556228109
1.4024666666666668,-1000.1049847342563
1.4041333333333335,-1000.105892773767
1.4058000000000002,-1000.1065866090854
1.4074666666666666,-1000.1070289873085
1.4091333333333333,-1000.1072292216621
1.4108,-1000.1072199084364
1.4124666666666668,-1000.1070848666631
1.4141333333333335,-1000.106898602148
1.4158000000000002,-1000.1067216508587
1.4174833333333334,-1000.1066145487626
1.4191333333333334,-1000.1066098921498
1.4208166666666668,-1000.1067309640845
1.4224833333333333,-1000.1069963910184
1.42415,-1000.1074108295643
1.4258166666666667,-1000.1079556532707
1.4274833333333334,-1000.1085936092346
1.4291500000000001,-1000.1092688181016
1.4308166666666666,-1000.1099067740654
1.4324833333333333,-1000.1104376279332
1.43415,-1000.1107961871246
1.4358166666666667,-1000.1109591685752
1.4374833333333334,-1000.1109172590593
1.4391500000000002,-1000.1107309945444
1.4408166666666666,-1000.1104795374491
1.4424833333333333,-1000.1102746464826
1.44415,-1000.1102141105151
1.4458166666666667,-1000.1103817485787
1.4475,-1000.1108101569632
1.4491666666666667,-1000.1114667393787
1.4508333333333334,-1000.1122863032447
1.4525000000000001,-1000.1131431200137
1.4541666666666668,-1000.113916117751
1.4558333333333333,-1000.1145075075862
1.4575,-1000.1148520969389
1.4591666666666667,-1000.1149452291965
1.4608333333333334,-1000.1148241572616
1.4625000000000001,-1000.1145680435535
1.4641666666666668,-1000.114251393878
1.4658333333333333,-1000.1139580272669
1.4675,-1000.1137531363004
1.4691666666666667,-1000.1136693172687
1.4708333333333334,-1000.113729853236
1.4725000000000001,-1000.1139580272669
1.4741666666666668,-1000.1143538393612
1.4758333333333333,-1000.1148986630677
1.4775166666666668,-1000.1155692153217
1.4791833333333333,-1000.116304960156
1.48085,-1000.1170313917645
1.4825166666666667,-1000.1176646911156
1.4841833333333334,-1000.1181117259516
1.4858500000000001,-1000.1183073036924
1.4875166666666668,-1000.1182281412734
1.4891833333333333,-1000.1178882085336
1.49085,-1000.1173759811173
1.4925166666666667,-1000.1168032177336
1.4941833333333334,-1000.1163003035431
1.4958500000000001,-1000.1159789972547
1.4975166666666668,-1000.1159184612874
1.4991833333333333,-1000.1161233522539
1.50085,-1000.1165517606383
1.5025166666666667,-1000.1171152107963
1.5041833333333334,-1000.1177159138572
1.5058500000000001,-1000.1182514243378
1.5075333333333334,-1000.1186658628837
1.5092,-1000.1189080067533
1.5108666666666668,-1000.1189871691721
1.5125333333333335,-1000.1189312898176
1.5142,-1000.1187915914314
1.5158666666666667,-1000.1186332665936
1.5175333333333334,-1000.118507538046
1.5192,-1000.1184563153043
1.5208666666666668,-1000.1185028814331
1.5225333333333335,-1000.1186472364323
1.5242,-1000.118880067076
1.5258666666666667,-1000.1191967167515
1.5275333333333334,-1000.1195785590073
1.5292000000000001,-1000.1199929975531
1.5308666666666668,-1000.1204074360991
1.5325333333333333,-1000.1207939349678
1.5342166666666668,-1000.1210966148046
1.5358666666666667,-1000.1212921925454
1.53755,-1000.1213666983514
1.5392166666666667,-1000.121343415287
1.5408833333333334,-1000.1212549396424
1.54255,-1000.121157150772
1.5442166666666668,-1000.1211105846432
1.5458833333333335,-1000.1211524941591
1.54755,-1000.1212968491583
1.5492166666666667,-1000.1215436496407
1.5508833333333334,-1000.121864955929
1.55255,-1000.1222095452819
1.5542166666666668,-1000.1225355081831
1.5558833333333335,-1000.1227916218912
1.55755,-1000.1229592599548
1.5592166666666667,-1000.123024452535
1.5608833333333334,-1000.122987199632
1.56255,-1000.1228614710843
1.5642333333333334,-1000.1226658933435
1.5658833333333335,-1000.122423749474
1.5675666666666668,-1000.122162979153
1.5692333333333335,-1000.1219208352835
1.5709000000000002,-1000.1217392273815
1.5725666666666667,-1000.1216833480269
1.5742333333333334,-1000.1218044199617
1.5759,-1000.1221303828629
1.5775666666666668,-1000.1226658933435
1.5792333333333335,-1000.1233690418877
1.5809,-1000.1241606660766
1.5825666666666667,-1000.1249383204267
1.5842333333333334,-1000.1255855896163
1.5859,-1000.1259953715494
1.5875666666666668,-1000.1261164434842
1.5892333333333335,-1000.1259394921949
1.5909,-1000.1255157404232
1.5925666666666667,-1000.1249336638139
1.5942500000000002,-1000.1243003644628
1.5959,-1000.1237276010792
1.5975833333333334,-1000.1232991926946
1.59925,-1000.1230803318895
1.6009166666666668,-1000.1230849885023
1.6025833333333335,-1000.1232945360817
1.6042500000000002,-1000.1236530952731
1.6059166666666667,-1000.1241094433349
1.6075833333333334,-1000.1245983876868
1.60925,-1000.1250780188129
1.6109166666666668,-1000.1255064271975
1.6125833333333335,-1000.1258556731632
1.6142500000000002,-1000.1260885038068
1.6159166666666667,-1000.1261909492902
1.6175833333333334,-1000.1261536963872
1.61925,-1000.1259907149365
1.6209166666666668,-1000.1257532276799
1.6225833333333335,-1000.1254924573589
1.6242666666666667,-1000.1252922230052
1.6259333333333335,-1000.1252037473606
1.6276000000000002,-1000.125264283328
1.6292666666666666,-1000.1254738309074
1.6309333333333333,-1000.1257765107442
1.6326,-1000.1260978170326
1.6342666666666668,-1000.1263446175151
1.6359333333333335,-1000.1264470629983
1.6376000000000002,-1000.1263725571923
1.6392666666666666,-1000.1261304133228
1.6409333333333334,-1000.1257625409056
1.6426,-1000.1253527589726
1.6442666666666668,-1000.1249802299426
1.6459333333333335,-1000.1247287728473
1.6476000000000002,-1000.1246356405899
1.6492666666666667,-1000.1247287728473
1.6509333333333334,-1000.1249848865555
1.6526,-1000.1253574155854
1.6542833333333333,-1000.1258044504215
1.65595,-1000.1262887381605
1.6576166666666667,-1000.1267869957381
1.6592833333333334,-1000.1272852533158
1.6609500000000001,-1000.1277741976677
1.6626166666666669,-1000.1282305457295
1.6642833333333333,-1000.1286403276625
1.66595,-1000.1289616339509
1.6676166666666667,-1000.1291618683045
1.6692833333333335,-1000.1292130910462
1.6709500000000002,-1000.1291153021758
1.6726166666666666,-1000.1289010979835
1.6742833333333333,-1000.1286449842754
1.67595,-1000.1284587197604
1.6776166666666668,-1000.128435436696
1.6792833333333335,-1000.1286356710497
1.6809500000000002,-1000.1290594228213
1.6826166666666666,-1000.1296414994307
1.6843000000000001,-1000.130265485556
1.6859666666666668,-1000.1307916828109
1.6876333333333333,-1000.1311176457122
1.6893,-1000.1311828382924
1.6909666666666667,-1000.1309779473258
1.6926333333333334,-1000.1305588521672
1.6943000000000001,-1000.130000058622
1.6959666666666668,-1000.1293900423354
1.6976333333333333,-1000.1288312487904
1.6993,-1000.128398183793
1.7009666666666667,-1000.1281513833106
1.7026333333333334,-1000.1281141304077
1.7043000000000001,-1000.128286425084
1.7059666666666669,-1000.1286403276625
1.7076333333333333,-1000.1291292720144
1.7093,-1000.1296834089466
1.7109833333333335,-1000.1302422024916
1.7126333333333335,-1000.1307404600693
1.7143166666666667,-1000.1311362721636
1.7159833333333334,-1000.131383072646
1.7176500000000001,-1000.1314622350649
1.7193166666666668,-1000.1313784160332
1.7209833333333333,-1000.1311642118409
1.72265,-1000.1308801584555
1.7243166666666667,-1000.1306054182959
1.7259833333333334,-1000.1304284670066
1.7276500000000001,-1000.1304284670066
1.7293166666666668,-1000.1306566410375
1.7309833333333333,-1000.1311129890993
1.73265,-1000.131760258289
1.7343166666666667,-1000.1325146295748
1.7359833333333334,-1000.1332643442477
1.7376666666666667,-1000.1338976435986
1.7393166666666668,-1000.1343260519832
1.741,-1000.1345076598853
1.7426666666666668,-1000.1344424673051
1.7443333333333335,-1000.1341723837584
1.746,-1000.1337812282768
1.7476666666666667,-1000.1333667897309
1.7493333333333334,-1000.1329989173138
1.7510000000000001,-1000.1327428036057
1.7526666666666668,-1000.1326124184451
1.7543333333333335,-1000.1326077618322
1.756,-1000.1327102073155
1.7576666666666667,-1000.1328918152176
1.7593333333333334,-1000.1331386157
1.7610000000000001,-1000.1334180124725
1.7626666666666668,-1000.133702065858
1.7643333333333333,-1000.1339581795661
1.766,-1000.134144444081
1.7676666666666667,-1000.1342282631128
1.7693333333333334,-1000.134186353597
1.7710166666666667,-1000.1340466552107
1.7726666666666668,-1000.1338557340828
1.77435,-1000.1336880960193
1.7760166666666668,-1000.1336322166648
1.7776833333333335,-1000.1337439753738
1.77935,-1000.1340373419849
1.7810166666666667,-1000.1344983466596
1.7826833333333334,-1000.1350571402046
1.78435,-1000.1356112771367
1.7860166666666668,-1000.1360536553599
1.7876833333333335,-1000.1363004558423
1.78935,-1000.136309769068
1.7910166666666667,-1000.13608625165
1.7926833333333334,-1000.135676469717
1.7943500000000001,-1000.1351502724622
1.7960166666666668,-1000.1345914789171
1.7976833333333335,-1000.134069938275
1.7993666666666668,-1000.1336461865034
1.8010333333333335,-1000.133362133118
1.8027000000000002,-1000.1332457177962
1.8043666666666667,-1000.1333015971506
1.8060333333333334,-1000.1335297711815
1.8077,-1000.1338976435986
1.8093666666666668,-1000.1343586482733
1.8110333333333335,-1000.1348382793994
1.8127,-1000.1352573745583
1.8143666666666667,-1000.1355321147179
1.8160333333333334,-1000.1356066205238
1.8177,-1000.1354669221377
1.8193666666666668,-1000.1351316460106
1.8210333333333335,-1000.1346566714974
1.8227,-1000.1341258176295
1.8243833333333335,-1000.1336322166648
1.8260333333333334,-1000.1332596876348
1.8277166666666667,-1000.1330780797326
1.8293666666666668,-1000.1331246458614
1.83105,-1000.1333900727952
1.8327166666666668,-1000.1338371076313
1.8343833333333335,-1000.1343819313377
1.8360500000000002,-1000.1349267550441
1.8377166666666667,-1000.1353924163317
1.8393833333333334,-1000.1357090660072
1.84105,-1000.135862734232
1.8427166666666668,-1000.1358534210062
1.8443833333333335,-1000.1357323490715
1.8460500000000002,-1000.1355460845565
1.8477166666666667,-1000.1353691332672
1.8493833333333334,-1000.1352387481068
1.85105,-1000.1351968385909
1.8527166666666668,-1000.1352480613325
1.8543833333333335,-1000.1353970729446
1.8560500000000002,-1000.1356299035883
1.8577166666666667,-1000.1359325834252
1.8593833333333334,-1000.1362678595522
1.8610666666666666,-1000.1366031356793
1.8627333333333334,-1000.1368965022904
1.8644,-1000.1371153630955
1.8660666666666668,-1000.1372364350302
1.8677333333333335,-1000.1372504048688
1.8694000000000002,-1000.1371572726114
1.8710666666666667,-1000.1369663514835
1.8727333333333334,-1000.1367288642268
1.8744,-1000.1364913769702
1.8760666666666668,-1000.1363144256809
1.8777333333333335,-1000.1362445764878
1.8794000000000002,-1000.136309769068
1.8810666666666667,-1000.1365006901959
1.8827333333333334,-1000.136794056807
1.8844,-1000.1371293329341
1.8860666666666668,-1000.1374413259967
1.8877333333333335,-1000.1376648434148
1.8894000000000002,-1000.1377626322851
1.8910833333333334,-1000.1377207227692
1.8927500000000002,-1000.1375530847057
1.8944166666666669,-1000.1373062842233
1.8960833333333333,-1000.1370408572894
1.89775,-1000.1368219964843
1.8994166666666668,-1000.1367055811625
1.9010833333333335,-1000.1367102377753
1.9027500000000002,-1000.1368452795488
1.9044166666666669,-1000.137096736644
1.9060833333333334,-1000.137432012771
1.90775,-1000.1378231682526
1.9094166666666668,-1000.1382282935726
1.9110833333333335,-1000.1386054792156
1.9127500000000002,-1000.1389174722782
1.9144166666666667,-1000.1391177066319
1.9160833333333334,-1000.1391782425992
1.9177666666666668,-1000.1390618272774
1.9194166666666668,-1000.1387638040533
1.9211,-1000.1383167692173
1.9227666666666667,-1000.1377766021237
1.9244333333333334,-1000.1372271218045
1.9261000000000001,-1000.1367568039041
1.9277666666666669,-1000.1364541240672
1.9294333333333333,-1000.1363703050355
1.9311,-1000.1365239732603
1.9327666666666667,-1000.136873219226
1.9344333333333334,-1000.1373388805135
1.9361000000000002,-1000.1378185116397
1.9377666666666669,-1000.1382050105083
1.9394333333333333,-1000.1384192147005
1.9411,-1000.1384285279263
1.9427666666666668,-1000.1382376067984
1.9444333333333335,-1000.1378883608328
1.9461000000000002,-1000.1374552958354
1.9477833333333334,-1000.1370222308379
1.9494500000000001,-1000.1366636716466
1.9511166666666668,-1000.1364401542286
1.9527833333333335,-1000.136388931487
1.95445,-1000.1365193166474
1.9561166666666667,-1000.13683130971
1.9577833333333334,-1000.1372876577718
1.9594500000000001,-1000.1378417947041
1.9611166666666668,-1000.138437841152
1.9627833333333333,-1000.1390059479228
1.96445,-1000.1394809224361
1.9661166666666667,-1000.1397975721117
1.9677833333333334,-1000.1399093308206
1.9694500000000001,-1000.1398022287245
1.9711166666666669,-1000.1395042055004
1.9727833333333333,-1000.1390711405031
1.97445,-1000.1385961659898
1.9761166666666667,-1000.1381724142182
1.9778,-1000.1378743909942
1.9794666666666667,-1000.1377533190594
1.9811333333333334,-1000.1378091984138
1.9828000000000001,-1000.1379954629289
1.9844666666666668,-1000.1382422634113
1.9861333333333335,-1000.1384657808293
1.9878,-1000.1386008226027
1.9894666666666667,-1000.1386147924413
1.9911333333333334,-1000.1385030337323
1.9928000000000001,-1000.13828882954
1.9944666666666668,-1000.1380234026061
1.9961333333333335,-1000.1377626322851
1.9978,-1000.1375577413186
1.9994666666666667,-1000.137432012771
2.001133333333333,-1000.1373854466423
2.0028,-1000.1374087297066
2.0044666666666666,-1000.1374739222869
2.0061333333333335,-1000.1375903376088
2.007816666666667,-1000.1377579756722
2.0094833333333333,-1000.137990806316
2.01115,-1000.1382981427657
2.0128166666666667,-1000.1386567019572
2.0144833333333336,-1000.1390292309871
2.01615,-1000.1393645071142
2.0178166666666666,-1000.1396066509838
2.0194833333333335,-1000.1397277229185
2.02115,-1000.139709096467
2.022816666666667,-1000.1395693980808
2.0244833333333334,-1000.139336567437
2.02615,-1000.1390664838902
2.027816666666667,-1000.1388103701821
2.0294833333333333,-1000.1386147924413
2.0311500000000002,-1000.1385030337323
2.0328166666666667,-1000.1384983771194
2.0345,-1000.1385821961512
2.03615,-1000.138735864376
2.0378333333333334,-1000.1389407553426
2.0395000000000003,-1000.1391782425992
2.041166666666667,-1000.1394390129202
2.0428333333333333,-1000.1397044398541
2.0445,-1000.1399652101751
2.0461666666666667,-1000.1401887275931
2.0478333333333336,-1000.1403610222695
2.0495,-1000.140454154527
2.0511666666666666,-1000.1404634677527
2.0528333333333335,-1000.1403843053339
2.0545,-1000.1402399503347
2.056166666666667,-1000.1400862821099
2.0578333333333334,-1000.1399884932395
2.0595,-1000.140007119691
2.061166666666667,-1000.1401840709802
2.0628333333333333,-1000.1405193471073
2.0645166666666666,-1000.1409617253304
2.0661666666666667,-1000.1414366998437
2.06785,-1000.141837168551
2.069516666666667,-1000.1420746558076
2.0711833333333334,-1000.1420932822591
2.0728500000000003,-1000.1418790780668
2.074516666666667,-1000.1414553262952
2.0761833333333333,-1000.1408918761373
2.07785,-1000.1402818598507
2.0795166666666667,-1000.1397184096927
2.0811833333333336,-1000.1392806880824
2.08285,-1000.1390338876
2.0845166666666666,-1000.138996634697
2.0861833333333335,-1000.1391596161477
2.08785,-1000.1394809224361
2.089516666666667,-1000.139895360982
2.0911833333333334,-1000.1403284259794
2.0928500000000003,-1000.140714924848
2.0945333333333336,-1000.1409943216206
2.0961833333333333,-1000.1411526464583
2.0978666666666665,-1000.1411712729098
2.0995333333333335,-1000.1410641708137
2.1012,-1000.1408406533957
2.102866666666667,-1000.140533316946
2.1045333333333334,-1000.1401747577545
2.1062000000000003,-1000.1398255117889
2.1078666666666668,-1000.1395507716293
2.1095333333333333,-1000.1394017600172
2.1112,-1000.1394343563073
2.1128666666666667,-1000.1396671869511
2.1145333333333336,-1000.1400862821099
2.1162,-1000.140640419042
2.1178666666666666,-1000.141241122103
2.1195333333333335,-1000.1417859458094
2.1212166666666668,-1000.1421910711294
2.122866666666667,-1000.1423819922574
2.12455,-1000.1423400827415
2.1262000000000003,-1000.1420886256462
2.1278833333333336,-1000.1416974701647
2.12955,-1000.1412597485545
2.131216666666667,-1000.1408825629115
2.1328833333333335,-1000.1406590454935
2.13455,-1000.1406543888806
2.136216666666667,-1000.1408825629115
2.1378833333333334,-1000.1413249411347
2.1395500000000003,-1000.1419163309698
2.1412166666666668,-1000.1425682567724
2.1428833333333333,-1000.1431875862847
2.14455,-1000.1436858438625
2.1462166666666667,-1000.1439838670865
2.1478833333333336,-1000.1440350898281
2.14955,-1000.1438255422487
2.1512166666666666,-1000.1433691941869
2.1528833333333335,-1000.1427312382231
2.1545666666666667,-1000.1420001500016
2.1562333333333332,-1000.1412923448446
2.1579,-1000.1407335512995
2.1595666666666666,-1000.1404262148498
2.1612333333333336,-1000.1404215582369
2.1629,-1000.1407288946866
2.164566666666667,-1000.1412830316189
2.1662333333333335,-1000.1419582404857
2.1679,-1000.1426287927397
2.169566666666667,-1000.1431596466075
2.1712333333333333,-1000.1434576698316
2.1729000000000003,-1000.1434902661217
2.1745666666666668,-1000.1432760619294
2.1762333333333332,-1000.1428755932221
2.1779,-1000.1423726790316
2.1795666666666667,-1000.1418697648411
2.1812333333333336,-1000.1414460130694
2.1829,-1000.1411666162969
2.1845833333333333,-1000.1410688274266
2.1862500000000002,-1000.1411526464583
2.1879166666666667,-1000.1413901337149
2.1895833333333337,-1000.1417300664549
2.19125,-1000.1421072520977
2.1929166666666666,-1000.1424704679021
2.1945833333333336,-1000.1427778043518
2.19625,-1000.1430013217698
2.197916666666667,-1000.1431177370916
2.1995833333333334,-1000.1431223937045
2.20125,-1000.1430199482213
2.202916666666667,-1000.1428150572548
2.2045833333333333,-1000.1425310038694
2.2062500000000003,-1000.1422050409681
2.2079166666666667,-1000.1418837346797
2.2095833333333332,-1000.1416415908102
2.211266666666667,-1000.1415344887141
2.2129166666666666,-1000.1416229643587
2.2146,-1000.1419023611312
2.216266666666667,-1000.1423354261286
2.2179333333333333,-1000.1428383403191
2.2196000000000002,-1000.1433133148324
2.2212666666666667,-1000.1436579041851
2.2229333333333336,-1000.1438022591843
2.2246,-1000.1437184401526
2.2262666666666666,-1000.1434204169285
2.2279333333333335,-1000.1429687254797
2.2296,-1000.1424425282247
2.231266666666667,-1000.1419396140342
2.2329333333333334,-1000.1415577717785
2.2346,-1000.1413901337149
2.236266666666667,-1000.1414832659725
2.2379333333333333,-1000.1418418251639
2.2396000000000003,-1000.1424145885475
2.2412833333333335,-1000.1431084238659
2.2429333333333332,-1000.1437929459586
2.244616666666667,-1000.1443563961165
2.2462833333333334,-1000.1446916722435
2.24795,-1000.1447428949851
2.249616666666667,-1000.1445054077285
2.2512833333333333,-1000.1440257766023
2.2529500000000002,-1000.1433878206384
2.2546166666666667,-1000.14269398532
2.2562833333333336,-1000.142060685969
2.25795,-1000.1415810548428
2.2596166666666666,-1000.1413295977476
2.2612833333333335,-1000.1413249411347
2.26295,-1000.1415531151656
2.264616666666667,-1000.1419535838728
2.2662833333333334,-1000.1424192451603
2.26795,-1000.1428569667706
2.269616666666667,-1000.1431643032204
2.2713,-1000.1432900317681
2.2729500000000002,-1000.1432155259621
2.2746333333333335,-1000.1429687254797
2.2763,-1000.1426055096754
2.277966666666667,-1000.1422050409681
2.2796333333333334,-1000.1418464817767
2.2813000000000003,-1000.1416183077458
2.282966666666667,-1000.1415670850042
2.2846333333333333,-1000.1417300664549
2.2863,-1000.1421025954849
2.2879666666666667,-1000.1426427625784
2.2896333333333336,-1000.1432946883809
2.2913,-1000.1439745538607
2.2929666666666666,-1000.1446125098246
2.2946333333333335,-1000.1451387070795
2.2963,-1000.1455065794967
2.297966666666667,-1000.145683530786
2.2996333333333334,-1000.1456602477216
2.3013166666666667,-1000.1454320736907
2.3029833333333336,-1000.1450269483705
2.30465,-1000.1444960945028
2.3063166666666666,-1000.1439140178933
2.3079833333333335,-1000.1433691941869
2.30965,-1000.1429687254797
2.311316666666667,-1000.1427824609647
2.3129833333333334,-1000.1428569667706
2.3146500000000003,-1000.1431922428977
2.316316666666667,-1000.1437324099912
2.3179833333333333,-1000.1443843357937
2.31965,-1000.1450316049834
2.3213166666666667,-1000.1455578022383
2.3229833333333336,-1000.1458791085267
2.32465,-1000.1459536143327
2.3263166666666666,-1000.1457720064305
2.3280000000000003,-1000.1453761943361
2.32965,-1000.1448406838555
2.3313333333333333,-1000.1442586072461
2.333,-1000.1437230967655
2.3346666666666667,-1000.1433226280582
2.3363333333333336,-1000.1431223937045
2.338,-1000.1431549899946
2.3396666666666666,-1000.1434343867672
2.3413333333333335,-1000.1439326443449
2.343,-1000.1445799135345
2.344666666666667,-1000.1452830620786
2.3463333333333334,-1000.1459303312683
2.3480000000000003,-1000.1464146190074
2.349666666666667,-1000.146652106264
2.3513333333333333,-1000.1466241665868
2.353,-1000.1463540830399
2.3546666666666667,-1000.1459023915911
2.3563333333333336,-1000.1453668811104
2.358,-1000.1448313706297
2.3596666666666666,-1000.1443796791808
2.3613500000000003,-1000.1440723427311
2.3630166666666668,-1000.1439326443449
2.3646833333333332,-1000.1439745538607
2.36635,-1000.1441841014401
2.3680166666666667,-1000.1445147209542
2.3696833333333336,-1000.144933816113
2.37135,-1000.145380850949
2.373016666666667,-1000.1458139159464
2.3746833333333335,-1000.1461864449765
2.37635,-1000.1464611851361
2.378016666666667,-1000.1466195099739
2.3796833333333334,-1000.1466567628769
2.3813500000000003,-1000.1465822570708
2.383016666666667,-1000.1464053057816
2.3846833333333333,-1000.146167818525
2.38635,-1000.1458977349782
2.3880333333333335,-1000.1456416212701
2.3896833333333336,-1000.1454600133679
2.391366666666667,-1000.1453855075619
2.3930333333333333,-1000.1454507001422
2.3947000000000003,-1000.1456509344958
2.3963666666666668,-1000.1459349878812
2.3980333333333332,-1000.1462330111052
2.3997,-1000.1464704983619
2.4013666666666666,-1000.1465729438451
2.4030333333333336,-1000.1464937814262
2.4047,-1000.1462330111052
2.406366666666667,-1000.1458232291722
2.4080333333333335,-1000.1453389414331
2.4097,-1000.1448686235327
2.411366666666667,-1000.1444821246641
2.4130333333333334,-1000.1442492940204
2.4147000000000003,-1000.1441841014401
2.4163666666666668,-1000.1442772336976
2.41805,-1000.1444774680513
2.4197,-1000.1447196119208
2.4213833333333334,-1000.1449291595002
2.42305,-1000.1450548880478
2.424716666666667,-1000.1450595446606
2.4263833333333333,-1000.1449384727259
2.4280500000000003,-1000.1447056420822
2.4297166666666667,-1000.1444029622452
2.4313833333333332,-1000.1440723427311
2.43305,-1000.1437463798298
2.4347166666666666,-1000.1434623264445
2.4363833333333336,-1000.1432388090265
2.43805,-1000.143103767253
2.439716666666667,-1000.14306651435
2.4413833333333335,-1000.1431317069303
2.44305,-1000.1432993449938
2.444716666666667,-1000.1435601153148
2.4463833333333334,-1000.143886078216
2.4480666666666666,-1000.1442306675689
2.4497166666666668,-1000.1445333474057
2.4514,-1000.1447428949851
2.453066666666667,-1000.1448034309525
2.4547333333333334,-1000.1447056420822
2.4564,-1000.1444774680513
2.458066666666667,-1000.1441701316015
2.4597333333333333,-1000.1438581385388
2.4614000000000003,-1000.143625307895
2.4630666666666667,-1000.1435461454762
2.4647333333333337,-1000.1436672174109
2.4664,-1000.1439931803122
2.4680666666666666,-1000.1444914378899
2.4697333333333336,-1000.1450688578864
2.4714,-1000.1456369646572
2.473066666666667,-1000.1460839994932
2.4747333333333335,-1000.146349426427
2.4764,-1000.1463866793301
2.4780833333333336,-1000.1461864449765
2.47975,-1000.1457859762692
2.4814166666666666,-1000.1452411525628
2.4830833333333335,-1000.1446264796632
2.48475,-1000.1440304332152
2.486416666666667,-1000.1435228624118
2.4880833333333334,-1000.1431643032204
2.48975,-1000.1429966651569
2.491416666666667,-1000.1430246048342
2.4930833333333333,-1000.1432527788651
2.4947500000000002,-1000.1436439343465
2.4964166666666667,-1000.1441375353113
2.4980833333333337,-1000.1446497627276
2.49975,-1000.145082827725
2.5014166666666666,-1000.1453529112717
2.5030833333333335,-1000.1453948207877
2.50475,-1000.1451992430469
2.506416666666667,-1000.1447894611139
2.5081,-1000.1442353241818
2.5097666666666667,-1000.1436392777337
2.5114333333333336,-1000.1431130804788
2.5131,-1000.1427498646746
2.5147666666666666,-1000.1426101662883
2.5164333333333335,-1000.1427219249973
2.5181,-1000.1430618577372
2.519766666666667,-1000.1435601153148
2.5214333333333334,-1000.1441049390212
2.5231000000000003,-1000.1445799135345
2.524766666666667,-1000.1448779367585
2.5264333333333333,-1000.1449245028873
2.5281000000000002,-1000.144710298695
2.5297666666666667,-1000.1442679204719
2.5314333333333336,-1000.1436718740238
2.5331,-1000.1430246048342
2.5347833333333334,-1000.1424192451603
2.5364333333333335,-1000.1419303008084
2.538116666666667,-1000.141613651133
2.5397833333333333,-1000.1414832659725
2.54145,-1000.141539145327
2.5431166666666667,-1000.1417533495193
2.5447833333333336,-1000.1420886256462
2.54645,-1000.1424937509664
2.5481166666666666,-1000.142917502738
2.5497833333333335,-1000.1432993449938
2.55145,-1000.1435973682178
2.553116666666667,-1000.1437696628942
2.5547833333333334,-1000.1438022591843
2.5564500000000003,-1000.1437091269269
2.558116666666667,-1000.1435228624118
2.5597833333333333,-1000.1433040016067
2.5614500000000002,-1000.1431130804788
2.5631166666666667,-1000.1430152916084
2.5648,-1000.1430478878985
2.56645,-1000.1432341524136
2.5681333333333334,-1000.1435647719277
2.5698000000000003,-1000.1440071501509
2.571466666666667,-1000.1445007511156
2.5731333333333333,-1000.1449757256289
2.5748,-1000.1453622244975
2.5764666666666667,-1000.1456090249799
2.5781333333333336,-1000.1456788741731
2.5798,-1000.1455717720769
2.5814666666666666,-1000.1453203149816
2.5831333333333335,-1000.1449617557903
2.5848,-1000.1445380040186
2.586466666666667,-1000.1441049390212
2.5881333333333334,-1000.1437091269269
2.5898000000000003,-1000.143401790477
2.591466666666667,-1000.1432294958007
2.5931333333333333,-1000.1432108693492
2.594816666666667,-1000.1433412545097
2.5964666666666667,-1000.1435787417663
2.59815,-1000.1438534819259
2.599816666666667,-1000.1440816559568
2.6014833333333334,-1000.1441934146659
2.6031500000000003,-1000.1441375353113
2.604816666666667,-1000.1438907348289
2.6064833333333333,-1000.1434949227346
2.60815,-1000.1430199482213
2.6098166666666667,-1000.1425589435466
2.6114833333333336,-1000.1422050409681
2.61315,-1000.1420280896789
2.614816666666667,-1000.142060685969
2.6164833333333335,-1000.1422935166128
2.6181666666666668,-1000.14269398532
2.619816666666667,-1000.1432108693492
2.6215,-1000.1437696628942
2.6231666666666666,-1000.1443051733748
2.6248333333333336,-1000.1447522082109
2.6265,-1000.1450642012735
2.628166666666667,-1000.1452178694984
2.6298333333333335,-1000.1452038996598
2.6315,-1000.1450548880478
2.633166666666667,-1000.1447987743396
2.6348333333333334,-1000.1444821246641
2.6365000000000003,-1000.1441328786984
2.6381666666666668,-1000.1437976025715
2.6398333333333333,-1000.1435088925732
2.6415,-1000.1433086582196
2.6431666666666667,-1000.1432294958007
2.6448333333333336,-1000.1433086582196
2.6465,-1000.1435461454762
2.648166666666667,-1000.1439047046675
2.6498333333333335,-1000.1443191432135
2.6515166666666667,-1000.1446870156307
2.653166666666667,-1000.1449151896616
2.65485,-1000.1449291595002
2.6565166666666666,-1000.1446916722435
2.6581833333333336,-1000.1442166977303
2.65985,-1000.1435554587019
2.661516666666667,-1000.1427917741904
2.6631833333333335,-1000.1420141198403
2.66485,-1000.1413342543605
2.666516666666667,-1000.1408406533957
2.6681833333333334,-1000.1405985095262
2.6698500000000003,-1000.1406450756549
2.6715166666666668,-1000.1409663819433
2.6731833333333332,-1000.1415065490369
2.67485,-1000.1421817579037
2.6765166666666667,-1000.1428988762865
2.6781833333333336,-1000.1435508020891
2.67985,-1000.1440583728925
2.681516666666667,-1000.1443470828907
2.6831833333333335,-1000.1443796791808
2.6848666666666667,-1000.1441421919242
2.6865333333333337,-1000.1436439343465
2.6882,-1000.1429454424153
2.6898666666666666,-1000.142135191775
2.6915333333333336,-1000.1413389109733
2.6932,-1000.1406823285579
2.694866666666667,-1000.1402911730764
2.6965333333333334,-1000.1402399503347
2.6982,-1000.140533316946
2.699866666666667,-1000.1411014237167
2.7015333333333333,-1000.141799915648
2.7032000000000003,-1000.1424518414505
2.7048666666666668,-1000.1428988762865
2.7065333333333337,-1000.1430199482213
2.7082,-1000.1427917741904
2.7098666666666666,-1000.1422609203227
2.7115333333333336,-1000.1415438019399
2.7132,-1000.1407801174283
2.7148833333333333,-1000.1401142217871
2.7165500000000002,-1000.1396485604996
2.7182166666666667,-1000.1394343563073
2.7198833333333337,-1000.1394669525974
2.72155,-1000.1397044398541
2.7232166666666666,-1000.1400723122713
2.7248833333333335,-1000.14049140743
2.72655,-1000.1408872195244
2.728216666666667,-1000.1411805861355
2.7298833333333334,-1000.1413202845218
2.73155,-1000.1412737183931
2.733216666666667,-1000.1410222612978
2.7348833333333333,-1000.1405891963004
2.7365500000000003,-1000.1400164329168
2.7382166666666667,-1000.1393924467915
2.7398833333333337,-1000.1388103701821
2.74155,-1000.138367991959
2.7432166666666666,-1000.1381584443795
2.7449000000000003,-1000.1382236369598
2.746566666666667,-1000.1385728829255
2.7482333333333333,-1000.139150302922
2.7499000000000002,-1000.1398487948533
2.7515666666666667,-1000.1405379735588
2.7532333333333336,-1000.1410874538781
2.7549,-1000.1413947903278
2.7565666666666666,-1000.1414087601664
2.7582333333333335,-1000.141124706781
2.7599,-1000.1406078227519
2.761566666666667,-1000.1399372704979
2.7632333333333334,-1000.1392248087279
2.7649,-1000.1385682263126
2.766566666666667,-1000.1380559988962
2.7682333333333333,-1000.1377440058336
2.7699000000000003,-1000.1376508735761
2.7715666666666667,-1000.1377719455108
2.77325,-1000.1380559988962
2.774916666666667,-1000.1384471543778
2.7765833333333334,-1000.138852279698
2.7782500000000003,-1000.1391922124378
2.779916666666667,-1000.1393877901786
2.7815833333333333,-1000.1393971034043
2.7832500000000002,-1000.1392248087279
2.7849166666666667,-1000.1388941892138
2.7865833333333336,-1000.138475094055
2.78825,-1000.1380466856705
2.7899166666666666,-1000.1376974397049
2.7915833333333335,-1000.137506518577
2.79325,-1000.1375344582542
2.794916666666667,-1000.1377998851881
2.7965833333333334,-1000.1382795163142
2.7982500000000003,-1000.1388988458267
2.799916666666667,-1000.1395554282421
2.8015833333333333,-1000.1401188784
2.803266666666667,-1000.1404774375914
2.8049333333333335,-1000.1405612566232
2.8066,-1000.1403377392052
2.808266666666667,-1000.1398394816275
2.8099333333333334,-1000.1391316764705
2.8116000000000003,-1000.1383167692173
2.813266666666667,-1000.1374925487384
2.8149333333333333,-1000.1367707737427
2.8166,-1000.1362212934234
2.8182666666666667,-1000.1359139569737
2.8199333333333336,-1000.135862734232
2.8216,-1000.1360629685856
2.8232666666666666,-1000.1364820637444
2.8249333333333335,-1000.137054827128
2.8266,-1000.1376974397049
2.828266666666667,-1000.138330739056
2.8299333333333334,-1000.1388615929237
2.8316000000000003,-1000.1392294653408
2.8332833333333336,-1000.1393971034043
2.83495,-1000.1393505372756
2.836616666666667,-1000.1391037367932
2.8382833333333335,-1000.1387125813117
2.83995,-1000.1382422634113
2.841616666666667,-1000.1377766021237
2.8432833333333334,-1000.1373994164809
2.8449500000000003,-1000.1371852122886
2.846616666666667,-1000.1371852122886
2.8482833333333333,-1000.1374087297066
2.84995,-1000.1378324814783
2.8516166666666667,-1000.1383819617976
2.8532833333333336,-1000.1389826648584
2.85495,-1000.1395321451778
2.8566166666666666,-1000.1399605535622
2.8582833333333335,-1000.1402166672704
2.85995,-1000.1402865164636
2.861616666666667,-1000.1401887275931
2.8633,-1000.1399605535622
2.8649666666666667,-1000.1396485604996
2.8666333333333336,-1000.1392946579211
2.8683,-1000.1389360987297
2.869966666666667,-1000.1385961659898
2.8716333333333335,-1000.1383027993786
2.8733,-1000.1380746253478
2.874966666666667,-1000.1379302703486
2.8766333333333334,-1000.137879047607
2.8783000000000003,-1000.1379209571229
2.879966666666667,-1000.1380327158319
2.8816333333333333,-1000.1382050105083
2.8833,-1000.1383959316362
2.8849666666666667,-1000.1385728829255
2.8866333333333336,-1000.1387032680859
2.8883,-1000.1387498342147
2.889966666666667,-1000.1387032680859
2.8916500000000003,-1000.1385635696997
2.8933166666666668,-1000.1383633353461
2.8949833333333337,-1000.1381351613152
2.89665,-1000.1379349269615
2.8983166666666667,-1000.1378091984138
2.8999833333333336,-1000.1377766021237
2.90165,-1000.1378324814783
2.903316666666667,-1000.1379582100259
2.9049833333333335,-1000.1380979084122
2.90665,-1000.1382189803469
2.908316666666667,-1000.1382795163142
2.9099833333333334,-1000.1382562332499
2.9116500000000003,-1000.1381491311538
2.9133166666666668,-1000.137953553413
2.9149833333333333,-1000.1376974397049
2.91665,-1000.1374226995453
2.9183166666666667,-1000.13717124245
2.92,-1000.1369942911607
2.921666666666667,-1000.136947725032
2.9233333333333333,-1000.137054827128
2.9250000000000003,-1000.1373295672877
2.9266666666666667,-1000.1377440058336
2.9283333333333337,-1000.1382282935726
2.93,-1000.1387032680859
2.9316666666666666,-1000.1390851103417
2.9333333333333336,-1000.1392946579211
2.935,-1000.1392806880824
2.936666666666667,-1000.1390245743743
2.9383333333333335,-1000.1385682263126
2.94,-1000.1379721798645
2.941666666666667,-1000.1373388805135
2.9433333333333334,-1000.1367800869684
2.9450000000000003,-1000.1363982447127
2.9466666666666668,-1000.1362492331007
2.9483333333333337,-1000.1363609918097
2.95,-1000.1366962679367
2.9516833333333334,-1000.1371805556757
2.95335,-1000.1377020963178
2.955016666666667,-1000.1381491311538
2.9566833333333333,-1000.1384238713134
2.9583500000000003,-1000.1384657808293
2.9600166666666667,-1000.1382655464756
2.9616833333333337,-1000.1378557645427
2.96335,-1000.1373016276104
2.9650166666666666,-1000.1366916113238
2.9666833333333336,-1000.1361048781015
2.96835,-1000.1356159337496
2.970016666666667,-1000.1352713443969
2.9716833333333335,-1000.1351223327848
2.97335,-1000.1352014952038
2.975016666666667,-1000.1355088316535
2.9766833333333333,-1000.136011745844
2.9783500000000003,-1000.1366403885822
2.9800333333333335,-1000.1372969709976
2.9817,-1000.137879047607
2.983366666666667,-1000.1382934861529
2.9850333333333334,-1000.1384797506679
2.9867000000000004,-1000.138400588249
2.988366666666667,-1000.1380746253478
2.9900333333333333,-1000.1375484280928
2.9917000000000002,-1000.1369151287419
2.9933666666666667,-1000.136272516165
2.9950333333333337,-1000.1357230358458
2.9967,-1000.1353644766543
2.9983666666666666,-1000.1352340914939
3.0000333333333336,-1000.1353272237513
3.0017,-1000.1355926506852
3.003366666666667,-1000.1359465532638
3.0050333333333334,-1000.1362957992294
3.0067,-1000.1365612261633
3.008366666666667,-1000.136686954711
3.01005,-1000.1366590150337
3.0117166666666666,-1000.1364960335831
3.0133833333333335,-1000.1362259500363
3.01505,-1000.1358906739093
3.016716666666667,-1000.1355414279436
3.0183833333333334,-1000.1352154650424
3.0200500000000003,-1000.13496866456
3.021716666666667,-1000.1348289661737
3.0233833333333333,-1000.1348289661737
3.0250500000000002,-1000.1349779777858
3.0267166666666667,-1000.1352760010097
3.0283833333333336,-1000.1356950961685
3.03005,-1000.1361933537462
3.0317166666666666,-1000.1367055811625
3.0333833333333335,-1000.1371572726114
3.03505,-1000.1374599524482
3.036716666666667,-1000.1375344582542
3.0383833333333334,-1000.1373435371264
3.0400666666666667,-1000.1368965022904
3.0417333333333336,-1000.1362399198749
3.0434,-1000.1354855485891
3.045066666666667,-1000.134745147142
3.0467333333333335,-1000.1341397874681
3.0484,-1000.133771915051
3.050066666666667,-1000.1336834394065
3.0517333333333334,-1000.1338883303729
3.0534000000000003,-1000.1343260519832
3.055066666666667,-1000.1349081285927
3.0567333333333333,-1000.1355088316535
3.0584000000000002,-1000.1360210590698
3.0600666666666667,-1000.1363516785839
3.0617333333333336,-1000.1364680939058
3.0634,-1000.136388931487
3.0650666666666666,-1000.1361514442303
3.0667333333333335,-1000.1358115114904
3.068416666666667,-1000.1354296692347
3.0700833333333333,-1000.1350571402046
3.07175,-1000.1347498037549
3.0734166666666667,-1000.134558882627
3.0750833333333336,-1000.1345309429497
3.07675,-1000.1346985810133
3.078416666666667,-1000.1350571402046
3.0800833333333335,-1000.1355693676209
3.08175,-1000.1361421310046
3.083416666666667,-1000.1366590150337
3.0850833333333334,-1000.1369942911607
3.0867500000000003,-1000.1370408572894
3.088416666666667,-1000.1367521472912
3.0900833333333333,-1000.136128161166
3.09175,-1000.1352527179454
3.0934166666666667,-1000.1342515461772
3.0950833333333336,-1000.1332783140863
3.09675,-1000.1324913465104
3.0984333333333334,-1000.1319930889327
3.1001000000000003,-1000.1318533905464
3.101766666666667,-1000.1320489682872
3.1034333333333333,-1000.132505316349
3.1051,-1000.1331060194099
3.1067666666666667,-1000.1337067224708
3.1084333333333336,-1000.1341816969841
3.1101,-1000.134447123918
3.111766666666667,-1000.1344704069824
3.1134333333333335,-1000.134260859403
3.1151,-1000.1338697039214
3.116766666666667,-1000.1333854161824
3.1184333333333334,-1000.1328964718305
3.1201000000000003,-1000.1324820332846
3.121766666666667,-1000.1322119497379
3.1234333333333333,-1000.1321281307061
3.1251,-1000.132244546028
3.1267833333333335,-1000.132542569252
3.12845,-1000.1329756342494
3.130116666666667,-1000.1334832050528
3.1317833333333334,-1000.1339768060176
3.1334500000000003,-1000.134367961499
3.1351166666666668,-1000.1346007921428
3.1367833333333337,-1000.1346427016587
3.13845,-1000.1344983466596
3.1401166666666667,-1000.1342003234356
3.1417833333333336,-1000.1338045113412
3.14345,-1000.1333714463437
3.145116666666667,-1000.1329616644108
3.1467833333333335,-1000.1326357015095
3.14845,-1000.1324354671558
3.150116666666667,-1000.1323749311885
3.1517833333333334,-1000.1324634068332
3.1534500000000003,-1000.1326822676382
3.155116666666667,-1000.1329849474752
3.1568,-1000.133324880215
3.158466666666667,-1000.1336368732776
3.1601333333333335,-1000.1338510774699
3.1618,-1000.1339209266631
3.163466666666667,-1000.1338184811798
3.1651333333333334,-1000.1335530542459
3.1668000000000003,-1000.1331386157
3.1684666666666668,-1000.1326310448966
3.1701333333333337,-1000.1320815645773
3.1718,-1000.1315646805482
3.1734666666666667,-1000.1311455853894
3.1751333333333336,-1000.1308941282941
3.1768,-1000.1308522187783
3.178466666666667,-1000.1310384832933
3.1801333333333335,-1000.1314436086134
3.1818,-1000.13202102861
3.183466666666667,-1000.1326962374769
3.1851333333333334,-1000.1333667897309
3.1868166666666666,-1000.1339209266631
3.1884833333333336,-1000.1342468895643
3.19015,-1000.1342841424673
3.191816666666667,-1000.1340047456948
3.1934833333333335,-1000.1334366389241
3.19515,-1000.132654327961
3.196816666666667,-1000.1317835413533
3.1984833333333333,-1000.13093603781
3.2001500000000003,-1000.1302468591044
3.2018166666666668,-1000.1298044808814
3.2034833333333337,-1000.1296647824951
3.20515,-1000.1298277639457
3.2068166666666666,-1000.1302468591044
3.2084833333333336,-1000.1308289357139
3.21015,-1000.131457578452
3.211816666666667,-1000.1320256852229
3.2135000000000002,-1000.1324308105429
3.2151666666666667,-1000.132617075058
3.2168333333333337,-1000.1325611957035
3.2185,-1000.1322771423181
3.2201666666666666,-1000.1318114810306
3.2218333333333335,-1000.1312154345825
3.2235,-1000.1305681653929
3.225166666666667,-1000.1299488358804
3.2268333333333334,-1000.1294226386256
3.2285000000000004,-1000.1290640794342
3.230166666666667,-1000.1289057545964
3.2318333333333333,-1000.1289523207251
3.2335000000000003,-1000.129180494756
3.2351666666666667,-1000.1295250841089
3.2368333333333337,-1000.1299069263646
3.2385,-1000.1302468591044
3.2401666666666666,-1000.1304796897482
3.2418333333333336,-1000.1305821352315
3.2435,-1000.1305541955543
3.2451833333333333,-1000.1304377802323
3.2468500000000002,-1000.1302747987818
3.2485166666666667,-1000.1301211305569
3.2501833333333336,-1000.1300373115251
3.25185,-1000.1300605945895
3.2535166666666666,-1000.1302142628143
3.2551833333333335,-1000.130489002974
3.25685,-1000.1308522187783
3.258516666666667,-1000.1312433742598
3.2601833333333334,-1000.1316019334512
3.2618500000000004,-1000.1318533905464
3.263516666666667,-1000.131941866191
3.2651833333333333,-1000.131834764095
3.2668500000000003,-1000.1315274276452
3.2685166666666667,-1000.1310617663577
3.2701833333333337,-1000.1304936595869
3.27185,-1000.1299069263646
3.2735166666666666,-1000.1293760724968
3.2752000000000003,-1000.1289709471766
3.276866666666667,-1000.1287194900814
3.2785333333333333,-1000.1286356710497
3.2802000000000002,-1000.1286822371784
3.2818666666666667,-1000.1288172789518
3.2835333333333336,-1000.1289849170153
3.2852,-1000.1291339286273
3.2868666666666666,-1000.129217747659
3.2885333333333335,-1000.1292084344333
3.2902,-1000.1290827058857
3.291866666666667,-1000.1288172789518
3.2935333333333334,-1000.1284214668574
3.2952000000000004,-1000.127913896054
3.296866666666667,-1000.1273271628318
3.2985333333333333,-1000.126717146545
3.3002000000000002,-1000.126158353
3.3018666666666667,-1000.125711318164
3.3035333333333337,-1000.1254365780044
3.305216666666667,-1000.1253667288113
3.3068833333333334,-1000.1255064271975
3.3085500000000003,-1000.125823076873
3.310216666666667,-1000.1262654550961
3.3118833333333333,-1000.1267450862223
3.31355,-1000.1271828078326
3.3152166666666667,-1000.1274854876694
3.3168833333333336,-1000.1276019029914
3.31855,-1000.1275041141209
3.320216666666667,-1000.127206090897
3.3218833333333335,-1000.126754399448
3.32355,-1000.1262235455803
3.325216666666667,-1000.1256833784868
3.3268833333333334,-1000.1252084039735
3.3285500000000003,-1000.124849844782
3.330216666666667,-1000.1246216707511
3.3318833333333333,-1000.1245192252679
3.333566666666667,-1000.1245052554293
3.3352333333333335,-1000.1245285384937
3.3369,-1000.1245331951066
3.338566666666667,-1000.1244680025263
3.3402333333333334,-1000.1243050210757
3.3419000000000003,-1000.1240209676903
3.343566666666667,-1000.1236344688216
3.3452333333333333,-1000.1231781207599
3.3469,-1000.1227031462466
3.3485666666666667,-1000.122279394475
3.3502333333333336,-1000.1219767146381
3.3519,-1000.1218463294775
3.353566666666667,-1000.1219208352835
3.3552333333333335,-1000.1221769489916
3.3569,-1000.1225727610861
3.358566666666667,-1000.1230337657607
3.3602333333333334,-1000.1234808005968
3.3619166666666667,-1000.1238160767238
3.3635833333333336,-1000.1239650883358
3.36525,-1000.123881269304
3.366916666666667,-1000.123545993177
3.3685833333333335,-1000.122987199632
3.37025,-1000.1222654246363
3.371916666666667,-1000.1214598306088
3.3735833333333334,-1000.1206495799686
3.3752500000000003,-1000.1199091785214
3.376916666666667,-1000.1192898490091
3.3785833333333337,-1000.1188381575602
3.38025,-1000.1185587607877
3.3819166666666667,-1000.1184470020786
3.3835833333333336,-1000.1184609719172
3.38525,-1000.1185541041748
3.386916666666667,-1000.1186658628837
3.3885833333333335,-1000.1187357120768
3.39025,-1000.1187077723996
3.391916666666667,-1000.1185494475619
3.3936,-1000.1182327978863
3.3952666666666667,-1000.1177671365988
3.3969333333333336,-1000.1171757467637
3.3986,-1000.1165145077354
3.400266666666667,-1000.1158625819329
3.4019333333333335,-1000.115294475162
3.4036,-1000.1148940064548
3.405266666666667,-1000.1147123985527
3.4069333333333334,-1000.1147589646814
3.4086000000000003,-1000.114996451938
3.410266666666667,-1000.1153596677424
3.4119333333333337,-1000.1157321967723
3.4136,-1000.1160115935448
3.4152666666666667,-1000.1161093824153
3.4169333333333336,-1000.1159743406419
3.4186,-1000.1156018116119
3.420266666666667,-1000.1150150783895
3.4219500000000003,-1000.1142653637166
3.4236166666666668,-1000.1134271733991
3.4252833333333337,-1000.1125610434043
3.42695,-1000.1117414795383
3.4286166666666666,-1000.1110243611555
3.4302833333333336,-1000.1104655676104
3.43195,-1000.1100930385804
3.433616666666667,-1000.1099021174525
3.4352833333333335,-1000.1098695211624
3.43695,-1000.1099393703555
3.438616666666667,-1000.110037159226
3.4402833333333334,-1000.1100883819676
3.4419500000000003,-1000.1100045629358
3.4436166666666668,-1000.1097391360018
3.4452833333333337,-1000.1092548482629
3.44695,-1000.1085377298801
3.4486166666666667,-1000.1076296903694
3.4502833333333336,-1000.1065959223112
3.451966666666667,-1000.1055342145755
3.4536333333333333,-1000.1045423560331
3.4553000000000003,-1000.10372744878
3.4569666666666667,-1000.1031407155576
3.4586333333333337,-1000.1028147526564
3.4603,-1000.1027169637861
3.4619666666666666,-1000.1027728431405
3.4636333333333336,-1000.102865975398
3.4653,-1000.1028799452366
3.466966666666667,-1000.1027123071732
3.4686333333333335,-1000.1022885554015
3.4703000000000004,-1000.1015947200831
3.471966666666667,-1000.100663397508
3.4736333333333334,-1000.099583063321
3.4753000000000003,-1000.0984561630052
3.4769666666666668,-1000.0973944552696
3.4786333333333337,-1000.0964771025332
3.480316666666667,-1000.0957599841504
3.4819833333333334,-1000.0952477567341
3.4836500000000004,-1000.09491713722
3.485316666666667,-1000.0947075896406
3.4869833333333333,-1000.0945259817385
3.4886500000000003,-1000.0942791812561
3.4903166666666667,-1000.0938787125489
3.4919833333333337,-1000.0932640396493
3.49365,-1000.0924258493318
3.4953166666666666,-1000.0913920812734
3.4969833333333336,-1000.0902279280547
3.49865,-1000.0890311785457
3.500316666666667,-1000.087899621617
3.5019833333333334,-1000.0869217329132
3.5036500000000004,-1000.0861673616274
3.505316666666667,-1000.0856551342112
3.507,-1000.0853617676
3.508666666666667,-1000.085212755988
3.5103333333333335,-1000.0851196237305
3.512,-1000.0849845819571
3.513666666666667,-1000.0847238116361
3.5153333333333334,-1000.0842721201872
3.5170000000000003,-1000.0835922547074
3.518666666666667,-1000.0826795585839
3.5203333333333333,-1000.0815666281067
3.5220000000000002,-1000.0803093426304
3.5236666666666667,-1000.0789868645738
3.5253333333333337,-1000.0776830129687
3.527,-1000.0764816068469
3.5286666666666666,-1000.0754431821757
3.5303333333333335,-1000.0746236183097
3.532,-1000.074050854926
3.533666666666667,-1000.0737248920248
3.5353333333333334,-1000.0736131333158
3.5370000000000004,-1000.0736596994445
3.538666666666667,-1000.0737574883149
3.54035,-1000.0737993978307
3.542016666666667,-1000.0736643560574
3.5436833333333335,-1000.0732778571887
3.54535,-1000.0726119615475
3.547016666666667,-1000.0716946088112
3.5486833333333334,-1000.0706049613983
3.5503500000000003,-1000.0694501214052
3.552016666666667,-1000.0683371909281
3.5536833333333333,-1000.0673546456114
3.5553500000000002,-1000.0665537081969
3.5570166666666667,-1000.0659623183617
3.5586833333333336,-1000.0655851327189
3.56035,-1000.0654081814296
3.562016666666667,-1000.0653755851395
3.5636833333333335,-1000.0654361211068
3.56535,-1000.0655152835257
3.567016666666667,-1000.0655432232029
3.5687,-1000.0654547475583
3.5703666666666667,-1000.065203290463
3.5720333333333336,-1000.0647795386914
3.5737,-1000.0641928054691
3.575366666666667,-1000.0634803436992
3.5770333333333335,-1000.0627166591877
3.5787,-1000.0619995408049
3.580366666666667,-1000.0614174641955
3.5820333333333334,-1000.0610589050041
3.5837000000000003,-1000.0609657727466
3.585366666666667,-1000.0611380674229
3.5870333333333333,-1000.0615292229045
3.5887000000000002,-1000.0620507635465
3.5903666666666667,-1000.0626049004786
3.5920333333333336,-1000.0630985014434
3.5937,-1000.0634291209576
3.595366666666667,-1000.0635408796666
3.5970333333333335,-1000.0634011812804
3.598716666666667,-1000.0630100257988
3.6003833333333337,-1000.0624139793508
3.60205,-1000.0616828911294
3.6037166666666667,-1000.060914550005
3.6053833333333336,-1000.0602020882351
3.60705,-1000.0596293248514
3.608716666666667,-1000.05927076566
3.6103833333333335,-1000.0591636635638
3.61205,-1000.0593033619501
3.613716666666667,-1000.0596572645286
3.6153833333333334,-1000.0601508654934
3.6170500000000003,-1000.0606863759741
3.618716666666667,-1000.0611613504874
3.6203833333333333,-1000.0614966266144
3.62205,-1000.0616456382263
3.6237166666666667,-1000.0616037287105
3.6253833333333336,-1000.0614128075827
3.62705,-1000.0611520372615
3.6287333333333334,-1000.0609331764565
3.6304000000000003,-1000.0608540140375
3.6320666666666668,-1000.0610123388753
3.6337333333333337,-1000.0614547170985
3.6354,-1000.0621858053199
3.6370666666666667,-1000.0631590374109
3.6387333333333336,-1000.0642952509523
3.6404,-1000.0654966570742
3.642066666666667,-1000.0666514970673
3.6437333333333335,-1000.0676712952869
3.6454,-1000.0684768893143
3.647066666666667,-1000.0690263696337
3.6487333333333334,-1000.0693243928577
3.6504000000000003,-1000.0694035552765
3.652066666666667,-1000.0693337060834
3.6537333333333337,-1000.06919866431
3.6554,-1000.0690775923753
3.6570833333333335,-1000.0690682791495
3.6587500000000004,-1000.0692312606002
3.660416666666667,-1000.0696177594688
3.6620833333333334,-1000.0702510588198
3.6637500000000003,-1000.0711171888146
3.6654166666666668,-1000.0721742399373
3.6670833333333337,-1000.0733663328334
3.66875,-1000.0746189616968
3.6704166666666667,-1000.0758483074959
3.6720833333333336,-1000.0769658945859
3.67375,-1000.0779158436125
3.675416666666667,-1000.0786515884467
3.6770833333333335,-1000.0791824423145
3.67875,-1000.0795456581188
3.680416666666667,-1000.079801771827
3.6820833333333334,-1000.0800532289222
3.6837500000000003,-1000.0804024748878
3.685416666666667,-1000.0809379853686
3.6871,-1000.0817156397187
3.688766666666667,-1000.0827540643899
3.6904333333333335,-1000.0840206630919
3.6921000000000004,-1000.085436273406
3.693766666666667,-1000.0868984498488
3.6954333333333333,-1000.08830940355
3.6971000000000003,-1000.0895760022521
3.6987666666666668,-1000.0906470232134
3.7004333333333337,-1000.091485213531
3.7021,-1000.0921045430433
3.7037666666666667,-1000.0925422646536
3.7054333333333336,-1000.0928496011034
3.7071,-1000.0931103714244
3.708766666666667,-1000.0934130512613
3.7104333333333335,-1000.0938507728715
3.7121000000000004,-1000.0944980420612
3.713766666666667,-1000.0953921117333
3.71545,-1000.0965236686619
3.7171166666666666,-1000.0978182070413
3.7187833333333336,-1000.099173281388
3.72045,-1000.1004678197673
3.722116666666667,-1000.1015807502445
3.7237833333333334,-1000.1024422236264
3.7254500000000004,-1000.1030289568487
3.727116666666667,-1000.1033688895885
3.7287833333333333,-1000.1035458408778
3.7304500000000003,-1000.1036669128126
3.7321166666666667,-1000.103871803779
3.7337833333333337,-1000.1042629592606
3.73545,-1000.104919541676
3.7371166666666666,-1000.1058694907026
3.7387833333333336,-1000.1070895232759
3.74045,-1000.108500476977
3.742116666666667,-1000.1100092195487
3.7437833333333335,-1000.1115133055074
3.7454500000000004,-1000.1129242592086
3.7471333333333336,-1000.1141629182334
3.7488,-1000.1151827164531
3.750466666666667,-1000.1159650274161
3.7521333333333335,-1000.1165191643482
3.7538,-1000.1168916933783
3.755466666666667,-1000.1171524636993
3.7571333333333334,-1000.1173946075688
3.7588000000000004,-1000.1177066006314
3.760466666666667,-1000.1181815751447
3.7621333333333333,-1000.118880067076
3.7638000000000003,-1000.1198300161026
3.7654666666666667,-1000.1210221089987
3.7671333333333337,-1000.1223818399582
3.7688,-1000.1238253899495
3.7704666666666666,-1000.1252363436507
3.7721333333333336,-1000.1265122555785
3.7738,-1000.1275599934754
3.7754833333333333,-1000.128323677987
3.7771500000000002,-1000.1287939958875
3.7788166666666667,-1000.128994230241
3.7804833333333336,-1000.1290035434668
3.78215,-1000.1289243810479
3.783816666666667,-1000.1288685016934
3.7854833333333335,-1000.1289523207251
3.78715,-1000.1292782836265
3.788816666666667,-1000.129892956526
3.7904833333333334,-1000.1308056526495
3.7921500000000004,-1000.1319558360296
3.793816666666667,-1000.1332410611833
3.7954833333333333,-1000.1345449127883
3.7971500000000002,-1000.1357370056844
3.7988166666666667,-1000.136724207614
3.8004833333333337,-1000.1374646090611
3.802166666666667,-1000.137953553413
3.8038333333333334,-1000.1382422634113
3.8055000000000003,-1000.1384145580877
3.807166666666667,-1000.1385728829255
3.8088333333333337,-1000.1388010569564
3.8105,-1000.1391828992121
3.8121666666666667,-1000.1397649758214
3.8138333333333336,-1000.1405566000103
3.8155,-1000.1415205188755
3.817166666666667,-1000.1425961964496
3.8188333333333335,-1000.1436858438625
3.8205,-1000.1447056420822
3.822166666666667,-1000.1455857419155
3.8238333333333334,-1000.1462749206211
3.8255000000000003,-1000.1467592083601
3.827166666666667,-1000.1470479183583
3.8288333333333333,-1000.1471829601318
3.8305000000000002,-1000.1472015865833
3.8321666666666667,-1000.1471596770674
3.83385,-1000.1471084543258
3.835516666666667,-1000.1470851712613
3.8371833333333334,-1000.1471410506159
3.8388500000000003,-1000.1473040320665
3.840516666666667,-1000.1475973986777
3.8421833333333337,-1000.1480118372235
3.84385,-1000.1485287212527
3.8455166666666667,-1000.1490921714106
3.8471833333333336,-1000.1496556215685
3.84885,-1000.1501631923719
3.850516666666667,-1000.1505822875307
3.8521833333333335,-1000.1508942805933
3.85385,-1000.1511131413985
3.855516666666667,-1000.1512574963976
3.8571833333333334,-1000.1513785683323
3.8588500000000003,-1000.1515136101058
3.860516666666667,-1000.1517138444593
3.8621833333333333,-1000.1520025544577
3.863866666666667,-1000.1524076797778
3.8655333333333335,-1000.1529152505811
3.8672,-1000.1535019838035
3.868866666666667,-1000.1541259699287
3.8705333333333334,-1000.1547266729897
3.8722000000000003,-1000.1552528702446
3.873866666666667,-1000.1556626521776
3.8755333333333337,-1000.15590945266
3.8772,-1000.155983958466
3.8788666666666667,-1000.1558861695956
3.8805333333333336,-1000.1556440257261
3.8822,-1000.1553040929862
3.883866666666667,-1000.1549269073433
3.8855333333333335,-1000.1545776613776
3.8872,-1000.1543168910566
3.888866666666667,-1000.1541865058962
3.8905333333333334,-1000.1542097889605
3.8922000000000003,-1000.1543867402497
3.8938833333333336,-1000.1546987333124
3.89555,-1000.1551085152454
3.897216666666667,-1000.1555741765329
3.8988833333333335,-1000.1560491510462
3.9005500000000004,-1000.1564868726565
3.902216666666667,-1000.1568547450736
3.9038833333333334,-1000.1571248286205
3.9055500000000003,-1000.1572691836195
3.907216666666667,-1000.1572831534581
3.9088833333333337,-1000.1571713947492
3.91055,-1000.156952533944
3.9122166666666667,-1000.1566824503973
3.9138833333333336,-1000.1564170234634
3.91555,-1000.1562214457226
3.917216666666667,-1000.1561469399167
3.9188833333333335,-1000.1561935060454
3.92055,-1000.1563378610444
3.9222333333333337,-1000.1565194689466
3.9239,-1000.1566498541072
3.9255666666666666,-1000.1566638239458
3.9272333333333336,-1000.1565101557209
3.9289,-1000.1561888494325
3.930566666666667,-1000.1557418145965
3.9322333333333335,-1000.1552482136317
3.9339000000000004,-1000.154787208957
3.935566666666667,-1000.1544379629914
3.9372333333333334,-1000.1542470418635
3.9389000000000003,-1000.1542377286378
3.9405666666666668,-1000.1543913968626
3.9422333333333337,-1000.1546614804093
3.9439,-1000.1549920999236
3.9455666666666667,-1000.1553273760505
3.9472333333333336,-1000.155606772823
3.9489,-1000.1558023505638
3.9505833333333333,-1000.1558815129827
3.9522500000000003,-1000.1558442600797
3.9539166666666667,-1000.155685935242
3.9555833333333337,-1000.155425164921
3.95725,-1000.155085232181
3.9589166666666666,-1000.1546894200867
3.9605833333333336,-1000.1542842947665
3.96225,-1000.1539164223493
3.963916666666667,-1000.1536370255768
3.9655833333333335,-1000.1534880139649
3.9672500000000004,-1000.1535019838035
3.968916666666667,-1000.1536742784798
3.9705833333333334,-1000.1539769583168
3.9722500000000003,-1000.1543448307339
3.9739166666666668,-1000.1546847634738
3.9755833333333337,-1000.1549036242789
3.97725,-1000.1549362205691
3.9789166666666667,-1000.154749956054
3.9806000000000004,-1000.1543681137982
3.982266666666667,-1000.1538465731562
3.9839333333333333,-1000.1532784663855
3.9856000000000007,-1000.1527429559048
3.9872666666666667,-1000.152323860746
3.9889333333333337,-1000.1520770602637
3.9906000000000006,-1000.1520165242963
3.9922666666666675,-1000.1521469094567
3.9939333333333336,-1000.1524309628421
3.9956000000000005,-1000.1528034918722
3.9972666666666674,-1000.1532039605795
3.9989333333333335,-1000.1535625197708
