min,µS/cm
0.0,-997.8885487643482
0.0016666666666667052,-997.888707089186
0.0033333333333334103,-997.8887629685405
0.004999999999999893,-997.8885906738642
0.006666666666666599,-997.8880179104805
0.008333333333333304,-997.8868677271004
0.010000000000000009,-997.8850376782403
0.011683333333333268,-997.8825743300293
0.01333333333333342,-997.879710513111
0.015016666666666678,-997.8768140999026
0.016683333333333383,-997.87429952895
0.01835000000000009,-997.8725393292832
0.02001666666666657,-997.8717523617073
0.021683333333333277,-997.8719945055768
0.023349999999999982,-997.8731679720213
0.025016666666666687,-997.8750771833002
0.026683333333333392,-997.8774706823181
0.028350000000000097,-997.8800783855282
0.03001666666666658,-997.8826488358353
0.031683333333333286,-997.8849492025957
0.03334999999999999,-997.8867839080685
0.035016666666666696,-997.8880085972547
0.0366833333333334,-997.8885394511225
0.038350000000000106,-997.8883904395105
0.04001666666666659,-997.8876407248376
0.04170000000000007,-997.8864579451673
0.04335,-997.8850563046918
0.04503333333333326,-997.8836686340551
0.046699999999999964,-997.8824905109976
0.04836666666666667,-997.8816709471315
0.050033333333333374,-997.8812797916501
0.05170000000000008,-997.8813077313273
0.05336666666666656,-997.8816802603573
0.05503333333333327,-997.882253023741
0.05669999999999997,-997.8828770098662
0.05836666666666668,-997.8833892372825
0.06003333333333338,-997.8836779472808
0.06170000000000009,-997.8836872605066
0.06336666666666657,-997.8834218335726
0.06503333333333328,-997.8829515156723
0.06669999999999998,-997.8823834089014
0.06836666666666669,-997.8818153021307
0.07003333333333339,-997.8813217011659
0.07171666666666665,-997.880944515523
0.07338333333333336,-997.8806697753633
0.07505000000000006,-997.8804695410097
0.07671666666666677,-997.8802925897205
0.07838333333333325,-997.8801156384312
0.08004999999999995,-997.8799200606904
0.08171666666666666,-997.8797198263368
0.08338333333333336,-997.8795242485961
0.08505000000000007,-997.8793659237583
0.08671666666666678,-997.8792401952106
0.08838333333333326,-997.8791284365017
0.09004999999999996,-997.8790073645669
0.09171666666666667,-997.8788304132777
0.09338333333333337,-997.8785742995696
0.09505000000000008,-997.8782436800553
0.09671666666666656,-997.8778758076382
0.09838333333333327,-997.8775312182854
0.10004999999999997,-997.8772657913515
0.10173333333333323,-997.8771260929653
0.10339999999999994,-997.877140062804
0.10506666666666664,-997.877284417803
0.10673333333333335,-997.8775172484468
0.10840000000000005,-997.8777640489292
0.11006666666666676,-997.87795962667
0.11173333333333324,-997.8780620721533
0.11339999999999995,-997.8780481023146
0.11506666666666665,-997.8779316869927
0.11673333333333336,-997.8777547357034
0.11840000000000006,-997.8775498447369
0.12006666666666677,-997.8773542669962
0.12173333333333325,-997.8771912855456
0.12339999999999995,-997.8770702136108
0.12506666666666666,-997.8770003644177
0.12673333333333336,-997.8769957078048
0.12840000000000007,-997.8770515871593
0.13008333333333333,-997.8771726590941
0.13175000000000003,-997.8773402971576
0.13341666666666674,-997.8775498447369
0.13508333333333322,-997.8777826753807
0.13674999999999993,-997.8780201626373
0.13841666666666663,-997.8782483366682
0.14008333333333334,-997.8784532276347
0.14175000000000004,-997.8786255223112
0.14341666666666675,-997.8787465942459
0.14508333333333345,-997.8788211000519
0.14674999999999994,-997.8788583529549
0.14841666666666664,-997.8788676661807
0.15008333333333335,-997.8788723227935
0.15175000000000005,-997.8788769794064
0.15341666666666676,-997.8788862926322
0.15508333333333324,-997.8788862926322
0.15674999999999994,-997.8788583529549
0.15841666666666665,-997.878779190536
0.16008333333333336,-997.8786488053755
0.16176666666666661,-997.8784765106991
0.16343333333333332,-997.8782809329583
0.16510000000000002,-997.8781039816691
0.16676666666666673,-997.8779689398957
0.16843333333333343,-997.8778990907026
0.17009999999999992,-997.8779037473155
0.17176666666666662,-997.8779735965086
0.17343333333333333,-997.8780900118305
0.17510000000000003,-997.8782297102167
0.17676666666666674,-997.8783600953773
0.17843333333333344,-997.8784765106991
0.18009999999999993,-997.8785649863438
0.18176666666666663,-997.8786394921498
0.18343333333333334,-997.8787139979557
0.18510000000000004,-997.8788071302133
0.18676666666666675,-997.8789235455351
0.18843333333333323,-997.8790492740828
0.19009999999999994,-997.8791703460175
0.19178333333333342,-997.8792448518235
0.1934499999999999,-997.8792495084364
0.1951166666666666,-997.8791703460175
0.1967833333333333,-997.8790353042442
0.19845000000000002,-997.8788816360193
0.20011666666666672,-997.8787559074716
0.20178333333333343,-997.8786860582785
0.20345000000000013,-997.8786953715043
0.2051166666666666,-997.8787605640845
0.20678333333333332,-997.8788676661807
0.20845000000000002,-997.8789933947282
0.21011666666666673,-997.8791470629532
0.21178333333333343,-997.8793566105326
0.21344999999999992,-997.8796499771437
0.21511666666666662,-997.880050445851
0.21678333333333333,-997.8805580166544
0.21845000000000003,-997.8811447498766
0.22011666666666674,-997.8817501095505
0.2218,-997.8823135597083
0.2234666666666667,-997.8827838776087
0.2251333333333334,-997.8831144971228
0.2267999999999999,-997.8833100748636
0.2284666666666666,-997.8833938938953
0.2301333333333333,-997.8834125203468
0.2318,-997.8834171769597
0.2334666666666667,-997.8834497732499
0.23513333333333342,-997.8835289356688
0.23680000000000012,-997.8836453509906
0.2384666666666666,-997.8837710795383
0.2401333333333333,-997.8838595551829
0.24180000000000001,-997.883892151473
0.24346666666666672,-997.8838642117958
0.24513333333333343,-997.8838036758284
0.2467999999999999,-997.8837757361512
0.2484666666666666,-997.8838269588928
0.2501500000000001,-997.8840132234078
0.2518166666666666,-997.8843484995348
0.2534833333333333,-997.8848281306609
0.25515,-997.885424177109
0.2568166666666667,-997.8860761029115
0.2584833333333334,-997.8867326853269
0.2601499999999999,-997.8873427016136
0.2618166666666668,-997.8878688988685
0.2634833333333333,-997.8883019638658
0.26515,-997.8886186135414
0.2668166666666667,-997.8888188478951
0.2684833333333334,-997.8889026669268
0.2701500000000001,-997.8888886970882
0.2718166666666666,-997.8888095346693
0.2734833333333333,-997.8886977759603
0.27515,-997.8885906738642
0.2768166666666667,-997.8884975416066
0.2784833333333334,-997.8884323490264
0.2801666666666667,-997.8883950961234
0.2818333333333334,-997.8883997527363
0.2835000000000001,-997.8884649453165
0.28516666666666657,-997.8886139569286
0.2868333333333333,-997.8888654140238
0.2885,-997.8892053467637
0.2901666666666667,-997.8895965022452
0.2918333333333334,-997.889978344501
0.2935000000000001,-997.8902949941765
0.2951666666666668,-997.890504541756
0.2968333333333333,-997.8905976740134
0.2985,-997.890611643852
0.3001666666666667,-997.8906069872392
0.3018333333333334,-997.8906442401421
0.3035000000000001,-997.890765312077
0.3051666666666666,-997.8909981427207
0.3068333333333333,-997.8913101357833
0.3085166666666668,-997.8916686949747
0.31018333333333326,-997.892031910779
0.31184999999999996,-997.8923765001317
0.31351666666666667,-997.8927024630331
0.31518333333333337,-997.89303773916
0.3168500000000001,-997.8933962983514
0.31851666666666656,-997.8937967670587
0.3201833333333335,-997.8942298320561
0.32184999999999997,-997.8946628970535
0.3235166666666667,-997.8950493959221
0.3251833333333334,-997.8953474191461
0.3268500000000001,-997.895538340274
0.3285166666666668,-997.8956268159186
0.3301833333333333,-997.8956500989831
0.33185,-997.8956640688217
0.3335166666666667,-997.895724604789
0.3351833333333334,-997.895878273014
0.3368500000000001,-997.8961436999479
0.3385166666666666,-997.8965208855907
0.34020000000000006,-997.896958607201
0.34186666666666676,-997.8974149552628
0.34353333333333325,-997.8978340504216
0.34519999999999995,-997.8981693265486
0.34686666666666666,-997.8984161270309
0.34853333333333336,-997.8985930783202
0.35020000000000007,-997.8987234634807
0.35186666666666655,-997.8988585052541
0.3535333333333335,-997.8990307999304
0.35519999999999996,-997.8992636305742
0.35686666666666667,-997.8995756236369
0.35853333333333337,-997.8999528092797
0.3602000000000001,-997.9003858742772
0.3618666666666668,-997.9008515355647
0.36353333333333326,-997.9013218534651
0.36519999999999997,-997.9017549184625
0.3668666666666667,-997.9021134776539
0.36854999999999993,-997.9023742479749
0.37021666666666664,-997.9025139463612
0.37188333333333334,-997.9025372294255
0.37355000000000005,-997.9024580670066
0.37521666666666675,-997.9023183686204
0.37688333333333324,-997.9021693570083
0.37854999999999994,-997.902071568138
0.38021666666666665,-997.9020855379766
0.38188333333333335,-997.902257832653
0.38355000000000006,-997.9026070786186
0.38521666666666676,-997.9031286192607
0.38688333333333347,-997.9037805450632
0.38854999999999995,-997.9045116332846
0.39021666666666666,-997.9052473781189
0.39188333333333336,-997.9059225869859
0.39355000000000007,-997.9064813805309
0.39521666666666677,-997.9069097889154
0.39690000000000003,-997.9072264385909
0.39856666666666674,-997.9074872089119
0.40023333333333344,-997.90774332262
0.4018999999999999,-997.908041345844
0.40356666666666663,-997.9083952484226
0.40523333333333333,-997.9087584642268
0.40690000000000004,-997.9090751139024
0.40856666666666674,-997.9092800048688
0.4102333333333332,-997.9093312276106
0.41190000000000015,-997.909238095353
0.41356666666666664,-997.9090471742251
0.41523333333333334,-997.9088236568072
0.41690000000000005,-997.9086513621307
0.41856666666666675,-997.908604796002
0.42023333333333346,-997.9087351811625
0.4219166666666667,-997.9090751139024
0.4235833333333334,-997.9096665037375
0.42525000000000013,-997.9105605734096
0.4269166666666666,-997.9118318287245
0.4285833333333333,-997.9135035527468
0.43025,-997.9146257964496
0.4319166666666667,-997.9087817472912
0.43358333333333343,-997.8693402362379
0.4352499999999999,-997.7145311412004
0.4369166666666666,-997.2451492199884
0.4385833333333333,-996.0606093500091
0.44025000000000003,-993.4802032045462
0.44191666666666674,-988.5146985708338
0.4435833333333332,-979.9358346406071
0.44525000000000015,-966.4665679291201
0.44691666666666663,-947.0716495751736
0.44858333333333333,-921.2820189638445
0.45025000000000004,-889.4611200734327
0.4519333333333333,-852.927314514726
0.45358333333333345,-813.8829520036853
0.45524999999999993,-775.1524591702746
0.4569333333333334,-739.78144709942
0.4586000000000001,-710.5825053111569
0.4602666666666666,-689.7222812705311
0.4619333333333333,-678.4297855004806
0.4636,-676.8742625959563
0.4652666666666667,-684.2219367084195
0.4669333333333334,-698.845135373457
0.4685999999999999,-718.6311626427952
0.4702666666666666,-741.3265624741682
0.4719333333333333,-764.8546391934411
0.4736,-787.5574150996084
0.4752666666666667,-808.3339178973501
0.47693333333333343,-826.6687164207309
0.47860000000000014,-842.564455625864
0.4802666666666666,-856.4061722049519
0.4819333333333333,-868.7919102929495
0.48360000000000003,-880.3638400884176
0.48526666666666673,-891.6678609753344
0.48695,-903.0599151286575
0.4886166666666667,-914.6659033906953
0.4902833333333334,-926.3917435549162
0.4919500000000001,-937.9716827245297
0.4936166666666667,-949.0400603735075
0.4952833333333333,-959.2103869464297
0.49695,-968.1482245065962
0.4986166666666667,-975.6260230092453
0.5002833333333333,-981.5529319371809
0.50195,-985.9773288415639
0.5036166666666667,-989.0660461918759
0.5052833333333333,-991.0677238325903
0.50695,-992.2691718639197
0.5086166666666667,-992.9532562349706
0.5102833333333333,-993.3648449337877
0.51195,-993.6888613708732
0.5136166666666667,-994.0416137660116
0.5153,-994.474208445509
0.5169666666666667,-994.9850249080849
0.5186333333333334,-995.5373597310564
0.5203,-996.0783044789351
0.5219666666666667,-996.5554536304229
0.5236333333333334,-996.9291887231773
0.5253,-997.1794583821573
0.5269666666666667,-997.307128737358
0.5286333333333334,-997.3309333423763
0.5303,-997.2815127099312
0.5319666666666667,-997.1942803809393
0.5336333333333334,-997.1026987755218
0.5353,-997.0330917262627
0.5369666666666667,-997.001650276129
0.5386333333333334,-997.0137807526689
0.5403,-997.065403963004
0.5419666666666667,-997.1456746557475
0.5436500000000001,-997.2403016859853
0.5453166666666667,-997.334821614127
0.5469833333333334,-997.4171924392773
0.54865,-997.4794839497094
0.5503166666666667,-997.5184784259268
0.5519833333333334,-997.5353167380837
0.55365,-997.5344971742176
0.5553166666666667,-997.5224318902578
0.5569833333333334,-997.506003360034
0.55865,-997.4912838067353
0.5603166666666667,-997.4826690729161
0.5619833333333334,-997.4824688385625
0.56365,-997.4909252475439
0.5653166666666667,-997.5065947498691
0.5669833333333334,-997.5269534613597
0.56865,-997.5490584026785
0.5703166666666667,-997.5701482023904
0.5719833333333334,-997.5881134148632
0.5736666666666667,-997.6017153810718
0.5753333333333334,-997.6106607344051
0.5770000000000001,-997.615443075828
0.5786666666666667,-997.6171427395275
0.5803333333333334,-997.6170961733987
0.5820000000000001,-997.6166491385627
0.5836666666666667,-997.6169052522708
0.5853333333333334,-997.6185956027446
0.5870000000000001,-997.6220182132079
0.5886666666666667,-997.6270799514033
0.5903333333333334,-997.6333803486234
0.5920000000000001,-997.6403559547106
0.5936666666666667,-997.6474014099908
0.5953333333333334,-997.6539765473707
0.597,-997.6597134944329
0.5986666666666667,-997.6644259866626
0.6003333333333334,-997.6681279938986
0.602,-997.6709871542039
0.6036833333333333,-997.6732642379
0.60535,-997.6752572682105
0.6070166666666666,-997.677217702231
0.6086833333333334,-997.6793364610893
0.6103500000000001,-997.6817113336556
0.6120166666666667,-997.6843562897687
0.6136833333333334,-997.687220106687
0.6153500000000001,-997.6902189653787
0.6170166666666667,-997.6932737034249
0.6186833333333334,-997.6963051584066
0.6203500000000001,-997.6992621075824
0.6220166666666667,-997.7020933282106
0.6236833333333334,-997.7047615673881
0.6253500000000001,-997.7072388854377
0.6270166666666667,-997.7095159691337
0.6286833333333334,-997.7116021317019
0.6303500000000001,-997.7135299694322
0.6320166666666667,-997.715327422002
0.6337,-997.7170224290886
0.6353666666666667,-997.7186429303692
0.6370333333333333,-997.7201935824567
0.6387,-997.7216883551896
0.6403666666666668,-997.7231225919552
0.6420333333333333,-997.724510262592
0.6437,-997.7258560237129
0.6453666666666666,-997.7271645319308
0.6470333333333333,-997.7284544136974
0.6487,-997.7297536086895
0.6503666666666666,-997.731076086746
0.6520333333333334,-997.7324451309314
0.6537000000000001,-997.7338560846326
0.6553666666666667,-997.7352903213982
0.6570333333333334,-997.7367199015509
0.6587000000000001,-997.7381075721877
0.6603666666666667,-997.7394300502443
0.66205,-997.7406826791077
0.6637166666666667,-997.7418747720038
0.6653833333333333,-997.7430296119968
0.66705,-997.7441704821513
0.6687166666666667,-997.7452973824671
0.6703833333333333,-997.7464056563314
0.67205,-997.747467364067
0.6737166666666667,-997.7484592226094
0.6753833333333333,-997.7493765753458
0.67705,-997.7502147656634
0.6787166666666667,-997.7509924200135
0.6803833333333333,-997.7517235082349
0.68205,-997.7524220001662
0.6837166666666668,-997.7530972090332
0.6853833333333333,-997.7537631046742
0.68705,-997.754410373864
0.6887166666666668,-997.755043673215
0.6903833333333333,-997.7556583461145
0.6920666666666667,-997.7562497359497
0.6937333333333333,-997.7568224993333
0.6954,-997.7573812928783
0.6970666666666667,-997.7579447430363
0.6987333333333333,-997.7585128498071
0.7004,-997.7590856131907
0.7020666666666667,-997.7596676898002
0.7037333333333333,-997.7602451097966
0.7054,-997.7607992467288
0.7070666666666667,-997.761311474145
0.7087333333333333,-997.7617491957553
0.7104,-997.762098441721
0.7120666666666667,-997.7623731818807
0.7137333333333333,-997.7626060125244
0.7154,-997.7628481563939
0.7170666666666667,-997.7631601494566
0.71875,-997.7635839012282
0.7204166666666667,-997.7641333815475
0.7220833333333334,-997.7647899639629
0.72375,-997.7655024257327
0.7254166666666667,-997.7662102308898
0.7270833333333334,-997.7668528434666
0.72875,-997.7674116370116
0.7304166666666667,-997.7678912681378
0.7320833333333334,-997.7683243331352
0.73375,-997.768743428294
0.7354166666666667,-997.76919046313
0.7370833333333334,-997.7696840640948
0.73875,-997.7702056047368
0.7404166666666667,-997.7707271453788
0.7420833333333333,-997.771206776505
0.74375,-997.7716025885993
0.7454166666666667,-997.7719099250492
0.7470833333333333,-997.7721427556929
0.74875,-997.7723336768207
0.7504333333333334,-997.7725385677873
0.7521,-997.7727993381083
0.7537666666666667,-997.7731346142353
0.7554333333333334,-997.7735443961683
0.7571,-997.7740007442301
0.7587666666666667,-997.7744850319691
0.7604333333333334,-997.7749786329339
0.7621,-997.7754862037373
0.7637666666666667,-997.7760263708309
0.7654333333333334,-997.776617760666
0.7671,-997.7772743430814
0.7687666666666667,-997.7779868048514
0.7704333333333334,-997.7787318629114
0.7721,-997.7794769209714
0.7737666666666667,-997.7801893827414
0.7754333333333334,-997.7808366519309
0.7771,-997.7814187285404
0.7787666666666667,-997.7819495824082
0.7804500000000001,-997.7824618098244
0.7821166666666667,-997.7829833504665
0.7837833333333334,-997.7835514572372
0.7854500000000001,-997.7841800999754
0.7871166666666667,-997.7848459956166
0.7887833333333334,-997.7855258610964
0.79045,-997.786173130286
0.7921166666666667,-997.7867505502826
0.7937833333333334,-997.787258121086
0.79545,-997.7877191257605
0.7971166666666667,-997.7881801304352
0.7987833333333334,-997.7886923578515
0.80045,-997.7892977175253
0.8021166666666667,-997.790019492521
0.8037833333333334,-997.7908716526771
0.80545,-997.7918355715423
0.8071166666666667,-997.792855369762
0.8088000000000001,-997.7938611981431
0.8104666666666667,-997.7947692376537
0.8121333333333334,-997.7955096391008
0.8138000000000001,-997.7960404929687
0.8154666666666667,-997.7963757690957
0.8171333333333334,-997.7965573769978
0.8188000000000001,-997.7966644790939
0.8204666666666667,-997.7967715811901
0.8221333333333334,-997.7969485324793
0.8238000000000001,-997.7972372424775
0.8254666666666667,-997.7976656508621
0.8271333333333334,-997.7982291010201
0.8288000000000001,-997.7989182797255
0.8304666666666667,-997.7997052473015
0.8321333333333334,-997.8005713772963
0.8338,-997.8014840734198
0.8354666666666667,-997.8024247092206
0.8371333333333334,-997.8033746582472
0.8388166666666667,-997.8042966675964
0.8404833333333334,-997.8051674542041
0.8421500000000001,-997.8059497651672
0.8438166666666667,-997.8066342872598
0.8454833333333334,-997.8072163638692
0.8471500000000001,-997.8077285912855
0.8488166666666667,-997.8082082224116
0.8504833333333334,-997.8087064799893
0.8521500000000001,-997.8092559603086
0.8538166666666667,-997.8098659765952
0.8554833333333334,-997.8105365288493
0.8571500000000001,-997.8112396773935
0.8588166666666667,-997.8119474825505
0.8604833333333334,-997.812641317869
0.8621500000000001,-997.8133165267358
0.8638166666666667,-997.8139963922156
0.8654833333333334,-997.8147135105984
0.8671500000000001,-997.8154958215614
0.8688333333333333,-997.8163572949434
0.8705,-997.8172793042927
0.8721666666666668,-997.8182199400934
0.8738333333333334,-997.8191140097655
0.8755000000000001,-997.8198963207285
0.8771666666666668,-997.8205063370152
0.8788333333333334,-997.8209394020126
0.8805000000000001,-997.8212094855594
0.8821666666666667,-997.8213678103971
0.8838333333333334,-997.8214935389448
0.8855000000000001,-997.8216472071696
0.8871666666666667,-997.8218893510391
0.8888333333333334,-997.8222805065207
0.8905000000000001,-997.8228346434528
0.8921666666666667,-997.8235797015128
0.8938333333333334,-997.8244970542493
0.8955000000000001,-997.8255541053719
0.8971833333333333,-997.8266949755264
0.89885,-997.8278405022937
0.9005166666666667,-997.8288975534164
0.9021833333333333,-997.8297962797013
0.90385,-997.8304901150198
0.9055166666666667,-997.8309697461459
0.9071833333333333,-997.8312584561442
0.90885,-997.8314167809818
0.9105166666666668,-997.831523883078
0.9121833333333333,-997.8316449550127
0.91385,-997.831859159205
0.9155166666666668,-997.8322084051707
0.9171833333333334,-997.8327159759741
0.9188500000000001,-997.8333772150024
0.9205166666666668,-997.8341688391912
0.9221833333333334,-997.8350396257988
0.9238500000000001,-997.835929038858
0.9255166666666668,-997.836785855627
0.9272,-997.837572823203
0.9288666666666667,-997.8382620019086
0.9305333333333333,-997.838839421905
0.9322,-997.8393097398055
0.9338666666666667,-997.8396869254483
0.9355333333333333,-997.8399896052853
0.9372,-997.8402503756063
0.9388666666666667,-997.8405064893144
0.9405333333333333,-997.8407719162483
0.9422,-997.8410699394723
0.9438666666666667,-997.8414052155993
0.9455333333333333,-997.8417963710808
0.9472,-997.8422527191426
0.9488666666666667,-997.8427789163975
0.9505333333333333,-997.8433656496197
0.9522,-997.8440082621966
0.9538666666666668,-997.8446695012249
0.9555333333333333,-997.8453167704145
0.9572166666666667,-997.8459221300883
0.9588833333333334,-997.846452983956
0.96055,-997.8469000187921
0.9622166666666667,-997.8472772044349
0.9638833333333334,-997.8476031673363
0.96555,-997.8479244736246
0.9672166666666667,-997.8482690629775
0.9688833333333334,-997.8486695316847
0.97055,-997.8491258797465
0.9722166666666667,-997.849628793937
0.9738833333333334,-997.8501456779661
0.97555,-997.8506485921566
0.9772166666666667,-997.8511235666699
0.9788833333333333,-997.8515612882802
0.98055,-997.8519943532776
0.9822166666666667,-997.8524413881137
0.9838833333333333,-997.8529256758527
0.9855666666666667,-997.8534565297205
0.9872333333333334,-997.8540246364912
0.9889,-997.8546020564877
0.9905666666666667,-997.8551655066457
0.9922333333333334,-997.8556870472877
0.9939,-997.856162021801
0.9955666666666667,-997.8565904301855
0.9972333333333334,-997.8569722724412
0.9989,-997.8573122051812
1.0005666666666666,-997.8576055717923
1.0022333333333333,-997.8578384024361
1.0039,-997.8580200103381
1.0055666666666667,-997.8581550521116
1.0072333333333334,-997.8582807806592
1.0089000000000001,-997.8584251356583
1.0105833333333334,-997.858625370012
1.01225,-997.8589140800102
1.0139166666666668,-997.8593005788789
1.0155833333333333,-997.859780210005
1.01725,-997.8603529733887
1.0189166666666667,-997.8610002425784
1.0205833333333334,-997.8617127043483
1.02225,-997.8624810454727
1.0239166666666668,-997.8632866395001
1.0255833333333333,-997.8640922335275
1.02725,-997.864855918039
1.0289166666666667,-997.8655357835188
1.0305833333333334,-997.8660806072252
1.0322500000000001,-997.8664764193196
1.0339166666666668,-997.8667325330277
1.0355833333333333,-997.8668955144784
1.03725,-997.8670258996389
1.0389166666666667,-997.867170254638
1.0405833333333334,-997.8673658323788
1.0422500000000001,-997.8676079762483
1.0439333333333334,-997.867882716408
1.0456,-997.8681667697933
1.0472666666666668,-997.8684368533401
1.0489333333333333,-997.868702280274
1.0506,-997.8689770204336
1.0522666666666667,-997.8692797002706
1.0539333333333334,-997.8696103197847
1.0556,-997.8699549091374
1.0572666666666668,-997.8702948418774
1.0589333333333333,-997.8706021783271
1.0606,-997.8708582920352
1.0622666666666667,-997.8710678396146
1.0639333333333334,-997.8712447909039
1.0656,-997.871426398806
1.0672666666666668,-997.8716592294497
1.0689333333333333,-997.8719712225125
1.0706,-997.872394974284
1.0722666666666667,-997.872916514926
1.07395,-997.8735032481484
1.0756166666666667,-997.874113264435
1.0772833333333334,-997.8747046542702
1.07895,-997.8752587912023
1.0806166666666668,-997.8757617053928
1.0822833333333335,-997.8762180534546
1.08395,-997.8766278353877
1.0856166666666667,-997.8770050210305
1.0872833333333334,-997.8773402971576
1.08895,-997.8776336637687
1.0906166666666668,-997.8778897774769
1.0922833333333335,-997.8780993250563
1.09395,-997.8782809329583
1.0956166666666667,-997.878443914409
1.0972833333333334,-997.8786022392468
1.09895,-997.8787605640845
1.1006166666666668,-997.8789328587609
1.1022833333333333,-997.8791330931145
1.1039666666666668,-997.8793705803712
1.1056333333333335,-997.8796639469823
1.1073,-997.8800038797222
1.1089666666666667,-997.880385721978
1.1106333333333334,-997.8807815340724
1.1123,-997.8811633763281
1.1139666666666668,-997.881507965681
1.1156333333333335,-997.8817966756792
1.1173,-997.8820155364843
1.1189666666666667,-997.8821785179349
1.1206333333333334,-997.882290276644
1.1223,-997.8823647824499
1.1239666666666668,-997.8824113485787
1.1256333333333335,-997.8824299750302
1.1273,-997.8824206618044
1.1289666666666667,-997.8823647824499
1.1306333333333334,-997.8822623369667
1.1323166666666666,-997.8821133253547
1.1339833333333333,-997.8819317174525
1.13565,-997.8817454529376
1.1373166666666668,-997.8816010979384
1.1389833333333335,-997.8815312487453
1.1406500000000002,-997.8815452185839
1.1423166666666666,-997.8816290376157
1.1439833333333334,-997.881731483099
1.14565,-997.8817966756792
1.1473166666666668,-997.8817780492277
1.1489833333333335,-997.8816569772929
1.15065,-997.8814520863264
1.1523166666666667,-997.8812145990697
1.1539833333333334,-997.8810050514904
1.15565,-997.8808513832655
1.1573166666666668,-997.8807768774595
1.1589833333333335,-997.8807675642338
1.16065,-997.8807908472982
1.1623333333333334,-997.8808094737497
1.1640000000000001,-997.880795503911
1.1656666666666666,-997.8807535943952
1.1673333333333333,-997.8807023716535
1.169,-997.8806884018148
1.1706666666666667,-997.8807442811694
1.1723333333333334,-997.8808979493942
1.1740000000000002,-997.8811447498766
1.1756666666666666,-997.8814613995521
1.1773333333333333,-997.8818199587436
1.179,-997.8822064576123
1.1806666666666668,-997.8826208961581
1.1823333333333335,-997.8830679309941
1.1840000000000002,-997.883556875346
1.1856666666666666,-997.8840830726009
1.1873333333333334,-997.8846185830815
1.189,-997.8851075274334
1.1906666666666668,-997.8854940263021
1.19235,-997.8857315135588
1.1940166666666667,-997.8858013627519
1.1956833333333334,-997.885722200333
1.1973500000000001,-997.8855499056566
1.1990166666666666,-997.8853450146901
1.2006833333333333,-997.8851866898524
1.20235,-997.8851168406592
1.2040166666666667,-997.885163406788
1.2056833333333334,-997.8853217316257
1.2073500000000001,-997.8855592188823
1.2090166666666666,-997.8858386156548
1.2106833333333333,-997.8861319822661
1.21235,-997.8864253488772
1.2140166666666667,-997.8867094022626
1.2156833333333334,-997.8869887990351
1.2173500000000002,-997.8872449127432
1.2190166666666666,-997.8874591169355
1.2207000000000001,-997.8876174417733
1.2223666666666668,-997.887701260805
1.2240333333333333,-997.8877105740307
1.2257,-997.8876686645149
1.2273666666666667,-997.8876034719347
1.2290333333333334,-997.8875475925801
1.2307000000000001,-997.8875243095157
1.2323666666666668,-997.8875289661286
1.2340333333333333,-997.8875475925801
1.2357,-997.8875569058058
1.2373666666666667,-997.8875429359672
1.2390333333333334,-997.8874823999998
1.2407000000000001,-997.8873752979038
1.2423666666666666,-997.8872309429046
1.2440333333333333,-997.8870539916153
1.2457,-997.8868584138746
1.2473666666666667,-997.886658179521
1.2490333333333334,-997.886467258393
1.2507166666666667,-997.8862949637166
1.2523833333333334,-997.8861506087176
1.25405,-997.8860295367828
1.2557166666666668,-997.8859317479124
1.2573833333333333,-997.8858386156548
1.25905,-997.8857361701716
1.2607166666666667,-997.8856057850111
1.2623833333333334,-997.8854381469476
1.2640500000000001,-997.885237912594
1.2657166666666668,-997.8850283650146
1.2673833333333333,-997.8848281306609
1.26905,-997.8846558359846
1.2707166666666667,-997.884530107437
1.2723833333333334,-997.8844369751795
1.2740500000000001,-997.8843578127605
1.2757166666666668,-997.8842693371159
1.2773833333333333,-997.8841389519554
1.2790666666666668,-997.8839526874405
1.2807333333333335,-997.8836965737323
1.2824,-997.8833845806696
1.2840666666666667,-997.8830167082525
1.2857333333333334,-997.8826162395452
1.2874,-997.8821831745478
1.2890666666666668,-997.8817221698732
1.2907333333333333,-997.8812285689085
1.2924,-997.8806790885891
1.2940666666666667,-997.8800690723025
1.2957333333333334,-997.8793892068227
1.2974,-997.8786534619884
1.2990666666666668,-997.8778944340897
1.3007333333333333,-997.8771540326426
1.3024,-997.8764881370014
1.3040666666666667,-997.8759293434564
1.3057333333333334,-997.8755009350718
1.3074166666666667,-997.8752168816865
1.3090833333333334,-997.8750585568487
1.31075,-997.8750119907199
1.3124166666666668,-997.8750492436229
1.3140833333333335,-997.8751330626548
1.31575,-997.8752168816865
1.3174166666666667,-997.8752587912023
1.3190833333333334,-997.875198255235
1.32075,-997.8749887076556
1.3224166666666668,-997.8745835823354
1.3240833333333335,-997.8739735660488
1.32575,-997.8731726286343
1.3274166666666667,-997.8722413060592
1.3290833333333334,-997.8712447909039
1.33075,-997.8702808720387
1.3324166666666668,-997.8694240552696
1.3340833333333333,-997.8687302199512
1.33575,-997.8682459322122
1.3374166666666667,-997.8679665354397
1.3391,-997.8678734031822
1.3407666666666667,-997.8679246259238
1.3424333333333334,-997.8680550110844
1.3441,-997.8681853962448
1.3457666666666668,-997.8682366189864
1.3474333333333335,-997.8681574565676
1.3491,-997.8679246259238
1.3507666666666667,-997.867542783668
1.3524333333333334,-997.8670724657677
1.3541,-997.86657420819
1.3557666666666668,-997.8661132035154
1.3574333333333335,-997.8657406744853
1.3591,-997.8654612777128
1.3607666666666667,-997.8652563867463
1.3624333333333334,-997.8650701222313
1.3641,-997.8648419482004
1.3657666666666668,-997.8645252985249
1.36745,-997.864110859979
1.3691166666666668,-997.8635939759498
1.3707833333333335,-997.8630165559533
1.3724500000000002,-997.8624065396666
1.3741166666666667,-997.8617918667671
1.3757833333333334,-997.861195820319
1.37745,-997.8606230569354
1.3791166666666668,-997.860078233229
1.3807833333333335,-997.8595613491999
1.38245,-997.8590817180738
1.3841166666666667,-997.8586346832377
1.3857833333333334,-997.8582155880789
1.38745,-997.857805806146
1.3891166666666668,-997.8573820543743
1.3907833333333335,-997.8569350195382
1.39245,-997.856460045025
1.3941166666666667,-997.8559757572859
1.3957833333333334,-997.8555194092241
1.3974666666666666,-997.8551282537427
1.3991333333333333,-997.854853513583
1.4008,-997.8547138151968
1.4024666666666668,-997.8547231284225
1.4041333333333335,-997.854853513583
1.4058000000000002,-997.8550444347109
1.4074666666666666,-997.8552120727744
1.4091333333333333,-997.8552539822903
1.4108,-997.8551049706783
1.4124666666666668,-997.8547277850354
1.4141333333333335,-997.8541410518131
1.4158000000000002,-997.8534099635917
1.4174666666666667,-997.85261368279
1.4191333333333334,-997.8518360284398
1.4208,-997.8511468497343
1.4224666666666668,-997.8505787429635
1.4241333333333335,-997.8501549911919
1.4258000000000002,-997.8498802510322
1.4274833333333334,-997.8497312394202
1.4291500000000001,-997.8496893299043
1.4308166666666666,-997.8497219261944
1.4324833333333333,-997.8497824621619
1.43415,-997.8498243716778
1.4358166666666667,-997.849815058452
1.4374833333333334,-997.8497452092589
1.4391500000000002,-997.8496101674855
1.4408166666666666,-997.8494285595833
1.4424833333333333,-997.8492376384554
1.44415,-997.8490793136177
1.4458166666666667,-997.8489768681344
1.4474833333333335,-997.84895358507
1.4491500000000002,-997.8490048078118
1.4508166666666666,-997.8491258797465
1.4524833333333333,-997.84929351781
1.45415,-997.849475125712
1.4558166666666668,-997.8496520770013
1.4575,-997.8497964320005
1.4591666666666667,-997.8498709378065
1.4608333333333334,-997.8498709378065
1.4625000000000001,-997.849777805549
1.4641666666666668,-997.8496101674855
1.4658333333333333,-997.8493959632932
1.4675,-997.8491631326494
1.4691666666666667,-997.84895358507
1.4708333333333334,-997.8487906036195
1.4725000000000001,-997.8486974713619
1.4741666666666668,-997.8486835015233
1.4758333333333333,-997.8487440374906
1.4775,-997.8488557961997
1.4791666666666667,-997.8489861813601
1.4808333333333334,-997.8491025966821
1.4825000000000002,-997.849177102488
1.4841666666666666,-997.8492003855524
1.4858500000000001,-997.8491864157138
1.4875166666666668,-997.8491351929722
1.4891833333333333,-997.8490467173276
1.49085,-997.8489209887799
1.4925166666666667,-997.8487486941035
1.4941833333333334,-997.8485531163628
1.4958500000000001,-997.8483621952349
1.4975166666666668,-997.848245779913
1.4991833333333333,-997.8482597497516
1.50085,-997.8484646407181
1.5025166666666667,-997.8488697660383
1.5041833333333334,-997.8494611558734
1.5058500000000001,-997.8501689610305
1.5075166666666668,-997.850895392639
1.5091833333333333,-997.8515519750545
1.51085,-997.8520595458579
1.5125166666666667,-997.8523808521462
1.5142,-997.8525252071454
1.5158666666666667,-997.8525484902098
1.5175333333333334,-997.8525252071454
1.5192,-997.8525252071454
1.5208666666666668,-997.8526090261771
1.5225333333333335,-997.8527952906921
1.5242,-997.8530933139161
1.5258666666666667,-997.8534798127848
1.5275333333333334,-997.8539501306852
1.5292000000000001,-997.8544902977787
1.5308666666666668,-997.8550816876138
1.5325333333333333,-997.8556823906748
1.5342,-997.8562458408327
1.5358666666666667,-997.8567161587331
1.5375333333333334,-997.8570467782472
1.5392000000000001,-997.857205103085
1.5408666666666668,-997.8571957898592
1.5425333333333333,-997.8570560914729
1.5442166666666668,-997.8568465438937
1.5458833333333335,-997.85664630954
1.54755,-997.8565345508309
1.5492166666666667,-997.8565578338953
1.5508833333333334,-997.8567440984103
1.55255,-997.8570886877632
1.5542166666666668,-997.8575543490507
1.5558833333333335,-997.8580805463056
1.55755,-997.8586020869476
1.5592166666666667,-997.8590398085579
1.5608833333333334,-997.8593471450076
1.56255,-997.8595008132326
1.5642166666666668,-997.8595101264583
1.5658833333333335,-997.8593937111364
1.56755,-997.8592121032342
1.5692166666666667,-997.8590072122677
1.5708833333333334,-997.8588442308171
1.5725500000000001,-997.8587510985595
1.5742333333333334,-997.8587650683982
1.5759,-997.8588814837201
1.5775666666666668,-997.8590770614609
1.5792333333333335,-997.8593238619433
1.5809,-997.8595846322643
1.5825666666666667,-997.8598360893595
1.5842333333333334,-997.8600689200033
1.5859,-997.8602970940342
1.5875666666666668,-997.8605392379037
1.5892333333333335,-997.8608139780633
1.5909,-997.8611213145131
1.5925666666666667,-997.8614519340273
1.5942333333333334,-997.8617825535414
1.5959,-997.862094546604
1.5975666666666668,-997.8623785999894
1.5992333333333335,-997.8626300570846
1.6009,-997.862876857567
1.6025833333333335,-997.863137627888
1.6042500000000002,-997.8634170246606
1.6059166666666667,-997.8637150478846
1.6075833333333334,-997.8639804748185
1.60925,-997.864185365785
1.6109166666666668,-997.8642878112682
1.6125833333333335,-997.8642831546554
1.6142500000000002,-997.864185365785
1.6159166666666667,-997.8640456673987
1.6175833333333334,-997.863924595464
1.61925,-997.863882685948
1.6209166666666668,-997.863961848367
1.6225833333333335,-997.8641667393335
1.62425,-997.8644787323962
1.6259166666666667,-997.8648652312647
1.6275833333333334,-997.8652796698107
1.62925,-997.8656941083566
1.6309166666666668,-997.866085263838
1.6326,-997.8664391664166
1.6342666666666668,-997.8667558160921
1.6359333333333335,-997.8670305562517
1.6376000000000002,-997.8672587302826
1.6392666666666666,-997.8674263683462
1.6409333333333334,-997.8675288138294
1.6426,-997.8675800365711
1.6442666666666668,-997.8676126328612
1.6459333333333335,-997.8676638556028
1.6476000000000002,-997.8677802709246
1.6492666666666667,-997.8679991317298
1.6509333333333334,-997.8683157814054
1.6526,-997.8687069368868
1.6542666666666668,-997.8691353452714
1.6559333333333335,-997.8695497838173
1.6576000000000002,-997.8699129996215
1.6592666666666667,-997.8702063662327
1.6609333333333334,-997.8704391968764
1.6626166666666669,-997.8706208047786
1.6642833333333333,-997.8707744730035
1.66595,-997.8709234846154
1.6676166666666667,-997.8710631830018
1.6692833333333335,-997.8712075380008
1.6709500000000002,-997.8713472363871
1.6726166666666666,-997.871500904612
1.6742833333333333,-997.8716778559012
1.67595,-997.8718967167064
1.6776166666666668,-997.8721621436403
1.6792833333333335,-997.8724787933158
1.6809500000000002,-997.8728187260557
1.6826166666666666,-997.8731586587955
1.6842833333333334,-997.8734659952454
1.68595,-997.8737221089535
1.6876166666666668,-997.8739223433072
1.6892833333333335,-997.874076011532
1.6909500000000002,-997.8741924268539
1.6926333333333334,-997.8742715892728
1.6943000000000001,-997.8743228120144
1.6959666666666668,-997.8743460950787
1.6976333333333333,-997.8743507516916
1.6993,-997.8743600649174
1.7009666666666667,-997.8744066310462
1.7026333333333334,-997.8745183897552
1.7043000000000001,-997.8747093108831
1.7059666666666669,-997.874974737817
1.7076333333333333,-997.875272761041
1.7093,-997.8755707842649
1.7109666666666667,-997.8758362111988
1.7126333333333335,-997.8760690418426
1.7143000000000002,-997.8762692761962
1.7159666666666666,-997.876464853937
1.7176333333333333,-997.876688371355
1.7193,-997.8769444850632
1.7209833333333333,-997.8772471649
1.72265,-997.8775638145755
1.7243166666666667,-997.8778711510254
1.7259833333333334,-997.8781272647335
1.7276500000000001,-997.8783228424743
1.7293166666666668,-997.8784578842476
1.7309833333333333,-997.8785603297309
1.73265,-997.8786767450528
1.7343166666666667,-997.8788350698906
1.7359833333333334,-997.8790585873086
1.7376500000000001,-997.8793519539197
1.7393166666666668,-997.8796872300467
1.7409833333333333,-997.880050445851
1.74265,-997.8804090050423
1.7443166666666667,-997.8807535943952
1.7459833333333334,-997.8810795572964
1.7476500000000001,-997.8814008635848
1.7493166666666669,-997.881731483099
1.7510000000000001,-997.8820946989032
1.7526666666666668,-997.8825044808362
1.7543333333333335,-997.8829654855109
1.756,-997.8834683997014
1.7576666666666667,-997.8839992535692
1.7593333333333334,-997.8845254508241
1.7610000000000001,-997.8850237084017
1.7626666666666668,-997.8854753998506
1.7643333333333333,-997.8858479288806
1.766,-997.8861273256532
1.7676666666666667,-997.8862903071038
1.7693333333333334,-997.8863508430711
1.7710000000000001,-997.8863368732325
1.7726666666666668,-997.8862903071038
1.7743333333333333,-997.8862670240394
1.776,-997.8863089335553
1.7776666666666667,-997.8864346621029
1.77935,-997.8866442096823
1.7810166666666667,-997.8869049800034
1.7826833333333334,-997.8871936900016
1.78435,-997.8874823999998
1.7860166666666668,-997.8877617967723
1.7876833333333335,-997.8880318803191
1.78935,-997.8882926506401
1.7910166666666667,-997.8885394511225
1.7926833333333334,-997.8887583119276
1.7943500000000001,-997.8889212933783
1.7960166666666668,-997.8890097690229
1.7976833333333335,-997.88900511241
1.79935,-997.8889073235397
1.8010166666666667,-997.8887303722504
1.8026833333333334,-997.888520824671
1.8043500000000001,-997.8883205903174
1.8060166666666668,-997.8881669220925
1.8076833333333335,-997.8880877596737
1.8093666666666668,-997.8880924162866
1.8110333333333335,-997.888185548544
1.8127,-997.8883531866076
1.8143666666666667,-997.8886046437028
1.8160333333333334,-997.8889538896684
1.8177,-997.8894009245045
1.8193666666666668,-997.8899457482108
1.8210333333333335,-997.8905557644975
1.8227,-997.8911657807841
1.8243666666666667,-997.891691978039
1.8260333333333334,-997.8920551938434
1.8277,-997.8922042054553
1.8293666666666668,-997.8921390128751
1.8310333333333335,-997.8918875557798
1.8327,-997.8915196833627
1.8343666666666667,-997.8911005882039
1.8360333333333334,-997.8906908062709
1.8377000000000001,-997.8903275904667
1.8393833333333334,-997.8900249106298
1.84105,-997.8897827667603
1.8427166666666668,-997.8895965022452
1.8443833333333335,-997.8894661170847
1.8460500000000002,-997.8893916112787
1.8477166666666667,-997.8893683282143
1.8493833333333334,-997.889382298053
1.85105,-997.8894055811173
1.8527166666666668,-997.8894148943431
1.8543833333333335,-997.8893916112787
1.8560500000000002,-997.8893310753114
1.8577166666666667,-997.889228629828
1.8593833333333334,-997.8891029012805
1.86105,-997.8889585462813
1.8627166666666668,-997.8888188478951
1.8643833333333335,-997.8886884627345
1.86605,-997.8885953304771
1.8677333333333335,-997.8885487643482
1.8694000000000002,-997.8885534209612
1.8710666666666667,-997.8886186135414
1.8727333333333334,-997.8887396854761
1.8744,-997.8889073235397
1.8760666666666668,-997.8890982446676
1.8777333333333335,-997.8892984790212
1.8794000000000002,-997.8894847435362
1.8810666666666667,-997.8896290985354
1.8827333333333334,-997.8897268874057
1.8844,-997.8897827667603
1.8860833333333333,-997.8898200196633
1.88775,-997.889866585792
1.8894166666666667,-997.8899597180495
1.8910833333333334,-997.8900994164358
1.8927500000000002,-997.8902996507894
1.8944166666666669,-997.8905324814332
1.8960833333333333,-997.8907699686898
1.89775,-997.8909934861078
1.8994166666666668,-997.8911750940099
1.9010833333333335,-997.8913147923962
1.9027500000000002,-997.8914172378794
1.9044166666666669,-997.8914964002984
1.9060833333333334,-997.8915662494915
1.90775,-997.8916360986846
1.9094166666666668,-997.8917106044905
1.9110833333333335,-997.8917851102966
1.9127500000000002,-997.8918596161026
1.9144166666666667,-997.89195274836
1.9160833333333334,-997.8920924467463
1.91775,-997.8922973377129
1.9194166666666668,-997.892590704324
1.9210833333333335,-997.8929492635154
1.9227500000000002,-997.8933450756098
1.9244166666666667,-997.8937176046398
1.9260833333333334,-997.894010971251
1.9277666666666669,-997.8941879225403
1.9294333333333333,-997.8942391452819
1.9311,-997.8942018923789
1.9327666666666667,-997.894118073347
1.9344333333333334,-997.8940575373797
1.9361000000000002,-997.8940621939926
1.9377666666666669,-997.8941646394758
1.9394333333333333,-997.8943555606037
1.9411,-997.894607017699
1.9427666666666668,-997.8948771012457
1.9444333333333335,-997.8951192451152
1.9461000000000002,-997.8953055096302
1.9477666666666669,-997.8954172683393
1.9494333333333334,-997.895463834468
1.9511,-997.8954498646294
1.9527666666666668,-997.8953893286621
1.9544333333333335,-997.8952961964045
1.9561166666666667,-997.8951844376955
1.9577833333333334,-997.8950680223736
1.9594500000000001,-997.894942293826
1.9611166666666668,-997.8947979388269
1.9627833333333333,-997.8946303007633
1.96445,-997.8944486928613
1.9661166666666667,-997.8942577717334
1.9677833333333334,-997.8940808204441
1.9694500000000001,-997.8939411220579
1.9711166666666669,-997.893857303026
1.9727833333333333,-997.8938293633488
1.97445,-997.8938666162518
1.9761333333333335,-997.8939644051222
1.9778,-997.8941041035084
1.9794666666666667,-997.894271741572
1.9811333333333334,-997.8944533494741
1.9828000000000001,-997.8946209875376
1.9844666666666668,-997.8947513726981
1.9861333333333335,-997.8948351917298
1.9878,-997.8948631314071
1.9894666666666667,-997.8948491615685
1.9911333333333334,-997.8948025954397
1.9928000000000001,-997.8947280896338
1.9944666666666668,-997.8946349573762
1.9961333333333335,-997.8945185420544
1.9978,-997.8943648738294
1.9994666666666667,-997.8941646394758
2.001133333333333,-997.8939178389934
2.0028,-997.8936384422209
2.0044666666666666,-997.8933497322226
2.0061333333333335,-997.8930796486759
2.0078,-997.8928468180321
2.009466666666667,-997.8926512402913
2.0111333333333334,-997.8924929154537
2.0128,-997.8923532170674
2.0144833333333336,-997.8922274885198
2.01615,-997.8921203864236
2.0178166666666666,-997.8920505372305
2.0194833333333335,-997.8920225975533
2.02115,-997.8920458806176
2.022816666666667,-997.8921110731978
2.0244833333333334,-997.8921995488424
2.02615,-997.8922787112614
2.027816666666667,-997.8923159641644
2.0294833333333333,-997.8922833678743
2.0311500000000002,-997.8921762657781
2.0328166666666667,-997.8919900012631
2.0344833333333336,-997.8917525140065
2.03615,-997.8914777738468
2.0378166666666666,-997.8911890638485
2.0394833333333335,-997.8909050104631
2.04115,-997.8906395835293
2.042816666666667,-997.8904114094984
2.0444833333333334,-997.8902344582091
2.0461666666666667,-997.8901320127259
2.0478333333333336,-997.8900994164358
2.0495,-997.8901413259516
2.0511666666666666,-997.8902204883705
2.0528333333333335,-997.8903043074023
2.0545,-997.8903555301439
2.056166666666667,-997.8903275904667
2.0578333333333334,-997.890201861919
2.0595,-997.8899830011138
2.061166666666667,-997.889680321277
2.0628333333333333,-997.88934504515
2.0645000000000002,-997.8890237388615
2.0661666666666667,-997.8887676251534
2.0678333333333336,-997.8886232701543
2.0695,-997.8886093003157
2.0711666666666666,-997.8887489987019
2.0728333333333335,-997.8890330520873
2.074516666666667,-997.8894335207946
2.0761833333333333,-997.8899131519207
2.07785,-997.8904067528855
2.0795166666666667,-997.8908584443344
2.0811833333333336,-997.8912123469129
2.08285,-997.8914405209438
2.0845166666666666,-997.8915336532013
2.0861833333333335,-997.8914917436855
2.08785,-997.8913520452992
2.089516666666667,-997.8911424977198
2.0911833333333334,-997.8909050104631
2.0928500000000003,-997.890686149658
2.094516666666667,-997.8905185115946
2.0961833333333333,-997.8904346925627
2.09785,-997.8904346925627
2.0995166666666667,-997.8905138549817
2.1011833333333336,-997.8906535533679
2.102866666666667,-997.8908444744958
2.1045333333333334,-997.8910819617524
2.1062000000000003,-997.8913660151378
2.1078666666666668,-997.8916966346519
2.1095333333333333,-997.8920645070691
2.1112,-997.8924556625506
2.1128666666666667,-997.8928328481935
2.1145333333333336,-997.8931634677076
2.1162,-997.89341026819
2.1178666666666666,-997.8935639364149
2.1195333333333335,-997.8936291289951
2.1212,-997.8936384422209
2.122866666666667,-997.893633785608
2.1245333333333334,-997.893633785608
2.1262000000000003,-997.8936617252853
2.127866666666667,-997.893712948027
2.1295333333333333,-997.8937781406072
2.1312,-997.8938433331874
2.1328833333333335,-997.8939085257676
2.13455,-997.8939644051222
2.136216666666667,-997.8940016580252
2.1378833333333334,-997.8940202844767
2.1395500000000003,-997.894010971251
2.1412166666666668,-997.8939597485094
2.1428833333333333,-997.8938712728647
2.14455,-997.8937408877042
2.1462166666666667,-997.8935685930278
2.1478833333333336,-997.8933776718999
2.14955,-997.893186750772
2.1512166666666666,-997.8930284259343
2.1528833333333335,-997.892925980451
2.15455,-997.8928933841609
2.156216666666667,-997.892925980451
2.1578833333333334,-997.893000486257
2.1595500000000003,-997.8930796486759
2.161216666666667,-997.8931355280304
2.1629,-997.8931541544819
2.164566666666667,-997.893149497869
2.1662333333333335,-997.893149497869
2.1679,-997.8931820941591
2.169566666666667,-997.8932705698038
2.1712333333333333,-997.8934009549642
2.1729000000000003,-997.893559279802
2.1745666666666668,-997.8937082914141
2.1762333333333332,-997.8938247067359
2.1779,-997.8938898993162
2.1795666666666667,-997.8939038691548
2.1812333333333336,-997.8938759294775
2.1829,-997.8938293633488
2.184566666666667,-997.8937874538329
2.1862333333333335,-997.8937734839943
2.1879,-997.8937921104458
2.1895833333333337,-997.8938526464132
2.19125,-997.8939411220579
2.1929166666666666,-997.8940621939926
2.1945833333333336,-997.8942018923789
2.19625,-997.8943741870552
2.197916666666667,-997.8945651081831
2.1995833333333334,-997.8947653425367
2.20125,-997.8949609202775
2.202916666666667,-997.895128558341
2.2045833333333333,-997.8952496302758
2.2062500000000003,-997.8953334493075
2.2079166666666667,-997.8953753588233
2.2095833333333332,-997.895393985275
2.21125,-997.8953986418878
2.2129166666666666,-997.8953893286621
2.2145833333333336,-997.8953707022105
2.21625,-997.8953334493075
2.217916666666667,-997.8952729133401
2.2195833333333335,-997.8951984075342
2.2212666666666667,-997.8951239017281
2.2229333333333336,-997.8950726789865
2.2246,-997.8950726789865
2.2262666666666666,-997.8951332149538
2.2279333333333335,-997.8952496302758
2.2296,-997.8953846720491
2.231266666666667,-997.8955057439839
2.2329333333333334,-997.8955802497899
2.2346,-997.8955849064027
2.236266666666667,-997.8955197138225
2.2379333333333333,-997.895393985275
2.2396000000000003,-997.8952216905985
2.2412666666666667,-997.895016799632
2.2429333333333332,-997.8947886256011
2.2446,-997.8945418251187
2.2462666666666666,-997.894271741572
2.2479333333333336,-997.8939783749609
2.249616666666667,-997.8936524120595
2.2512833333333333,-997.8932798830295
2.2529500000000002,-997.8928607878707
2.2546166666666667,-997.8923765001317
2.2562833333333336,-997.8918270198125
2.25795,-997.8912216601386
2.2596166666666666,-997.8905976740134
2.2612833333333335,-997.8900109407911
2.26295,-997.8895359662779
2.264616666666667,-997.8892472562795
2.2662833333333334,-997.8892006901508
2.26795,-997.889419550956
2.269616666666667,-997.8898712424049
2.2712833333333333,-997.8904766020786
2.2729500000000002,-997.8911471543327
2.2746166666666667,-997.891771140458
2.2762833333333337,-997.8922740546485
2.27795,-997.8926093307755
2.2796166666666666,-997.8927629990004
2.2813000000000003,-997.8927536857747
2.282966666666667,-997.8926093307755
2.2846333333333333,-997.8923718435188
2.2863,-997.8920971033592
2.2879666666666667,-997.8918270198125
2.2896333333333336,-997.8916035023944
2.2913,-997.8914544907824
2.2929666666666666,-997.8914032680408
2.2946333333333335,-997.8914544907824
2.2963,-997.8915988457816
2.297966666666667,-997.891808393361
2.2996333333333334,-997.8920505372305
2.3013,-997.8922926811
2.302966666666667,-997.8924882588408
2.3046333333333333,-997.8926139873884
2.3063000000000002,-997.8926512402913
2.3079666666666667,-997.8926046741626
2.30965,-997.8924882588408
2.311316666666667,-997.8923252773901
2.3129833333333334,-997.8921343562622
2.3146500000000003,-997.89195274836
2.316316666666667,-997.8918037367481
2.3179833333333333,-997.8917152611034
2.31965,-997.8917152611034
2.3213166666666667,-997.8918223631996
2.3229833333333336,-997.8920551938434
2.32465,-997.8924184096476
2.3263166666666666,-997.892888727548
2.3279833333333335,-997.8934335512545
2.32965,-997.8939830315737
2.331316666666667,-997.8944766325385
2.3329833333333334,-997.8948398483427
2.33465,-997.8950400826964
2.336316666666667,-997.895054052535
2.3379833333333333,-997.8949003843102
2.3396666666666666,-997.8946163309247
2.3413333333333335,-997.8942391452819
2.343,-997.8938340199617
2.344666666666667,-997.8934382078673
2.3463333333333334,-997.8930889619016
2.3480000000000003,-997.8928049085163
2.349666666666667,-997.8926093307755
2.3513333333333333,-997.8925115419052
2.353,-997.8925301683566
2.3546666666666667,-997.8926791799686
2.3563333333333336,-997.8929725465798
2.358,-997.8934056115771
2.3596666666666666,-997.8939550918965
2.3613333333333335,-997.8945744214088
2.363,-997.8952077207599
2.364666666666667,-997.8957944539821
2.3663333333333334,-997.896283398334
2.3680166666666667,-997.8966373009126
2.3696833333333336,-997.896842191879
2.37135,-997.8969073844594
2.373016666666667,-997.8968515051049
2.3746833333333335,-997.8967118067186
2.37635,-997.8965255422036
2.378016666666667,-997.8963253078499
2.3796833333333334,-997.896139043335
2.3813500000000003,-997.8959760618843
2.383016666666667,-997.895836363498
2.3846833333333333,-997.8957152915633
2.38635,-997.89561284608
2.3880166666666667,-997.8955197138225
2.3896833333333336,-997.8954405514037
2.39135,-997.8953893286621
2.3930166666666666,-997.8953800154362
2.3946833333333335,-997.8954312381779
2.39635,-997.8955569667255
2.3980333333333332,-997.8957432312405
2.3997,-997.8959714052714
2.4013666666666666,-997.8961902660766
2.4030333333333336,-997.8963439343014
2.4047,-997.8963811872045
2.406366666666667,-997.8962647718826
2.4080333333333335,-997.8959900317229
2.4097,-997.895575593177
2.411366666666667,-997.895054052535
2.4130333333333334,-997.8944719759256
2.4147000000000003,-997.8938759294775
2.4163666666666668,-997.893298509481
2.4180333333333333,-997.8927629990004
2.4197,-997.8922926811
2.4213666666666667,-997.8918968690056
2.4230333333333336,-997.8916035023944
2.4247,-997.8914265511052
2.426366666666667,-997.8913799849764
2.4280500000000003,-997.8914544907824
2.4297166666666667,-997.8916221288459
2.4313833333333332,-997.8918270198125
2.43305,-997.8920086277146
2.4347166666666666,-997.8921017599721
2.4363833333333336,-997.892069163682
2.43805,-997.8918922123927
2.439716666666667,-997.8915941891687
2.4413833333333335,-997.8912076903
2.44305,-997.8907839385284
2.444716666666667,-997.890350873531
2.4463833333333334,-997.889941091598
2.4480500000000003,-997.8895732191809
2.4497166666666668,-997.889265882731
2.4513833333333332,-997.8890377087001
2.45305,-997.8889073235397
2.4547166666666667,-997.8888933537011
2.4564,-997.8889911425714
2.458066666666667,-997.889191376925
2.4597333333333333,-997.8894521472461
2.4614000000000003,-997.8897175741799
2.4630666666666667,-997.8899224651465
2.4647333333333337,-997.8900109407911
2.4664,-997.8899550614366
2.4680666666666666,-997.88975017047
2.4697333333333336,-997.889419550956
2.4714,-997.8890004557971
2.473066666666667,-997.888520824671
2.4747333333333335,-997.8880225670933
2.4764,-997.88751499629
2.478066666666667,-997.8870167387123
2.4797333333333333,-997.8865464208119
2.4814166666666666,-997.8861226690403
2.4830833333333335,-997.8857641098489
2.48475,-997.8854847130764
2.486416666666667,-997.8852844787227
2.4880833333333334,-997.8851447803365
2.48975,-997.8850423348532
2.491416666666667,-997.8849305761443
2.4930833333333333,-997.8847675946936
2.4947500000000002,-997.8845161375983
2.4964166666666667,-997.8841296387296
2.4980833333333337,-997.8835848150233
2.49975,-997.8828676966405
2.5014166666666666,-997.8819782835814
2.5030833333333335,-997.8809352022972
2.50475,-997.8797803623042
2.506416666666667,-997.8785696429567
2.5080833333333334,-997.8773822066735
2.50975,-997.8762925592606
2.511416666666667,-997.8753612366855
2.5130833333333333,-997.8746068653998
2.5147666666666666,-997.8740108189518
2.5164333333333335,-997.8735218745999
2.5181,-997.8730841529896
2.519766666666667,-997.8726371181535
2.5214333333333334,-997.8721481738016
2.5231000000000003,-997.871612663321
2.524766666666667,-997.8710678396146
2.5264333333333333,-997.8705462989726
2.5281000000000002,-997.8700946075237
2.5297666666666667,-997.8697220784936
2.5314333333333336,-997.8694193986568
2.5331,-997.8691679415615
2.5347666666666666,-997.8689397675306
2.5364333333333335,-997.8687115934997
2.5381,-997.8684834194688
2.539766666666667,-997.8682692152765
2.5414333333333334,-997.8680782941487
2.5431,-997.8679292825367
2.5447833333333336,-997.8678314936664
2.54645,-997.8677709576989
2.5481166666666666,-997.8677197349573
2.5497833333333335,-997.8676638556028
2.55145,-997.8676126328612
2.553116666666667,-997.8675893497968
2.5547833333333334,-997.8676359159256
2.5564500000000003,-997.8677849275375
2.558116666666667,-997.8680643243101
2.5597833333333333,-997.8684554797916
2.5614500000000002,-997.8689304543049
2.5631166666666667,-997.8694333684954
2.5647833333333336,-997.8699083430087
2.56645,-997.8703181249417
2.5681166666666666,-997.8706487444558
2.5697833333333335,-997.8709095147768
2.57145,-997.8711330321948
2.573116666666667,-997.8713425797743
2.5748,-997.8715660971923
2.5764666666666667,-997.8718222109004
2.5781333333333336,-997.8721155775115
2.5798,-997.8724415404129
2.5814666666666666,-997.8727907863785
2.5831333333333335,-997.873140032344
2.5848,-997.8734659952454
2.586466666666667,-997.8737314221793
2.5881333333333334,-997.8739223433072
2.5898000000000003,-997.8740247887904
2.591466666666667,-997.8740341020161
2.5931333333333333,-997.8739735660488
2.5948,-997.8738804337912
2.5964666666666667,-997.8737966147595
2.5981333333333336,-997.8737593618565
2.5998,-997.8738012713724
2.6014666666666666,-997.8739223433072
2.6031500000000003,-997.874113264435
2.604816666666667,-997.8743554083045
2.6064833333333333,-997.8746208352384
2.60815,-997.8748862621724
2.6098166666666667,-997.875123749429
2.6114833333333336,-997.8753193271697
2.61315,-997.8754403991045
2.614816666666667,-997.875459025556
2.6164833333333335,-997.8753658932984
2.61815,-997.8751563457191
2.619816666666667,-997.8748490092693
2.6214833333333334,-997.8744718236264
2.6231500000000003,-997.8740899813706
2.624816666666667,-997.8737547052436
2.6264833333333333,-997.8735265312127
2.62815,-997.8734473687939
2.6298166666666667,-997.8735218745999
2.6314833333333336,-997.8737360787921
2.633166666666667,-997.874038758629
2.6348333333333334,-997.8743647215302
2.6365000000000003,-997.8746487749157
2.6381666666666668,-997.8748629791079
2.6398333333333333,-997.8749840510427
2.6415,-997.8750399303972
2.6431666666666667,-997.87504458701
2.6448333333333336,-997.8750306171714
2.6465,-997.8749980208813
2.648166666666667,-997.8749328283011
2.6498333333333335,-997.8748164129792
2.6515,-997.8746208352384
2.653166666666667,-997.8743460950787
2.6548333333333334,-997.8740154755646
2.6565000000000003,-997.873666229599
2.658166666666667,-997.8733449233106
2.6598333333333333,-997.8731027794411
2.6615,-997.8729537678291
2.6631833333333335,-997.8728978884745
2.66485,-997.8729072017003
2.666516666666667,-997.872958424442
2.6681833333333334,-997.8730189604094
2.6698500000000003,-997.8730608699252
2.6715166666666668,-997.8730841529896
2.6731833333333332,-997.8730888096025
2.67485,-997.8730655265381
2.6765166666666667,-997.8730096471836
2.6781833333333336,-997.8729118583132
2.67985,-997.872772159927
2.681516666666667,-997.8726091784763
2.6831833333333335,-997.8724508536386
2.68485,-997.8723390949295
2.686516666666667,-997.8723064986394
2.6881833333333334,-997.8723716912197
2.6898500000000003,-997.8725207028317
2.6915333333333336,-997.8727209371854
2.6932,-997.8729072017003
2.694866666666667,-997.8730189604094
2.6965333333333334,-997.8730143037965
2.6982,-997.8728699487973
2.699866666666667,-997.872618491702
2.7015333333333333,-997.8723111552523
2.7032000000000003,-997.8720131320283
2.7048666666666668,-997.8717803013845
2.7065333333333337,-997.8716638860626
2.7082,-997.8716731992884
2.7098666666666666,-997.8718082410618
2.7115333333333336,-997.8720410717056
2.7132,-997.8723437515424
2.714866666666667,-997.8726650578308
2.7165333333333335,-997.872958424442
2.7182,-997.87318194186
2.719866666666667,-997.8732983571819
2.72155,-997.8732797307304
2.7232166666666666,-997.8731353757312
2.7248833333333335,-997.8728839186359
2.72655,-997.8725812387991
2.728216666666667,-997.8722739023493
2.7298833333333334,-997.8720084754154
2.73155,-997.8718035844489
2.733216666666667,-997.8716592294497
2.7348833333333333,-997.8715567839665
2.7365500000000003,-997.8714822781606
2.7382166666666667,-997.8714217421931
2.7398833333333337,-997.871389145903
2.74155,-997.8714077723545
2.7432166666666666,-997.8715055612249
2.7448833333333336,-997.8716825125141
2.74655,-997.8719199997707
2.748216666666667,-997.8721761134789
2.7499000000000002,-997.8724042875098
2.7515666666666667,-997.8725672689604
2.7532333333333336,-997.8726278049278
2.7549,-997.8725952086377
2.7565666666666666,-997.8724694800901
2.7582333333333335,-997.8722785589622
2.7599,-997.8720364150927
2.761566666666667,-997.8717570183202
2.7632333333333334,-997.8714589950961
2.7649,-997.8711563152592
2.766566666666667,-997.8708815750996
2.7682333333333333,-997.8706673709073
2.7699000000000003,-997.8705742386499
2.7715666666666667,-997.8706301180043
2.7732333333333337,-997.8708629486481
2.7749,-997.8712634173554
2.7765666666666666,-997.8717663315459
2.7782500000000003,-997.8722832155751
2.779916666666667,-997.8727162805725
2.7815833333333333,-997.8729770508935
2.7832500000000002,-997.873032930248
2.7849166666666667,-997.8728839186359
2.7865833333333336,-997.8725812387991
2.78825,-997.8722087097691
2.7899166666666666,-997.8718454939648
2.7915833333333335,-997.8715521273537
2.79325,-997.8713565496129
2.794916666666667,-997.8712541041297
2.7965833333333334,-997.8712168512267
2.7982500000000003,-997.871202881388
2.799916666666667,-997.8711749417107
2.8015833333333333,-997.8711004359047
2.8032500000000002,-997.8709607375184
2.8049166666666667,-997.8707418767134
2.8065833333333337,-997.8704578233279
2.80825,-997.8701132339752
2.8099333333333334,-997.8697500181709
2.8116000000000003,-997.8693961155924
2.813266666666667,-997.869112062207
2.8149333333333333,-997.8689444241435
2.8166,-997.8689118278534
2.8182666666666667,-997.8690142733366
2.8199333333333336,-997.8692098510774
2.8216,-997.8694333684954
2.8232666666666666,-997.8696242896233
2.8249333333333335,-997.8697360483322
2.8266,-997.8697593313967
2.828266666666667,-997.8697127652679
2.8299333333333334,-997.8696382594619
2.8316000000000003,-997.8695730668817
2.833266666666667,-997.8695497838173
2.8349333333333333,-997.8695730668817
2.8366000000000002,-997.869633602849
2.8382833333333335,-997.869708108655
2.83995,-997.8697965842997
2.841616666666667,-997.86989437317
2.8432833333333334,-997.870010788492
2.8449500000000003,-997.870155143491
2.846616666666667,-997.8703367513932
2.8482833333333333,-997.8705462989726
2.84995,-997.8707651597778
2.8516166666666667,-997.8709700507442
2.8532833333333336,-997.8711470020335
2.85495,-997.8712727305812
2.8566166666666666,-997.8713472363871
2.8582833333333335,-997.8713612062257
2.85995,-997.8713286099356
2.861616666666667,-997.8712447909039
2.8632833333333334,-997.871128375582
2.8649500000000003,-997.87097936397
2.866616666666667,-997.8708070692936
2.8683,-997.8706254613915
2.869966666666667,-997.8704671365537
2.8716333333333335,-997.8703693476833
2.8733,-997.8703693476833
2.874966666666667,-997.8704857630053
2.8766333333333334,-997.8707046238103
2.8783000000000003,-997.87097936397
2.879966666666667,-997.8712447909039
2.8816333333333333,-997.8714170855802
2.8833,-997.8714496818703
2.8849666666666667,-997.8713099834841
2.8866333333333336,-997.8709979904215
2.8883,-997.8705462989726
2.889966666666667,-997.870010788492
2.8916333333333335,-997.8694287118825
2.8933,-997.8688606051118
2.894966666666667,-997.868329751244
2.8966333333333334,-997.8678594333436
2.8983166666666667,-997.8674543080234
2.8999833333333336,-997.8671236885093
2.90165,-997.8668629181883
2.903316666666667,-997.8666766536733
2.9049833333333335,-997.8665555817385
2.90665,-997.8664764193196
2.908316666666667,-997.8664158833523
2.9099833333333334,-997.866350690772
2.9116500000000003,-997.8662482452887
2.9133166666666668,-997.8660992336768
2.9149833333333333,-997.8658989993231
2.91665,-997.8656521988407
2.9183166666666667,-997.8653774586811
2.9199833333333336,-997.8650887486828
2.92165,-997.8648093519103
2.923316666666667,-997.8645672080407
2.9249833333333335,-997.8643902567516
2.92665,-997.864297124494
2.9283333333333337,-997.8643110943326
2.93,-997.8644228530417
2.9316666666666666,-997.8646091175566
2.9333333333333336,-997.8648233217489
2.935,-997.8650188994897
2.936666666666667,-997.8651492846502
2.9383333333333335,-997.8651818809403
2.94,-997.8651027185214
2.941666666666667,-997.8649350804579
2.9433333333333334,-997.8647022498142
2.9450000000000003,-997.8644368228803
2.9466666666666668,-997.8641900223979
2.9483333333333337,-997.8639758182056
2.95,-997.8638035235292
2.9516666666666667,-997.8636731383688
2.9533333333333336,-997.8635567230468
2.955,-997.8634589341765
2.9566833333333333,-997.8633751151447
2.9583500000000003,-997.8633471754674
2.9600166666666667,-997.8633937415962
2.9616833333333337,-997.863552066434
2.96335,-997.8638174933678
2.9650166666666666,-997.8641667393335
2.9666833333333336,-997.8645439249764
2.96835,-997.8648931709421
2.970016666666667,-997.8651632544888
2.9716833333333335,-997.8653355491651
2.97335,-997.8654100549712
2.975016666666667,-997.8654147115841
2.9766833333333333,-997.8653588322296
2.9783500000000003,-997.8652703565849
2.9800166666666668,-997.8651492846502
2.9816833333333337,-997.8650002730382
2.98335,-997.8648279783617
2.9850333333333334,-997.8646510270726
2.9867000000000004,-997.8644927022348
2.988366666666667,-997.8643669736871
2.9900333333333333,-997.8643064377197
2.9917000000000002,-997.8643110943326
2.9933666666666667,-997.8643623170742
2.9950333333333337,-997.8644181964288
2.9967,-997.8644321662674
2.9983666666666666,-997.8643762869128
