min,µS/cm
0.0,-998.9221352147507
0.0016666666666667052,-998.9219675766872
0.0033333333333334103,-998.9217580291079
0.004999999999999893,-998.921450692658
0.006666666666666599,-998.9209524350804
0.008333333333333304,-998.9201561542787
0.010000000000000009,-998.91902459735
0.011666666666666714,-998.9176183002618
0.01333333333333342,-998.9161235275287
0.014999999999999902,-998.9147917362465
0.016666666666666607,-998.9138790401229
0.01835000000000009,-998.9135810168989
0.020000000000000018,-998.9139954554448
0.021683333333333277,-998.9150990726962
0.023349999999999982,-998.9167614834927
0.025016666666666687,-998.9187591704161
0.026683333333333392,-998.9208406763714
0.028350000000000097,-998.9227545442632
0.03001666666666658,-998.9243098529635
0.031683333333333286,-998.9253762173119
0.03334999999999999,-998.9259163844055
0.035016666666666696,-998.9259489806956
0.0366833333333334,-998.9255764516655
0.038350000000000106,-998.9249245258629
0.04001666666666659,-998.9241282450613
0.041683333333333294,-998.9233133378082
0.04335,-998.9225775929739
0.04503333333333326,-998.9219908597515
0.04668333333333341,-998.9215903910443
0.04836666666666667,-998.9213994699164
0.0500166666666666,-998.921413439755
0.05170000000000008,-998.9216369571731
0.05336666666666656,-998.9220467391061
0.05503333333333327,-998.9226195024897
0.05669999999999997,-998.9232993679695
0.05836666666666668,-998.9240257995781
0.06003333333333338,-998.9247056650579
0.06170000000000009,-998.9252691152158
0.06336666666666657,-998.9256369876329
0.06503333333333328,-998.9257859992449
0.06669999999999998,-998.9257161500518
0.06836666666666669,-998.925483319408
0.07003333333333339,-998.9251759829583
0.0717000000000001,-998.9248826163471
0.07336666666666658,-998.9246963518322
0.07503333333333329,-998.9246544423162
0.07669999999999999,-998.9247708576381
0.0783666666666667,-998.9250036882819
0.0800333333333334,-998.9253017115059
0.08171666666666666,-998.9256137045685
0.08338333333333336,-998.9259024145667
0.08505000000000007,-998.9261538716621
0.08671666666666655,-998.9263587626285
0.08838333333333326,-998.9265217440792
0.09004999999999996,-998.9266381594011
0.09171666666666667,-998.9267080085942
0.09338333333333337,-998.9267219784329
0.09505000000000008,-998.9266614424655
0.09671666666666678,-998.9265264006921
0.09838333333333327,-998.9263075398869
0.10004999999999997,-998.9260095166629
0.10171666666666668,-998.92563233102
0.10338333333333338,-998.9251946094098
0.10505000000000009,-998.9247196348965
0.10671666666666657,-998.9242353471575
0.10840000000000005,-998.9237883123214
0.11004999999999998,-998.9234344097429
0.11173333333333324,-998.9232015790991
0.11339999999999995,-998.9231224166803
0.11506666666666665,-998.9231876092605
0.11673333333333336,-998.9233785303884
0.11840000000000006,-998.9236672403866
0.12006666666666677,-998.9240071731266
0.12173333333333325,-998.9243564190922
0.12339999999999995,-998.9246730687677
0.12506666666666666,-998.9249058994114
0.12673333333333336,-998.9250176581205
0.12840000000000007,-998.9249897184433
0.13006666666666677,-998.9248360502183
0.13173333333333326,-998.9245752798973
0.13339999999999996,-998.9242586302219
0.13506666666666667,-998.923914040869
0.13673333333333337,-998.9235880779678
0.13841666666666663,-998.9233086811953
0.14006666666666656,-998.923094477003
0.14175000000000004,-998.9229547786167
0.14341666666666675,-998.9228849294236
0.14508333333333323,-998.9228523331335
0.14674999999999994,-998.922833706682
0.14841666666666664,-998.922796453779
0.15008333333333335,-998.9227266045858
0.15175000000000005,-998.9226334723284
0.15341666666666676,-998.9225310268451
0.15508333333333346,-998.9224425512004
0.15674999999999994,-998.9223959850717
0.15841666666666665,-998.9224006416846
0.16008333333333336,-998.9224472078133
0.16175000000000006,-998.9225124003937
0.16341666666666677,-998.9225636231353
0.16508333333333325,-998.9225775929739
0.16674999999999995,-998.922535683458
0.16843333333333343,-998.9224378945876
0.17008333333333336,-998.9222888829756
0.17176666666666662,-998.9221026184606
0.17343333333333333,-998.9218930708812
0.17510000000000003,-998.9216788666889
0.17676666666666674,-998.9214832889481
0.17843333333333322,-998.9213156508847
0.18009999999999993,-998.921189922337
0.18176666666666663,-998.9211014466924
0.18343333333333334,-998.9210409107251
0.18510000000000004,-998.9210083144349
0.18676666666666675,-998.9209850313705
0.18843333333333345,-998.9209710615319
0.19009999999999994,-998.9209477784675
0.19176666666666664,-998.9209012123388
0.19343333333333335,-998.9208127366942
0.19510000000000005,-998.9206776949208
0.19676666666666676,-998.9204960870186
0.19845000000000002,-998.9202772262134
0.20011666666666672,-998.9200443955697
0.20178333333333343,-998.9198301913775
0.2034499999999999,-998.9196672099268
0.2051166666666666,-998.9195787342823
0.20678333333333332,-998.9195787342823
0.20845000000000002,-998.9196672099268
0.21011666666666673,-998.9198348479904
0.21178333333333343,-998.9200490521827
0.21344999999999992,-998.9202679129877
0.21511666666666662,-998.9204681473414
0.21678333333333333,-998.9206171589534
0.21845000000000003,-998.9207196044366
0.22011666666666674,-998.920784797017
0.22178333333333344,-998.9208313631457
0.22344999999999993,-998.9208732726615
0.22511666666666663,-998.9209244954031
0.22678333333333334,-998.9209757181447
0.2284666666666666,-998.9210315974993
0.2301333333333333,-998.9210921334667
0.2318,-998.9211433562083
0.2334666666666667,-998.9211852657241
0.23513333333333342,-998.9212038921756
0.2367999999999999,-998.921189922337
0.2384666666666666,-998.9211293863697
0.2401333333333333,-998.9210083144349
0.24180000000000001,-998.9208360197586
0.24346666666666672,-998.9206125023405
0.24513333333333343,-998.9203424187938
0.24680000000000013,-998.9200443955697
0.2484666666666666,-998.9197137760556
0.2501333333333333,-998.9193784999286
0.2518166666666668,-998.9190525370273
0.25346666666666673,-998.918763827029
0.25515,-998.9185356529981
0.2568166666666667,-998.9183866413862
0.2584833333333334,-998.9183307620316
0.2601500000000001,-998.9183680149347
0.2618166666666666,-998.9184890868694
0.2634833333333333,-998.9186800079973
0.26515,-998.9189221518668
0.2668166666666667,-998.9191829221878
0.2684833333333334,-998.919439035896
0.2701499999999999,-998.9196672099268
0.2718166666666668,-998.9198534744419
0.2734833333333333,-998.9199885162152
0.27515,-998.9200630220213
0.2768166666666667,-998.9200769918599
0.2784833333333334,-998.9200397389568
0.2801500000000001,-998.9199652331508
0.2818166666666666,-998.9198721008934
0.2834833333333333,-998.9197649987972
0.28515,-998.9196485834754
0.2868166666666667,-998.9195135417019
0.2885,-998.9193459036385
0.2901666666666667,-998.9191316994462
0.2918333333333334,-998.9188709291252
0.2935000000000001,-998.9185589360625
0.2951666666666666,-998.9182143467098
0.2968333333333333,-998.9178604441313
0.2985,-998.9175205113913
0.3001666666666667,-998.9172318013931
0.3018333333333334,-998.9170315670394
0.3034999999999999,-998.9169337781691
0.3051666666666668,-998.9169477480077
0.3068333333333333,-998.9170501934909
0.3085,-998.9172038617158
0.3101666666666667,-998.9173714997794
0.3118333333333334,-998.9175158547785
0.3135000000000001,-998.917608987036
0.31518333333333337,-998.917646239939
0.3168333333333333,-998.9176322701004
0.3185166666666668,-998.9175857039716
0.32018333333333326,-998.9175251680042
0.32184999999999997,-998.9174692886497
0.3235166666666667,-998.9174273791339
0.3251833333333334,-998.9174087526824
0.3268500000000001,-998.9174134092952
0.32851666666666657,-998.9174320357467
0.3301833333333333,-998.9174553188111
0.33185,-998.9174739452626
0.3335166666666667,-998.9174879151012
0.3351833333333334,-998.9174925717141
0.3368500000000001,-998.917497228327
0.3385166666666668,-998.9175065415527
0.3401833333333333,-998.9175111981656
0.34185,-998.917497228327
0.3435166666666667,-998.9174413489725
0.34519999999999995,-998.9173202770377
0.34686666666666666,-998.9171386691356
0.34853333333333336,-998.9169058384919
0.35020000000000007,-998.9166590380095
0.35186666666666677,-998.9164448338172
0.35353333333333326,-998.9163097920438
0.35519999999999996,-998.916300478818
0.35686666666666667,-998.9164262073657
0.35853333333333337,-998.916677664461
0.3602000000000001,-998.9170129405879
0.36186666666666656,-998.917385469618
0.3635333333333335,-998.9177393721965
0.36519999999999997,-998.9180373954205
0.3668666666666667,-998.9182655694514
0.3685333333333334,-998.9184238942892
0.3702000000000001,-998.918540309611
0.3718666666666668,-998.9186334418686
0.3735333333333333,-998.918726574126
0.37521666666666675,-998.9188150497706
0.37688333333333346,-998.9188895555767
0.37854999999999994,-998.9189221518668
0.38021666666666665,-998.9188988688024
0.38188333333333335,-998.9188057365449
0.38355000000000006,-998.9186474117072
0.38521666666666676,-998.9184611471921
0.38688333333333325,-998.9182748826771
0.38854999999999995,-998.9181258710652
0.39021666666666666,-998.9180373954205
0.39188333333333336,-998.918018768969
0.39355000000000007,-998.9180513652591
0.39521666666666655,-998.918130527678
0.3968833333333335,-998.9182329731613
0.39854999999999996,-998.9183540450961
0.40021666666666667,-998.9184844302565
0.40188333333333337,-998.9186427550943
0.4035500000000001,-998.9188383328351
0.40523333333333333,-998.9190804767046
0.40690000000000004,-998.91936453009
0.40856666666666674,-998.9196904929912
0.41023333333333345,-998.9200443955697
0.41189999999999993,-998.9204122679869
0.41356666666666664,-998.9207661705653
0.41523333333333334,-998.9210735070152
0.41690000000000005,-998.9213109942718
0.41856666666666675,-998.9214553492709
0.42023333333333324,-998.9215065720125
0.42189999999999994,-998.9214786323353
0.42356666666666665,-998.9213901566907
0.42523333333333335,-998.9212597715301
0.42690000000000006,-998.9211107599182
0.42856666666666676,-998.9209710615319
0.43023333333333347,-998.9208639594358
0.43189999999999995,-998.9208034234684
0.43356666666666666,-998.9208080800813
0.43525000000000014,-998.9208825858873
0.4369166666666666,-998.9210176276606
0.4385833333333333,-998.9212132054014
0.44025000000000003,-998.9214646624966
0.44191666666666674,-998.9217580291079
0.44358333333333344,-998.9220933052349
0.4452499999999999,-998.9224658342648
0.44691666666666663,-998.9228616463593
0.44858333333333333,-998.9232760849052
0.45025000000000004,-998.9236998366767
0.45191666666666674,-998.9241282450613
0.4535833333333332,-998.9245613100587
0.45525000000000015,-998.9250036882819
0.45691666666666664,-998.9254600363437
0.45858333333333334,-998.9259256976312
0.46025000000000005,-998.9263867023058
0.4619333333333333,-998.9268290805289
0.46358333333333346,-998.9272574889135
0.4652666666666667,-998.9276952105238
0.4669333333333334,-998.9282167511658
0.4686000000000001,-998.9289478393872
0.4702666666666666,-998.9300887095417
0.4719333333333333,-998.93186753566
0.4736,-998.9345311182246
0.4752666666666667,-998.9382610651377
0.47693333333333343,-998.9431551652696
0.4785999999999999,-998.9491295995886
0.4802666666666666,-998.9559282543863
0.4819333333333333,-998.9631040948271
0.48360000000000003,-998.970051761237
0.48526666666666673,-998.9760867315233
0.4869333333333332,-998.9803195926269
0.48860000000000015,-998.9802730264981
0.49026666666666663,-998.9662705915823
0.49195,-998.9057159977526
0.4936166666666667,-998.7100125284446
0.4952833333333333,-998.1800760134031
0.49695,-996.9368674778085
0.4986166666666667,-994.3585474949138
0.5002833333333333,-989.5584317806914
0.50195,-981.4394875343141
0.5036166666666667,-968.8449748646677
0.5052833333333333,-950.7942576663542
0.50695,-926.7568778836899
0.5086166666666667,-896.8944805194133
0.5102833333333333,-862.197904317732
0.51195,-824.4696496168476
0.5136166666666667,-786.1409433121518
0.5152833333333333,-749.9542742734562
0.51695,-718.5752739750665
0.5186166666666667,-694.2125878735504
0.5202833333333333,-678.3194796546919
0.5219666666666667,-671.4294807386722
0.5236166666666667,-673.1471888130285
0.5253,-682.2834586176479
0.5269666666666667,-697.0977972713755
0.5286333333333334,-715.5954375470036
0.5303,-735.8232237099778
0.5319666666666667,-756.1160068754647
0.5336333333333334,-775.2608464915588
0.5353,-792.565164525325
0.5369666666666667,-807.8335648439049
0.5386333333333334,-821.2725728849286
0.5403,-833.3515193468666
0.5419666666666667,-844.6500081776874
0.5436333333333334,-855.7194894439166
0.5453,-866.9787928773923
0.5469666666666667,-878.6543975019149
0.5486333333333333,-890.7664943909117
0.5503,-903.1542161959942
0.5519833333333334,-915.5280286984183
0.55365,-927.5351841596585
0.5553166666666667,-938.8245227461795
0.5569833333333334,-949.0992412665389
0.55865,-958.1517851716615
0.5603166666666667,-965.8792759132941
0.5619833333333334,-972.2822024357888
0.56365,-977.4496317736105
0.5653166666666667,-981.5352833743838
0.5669833333333334,-984.7287838276144
0.56865,-987.2272754959889
0.5703166666666667,-989.2117003860006
0.5719833333333334,-990.8306742975631
0.57365,-992.1928546355073
0.5753166666666667,-993.3672058365155
0.5769833333333334,-994.389295109729
0.57865,-995.2711597994302
0.5803166666666667,-996.0121852327195
0.5820000000000001,-996.6088836065535
0.5836666666666667,-997.062041888508
0.5853333333333334,-997.3806659678838
0.5870000000000001,-997.5827024307022
0.5886666666666667,-997.6931991976188
0.5903333333333334,-997.7409015399129
0.5920000000000001,-997.7542799887035
0.5936666666666667,-997.7579307731976
0.5953333333333334,-997.7700612497376
0.597,-997.8012698692276
0.5986666666666667,-997.8547464114869
0.6003333333333334,-997.9275618670171
0.602,-998.0126940636023
0.6036666666666667,-998.1012768103282
0.6053333333333334,-998.1846860601495
0.607,-998.2561324714944
0.6086666666666667,-998.3115741043871
0.6103333333333334,-998.3499585643177
0.6120166666666667,-998.3728923827283
0.6136833333333334,-998.3838726758881
0.6153500000000001,-998.3873651355447
0.6170166666666667,-998.3878866761867
0.6186833333333334,-998.3892370939204
0.6203500000000001,-998.3940473750206
0.6220166666666667,-998.4035654917376
0.6236833333333334,-998.4177681610071
0.6253500000000001,-998.4356355846094
0.6270166666666667,-998.4555565744897
0.6286833333333334,-998.4757290214653
0.6303500000000001,-998.4945417374813
0.6320166666666667,-998.5108212560931
0.6336833333333334,-998.5239715308528
0.6353500000000001,-998.5339599654702
0.6370166666666667,-998.5412382513942
0.6386833333333334,-998.5465514466849
0.6403500000000001,-998.550765681337
0.6420333333333333,-998.5546958626037
0.6437,-998.5589752898361
0.6453666666666666,-998.5639858052898
0.6470333333333333,-998.5698484808997
0.6487,-998.5764701844083
0.6503666666666666,-998.5835948021074
0.6520333333333334,-998.5909010277087
0.6537000000000001,-998.5980815247624
0.6553666666666667,-998.6048801795603
0.6570333333333334,-998.6111386672645
0.6587000000000001,-998.6167917952951
0.6603666666666667,-998.6218581901034
0.6620333333333334,-998.6264216707211
0.6637000000000001,-998.6305939958573
0.6653666666666667,-998.634486924221
0.6670333333333334,-998.6382029012955
0.6687000000000001,-998.6418210894996
0.6703666666666667,-998.6454113380264
0.67205,-998.649006243166
0.6737166666666667,-998.6526384012087
0.6753833333333333,-998.6563124687673
0.67705,-998.6600237892288
0.6787166666666667,-998.6637490795291
0.6803833333333333,-998.6674603999907
0.68205,-998.6711111844849
0.6837166666666668,-998.6746781499472
0.6853833333333333,-998.6781380133136
0.68705,-998.6814768047451
0.6887166666666668,-998.6846991808549
0.6903833333333333,-998.6878144548683
0.69205,-998.6908412532373
0.6937166666666666,-998.6937842325744
0.6953833333333334,-998.6966480494926
0.6970500000000001,-998.699437360605
0.6987166666666667,-998.7021568225241
0.7004,-998.7048297183145
0.7020666666666667,-998.7074886442663
0.7037333333333333,-998.7101801665082
0.7054,-998.7129555077818
0.7070666666666667,-998.7158658908288
0.7087333333333333,-998.7189671950038
0.7104,-998.722278046758
0.7120666666666667,-998.7257937894789
0.7137333333333333,-998.7294725136503
0.7154,-998.733253683305
0.7170666666666667,-998.7370534794112
0.7187333333333333,-998.7407741130985
0.7204,-998.7443271087224
0.7220666666666667,-998.7476379604766
0.7237333333333333,-998.7506275059426
0.7254,-998.7532491789913
0.7270666666666667,-998.7554657267199
0.7287333333333333,-998.7572724925155
0.7304166666666667,-998.7586834462168
0.7320833333333334,-998.7597498105652
0.73375,-998.7605274649153
0.7354166666666667,-998.7611095415248
0.7370833333333334,-998.7615752028122
0.73875,-998.7620129244225
0.7404166666666667,-998.76247858571
0.7420833333333333,-998.7630187528035
0.74375,-998.7636287690902
0.7454166666666667,-998.7642760382798
0.7470833333333333,-998.7649139942438
0.74875,-998.7654727877888
0.7504166666666667,-998.7659058527862
0.7520833333333333,-998.7661945627844
0.75375,-998.7663528876222
0.7554166666666667,-998.7664273934282
0.7570833333333333,-998.766473959557
0.75875,-998.7665577785888
0.7604333333333334,-998.7667300732652
0.7621,-998.7670234398763
0.7637666666666667,-998.7674518482607
0.7654333333333334,-998.768005985193
0.7671,-998.7686579109954
0.7687666666666667,-998.769384342604
0.7704333333333334,-998.7701619969542
0.7721,-998.7709769042074
0.7737666666666667,-998.7718197511377
0.7754333333333334,-998.772709164197
0.7771,-998.7736544566106
0.7787666666666667,-998.7746789114432
0.7804333333333334,-998.7757871853075
0.7821,-998.776960651752
0.7837666666666667,-998.7781620578738
0.7854333333333333,-998.7793448375442
0.7871,-998.7804577680214
0.7887833333333334,-998.7814589397896
0.79045,-998.7823483528487
0.7921166666666667,-998.7831399770375
0.7937833333333334,-998.7838617520332
0.79545,-998.7845462741258
0.7971166666666667,-998.785212169767
0.7987833333333334,-998.7858687521824
0.80045,-998.7865067081464
0.8021166666666667,-998.7871120678201
0.8037833333333334,-998.7876894878166
0.80545,-998.7882389681359
0.8071166666666667,-998.7887698220037
0.8087833333333334,-998.7893053324843
0.81045,-998.7898454995778
0.8121166666666667,-998.7903903232842
0.8137833333333334,-998.7909444602165
0.81545,-998.7914939405357
0.8171166666666667,-998.7920294510163
0.8188000000000001,-998.7925556482712
0.8204666666666667,-998.7930771889132
0.8221333333333334,-998.7936080427811
0.8238000000000001,-998.7941621797132
0.8254666666666667,-998.7947442563226
0.8271333333333334,-998.7953589292222
0.8288000000000001,-998.7960061984118
0.8304666666666667,-998.796672094053
0.8321333333333334,-998.7973473029199
0.8338,-998.798017855174
0.8354666666666667,-998.7986651243635
0.8371333333333334,-998.7992891104889
0.8388,-998.7998851569369
0.8404666666666667,-998.8004672335463
0.8421333333333334,-998.8010493101557
0.8438,-998.8016406999909
0.8454833333333334,-998.8022646861161
0.8471500000000001,-998.8029259251445
0.8488166666666667,-998.8036337303015
0.8504833333333334,-998.8043927582002
0.8521500000000001,-998.8052030088404
0.8538166666666667,-998.8060505123838
0.8554833333333334,-998.8069119857656
0.8571500000000001,-998.8077548326961
0.8588166666666667,-998.8085464568849
0.8604833333333334,-998.8092682318805
0.8621500000000001,-998.8098968746186
0.8638166666666667,-998.8104323850994
0.8654833333333334,-998.8108794199353
0.8671500000000001,-998.8112566055783
0.8688166666666667,-998.8115918817052
0.8704833333333334,-998.8119085313808
0.8721500000000001,-998.8122438075078
0.8738166666666667,-998.8126256497636
0.8754833333333334,-998.8130866544382
0.8771666666666668,-998.8136407913704
0.8788333333333334,-998.8143020303986
0.8805000000000001,-998.8150610582973
0.8821666666666667,-998.8158992486149
0.8838333333333334,-998.8167886616741
0.8855000000000001,-998.8176873879589
0.8871666666666667,-998.8185674877924
0.8888333333333334,-998.8193963648841
0.8905000000000001,-998.8201693626214
0.8921666666666667,-998.8208771677785
0.8938333333333334,-998.821529093581
0.8955000000000001,-998.8221391098676
0.8971666666666667,-998.82272584309
0.8988333333333334,-998.8232939498607
0.9005000000000001,-998.8238574000187
0.9021666666666667,-998.8244208501766
0.9038333333333334,-998.8249889569473
0.9055000000000001,-998.8255570637181
0.9071833333333333,-998.8261251704889
0.90885,-998.8266746508082
0.9105166666666668,-998.8271915348373
0.9121833333333333,-998.8276618527377
0.91385,-998.8280856045094
0.9155166666666668,-998.8284907298295
0.9171833333333334,-998.8289144816011
0.9188500000000001,-998.8293894561144
0.9205166666666668,-998.8299482496594
0.9221833333333334,-998.8305815490105
0.9238500000000001,-998.8312567578774
0.9255166666666668,-998.8319226535186
0.9271833333333334,-998.8325280131924
0.9288500000000001,-998.8330355839958
0.9305166666666667,-998.8334360527031
0.9321833333333334,-998.8337433891528
0.9338500000000001,-998.8339995028609
0.9355333333333333,-998.8342276768918
0.9372,-998.8344558509227
0.9388666666666667,-998.8346979947922
0.9405333333333333,-998.8349541085004
0.9422,-998.8352055655956
0.9438666666666667,-998.8354477094651
0.9455333333333333,-998.8356665702703
0.9472,-998.8358621480111
0.9488666666666667,-998.8360390993003
0.9505333333333333,-998.8362020807509
0.9522,-998.8363697188145
0.9538666666666668,-998.8365699531681
0.9555333333333333,-998.8368120970376
0.9572,-998.8371147768745
0.9588666666666668,-998.8374779926787
0.9605333333333334,-998.8379064010633
0.9622,-998.8383860321894
0.9638666666666668,-998.8388889463799
0.96555,-998.8393965171833
0.9672166666666667,-998.839894774761
0.9688833333333334,-998.8403557794356
0.97055,-998.840756248143
0.9722166666666667,-998.841086867657
0.9738833333333334,-998.8413336681394
0.97555,-998.8415199326545
0.9772166666666667,-998.8416689442664
0.9788833333333333,-998.8418132992656
0.98055,-998.8419995637806
0.9822166666666667,-998.8422510208759
0.9838833333333333,-998.8425909536157
0.98555,-998.8430240186132
0.9872166666666667,-998.8435409026423
0.9888833333333333,-998.8441229792518
0.99055,-998.8447190256998
0.9922166666666667,-998.8452917890834
0.9938833333333333,-998.8457947032739
0.9955666666666667,-998.8462091418198
0.9972333333333334,-998.8465304481082
0.9989,-998.8467819052034
1.0005666666666666,-998.8470007660086
1.0022333333333333,-998.8472242834266
1.0039,-998.8474850537476
1.0055666666666667,-998.8477970468103
1.0072333333333334,-998.8481695758403
1.0089000000000001,-998.8485979842249
1.0105666666666666,-998.8490729587381
1.0122333333333333,-998.8495758729287
1.0139,-998.8500741305063
1.0155666666666667,-998.8505491050196
1.0172333333333334,-998.8509868266299
1.0189000000000001,-998.8513686688856
1.0205666666666666,-998.8516946317869
1.0222333333333333,-998.8519693719466
1.0239,-998.8522022025903
1.0255833333333333,-998.852397780331
1.02725,-998.8525793882332
1.0289166666666667,-998.8527656527482
1.0305833333333334,-998.8529752003276
1.0322500000000001,-998.8532266574229
1.0339166666666668,-998.8535293372597
1.0355833333333333,-998.8538972096769
1.03725,-998.8543163048356
1.0389166666666667,-998.8547773095103
1.0405833333333334,-998.8552429707978
1.0422500000000001,-998.8556806924081
1.0439166666666668,-998.8560532214381
1.0455833333333333,-998.8563326182107
1.04725,-998.8565142261127
1.0489166666666667,-998.856616671596
1.0505833333333334,-998.8566818641763
1.0522500000000001,-998.8567424001436
1.0539333333333334,-998.8568448456269
1.0556,-998.8570124836904
1.0572666666666668,-998.8572592841728
1.0589333333333333,-998.8575712772355
1.0606,-998.8579112099753
1.0622666666666667,-998.8582464861023
1.0639333333333334,-998.8585538225522
1.0656,-998.8588052796474
1.0672666666666668,-998.859005514001
1.0689333333333333,-998.8591498690001
1.0706,-998.8592616277092
1.0722666666666667,-998.859340790128
1.0739333333333334,-998.8593873562568
1.0756000000000001,-998.8594106393211
1.0772666666666668,-998.8594013260954
1.0789333333333333,-998.8593733864182
1.0806,-998.8593501033538
1.0822833333333335,-998.8593594165795
1.08395,-998.8594385789984
1.0856166666666667,-998.8596201869005
1.0872833333333334,-998.8599275233503
1.08895,-998.8603605883477
1.0906166666666668,-998.8609054120541
1.0922833333333335,-998.8615340547923
1.09395,-998.8621952938206
1.0956166666666667,-998.8628518762359
1.0972833333333334,-998.863447922684
1.09895,-998.8639601501003
1.1006166666666668,-998.8643652754204
1.1022833333333333,-998.8646726118702
1.10395,-998.8649100991269
1.1056166666666667,-998.8651149900934
1.1072833333333334,-998.8653245376727
1.10895,-998.8655806513808
1.1106166666666668,-998.8659019576693
1.1122833333333333,-998.8663024263765
1.1139666666666668,-998.8667774008898
1.1156333333333335,-998.8673129113705
1.1173,-998.8678670483026
1.1189666666666667,-998.8683932455575
1.1206333333333334,-998.8688402803936
1.1223,-998.869156930069
1.1239666666666668,-998.8693152549068
1.1256333333333335,-998.869310598294
1.1273,-998.8691615866819
1.1289666666666667,-998.8689147861995
1.1306333333333334,-998.868635389427
1.1323,-998.8683932455575
1.1339666666666668,-998.8682535471712
1.1356333333333335,-998.8682535471712
1.1373,-998.8683979021704
1.1389666666666667,-998.8686447026528
1.1406500000000002,-998.868933412651
1.1423166666666666,-998.8691802131334
1.1439833333333334,-998.8693245681326
1.14565,-998.8693385379712
1.1473166666666668,-998.8692221226493
1.1489833333333335,-998.8690218882957
1.15065,-998.8688123407163
1.1523166666666667,-998.8686586724914
1.1539833333333334,-998.8686167629755
1.15565,-998.8687192084587
1.1573166666666668,-998.8689613523283
1.1589833333333335,-998.8693059416811
1.16065,-998.8697110670012
1.1623166666666667,-998.8701208489342
1.1639833333333334,-998.8704933779643
1.16565,-998.8708053710269
1.1673166666666668,-998.8710568281222
1.1689833333333335,-998.8712430926372
1.17065,-998.8713874476363
1.1723333333333334,-998.8714898931196
1.1740000000000002,-998.8715597423127
1.1756666666666666,-998.8716063084414
1.1773333333333333,-998.8716435613444
1.179,-998.8716994406989
1.1806666666666668,-998.8718158560208
1.1823333333333335,-998.8720300602131
1.1840000000000002,-998.8723606797272
1.1856666666666666,-998.8727984013375
1.1873333333333334,-998.8733059721409
1.189,-998.87382285617
1.1906666666666668,-998.8742652343932
1.1923333333333335,-998.8745725708429
1.194,-998.8746936427777
1.1956666666666667,-998.8746191369717
1.1973333333333334,-998.8743769931021
1.199,-998.8740370603623
1.2006833333333333,-998.8736971276224
1.20235,-998.8734503271401
1.2040166666666667,-998.8733618514954
1.2056833333333334,-998.8734642969787
1.2073500000000001,-998.8737297239126
1.2090166666666666,-998.8740929397168
1.2106833333333333,-998.8744747819726
1.21235,-998.874796088261
1.2140166666666667,-998.875019605679
1.2156833333333334,-998.875131364388
1.2173500000000002,-998.8751593040653
1.2190166666666666,-998.8751499908395
1.2206833333333333,-998.8751406776138
1.22235,-998.875168617291
1.2240166666666668,-998.8752524363227
1.2256833333333335,-998.875392134709
1.2273500000000002,-998.8755737426111
1.2290166666666666,-998.8757786335776
1.2307000000000001,-998.8759742113184
1.2323666666666668,-998.8761465059948
1.2340333333333333,-998.8762815477681
1.2357,-998.8763793366386
1.2373666666666667,-998.8764398726059
1.2390333333333334,-998.8764631556703
1.2407000000000001,-998.8764678122832
1.2423666666666666,-998.8764398726059
1.2440333333333333,-998.8763886498643
1.2457,-998.8763048308325
1.2473666666666667,-998.8761884155107
1.2490333333333334,-998.8760440605115
1.2507000000000001,-998.8758950488996
1.2523666666666666,-998.8757693203519
1.2540333333333333,-998.8756994711588
1.2557,-998.875690157933
1.2573666666666667,-998.8757320674489
1.2590333333333334,-998.8757972600291
1.2607166666666667,-998.8758531393836
1.2623833333333334,-998.8758717658352
1.2640500000000001,-998.8758438261578
1.2657166666666668,-998.8757786335776
1.2673833333333333,-998.8757087843845
1.26905,-998.8756715314815
1.2707166666666667,-998.8756994711588
1.2723833333333334,-998.875801916642
1.2740500000000001,-998.8759742113184
1.2757166666666668,-998.8762023853493
1.2773833333333333,-998.8764631556703
1.27905,-998.8767285826042
1.2807166666666667,-998.8769893529252
1.2823833333333334,-998.8772314967947
1.2840500000000001,-998.8774782972771
1.2857166666666666,-998.8777344109852
1.2873833333333333,-998.8780138077577
1.2890666666666668,-998.878307174369
1.2907333333333333,-998.8785865711415
1.2924,-998.878828715011
1.2940666666666667,-998.8790056663001
1.2957333333333334,-998.879089485332
1.2974,-998.8790708588805
1.2990666666666668,-998.8789591001714
1.3007333333333333,-998.8787681790435
1.3024,-998.8785539748513
1.3040666666666667,-998.8783630537234
1.3057333333333334,-998.8782559516272
1.3074000000000001,-998.8782699214659
1.3090666666666668,-998.8784096198522
1.3107333333333333,-998.8786564203346
1.3124,-998.8789684133972
1.3140666666666667,-998.8792990329114
1.3157333333333334,-998.8796017127482
1.3174000000000001,-998.8798531698435
1.3190833333333334,-998.8800394343585
1.32075,-998.8801605062932
1.3224166666666668,-998.8802350120992
1.3240833333333335,-998.8802862348409
1.32575,-998.8803374575825
1.3274166666666667,-998.880393336937
1.3290833333333334,-998.8804724993558
1.33075,-998.8805702882263
1.3324166666666668,-998.8806773903224
1.3340833333333333,-998.8807891490314
1.33575,-998.8809009077404
1.3374166666666667,-998.8810033532237
1.3390833333333334,-998.8810871722554
1.34075,-998.8811477082228
1.3424166666666668,-998.8811709912871
1.3440833333333333,-998.8811477082228
1.34575,-998.8810825156426
1.3474166666666667,-998.8809754135464
1.3491,-998.8808589982245
1.3507666666666667,-998.8807518961285
1.3524333333333334,-998.8806727337095
1.3541,-998.8806354808065
1.3557666666666668,-998.8806354808065
1.3574333333333335,-998.8806680770966
1.3591,-998.8807192998382
1.3607666666666667,-998.8807798358057
1.3624333333333334,-998.880840371773
1.3641,-998.8809195341919
1.3657666666666668,-998.8810126664495
1.3674333333333335,-998.881138394997
1.3691,-998.8812874066091
1.3707666666666667,-998.8814457314468
1.3724333333333334,-998.8815854298331
1.3741,-998.8816739054777
1.3757666666666668,-998.8816832187034
1.37745,-998.881590086446
1.3791166666666668,-998.8813898520923
1.3807833333333335,-998.8810918288683
1.38245,-998.8807425829027
1.3841166666666667,-998.8803886803241
1.3857833333333334,-998.8800860004873
1.38745,-998.8798764529079
1.3891166666666668,-998.8797693508118
1.3907833333333335,-998.8797367545216
1.39245,-998.8797367545216
1.3941166666666667,-998.8797088148443
1.3957833333333334,-998.8796063693611
1.39745,-998.8794014783946
1.3991166666666668,-998.879089485332
1.4007833333333335,-998.8787076430762
1.40245,-998.8782978611432
1.4041166666666667,-998.8779253321131
1.4057833333333334,-998.877631965502
1.4074666666666666,-998.8774363877612
1.4091333333333333,-998.8773432555038
1.4108,-998.877333942278
1.4124666666666668,-998.8773758517939
1.4141333333333335,-998.8774550142127
1.4158000000000002,-998.8775574596959
1.4174666666666667,-998.8776645617921
1.4191333333333334,-998.8777670072753
1.4208,-998.87785548292
1.4224666666666668,-998.8779160188874
1.4241333333333335,-998.8779393019518
1.4258000000000002,-998.8779113622745
1.4274666666666667,-998.8778461696943
1.4291333333333334,-998.8777670072753
1.4308,-998.877706471308
1.4324666666666668,-998.8777111279209
1.43415,-998.8778228866299
1.4358166666666667,-998.8780696871123
1.4374833333333334,-998.878451529368
1.4391500000000002,-998.878935817107
1.4408166666666666,-998.8794620143619
1.4424833333333333,-998.8799649285525
1.44415,-998.8803700538726
1.4458166666666667,-998.880616854355
1.4474833333333335,-998.8806773903224
1.4491500000000002,-998.8805656316134
1.4508166666666666,-998.8803234877439
1.4524833333333333,-998.880020807907
1.45415,-998.8797274412958
1.4558166666666668,-998.8795085804907
1.4574833333333335,-998.8794061350075
1.4591500000000002,-998.8794387312976
1.4608166666666667,-998.8796063693611
1.4624833333333334,-998.8798811095207
1.46415,-998.8802256988735
1.4658333333333333,-998.8805982279035
1.4675,-998.880952130482
1.4691666666666667,-998.8812408404804
1.4708333333333334,-998.8814317616082
1.4725000000000001,-998.8815109240271
1.4741666666666668,-998.881478327737
1.4758333333333333,-998.8813665690279
1.4775,-998.8812175574159
1.4791666666666667,-998.8810825156426
1.4808333333333334,-998.8809986966108
1.4825000000000002,-998.8810033532237
1.4841666666666666,-998.8811057987069
1.4858333333333333,-998.881292063222
1.4875,-998.8815435203172
1.4891666666666667,-998.881813603864
1.4908333333333335,-998.8820604043464
1.4925000000000002,-998.8822420122485
1.4941666666666666,-998.8823398011189
1.4958500000000001,-998.8823537709575
1.4975166666666668,-998.8823072048287
1.4991833333333333,-998.8822280424099
1.50085,-998.8821395667652
1.5025166666666667,-998.8820557477335
1.5041833333333334,-998.881962615476
1.5058500000000001,-998.8818648266056
1.5075166666666668,-998.8817577245095
1.5091833333333333,-998.8816459658004
1.51085,-998.8815481769301
1.5125166666666667,-998.8814876409627
1.5141833333333334,-998.8814922975756
1.5158500000000001,-998.881590086446
1.5175166666666668,-998.8818042906382
1.5191833333333333,-998.882111627088
1.52085,-998.8824794995052
1.5225166666666667,-998.8828287454708
1.5242,-998.8830895157918
1.5258666666666667,-998.8831873046622
1.5275333333333334,-998.8830988290175
1.5292000000000001,-998.8828380586965
1.5308666666666668,-998.8824701862794
1.5325333333333333,-998.8820836874107
1.5342,-998.881776350961
1.5358666666666667,-998.8816180261232
1.5375333333333334,-998.8816506224133
1.5392000000000001,-998.8818555133798
1.5408666666666668,-998.8821907895068
1.5425333333333333,-998.8825819449884
1.5442,-998.8829498174056
1.5458666666666667,-998.8832478406296
1.5475333333333334,-998.8834527315961
1.5492000000000001,-998.8835877733694
1.5508666666666668,-998.8836948754656
1.5525333333333333,-998.8838112907874
1.5542166666666668,-998.8839603023995
1.5558833333333335,-998.8841325970758
1.55755,-998.8843002351393
1.5592166666666667,-998.8844213070741
1.5608833333333334,-998.8844492467514
1.56255,-998.8843700843324
1.5642166666666668,-998.8841745065918
1.5658833333333335,-998.8838857965934
1.56755,-998.8835505204664
1.5692166666666667,-998.8832152443395
1.5708833333333334,-998.8829218777282
1.5725500000000001,-998.8827030169232
1.5742166666666668,-998.8825493486983
1.5758833333333333,-998.8824515598279
1.57755,-998.8823956804733
1.5792166666666667,-998.8823584275704
1.5808833333333334,-998.882335144506
1.5825666666666667,-998.8823398011189
1.5842333333333334,-998.882372397409
1.5859,-998.8824422466021
1.5875666666666668,-998.8825446920854
1.5892333333333335,-998.882670420633
1.5909,-998.882819432245
1.5925666666666667,-998.8829917269214
1.5942333333333334,-998.8832012745008
1.5959,-998.8834434183703
1.5975666666666668,-998.8837274717557
1.5992333333333335,-998.8840348082055
1.6009,-998.8843468012681
1.6025666666666667,-998.8846215414277
1.6042333333333334,-998.8848171191685
1.6059,-998.8848823117487
1.6075666666666668,-998.884798492717
1.6092333333333335,-998.8845703186861
1.6109,-998.8842350425591
1.6125666666666667,-998.8838485436904
1.6142500000000002,-998.8834806712733
1.6159166666666667,-998.883196617888
1.6175833333333334,-998.8830522628888
1.61925,-998.8830522628888
1.6209166666666668,-998.8831779914364
1.6225833333333335,-998.88337822579
1.62425,-998.8835924299823
1.6259166666666667,-998.8837786944973
1.6275833333333334,-998.8839137362708
1.62925,-998.8840068685282
1.6309166666666668,-998.8840860309471
1.6325833333333335,-998.8841745065918
1.63425,-998.8842816086878
1.6359166666666667,-998.8844026806227
1.6375833333333334,-998.8845237525574
1.63925,-998.8845982583633
1.6409166666666668,-998.8846029149762
1.6426,-998.884500469493
1.6442666666666668,-998.8842816086878
1.6459333333333335,-998.8839603023995
1.6476000000000002,-998.883564490305
1.6492666666666667,-998.8831453951462
1.6509333333333334,-998.8827356132133
1.6526,-998.8823677407961
1.6542666666666668,-998.8820417778949
1.6559333333333335,-998.8817577245095
1.6576000000000002,-998.8814876409627
1.6592666666666667,-998.8812268706417
1.6609333333333334,-998.8809754135464
1.6626,-998.8807518961285
1.6642666666666668,-998.8805889146778
1.6659333333333335,-998.8805144088718
1.6676,-998.8805470051619
1.6692666666666667,-998.8806867035481
1.6709500000000002,-998.8808962511275
1.6726166666666666,-998.8811244251584
1.6742833333333333,-998.8813013764477
1.67595,-998.8813805388666
1.6776166666666668,-998.8813479425764
1.6792833333333335,-998.8812035875773
1.6809500000000002,-998.8809847267722
1.6826166666666666,-998.8807472395156
1.6842833333333334,-998.880542348549
1.68595,-998.8803979935499
1.6876166666666668,-998.8803421141954
1.6892833333333335,-998.8803700538726
1.6909500000000002,-998.8804631861301
1.6926166666666667,-998.8805982279035
1.6942833333333334,-998.8807472395156
1.69595,-998.8808962511275
1.6976166666666668,-998.8810359495138
1.6992833333333335,-998.8811756479
1.7009666666666667,-998.8813200028992
1.7026333333333334,-998.8814736711241
1.7043000000000001,-998.8816366525747
1.7059666666666669,-998.8817996340254
1.7076333333333333,-998.8819300191858
1.7093,-998.8820045249919
1.7109666666666667,-998.8820045249919
1.7126333333333335,-998.8819300191858
1.7143000000000002,-998.8818182604768
1.7159666666666666,-998.8817204716065
1.7176500000000001,-998.8817065017678
1.7193166666666668,-998.8818182604768
1.7209833333333333,-998.8820790307979
1.72265,-998.8824608730537
1.7243166666666667,-998.8829032512767
1.7259833333333334,-998.8833363162742
1.7276500000000001,-998.883680905627
1.7293166666666668,-998.883899766432
1.7309833333333333,-998.883978928851
1.73265,-998.8839370193351
1.7343166666666667,-998.883825260626
1.7359833333333334,-998.8837041886914
1.7376500000000001,-998.8836203696595
1.7393166666666668,-998.8836063998209
1.7409833333333333,-998.8836576225625
1.74265,-998.8837414415943
1.7443166666666667,-998.8838206040132
1.7459833333333334,-998.8838718267548
1.7476500000000001,-998.8838764833677
1.7493166666666669,-998.8838532003033
1.7509833333333333,-998.8838206040132
1.75265,-998.8838159474003
1.7543166666666667,-998.8838438870775
1.7559833333333335,-998.8839183928836
1.7576500000000002,-998.8840301515926
1.7593166666666669,-998.8841745065918
1.7610000000000001,-998.8843374880423
1.7626666666666668,-998.8845097827187
1.7643333333333333,-998.8846960472338
1.766,-998.8848916249746
1.7676666666666667,-998.885096515941
1.7693333333333334,-998.8853107201332
1.7710000000000001,-998.8855016412612
1.7726666666666668,-998.8856459962603
1.7743333333333333,-998.8857205020663
1.776,-998.8857065322277
1.7776666666666667,-998.885618056583
1.7793333333333334,-998.8854923280354
1.7810000000000001,-998.8853805693265
1.7826666666666668,-998.8853386598105
1.7843333333333333,-998.8854131656166
1.786,-998.8856320264217
1.7876666666666667,-998.8859859290002
1.78935,-998.886442277062
1.7910166666666667,-998.8869545044782
1.7926833333333334,-998.8874620752816
1.7943500000000001,-998.8879277365692
1.7960166666666668,-998.888309578825
1.7976833333333335,-998.8885796623717
1.79935,-998.8887379872094
1.8010166666666667,-998.8887938665639
1.8026833333333334,-998.8887659268867
1.8043500000000001,-998.8886681380163
1.8060166666666668,-998.8885144697914
1.8076833333333335,-998.8883142354379
1.80935,-998.8880767481812
1.8110333333333335,-998.8878066646344
1.8127,-998.8875319244747
1.8143666666666667,-998.8872711541537
1.8160333333333334,-998.8870662631872
1.8177,-998.8869358780267
1.8193666666666668,-998.8869032817366
1.8210333333333335,-998.8869591610911
1.8227,-998.8870662631872
1.8243666666666667,-998.8871733652834
1.8260333333333334,-998.8872106181864
1.8277,-998.8871267991547
1.8293666666666668,-998.8868939685109
1.8310333333333335,-998.8865121262551
1.8327,-998.8860231819032
1.8343666666666667,-998.8854830148097
1.8360333333333334,-998.8849568175548
1.8377000000000001,-998.8844958128801
1.8393666666666668,-998.8841325970758
1.8410333333333335,-998.8838764833677
1.8427,-998.8837088453042
1.8443666666666667,-998.8835970865952
1.8460333333333334,-998.8835225807892
1.8477000000000001,-998.883457388209
1.8493833333333334,-998.883415478693
1.85105,-998.8833968522415
1.8527166666666668,-998.8834108220801
1.8543833333333335,-998.8834620448218
1.8560500000000002,-998.8835412072407
1.8577166666666667,-998.883638996111
1.8593833333333334,-998.8837367849815
1.86105,-998.8838345738518
1.8627166666666668,-998.8839183928836
1.8643833333333335,-998.8839882420767
1.86605,-998.8840487780441
1.8677166666666667,-998.8841046573986
1.8693833333333334,-998.8841605367531
1.87105,-998.8842117594947
1.8727166666666668,-998.8842490123977
1.8743833333333335,-998.8842722954621
1.87605,-998.8842722954621
1.8777333333333335,-998.8842490123977
1.8794000000000002,-998.8842164161076
1.8810666666666667,-998.8841838198175
1.8827333333333334,-998.884165193366
1.8844,-998.8841745065918
1.8860666666666668,-998.884202446269
1.8877333333333335,-998.8842350425591
1.8894000000000002,-998.8842350425591
1.8910666666666667,-998.8841745065918
1.8927333333333334,-998.8840254949797
1.8944,-998.8838019775617
1.8960666666666668,-998.8835365506278
1.8977333333333335,-998.8832850935325
1.8994000000000002,-998.883080202566
1.9010666666666667,-998.8829405041798
1.9027333333333334,-998.882856685148
1.9044,-998.8827961491806
1.9060666666666668,-998.8827076735361
1.90775,-998.8825633185369
1.9094166666666668,-998.882335144506
1.9110833333333335,-998.8820278080563
1.9127500000000002,-998.8816739054777
1.9144166666666667,-998.881329316125
1.9160833333333334,-998.8810592325782
1.91775,-998.8809241908048
1.9194166666666668,-998.8809428172563
1.9210833333333335,-998.8811057987069
1.9227500000000002,-998.8813619124151
1.9244166666666667,-998.8816413091876
1.9260833333333334,-998.8818787964442
1.92775,-998.8820324646691
1.9294166666666668,-998.8820836874107
1.9310833333333335,-998.8820464345077
1.9327500000000002,-998.8819719287018
1.9344166666666667,-998.8819253625729
1.9361000000000002,-998.8819486456373
1.9377666666666669,-998.8820604043464
1.9394333333333333,-998.8822466688614
1.9411,-998.8824422466021
1.9427666666666668,-998.8825819449884
1.9444333333333335,-998.8826005714399
1.9461000000000002,-998.8824655296665
1.9477666666666669,-998.8821861328939
1.9494333333333334,-998.8818182604768
1.9511,-998.8814317616082
1.9527666666666668,-998.8810871722554
1.9544333333333335,-998.8808310585473
1.9561000000000002,-998.8806727337095
1.9577666666666667,-998.8805935712907
1.9594333333333334,-998.8805702882263
1.9611,-998.880579601452
1.9627666666666668,-998.8806215109679
1.9644333333333335,-998.8807006733867
1.9661166666666667,-998.8808170887087
1.9677833333333334,-998.8809893833851
1.9694500000000001,-998.8812082441901
1.9711166666666669,-998.8814643578983
1.9727833333333333,-998.8817297848323
1.97445,-998.8819533022502
1.9761166666666667,-998.8820883440236
1.9777833333333334,-998.8820836874107
1.9794500000000002,-998.88192070596
1.9811166666666669,-998.8816087128974
1.9827833333333333,-998.881212900803
1.98445,-998.8808217453216
1.9861166666666668,-998.8805144088718
1.9877833333333335,-998.880356084034
1.9894500000000002,-998.8803653972598
1.9911166666666669,-998.8805190654847
1.9927833333333334,-998.8807658659671
1.99445,-998.8810406061267
1.9961333333333335,-998.881292063222
1.9978,-998.8814922975756
1.9994666666666667,-998.8816413091876
2.001133333333333,-998.8817716943481
2.0028,-998.8819113927343
2.0044666666666666,-998.8820836874107
2.0061333333333335,-998.8822932349901
2.0078,-998.8825260656339
2.009466666666667,-998.8827588962777
2.0111333333333334,-998.8829637872442
2.0128,-998.883117455469
2.014466666666667,-998.8832152443395
2.0161333333333333,-998.8832664670811
2.0178000000000003,-998.8832944067583
2.0194833333333335,-998.883340972887
2.0211333333333332,-998.8834108220801
2.022816666666667,-998.8835179241763
2.0244833333333334,-998.883638996111
2.02615,-998.8837507548201
2.027816666666667,-998.8838299172389
2.0294833333333333,-998.883862513529
2.0311500000000002,-998.8838532003033
2.0328166666666667,-998.8838159474003
2.0344833333333336,-998.8837926643359
2.03615,-998.8838206040132
2.0378166666666666,-998.883899766432
2.0394833333333335,-998.884016181754
2.04115,-998.8841139706243
2.042816666666667,-998.8841512235273
2.0444833333333334,-998.8840953441728
2.04615,-998.8839370193351
2.047816666666667,-998.88371815853
2.0494833333333333,-998.8834806712733
2.0511500000000003,-998.8832850935325
2.0528166666666667,-998.8831733348235
2.0545,-998.883154708372
2.056166666666667,-998.8832059311137
2.0578333333333334,-998.8832804369197
2.0595,-998.8833270030484
2.061166666666667,-998.8833130332098
2.0628333333333333,-998.8832385274038
2.0645000000000002,-998.8831267686948
2.0661666666666667,-998.8830243232115
2.0678333333333336,-998.8829870703086
2.0695,-998.8830289798244
2.0711666666666666,-998.883154708372
2.0728333333333335,-998.8833176898227
2.0745,-998.883457388209
2.076166666666667,-998.8835132675634
2.0778333333333334,-998.8834527315961
2.0795,-998.8832804369197
2.081166666666667,-998.8830336364373
2.0828333333333333,-998.8827961491806
2.0845166666666666,-998.8826285111171
2.0861833333333335,-998.8825819449884
2.08785,-998.8826564507943
2.089516666666667,-998.8828147756321
2.0911833333333334,-998.8829870703086
2.0928500000000003,-998.8831127988561
2.094516666666667,-998.8831453951462
2.0961833333333333,-998.8830848591789
2.09785,-998.8829591306313
2.0995166666666667,-998.882819432245
2.1011833333333336,-998.8827169867618
2.10285,-998.8826750772458
2.1045166666666666,-998.8826937036974
2.1061833333333335,-998.8827402698262
2.10785,-998.8827682095034
2.109516666666667,-998.8827356132133
2.1111833333333334,-998.8826238545042
2.1128666666666667,-998.8824422466021
2.1145333333333336,-998.8822280424099
2.1162,-998.8820278080563
2.1178666666666666,-998.8818927662828
2.1195333333333335,-998.8818462001541
2.1212,-998.8818648266056
2.122866666666667,-998.8819160493472
2.1245333333333334,-998.8819393324115
2.1262000000000003,-998.8819067361214
2.127866666666667,-998.8818042906382
2.1295333333333333,-998.8816645922519
2.1312,-998.8815388637043
2.1328666666666667,-998.8814922975756
2.1345333333333336,-998.8815621467687
2.1362,-998.8817716943481
2.1378666666666666,-998.8821069704751
2.1395333333333335,-998.882521409021
2.1412,-998.8829544740184
2.1428833333333333,-998.8833456294999
2.14455,-998.8836483093368
2.1462166666666667,-998.8838345738518
2.1478833333333336,-998.883899766432
2.14955,-998.8838764833677
2.1512166666666666,-998.8838019775617
2.1528833333333335,-998.88371815853
2.15455,-998.8836622791754
2.156216666666667,-998.8836436527239
2.1578833333333334,-998.8836622791754
2.1595500000000003,-998.8836902188527
2.161216666666667,-998.8837041886914
2.1628833333333333,-998.8836855622399
2.16455,-998.8836157130467
2.1662166666666667,-998.8834992977248
2.1678833333333336,-998.8833456294999
2.16955,-998.8831686782106
2.1712333333333333,-998.8829824136957
2.1729000000000003,-998.8828008057935
2.1745666666666668,-998.8826285111171
2.1762333333333332,-998.8824608730537
2.1779,-998.8823072048287
2.1795666666666667,-998.8821954461197
2.1812333333333336,-998.8821535366038
2.1829,-998.882223385797
2.184566666666667,-998.8824282767634
2.1862333333333335,-998.8827635528905
2.1879,-998.8831919612751
2.189566666666667,-998.8836529659496
2.1912333333333334,-998.8840674044956
2.1929000000000003,-998.8843700843324
2.1945666666666668,-998.8845144393316
2.1962333333333333,-998.8844958128801
2.1979,-998.8843561144938
2.1995833333333334,-998.8841605367531
2.2012333333333336,-998.8839882420767
2.202916666666667,-998.8838951098192
2.2045833333333333,-998.8839090796578
2.2062500000000003,-998.884016181754
2.2079166666666667,-998.8841791632046
2.2095833333333332,-998.8843374880423
2.21125,-998.8844492467514
2.2129166666666666,-998.8844911562672
2.2145833333333336,-998.8844725298158
2.21625,-998.8844119938484
2.217916666666667,-998.8843468012681
2.2195833333333335,-998.8842909219136
2.22125,-998.8842536690106
2.222916666666667,-998.8842117594947
2.2245833333333334,-998.8841419103015
2.2262500000000003,-998.8840208383668
2.2279166666666668,-998.8838438870775
2.2295833333333333,-998.8836250262724
2.231266666666667,-998.8833921956286
2.2329333333333334,-998.8831826480493
2.2346,-998.8830150099858
2.236266666666667,-998.8828985946639
2.2379333333333333,-998.8828287454708
2.2396000000000003,-998.8827868359549
2.2412666666666667,-998.8827495830519
2.2429333333333332,-998.8826983603103
2.2446,-998.8826378243429
2.2462666666666666,-998.8826098846656
2.2479333333333336,-998.882670420633
2.2496,-998.8828799682124
2.251266666666667,-998.8832618104682
2.2529333333333335,-998.8838112907874
2.2546,-998.8844539033643
2.256266666666667,-998.885096515941
2.2579333333333333,-998.885618056583
2.2596166666666666,-998.8859393628715
2.2612833333333335,-998.8860185252903
2.26295,-998.8858602004525
2.264616666666667,-998.8855295809384
2.2662833333333334,-998.8851058291667
2.26795,-998.884686734008
2.269616666666667,-998.8843421446552
2.2712833333333333,-998.8841046573986
2.2729500000000002,-998.8839696156252
2.2746166666666667,-998.8838764833677
2.2762833333333337,-998.8837740378845
2.27795,-998.8836063998209
2.2796166666666666,-998.88337822579
2.2812833333333336,-998.8831314253076
2.28295,-998.8829265343411
2.284616666666667,-998.8828287454708
2.2862833333333334,-998.8828659983737
2.28795,-998.8830196665987
2.2896333333333336,-998.8832199009523
2.2913,-998.8833921956286
2.2929666666666666,-998.8834620448218
2.2946333333333335,-998.8833875390158
2.2963,-998.8831779914364
2.297966666666667,-998.8828706549866
2.2996333333333334,-998.8825446920854
2.3013,-998.8822606387
2.302966666666667,-998.8820697175721
2.3046333333333333,-998.8819858985404
2.3063000000000002,-998.8819765853146
2.3079666666666667,-998.8819905551533
2.3096333333333336,-998.8819719287018
2.3113,-998.8818741398313
2.3129666666666666,-998.8816925319292
2.3146500000000003,-998.8814503880596
2.316316666666667,-998.8811942743515
2.3179833333333333,-998.880994039998
2.31965,-998.8809102209661
2.3213166666666667,-998.8809754135464
2.3229833333333336,-998.8811896177386
2.32465,-998.8815062674142
2.3263166666666666,-998.8818741398313
2.3279833333333335,-998.8822280424099
2.32965,-998.8825307222468
2.331316666666667,-998.8827635528905
2.3329833333333334,-998.882931190954
2.33465,-998.8830569195017
2.336316666666667,-998.883154708372
2.3379833333333333,-998.8832199009523
2.3396500000000002,-998.8832199009523
2.3413166666666667,-998.8831221120819
2.3429833333333336,-998.8828753115995
2.34465,-998.8824562164408
2.3463166666666666,-998.88188810967
2.3479833333333335,-998.881212900803
2.349666666666667,-998.8805283787104
2.3513333333333333,-998.8799276756495
2.353,-998.879494610652
2.3546666666666667,-998.8792804064599
2.3563333333333336,-998.879275749847
2.358,-998.8794387312976
2.3596666666666666,-998.8796948450057
2.3613333333333335,-998.8799882116168
2.363,-998.8802722650023
2.364666666666667,-998.8805144088718
2.3663333333333334,-998.8807239564511
2.3680000000000003,-998.880914877579
2.369666666666667,-998.8811057987069
2.3713333333333333,-998.8812967198348
2.373,-998.8814829843499
2.3746666666666667,-998.8816273393489
2.3763333333333336,-998.8817111583807
2.378016666666667,-998.8817158149936
2.3796833333333334,-998.8816506224133
2.3813500000000003,-998.881552833543
2.383016666666667,-998.8814643578983
2.3846833333333333,-998.8814131351567
2.38635,-998.8814084785438
2.3880166666666667,-998.8814457314468
2.3896833333333336,-998.881478327737
2.39135,-998.8814690145111
2.3930166666666666,-998.8813898520923
2.3946833333333335,-998.8812222140288
2.39635,-998.8809893833851
2.398016666666667,-998.8807332696769
2.3996833333333334,-998.880509752259
2.4013500000000003,-998.8803886803241
2.403016666666667,-998.8804119633885
2.4046833333333333,-998.8805842580649
2.406366666666667,-998.8808636548374
2.4080333333333335,-998.8811942743515
2.4097,-998.8814922975756
2.411366666666667,-998.8817158149936
2.4130333333333334,-998.8818368869283
2.4147000000000003,-998.8818834530571
2.4163666666666668,-998.8818787964442
2.4180333333333333,-998.8818741398313
2.4197,-998.8819020795086
2.4213666666666667,-998.8819765853146
2.4230333333333336,-998.8820930006365
2.4247,-998.8822326990228
2.426366666666667,-998.8823677407961
2.4280333333333335,-998.8824794995052
2.4297,-998.8825679751498
2.431366666666667,-998.8826564507943
2.4330333333333334,-998.882782179342
2.4347000000000003,-998.8829777570828
2.436366666666667,-998.8832571538553
2.43805,-998.8835970865952
2.439716666666667,-998.8839370193351
2.4413833333333335,-998.8842210727205
2.44305,-998.884384054171
2.444716666666667,-998.8844073372355
2.4463833333333334,-998.884314204978
2.4480500000000003,-998.8841558801403
2.4497166666666668,-998.8839928986896
2.4513833333333332,-998.8838857965934
2.45305,-998.883862513529
2.4547166666666667,-998.8839090796578
2.4563833333333336,-998.8839835854639
2.45805,-998.8840348082055
2.459716666666667,-998.8840208383668
2.4613833333333335,-998.8839183928836
2.46305,-998.8837414415943
2.464716666666667,-998.8835272374021
2.4664,-998.8833363162742
2.4680666666666666,-998.8832059311137
2.4697333333333336,-998.883154708372
2.4714,-998.8831686782106
2.473066666666667,-998.8832199009523
2.4747333333333335,-998.8832618104682
2.4764,-998.8832664670811
2.478066666666667,-998.8832199009523
2.4797333333333333,-998.8831360819205
2.4814000000000003,-998.8830569195017
2.4830666666666668,-998.8830196665987
2.4847333333333332,-998.8830476062759
2.4864,-998.8831360819205
2.4880666666666666,-998.8832478406296
2.4897333333333336,-998.8833176898227
2.4914,-998.8832850935325
2.493066666666667,-998.8831081422433
2.4947333333333335,-998.8827961491806
2.4964166666666667,-998.8823910238605
2.4980833333333337,-998.881962615476
2.49975,-998.8815807732202
2.5014166666666666,-998.8813013764477
2.5030833333333335,-998.8811477082228
2.50475,-998.8811057987069
2.506416666666667,-998.8811290817713
2.5080833333333334,-998.8811663346743
2.50975,-998.8811756479
2.511416666666667,-998.8811430516099
2.5130833333333333,-998.8810685458039
2.5147500000000003,-998.8809800701592
2.5164166666666667,-998.8809102209661
2.5180833333333337,-998.8808915945147
2.51975,-998.8809241908048
2.5214166666666666,-998.8809986966108
2.5230833333333336,-998.8810732024168
2.524766666666667,-998.8811104553198
2.5264333333333333,-998.8810732024168
2.5281000000000002,-998.8809474738691
2.5297666666666667,-998.8807472395156
2.5314333333333336,-998.8805190654847
2.5331,-998.880318831131
2.5347666666666666,-998.8801931025833
2.5364333333333335,-998.8801651629061
2.5381,-998.8802350120992
2.539766666666667,-998.8803700538726
2.5414333333333334,-998.880509752259
2.5431,-998.8806075411293
2.544766666666667,-998.8806261675808
2.5464333333333333,-998.8805656316134
2.5481000000000003,-998.8804585295172
2.5497666666666667,-998.8803514274211
2.5514333333333337,-998.8802908914538
2.5531,-998.8803048612924
2.5547833333333334,-998.880393336937
2.5564500000000003,-998.8805237220976
2.558116666666667,-998.880654107258
2.5597833333333333,-998.8807472395156
2.5614500000000002,-998.8807844924186
2.5631166666666667,-998.8807612093542
2.5647833333333336,-998.880691360161
2.56645,-998.8806075411293
2.5681166666666666,-998.8805237220976
2.5697833333333335,-998.8804585295172
2.57145,-998.8804119633885
2.573116666666667,-998.8803747104855
2.5747833333333334,-998.8803234877439
2.57645,-998.8802489819378
2.578116666666667,-998.8801465364546
2.5797833333333333,-998.880020807907
2.5814500000000002,-998.8798997359722
2.5831166666666667,-998.8798066037148
2.5848,-998.8797740074247
2.586466666666667,-998.8798019471019
2.5881333333333334,-998.8798811095207
2.5898000000000003,-998.8799742417782
2.591466666666667,-998.8800440909714
2.5931333333333333,-998.8800440909714
2.5948,-998.8799742417782
2.5964666666666667,-998.8798531698435
2.5981333333333336,-998.8797367545216
2.5998,-998.8796948450057
2.6014666666666666,-998.8797740074247
2.6031333333333335,-998.8799882116168
2.6048,-998.8803095179053
2.606466666666667,-998.8806680770966
2.6081333333333334,-998.8809847267722
2.6098000000000003,-998.8811849611258
2.6114833333333336,-998.8812361838675
2.61315,-998.8811430516099
2.614816666666667,-998.8809614437077
2.6164833333333335,-998.8807658659671
2.61815,-998.8806354808065
2.619816666666667,-998.880616854355
2.6214833333333334,-998.8807425829027
2.6231500000000003,-998.8809754135464
2.624816666666667,-998.881254810319
2.6264833333333333,-998.8815109240271
2.62815,-998.8816692488648
2.6298166666666667,-998.881697188542
2.6314833333333336,-998.8815947430588
2.63315,-998.8813945087052
2.6348166666666666,-998.8811663346743
2.6364833333333335,-998.8809474738691
2.63815,-998.8807891490314
2.639816666666667,-998.8806820469352
2.6414833333333334,-998.880616854355
2.6431666666666667,-998.8805609750005
2.6448333333333336,-998.880509752259
2.6465,-998.8804724993558
2.648166666666667,-998.8804818125816
2.6498333333333335,-998.8805702882263
2.6515,-998.8807751791928
2.653166666666667,-998.8811057987069
2.6548333333333334,-998.8815248938657
2.6565000000000003,-998.8819672720889
2.658166666666667,-998.8823398011189
2.6598333333333333,-998.882558661924
2.6615,-998.8825679751498
2.6631666666666667,-998.8823630841832
2.6648333333333336,-998.8819952117661
2.6665,-998.8815435203172
2.6681666666666666,-998.881101142094
2.6698333333333335,-998.8807425829027
2.6715,-998.880509752259
2.6731833333333332,-998.8804073067756
2.67485,-998.8804073067756
2.6765166666666667,-998.8804631861301
2.6781833333333336,-998.8805470051619
2.67985,-998.8806354808065
2.681516666666667,-998.8807425829027
2.6831833333333335,-998.8808683114503
2.68485,-998.8810126664495
2.686516666666667,-998.8811477082228
2.6881833333333334,-998.8812222140288
2.6898500000000003,-998.8811942743515
2.691516666666667,-998.8810126664495
2.6931833333333333,-998.8806867035481
2.69485,-998.8802396687121
2.6965166666666667,-998.8797320979087
2.6981833333333336,-998.8792524667825
2.69985,-998.8788752811397
2.7015333333333333,-998.8786610769474
2.7032000000000003,-998.8786191674316
2.7048666666666668,-998.878712299689
2.7065333333333337,-998.8788566546882
2.7082,-998.8789451303328
2.7098666666666666,-998.8789032208169
2.7115333333333336,-998.8786843600118
2.7132,-998.8783118309818
2.714866666666667,-998.8778787659844
2.7165333333333335,-998.87748295389
2.7182,-998.8772408100205
2.719866666666667,-998.8772128703432
2.7215333333333334,-998.877408448084
2.7232000000000003,-998.877780977114
2.7248666666666668,-998.8782326685629
2.7265333333333333,-998.8786564203346
2.7282,-998.8789777266229
2.7298666666666667,-998.8791360514607
2.73155,-998.8791360514607
2.733216666666667,-998.8790149795259
2.7348833333333333,-998.878828715011
2.7365500000000003,-998.8786284806573
2.7382166666666667,-998.8784468727551
2.7398833333333337,-998.8782838913045
2.74155,-998.8781348796925
2.7432166666666666,-998.8779812114676
2.7448833333333336,-998.8778321998557
2.74655,-998.8777018146951
2.748216666666667,-998.8776273088891
2.7498833333333335,-998.8776459353406
2.75155,-998.8777763205011
2.753216666666667,-998.8780091511449
2.7548833333333334,-998.878307174369
2.7565500000000003,-998.8786098542058
2.7582166666666668,-998.878828715011
2.7599,-998.8789078774298
2.761566666666667,-998.8788100885595
2.7632333333333334,-998.8785586314642
2.7649,-998.8782093854985
2.766566666666667,-998.8778647961458
2.7682333333333333,-998.8776086824377
2.7699000000000003,-998.8775015803415
2.7715666666666667,-998.8775528030831
2.7732333333333337,-998.877706471308
2.7749,-998.8778647961458
2.7765666666666666,-998.8779206755003
2.7782333333333336,-998.8777856337268
2.7799,-998.8774037914711
2.781566666666667,-998.8767891185715
2.7832333333333334,-998.875988181157
2.7849,-998.8750894548721
2.786566666666667,-998.8741674455229
2.7882333333333333,-998.8732826890765
2.7899000000000003,-998.8724538119848
2.7915833333333335,-998.8716435613444
2.79325,-998.8707960578012
2.794916666666667,-998.8698274823231
2.7965833333333334,-998.8686866121686
2.7982500000000003,-998.8673501642735
2.799916666666667,-998.8658367650889
2.8015833333333333,-998.8641883241312
2.8032500000000002,-998.862442094303
2.8049166666666667,-998.8606027322172
2.8065833333333337,-998.8586609246482
2.80825,-998.8565607922415
2.8099166666666666,-998.8542464556425
2.8115833333333335,-998.8516666921096
2.81325,-998.8487982185785
2.814916666666667,-998.8456363784362
2.8165833333333334,-998.8421951415214
2.81825,-998.8384838210598
2.8199333333333336,-998.8345117302772
2.8216,-998.8302742125608
2.8232666666666666,-998.8257572980717
2.8249333333333335,-998.8209470169717
2.8266,-998.8158480258733
2.828266666666667,-998.8104742946152
2.8299333333333334,-998.8048770459392
2.8316000000000003,-998.7991214724253
2.833266666666667,-998.7932587968154
2.8349333333333333,-998.7873495550767
2.8366000000000002,-998.7814216868866
2.8382666666666667,-998.7754612224062
2.8399333333333336,-998.7694448785714
2.8416,-998.7633354024791
2.8432666666666666,-998.7571001978391
2.8449333333333335,-998.7507532344902
2.8466,-998.7443457351739
2.8482833333333333,-998.7379475490833
2.84995,-998.7316424952502
2.8516166666666667,-998.7254864530291
2.8532833333333336,-998.7194980488715
2.85495,-998.7136726261646
2.8566166666666666,-998.707982245231
2.8582833333333335,-998.7023989663936
2.85995,-998.6969321028781
2.861616666666667,-998.6916421906518
2.8632833333333334,-998.6866177053594
2.8649500000000003,-998.681965749097
2.866616666666667,-998.6777887673479
2.8682833333333333,-998.674165922531
2.8699500000000002,-998.6711298109363
2.8716166666666667,-998.668680432564
2.8732833333333336,-998.6667805345108
2.87495,-998.6653788940354
2.8766166666666666,-998.6644289450088
2.8783000000000003,-998.6638887779153
2.879966666666667,-998.6637583927549
2.8816333333333333,-998.6640377895274
2.8833,-998.6647549079102
2.8849666666666667,-998.6659330309676
2.8866333333333336,-998.6675814719254
2.8883,-998.669686260945
2.889966666666667,-998.6722054885105
2.8916333333333335,-998.6750879318803
2.8933,-998.678273055087
2.894966666666667,-998.6817189486146
2.8966333333333334,-998.6854209558504
2.8983000000000003,-998.689397703246
2.899966666666667,-998.693686443704
2.9016333333333333,-998.698315116902
2.903316666666667,-998.7033023492914
2.9049833333333335,-998.708620201195
2.90665,-998.7142127932581
2.908316666666667,-998.720000963062
2.9099833333333334,-998.7259195180264
2.9116500000000003,-998.7319032655712
2.9133166666666668,-998.7379382358575
2.9149833333333333,-998.7440197722726
2.91665,-998.7501571880422
2.9183166666666667,-998.7563318567147
2.9199833333333336,-998.7625065253873
2.92165,-998.7686113448667
2.923316666666667,-998.7745578395085
2.9249833333333335,-998.7802575336677
2.92665,-998.7856405781515
2.928316666666667,-998.7906790332826
2.9299833333333334,-998.7953868688994
2.9316500000000003,-998.7998106511309
2.933316666666667,-998.8040202291701
2.9349833333333333,-998.808094765436
2.93665,-998.8120808260571
2.9383333333333335,-998.8159877242595
2.94,-998.8197968335915
2.941666666666667,-998.8234755577629
2.9433333333333334,-998.8269819872579
2.9450000000000003,-998.830302152238
2.9466666666666668,-998.8334407093159
2.9483333333333337,-998.8364349113947
2.95,-998.8393126981516
2.9516666666666667,-998.8421066658767
2.9533333333333336,-998.844821471183
2.955,-998.8474524574575
2.956666666666667,-998.8499530585715
2.9583333333333335,-998.852286021622
2.96,-998.8544094370932
2.961666666666667,-998.8563000219204
2.9633333333333334,-998.8579764025556
2.9650000000000003,-998.8594711752885
2.9666833333333336,-998.8608541893125
2.96835,-998.8621813239819
2.970016666666667,-998.8635084586514
2.9716833333333335,-998.864863532998
2.97335,-998.8662325771834
2.975016666666667,-998.8675969647559
2.9766833333333333,-998.8689008163609
2.9783500000000003,-998.8701022224827
2.9800166666666668,-998.8711685868311
2.9816833333333337,-998.872071969729
2.98335,-998.8728216844019
2.9850166666666667,-998.8734363573014
2.9866833333333336,-998.8739578979435
2.98835,-998.8744282158439
2.990016666666667,-998.8748892205185
2.9916833333333335,-998.8753641950317
2.99335,-998.8758717658352
2.9950333333333337,-998.8764212461545
2.9967,-998.8770266058282
2.9983666666666666,-998.8776738750179
