min,µS/cm
0.0,-999.7234172186457
0.0016666666666667052,-999.7234405017101
0.003349999999999964,-999.7233985921943
0.005016666666666669,-999.7232169842921
0.006683333333333374,-999.7227839192948
0.00835000000000008,-999.7219969517188
0.010016666666666563,-999.7208048588227
0.011683333333333268,-999.7192728331868
0.013349999999999973,-999.7175871393259
0.015016666666666678,-999.7159852644969
0.016683333333333383,-999.7147326356335
0.01835000000000009,-999.7140201738636
0.02001666666666657,-999.7139503246703
0.021683333333333277,-999.714490491764
0.023349999999999982,-999.7155056333708
0.025016666666666687,-999.7167955151372
0.026683333333333392,-999.718145932871
0.028350000000000097,-999.7193706220572
0.03001666666666658,-999.7203345409223
0.031683333333333286,-999.720981810112
0.03336666666666677,-999.7213124296261
0.03503333333333325,-999.7213822788193
0.036699999999999955,-999.721279833336
0.03836666666666666,-999.7210795989824
0.040033333333333365,-999.7208374551129
0.04170000000000007,-999.7205673715661
0.043366666666666775,-999.7202460652777
0.04503333333333326,-999.7198362833446
0.046699999999999964,-999.7193054294769
0.04836666666666667,-999.7186488470616
0.050033333333333374,-999.7179131022273
0.05170000000000008,-999.7171680441672
0.05336666666666656,-999.716502148526
0.05503333333333327,-999.7160085475613
0.05669999999999997,-999.7157384640145
0.05836666666666668,-999.7157105243373
0.06003333333333338,-999.7158921322393
0.06171666666666664,-999.7162180951407
0.06338333333333335,-999.7166045940093
0.06505000000000005,-999.7169584965878
0.06671666666666676,-999.7171959838445
0.06838333333333324,-999.7172798028762
0.07004999999999995,-999.7172052970702
0.07171666666666665,-999.7170097193294
0.07338333333333336,-999.7167489490084
0.07505000000000006,-999.7164881786874
0.07671666666666677,-999.7162926009466
0.07838333333333325,-999.7161994686892
0.08004999999999995,-999.7162227517535
0.08171666666666666,-999.7163298538496
0.08338333333333336,-999.7164788654617
0.08505000000000007,-999.716613907235
0.08671666666666678,-999.7167023828797
0.08838333333333326,-999.7167303225569
0.09004999999999996,-999.7166977262668
0.09173333333333344,-999.716613907235
0.09339999999999993,-999.7164928353003
0.09506666666666663,-999.7163298538496
0.09673333333333334,-999.716129619496
0.09840000000000004,-999.7158874756265
0.10006666666666675,-999.7156127354668
0.10173333333333323,-999.71531005563
0.10339999999999994,-999.7150166890189
0.10506666666666664,-999.7147698885365
0.10673333333333335,-999.7146162203115
0.10840000000000005,-999.7145929372472
0.11006666666666676,-999.7147140091819
0.11173333333333324,-999.7149608096643
0.11339999999999995,-999.7152867725656
0.11506666666666665,-999.7156360185312
0.11673333333333336,-999.7159386983681
0.11840000000000006,-999.7161529025603
0.12006666666666677,-999.7162553480437
0.12175000000000002,-999.7162367215922
0.12341666666666673,-999.7161063364316
0.12508333333333344,-999.7158921322393
0.12674999999999992,-999.7156220486926
0.12841666666666662,-999.7153147122428
0.13008333333333333,-999.7149887493416
0.13175000000000003,-999.7146674430531
0.13341666666666674,-999.7143694198292
0.13508333333333322,-999.714113306121
0.13674999999999993,-999.713927041606
0.13841666666666663,-999.7138525358
0.14008333333333334,-999.7139084151545
0.14175000000000004,-999.7141086495081
0.14341666666666675,-999.7144392690223
0.14508333333333345,-999.7148397377296
0.14674999999999994,-999.7152402064369
0.14841666666666664,-999.7155521994995
0.15010000000000012,-999.7157151809502
0.1517666666666666,-999.7156918978857
0.1534333333333333,-999.7155009767579
0.15510000000000002,-999.7152076101466
0.15676666666666672,-999.7148769906325
0.15843333333333343,-999.7145929372472
0.1600999999999999,-999.7144020161193
0.16176666666666661,-999.7143275103133
0.16343333333333332,-999.7143601066034
0.16510000000000002,-999.7144718653124
0.16676666666666673,-999.7146255335373
0.16843333333333343,-999.7147792017622
0.17009999999999992,-999.7148909604712
0.17176666666666662,-999.7149375265999
0.17343333333333333,-999.7149235567613
0.17510000000000003,-999.714858364181
0.17676666666666674,-999.7147605753107
0.17843333333333344,-999.7146488166017
0.1801166666666667,-999.7145137748283
0.1817833333333334,-999.7143554499905
0.1834500000000001,-999.7141552156369
0.1851166666666666,-999.7139037585416
0.1867833333333333,-999.7136057353176
0.18845,-999.7132751158035
0.1901166666666667,-999.7129444962893
0.19178333333333342,-999.7126464730653
0.1934499999999999,-999.7124182990344
0.1951166666666666,-999.7122786006481
0.1967833333333333,-999.7122227212936
0.19845000000000002,-999.7122413477451
0.20011666666666672,-999.7122972270997
0.20178333333333343,-999.7123717329057
0.20345000000000013,-999.7124555519374
0.2051166666666666,-999.7125533408079
0.20678333333333332,-999.7126697561297
0.20845000000000002,-999.7128141111289
0.21013333333333328,-999.7129677793537
0.2118,-999.7131167909657
0.2134666666666667,-999.7132238930618
0.2151333333333334,-999.7132704591907
0.2168000000000001,-999.7132425195133
0.2184666666666666,-999.7131493872558
0.2201333333333333,-999.7130143454825
0.2218,-999.7128793037091
0.2234666666666667,-999.7127768582259
0.2251333333333334,-999.7127163222584
0.2267999999999999,-999.7126976958069
0.2284666666666666,-999.712693039194
0.2301333333333333,-999.7126697561297
0.2318,-999.7125952503237
0.2334666666666667,-999.7124648651632
0.23513333333333342,-999.7122786006481
0.23681666666666668,-999.7120737096817
0.23848333333333338,-999.7118781319409
0.24015000000000009,-999.7117430901675
0.2418166666666668,-999.711687210813
0.24348333333333327,-999.7117384335546
0.24514999999999998,-999.7118874451667
0.24681666666666668,-999.7121249324233
0.2484833333333334,-999.7124136424216
0.2501500000000001,-999.7127256354842
0.2518166666666666,-999.7130283153211
0.2534833333333333,-999.7132890856421
0.25515,-999.7134753501571
0.2568166666666667,-999.7135638258018
0.2584833333333334,-999.7135312295117
0.2601499999999999,-999.7133822178996
0.2618166666666668,-999.7131307608043
0.2634833333333333,-999.712809454516
0.26515,-999.7124508953245
0.2668166666666667,-999.7120923361332
0.26849999999999996,-999.7117756864576
0.27016666666666667,-999.7115428558138
0.27183333333333337,-999.7114310971049
0.2735000000000001,-999.7114776632336
0.2751666666666668,-999.7116918674259
0.27683333333333326,-999.7120504266173
0.27849999999999997,-999.7125114312919
0.2801666666666667,-999.7130096888695
0.2818333333333334,-999.7134846633828
0.2835000000000001,-999.7138851320901
0.28516666666666657,-999.7141924685399
0.2868333333333333,-999.7144206425708
0.2885,-999.7146022504729
0.2901666666666667,-999.7147698885365
0.2918333333333334,-999.7149468398256
0.2935000000000001,-999.7151424175664
0.2951666666666668,-999.7153333386943
0.29685000000000006,-999.7154916635321
0.29851666666666676,-999.7155894524025
0.30018333333333347,-999.7156034222411
0.30184999999999995,-999.7155428862737
0.30351666666666666,-999.7154264709518
0.30518333333333336,-999.7153007424042
0.30685000000000007,-999.7152076101466
0.3085166666666668,-999.7151843270823
0.31018333333333326,-999.7152402064369
0.31184999999999996,-999.7153659349844
0.31351666666666667,-999.715533573048
0.31518333333333337,-999.7157058677244
0.3168500000000001,-999.7158548793363
0.31851666666666656,-999.7159759512712
0.3201833333333335,-999.7160690835286
0.32184999999999997,-999.7161529025603
0.3235166666666667,-999.7162553480437
0.3251833333333334,-999.7163810765912
0.32686666666666664,-999.7165300882033
0.32853333333333334,-999.7166744432024
0.33020000000000005,-999.7167815452985
0.33186666666666675,-999.7168327680401
0.33353333333333346,-999.7168094849758
0.33519999999999994,-999.7167256659441
0.33686666666666665,-999.7166092506221
0.33853333333333335,-999.7165068051389
0.34020000000000006,-999.7164881786874
0.34186666666666676,-999.7165952807835
0.34353333333333325,-999.7168653643303
0.34519999999999995,-999.7172844594891
0.34686666666666666,-999.7178013435182
0.34853333333333336,-999.7183415106117
0.35020000000000007,-999.7188351115765
0.35186666666666655,-999.7192169538323
0.3535333333333335,-999.7194637543147
0.35519999999999996,-999.7195801696365
0.3568833333333332,-999.7195894828623
0.35855000000000015,-999.7195382601207
0.36021666666666663,-999.7194637543147
0.36188333333333333,-999.7193939051216
0.36355000000000004,-999.7193473389927
0.36521666666666674,-999.7193147427026
0.36688333333333345,-999.7192961162511
0.36854999999999993,-999.7192774897997
0.37021666666666664,-999.7192588633482
0.37188333333333334,-999.7192448935095
0.37355000000000005,-999.7192588633482
0.37521666666666675,-999.719300772864
0.37688333333333324,-999.7193892485087
0.37854999999999994,-999.719524290282
0.38021666666666665,-999.7196919283456
0.38188333333333335,-999.7198828494735
0.38355000000000006,-999.7200737706013
0.38521666666666676,-999.7202646917292
0.3869,-999.7204556128571
0.3885666666666667,-999.7206605038236
0.39023333333333343,-999.7208886778545
0.39190000000000014,-999.7211447915627
0.3935666666666666,-999.7214102184965
0.3952333333333333,-999.7216477057532
0.39690000000000003,-999.7218153438167
0.39856666666666674,-999.7218619099455
0.40023333333333344,-999.7217734343008
0.4018999999999999,-999.7215592301086
0.40356666666666663,-999.7212751767231
0.40523333333333333,-999.7209724968862
0.40690000000000004,-999.7207024133395
0.40856666666666674,-999.7205068355987
0.4102333333333332,-999.7203997335026
0.41190000000000015,-999.7203764504383
0.41356666666666664,-999.7203950768898
0.4152499999999999,-999.720423016567
0.4169166666666668,-999.7204276731799
0.4185833333333333,-999.7203950768898
0.42025,-999.7203298843094
0.4219166666666667,-999.7202553785035
0.4235833333333334,-999.7202041557618
0.42525000000000013,-999.7202041557618
0.4269166666666666,-999.7202600351163
0.4285833333333333,-999.7203578239868
0.43025,-999.7204742393086
0.4319166666666667,-999.7205859980177
0.43358333333333343,-999.7206791302751
0.4352499999999999,-999.7207489794682
0.4369166666666666,-999.7208095154356
0.4385833333333333,-999.7208747080159
0.44025000000000003,-999.7209538704348
0.44191666666666674,-999.7210423460793
0.4435833333333332,-999.7211354783369
0.4452666666666667,-999.7212146407558
0.4469333333333334,-999.7212518936587
0.4485999999999999,-999.7212286105944
0.4502666666666668,-999.721130821724
0.4519333333333333,-999.7209631836605
0.4536,-999.7207489794682
0.4552666666666667,-999.7205440885017
0.4569333333333334,-999.720385763664
0.4586000000000001,-999.7203252276965
0.4602666666666666,-999.7203811070511
0.4619333333333333,-999.7205627149532
0.4636,-999.7208421117258
0.4652666666666667,-999.7211867010785
0.4669333333333334,-999.721540603657
0.4685999999999999,-999.7218712231712
0.4702666666666666,-999.7221506199437
0.4719333333333333,-999.722364824136
0.4736,-999.7225324621994
0.4752833333333333,-999.7226581907471
0.47695,-999.7227606362303
0.4786166666666667,-999.7228397986493
0.4802833333333334,-999.7228910213909
0.4819500000000001,-999.7229003346166
0.4836166666666668,-999.7228630817136
0.4852833333333333,-999.7227885759077
0.48695,-999.7227094134887
0.4886166666666667,-999.72266284736
0.4902833333333334,-999.7226768171986
0.4919500000000001,-999.7227652928432
0.4936166666666666,-999.7229049912295
0.4952833333333333,-999.7230679726802
0.49695,-999.7232030144535
0.4986166666666667,-999.7232728636467
0.5002833333333334,-999.7232542371951
0.5019499999999999,-999.7231424784861
0.5036333333333334,-999.722960870584
0.5053000000000001,-999.7227420097788
0.5069666666666666,-999.7225371188124
0.5086333333333335,-999.7224067336518
0.5103,-999.7223974204261
0.5119666666666667,-999.7225324621994
0.5136333333333334,-999.722811858972
0.5152999999999999,-999.7232076710663
0.5169666666666668,-999.7236733323539
0.51865,-999.7241715899315
0.5203166666666665,-999.7246651908963
0.5219833333333335,-999.725126195571
0.52365,-999.7255266642783
0.5253166666666667,-999.7258479705666
0.5269833333333334,-999.7260621747589
0.5286500000000001,-999.7261366805649
0.5303166666666668,-999.7260528615332
0.5319833333333333,-999.7258153742765
0.5336500000000002,-999.7254661283109
0.5353166666666667,-999.7250796294422
0.5369833333333334,-999.7247676363796
0.5386500000000001,-999.7246372512191
0.5403166666666666,-999.7248142025084
0.5419833333333335,-999.7253916225048
0.54365,-999.7264486736276
0.5453166666666667,-999.728036578618
0.5469833333333334,-999.7302205300565
0.5486499999999999,-999.7330657205233
0.5503166666666668,-999.7366652822758
0.5519833333333333,-999.7410937211203
0.55365,-999.746402259798
0.5553166666666667,-999.7525396755675
0.5569833333333334,-999.7593057340753
0.5586500000000001,-999.7663558459684
0.5603333333333333,-999.7731777838306
0.562,-999.7791661879882
0.5636666666666668,-999.7837063855416
0.5653333333333332,-999.7862302697199
0.5670000000000002,-999.7859322464959
0.5686666666666667,-999.7800928539504
0.5703333333333334,-999.7585373929509
0.5720000000000001,-999.6900572440074
0.5736666666666665,-999.4961232875921
0.5753333333333335,-999.0094513627745
0.577,-997.9216852215685
0.5786666666666667,-995.7339433001978
0.5803333333333334,-991.7326508982725
0.5820000000000001,-985.015505452182
0.5836666666666668,-974.585935927269
0.5853333333333333,-959.5159585399161
0.5870000000000002,-939.1544204853263
0.5886666666666667,-913.3356581038496
0.5903499999999999,-882.5346598785998
0.5920166666666669,-847.9215162098043
0.5936833333333333,-811.2900242262008
0.59535,-774.8647969099063
0.5970166666666668,-741.0197894745598
0.5986833333333332,-711.961444798839
0.6003500000000002,-689.4365002817644
0.6020166666666666,-674.5173552420537
0.6036833333333333,-667.4997697898651
0.60535,-667.9235308747383
0.6070166666666665,-674.7030097407769
0.6086833333333335,-686.3356291718482
0.61035,-701.1459910781803
0.6120333333333332,-717.5221297505881
0.6137000000000001,-734.1074900394806
0.6153666666666666,-749.9247373779885
0.6170333333333333,-764.4224822355538
0.6187,-777.4502042575973
0.6203666666666667,-789.1777813384206
0.6220333333333334,-799.9823106452741
0.6236999999999999,-810.3263521615073
0.6253666666666668,-820.6488614998054
0.6270333333333333,-831.2839040678385
0.6287,-842.4148898769239
0.6303666666666667,-854.0645338846671
0.6320333333333332,-866.1148514906479
0.6337000000000002,-878.3474894605332
0.6353666666666666,-890.4933095399725
0.6370333333333333,-902.2808079152744
0.6387,-913.4753099239782
0.6403666666666668,-923.9041949267985
0.6420333333333335,-933.4668568025654
0.6436999999999999,-942.1310019409894
0.6453666666666666,-949.9183813808106
0.6470333333333333,-956.8847627178229
0.6487166666666666,-963.0995387970934
0.6503833333333333,-968.6302491317643
0.65205,-973.534044331654
0.6537166666666667,-977.8560376622975
0.6553833333333334,-981.6315960984824
0.6570499999999999,-984.8905079927717
0.6587166666666668,-987.6614673937025
0.6603833333333333,-989.9758971249572
0.66205,-991.8704307600252
0.6637166666666667,-993.3878625712301
0.6653833333333332,-994.5764630076366
0.6670500000000001,-995.488102080062
0.6687166666666666,-996.1754879896415
0.6703833333333333,-996.6891729257485
0.67205,-997.0747870379475
0.6737166666666667,-997.3708870808458
0.6753833333333334,-997.6077829476482
0.6770499999999999,-997.8072815564495
0.6787166666666669,-997.9833434326497
0.6804000000000001,-998.1434238134619
0.6820666666666666,-998.2902049079026
0.6837333333333335,-998.4234399154891
0.6854,-998.5416107804242
0.6870666666666667,-998.6432320432008
0.6887333333333334,-998.7277123139835
0.6903999999999999,-998.7957128318006
0.6920666666666668,-998.8491241814797
0.6937333333333333,-998.8907682704231
0.6954,-998.9238954144175
0.6970666666666667,-998.9517326461857
0.6987333333333332,-998.9770133974855
0.7004000000000001,-999.0017260420144
0.7020666666666666,-999.0269881668627
0.7037333333333333,-999.0531210783186
0.7054,-999.0798034700937
0.7070666666666667,-999.1063135671924
0.7087333333333334,-999.1317805830072
0.7104166666666667,-999.1553802970589
0.7120833333333334,-999.1765120062868
0.7137500000000001,-999.1948730308538
0.7154166666666666,-999.2104773405988
0.7170833333333335,-999.2236322719714
0.71875,-999.2348360825492
0.7204166666666667,-999.2446894753932
0.7220833333333334,-999.2537745271128
0.7237499999999999,-999.26258018206
0.7254166666666668,-999.2714230899101
0.7270833333333333,-999.2804522622752
0.72875,-999.2896490727037
0.7304166666666667,-999.2988877926482
0.7320833333333334,-999.3079821575935
0.7337500000000001,-999.3167412464119
0.7354166666666666,-999.3250160474912
0.7370833333333335,-999.3327320550255
0.7387666666666668,-999.3398846124019
0.7404333333333333,-999.3465389122006
0.7421,-999.3527787734535
0.7437666666666667,-999.3587112982565
0.7454333333333334,-999.3644156490287
0.7471000000000001,-999.3699523617373
0.7487666666666666,-999.375340062834
0.7504333333333335,-999.3805880655444
0.7521,-999.3857056830943
0.7537666666666667,-999.3907022287094
0.7554333333333334,-999.3955916722284
0.7570999999999999,-999.4003926401028
0.7587666666666668,-999.4051051323326
0.7604333333333333,-999.4097291489177
0.7621,-999.4142414067938
0.7637666666666667,-999.4186093096708
0.76545,-999.42281888771
0.7671000000000001,-999.4268515144599
0.7687833333333334,-999.4307351295979
0.7704500000000001,-999.434502329414
0.7721166666666668,-999.4382043366498
0.7737833333333333,-999.4418830608213
0.7754500000000002,-999.4455664416056
0.7771166666666667,-999.4492498223899
0.7787833333333334,-999.4529145767227
0.7804500000000001,-999.4565234517011
0.7821166666666666,-999.460034537809
0.7837833333333335,-999.4634012689178
0.78545,-999.4666003619631
0.7871166666666667,-999.4696178471063
0.7887833333333334,-999.4724583809601
0.7904499999999999,-999.4751405899763
0.7921166666666668,-999.4777063836706
0.7937833333333333,-999.4801930149459
0.79545,-999.4826284234797
0.7971333333333335,-999.4850312357233
0.7988,-999.4874107649025
0.8004666666666667,-999.4897763242432
0.8021333333333334,-999.4921325703581
0.8038000000000001,-999.4944888164729
0.8054666666666668,-999.4968683456522
0.8071333333333333,-999.4992711578958
0.8088000000000002,-999.5017065664296
0.8104666666666667,-999.5041792278663
0.8121333333333334,-999.5066844855932
0.8138000000000001,-999.5092223396102
0.8154666666666666,-999.5117881333044
0.8171333333333335,-999.5143772100631
0.8188,-999.516994226499
0.8204666666666667,-999.519643839225
0.8221333333333334,-999.5223353614668
0.8238000000000001,-999.5250687932247
0.8254833333333333,-999.5278441344983
0.82715,-999.530656728675
0.8288166666666668,-999.5334832926902
0.8304833333333335,-999.5362819170283
0.83215,-999.5390200053989
0.8338166666666669,-999.5416742747378
0.8354833333333334,-999.5442214419805
0.8371500000000001,-999.5466615071272
0.8388166666666668,-999.5490037834035
0.8404833333333332,-999.5512436141964
0.8421500000000002,-999.5533670296676
0.8438166666666667,-999.5553367769138
0.8454833333333334,-999.5571109464192
0.8471500000000001,-999.5586383154423
0.8488166666666666,-999.5598862876928
0.8504833333333335,-999.5608595197838
0.85215,-999.5615719815537
0.8538166666666667,-999.5620795523571
0.8554833333333334,-999.5624287983228
0.8571666666666666,-999.5626755988052
0.8588333333333333,-999.5628758331588
0.8605,-999.5630714108995
0.8621666666666667,-999.5633088981562
0.8638333333333335,-999.5636022647674
0.8654999999999999,-999.5639328842815
0.8671666666666669,-999.5642681604085
0.8688333333333333,-999.5645568704067
0.8705,-999.5647617613732
0.8721666666666668,-999.5648688634694
0.8738333333333332,-999.5648874899209
0.8755000000000002,-999.5648455804051
0.8771666666666667,-999.564771074599
0.8788333333333334,-999.5646919121801
0.8805000000000001,-999.5646127497613
0.8821666666666665,-999.5645382439552
0.8838333333333335,-999.5644870212136
0.8855166666666667,-999.5644870212136
0.8871833333333332,-999.5645894666969
0.8888500000000001,-999.5648595502437
0.8905166666666666,-999.5653484945956
0.8921833333333333,-999.5660888960427
0.89385,-999.5670667847465
0.8955166666666667,-999.5682216247395
0.8971833333333334,-999.5694649403773
0.8988499999999999,-999.5706803163378
0.9005166666666669,-999.5717792769763
0.9021833333333333,-999.5726966297127
0.90385,-999.5734090914826
0.9055166666666667,-999.5739446019633
0.9071833333333332,-999.5743497272834
0.9088500000000002,-999.5746943166362
0.9105166666666666,-999.5750482192146
0.9121833333333333,-999.5754626577606
0.91385,-999.5759655719511
0.9155333333333333,-999.576566275012
0.9172,-999.5772461404918
0.9188666666666667,-999.577981885326
0.9205333333333334,-999.5787548830634
0.9222000000000001,-999.5795371940264
0.9238666666666666,-999.5803195049895
0.9255333333333335,-999.581083189501
0.9272,-999.5818375607868
0.9288666666666667,-999.582573305621
0.9305333333333334,-999.5833043938425
0.9321999999999999,-999.5840261688381
0.9338666666666668,-999.5847432872209
0.9355333333333333,-999.5854650622166
0.9372,-999.5862054636638
0.9388666666666667,-999.5869738047882
0.9405333333333332,-999.5877840554285
0.9422000000000001,-999.5886362155846
0.9438666666666666,-999.5895163154181
0.9455499999999999,-999.5904010718643
0.9472166666666668,-999.5912532320206
0.9488833333333333,-999.5920541694351
0.95055,-999.5927759444307
0.9522166666666667,-999.5934232136204
0.9538833333333334,-999.593995977004
0.9555500000000001,-999.5945314874847
0.9572166666666666,-999.5950530281267
0.9588833333333335,-999.5955931952203
0.96055,-999.5961752718297
0.9622166666666667,-999.5968085711808
0.9638833333333334,-999.5974930932733
0.9655499999999999,-999.5982102116561
0.9672166666666668,-999.5989459564904
0.9688833333333333,-999.5996863579376
0.97055,-999.600417446159
0.9722166666666667,-999.6011392211547
0.9738833333333334,-999.6018563395374
0.9755666666666667,-999.6025734579202
0.9772333333333334,-999.603290576303
0.9788999999999999,-999.604003038073
0.9805666666666668,-999.6046968733914
0.9822333333333333,-999.6053627690326
0.9839,-999.6060100382222
0.9855666666666667,-999.6066433375732
0.9872333333333334,-999.60728595015
0.9889,-999.6079704722426
0.9905666666666667,-999.6087108736898
0.9922333333333334,-999.6095211243302
0.9939,-999.6103872543249
0.9955666666666667,-999.6112906372227
0.9972333333333334,-999.6121847068948
0.9989,-999.6130042707608
1.0005666666666666,-999.6137167325307
1.0022333333333333,-999.6142848393015
1.0039166666666668,-999.6147272175247
1.0055833333333333,-999.615085776716
1.00725,-999.6154163962302
1.0089166666666667,-999.6157796120344
1.0105833333333334,-999.6162173336447
1.01225,-999.6167481875125
1.0139166666666668,-999.6173535471863
1.0155833333333333,-999.617996159763
1.01725,-999.6186248025012
1.0189166666666667,-999.6191975658849
1.0205833333333334,-999.6196818536239
1.02225,-999.6200823223312
1.0239166666666668,-999.6204129418453
1.0255833333333333,-999.6207109650693
1.02725,-999.6210183015191
1.0289166666666667,-999.6213628908719
1.0305833333333334,-999.6217587029663
1.0322666666666667,-999.6222103944152
1.0339333333333334,-999.62270399538
1.0356,-999.6232162227963
1.0372666666666668,-999.6237377634383
1.0389333333333335,-999.6242546474674
1.0406,-999.6247761881094
1.0422666666666667,-999.6253210118158
1.0439333333333334,-999.6259030884253
1.0456,-999.6265177613247
1.0472666666666668,-999.6271603739016
1.0489333333333333,-999.6277890166397
1.0506,-999.628375749862
1.0522666666666667,-999.628897290504
1.0539333333333334,-999.629348981953
1.0556,-999.629754107273
1.0572666666666668,-999.6301359495288
1.0589333333333333,-999.6305271050104
1.0606,-999.6309415435562
1.0622666666666667,-999.6313792651665
1.06395,-999.6318169867768
1.0656166666666667,-999.6322267687099
1.0672833333333334,-999.6325899845141
1.06895,-999.6329019775767
1.0706166666666668,-999.633190687575
1.0722833333333335,-999.633488710799
1.07395,-999.6338379567646
1.0756166666666667,-999.6342710217621
1.0772833333333334,-999.6348158454684
1.07895,-999.6354631146581
1.0806166666666668,-999.6361942028796
1.0822833333333335,-999.6369718572297
1.08395,-999.6377495115798
1.0856166666666667,-999.638489913027
1.0872833333333334,-999.6391604652811
1.08895,-999.6397239154389
1.0906166666666668,-999.6401616370492
1.0923,-999.6404596602732
1.0939666666666668,-999.6406133284981
1.0956333333333335,-999.6406412681754
1.0973,-999.6405574491437
1.0989666666666666,-999.6404130941445
1.1006333333333334,-999.6402594259197
1.1023,-999.6401756068879
1.1039666666666668,-999.6402221730166
1.1056333333333335,-999.6404596602732
1.1073,-999.6409113517221
1.1089666666666667,-999.6415586209118
1.1106333333333334,-999.6423455884877
1.1123,-999.643197748644
1.1139666666666668,-999.6440359389615
1.1156333333333335,-999.6447949668601
1.1173166666666667,-999.6454375794369
1.1189833333333334,-999.6459591200789
1.1206500000000001,-999.6463828718506
1.1223166666666666,-999.6467367744291
1.1239833333333333,-999.6470487674917
1.12565,-999.6473514473287
1.1273166666666667,-999.6476634403913
1.1289833333333334,-999.6479894032925
1.1306500000000002,-999.6483293360325
1.1323166666666666,-999.6486692687723
1.1339833333333333,-999.6489998882864
1.13565,-999.6493118813491
1.1373166666666668,-999.6496099045731
1.1389833333333335,-999.6499032711843
1.1406500000000002,-999.6502012944082
1.1423166666666666,-999.6505179440838
1.1439833333333334,-999.6508625334366
1.14565,-999.6512304058537
1.1473166666666668,-999.6516075914966
1.1489833333333335,-999.6519894337524
1.1506666666666667,-999.6523666193953
1.1523333333333334,-999.6527344918125
1.1540000000000001,-999.6530977076167
1.1556666666666666,-999.653460923421
1.1573333333333333,-999.6538194826123
1.159,-999.6541780418038
1.1606666666666667,-999.6545272877694
1.1623333333333334,-999.6548672205092
1.1640000000000001,-999.6551885267977
1.1656666666666666,-999.6554912066346
1.1673333333333333,-999.6557659467942
1.169,-999.6560220605023
1.1706666666666667,-999.6562642043718
1.1723333333333334,-999.6565016916285
1.1740000000000002,-999.6567531487237
1.1756666666666666,-999.6570325454962
1.1773333333333333,-999.6573538517847
1.179,-999.6577170675889
1.1806833333333333,-999.6581128796834
1.18235,-999.6585133483906
1.1840166666666667,-999.6588998472592
1.1856833333333334,-999.6592537498377
1.1873500000000001,-999.6595610862876
1.1890166666666668,-999.6598125433828
1.1906833333333333,-999.6600174343492
1.19235,-999.6601943856385
1.1940166666666667,-999.6603573670892
1.1956833333333334,-999.6605203485398
1.1973500000000001,-999.6606879866033
1.1990166666666666,-999.6608556246669
1.2006833333333333,-999.6610046362788
1.20235,-999.661148991278
1.2040166666666667,-999.6612933462771
1.2056833333333334,-999.6614702975663
1.2073500000000001,-999.6616891583715
1.2090166666666666,-999.661968555144
1.2107,-999.6622945180453
1.2123666666666668,-999.6626484206238
1.2140333333333333,-999.6629883533637
1.2157,-999.6632910332006
1.2173666666666667,-999.6635285204572
1.2190333333333334,-999.6636961585207
1.2207000000000001,-999.6637939473911
1.2223666666666668,-999.6638451701327
1.2240333333333333,-999.6638684531971
1.2257,-999.6638963928743
1.2273666666666667,-999.6639336457773
1.2290333333333334,-999.6639941817448
1.2307000000000001,-999.6640640309379
1.2323666666666668,-999.6641385367438
1.2340333333333333,-999.6641990727113
1.2357,-999.6642409822272
1.2373666666666667,-999.6642689219044
1.23905,-999.6642922049688
1.2407166666666667,-999.6643341144846
1.2423833333333334,-999.6644225901292
1.24405,-999.6645762583541
1.2457166666666668,-999.6648137456108
1.2473833333333333,-999.6651257386734
1.24905,-999.6654936110906
1.2507166666666667,-999.6659033930237
1.2523833333333334,-999.6663271447952
1.25405,-999.6667322701154
1.2557166666666668,-999.6671047991454
1.2573833333333333,-999.667421448821
1.25905,-999.6676729059162
1.2607166666666667,-999.667868483657
1.2623833333333334,-999.6680268084947
1.2640500000000001,-999.6681711634939
1.2657166666666668,-999.6683062052672
1.2673833333333333,-999.668427277202
1.2690666666666668,-999.6685064396208
1.2707333333333335,-999.6685157528466
1.2724,-999.6684365904277
1.2740666666666667,-999.6682736089771
1.2757333333333334,-999.6680547481719
1.2774,-999.6678219175282
1.2790666666666668,-999.6676216831746
1.2807333333333335,-999.6674959546269
1.2824,-999.667491298014
1.2840666666666667,-999.6676263397875
1.2857333333333334,-999.6678964233342
1.2874,-999.6682922354286
1.2890666666666668,-999.6687858363933
1.2907333333333333,-999.6693353167127
1.2924,-999.6698894536448
1.2940666666666667,-999.6703830546096
1.2957333333333334,-999.6707555836396
1.2974,-999.670965131219
1.2990833333333334,-999.6709884142833
1.30075,-999.6708487158971
1.3024166666666668,-999.6705832889633
1.3040833333333335,-999.6702619826748
1.30575,-999.6699593028379
1.3074166666666667,-999.6697450986456
1.3090833333333334,-999.6696566230011
1.31075,-999.6697125023555
1.3124166666666668,-999.6698894536448
1.3140833333333335,-999.670145567353
1.31575,-999.6704389339641
1.3174166666666667,-999.6707276439623
1.3190833333333334,-999.6709977275091
1.32075,-999.671263154443
1.3224166666666668,-999.6715378946027
1.3240833333333335,-999.6718452310524
1.32575,-999.6721991336309
1.3274333333333335,-999.6725949457253
1.3291000000000002,-999.673018697497
1.3307666666666667,-999.6734517624943
1.3324333333333334,-999.6738568878145
1.3341,-999.6742061337802
1.3357666666666668,-999.674476217327
1.3374333333333335,-999.6746485120033
1.3391,-999.6747323310351
1.3407666666666667,-999.6747416442608
1.3424333333333334,-999.6747183611965
1.3441,-999.6746950781321
1.3457666666666668,-999.6747043913579
1.3474333333333335,-999.6747509574866
1.3491,-999.6748394331312
1.3507666666666667,-999.6749465352274
1.3524333333333334,-999.6750629505492
1.3541,-999.6751653960324
1.3557666666666668,-999.6752445584514
1.35745,-999.675295781193
1.3591166666666668,-999.6753050944187
1.3607833333333335,-999.6752864679672
1.3624500000000002,-999.6752445584514
1.3641166666666666,-999.6752026489355
1.3657833333333333,-999.6751886790969
1.36745,-999.6752305886127
1.3691166666666668,-999.6753516605474
1.3707833333333335,-999.6755518949011
1.3724500000000002,-999.6758219784479
1.3741166666666667,-999.6761293148976
1.3757833333333334,-999.6764273381217
1.37745,-999.6766648253783
1.3791166666666668,-999.6767998671517
1.3807833333333335,-999.6768138369903
1.38245,-999.6767113915071
1.3841166666666667,-999.676525126992
1.3858000000000001,-999.6763109227998
1.3874666666666666,-999.6761246582847
1.3891333333333333,-999.6760454958659
1.3908,-999.6761060318332
1.3924666666666667,-999.676338862477
1.3941333333333334,-999.6767207047328
1.3958000000000002,-999.677200335859
1.3974666666666666,-999.6776985934366
1.3991333333333333,-999.6781270018212
1.4008,-999.6784203684323
1.4024666666666668,-999.6785460969799
1.4041333333333335,-999.6785228139155
1.4058000000000002,-999.6784017419808
1.4074666666666666,-999.6782527303687
1.4091333333333333,-999.6781270018212
1.4108,-999.6780524960151
1.4124666666666668,-999.6780338695636
1.41415,-999.6780431827893
1.4158166666666667,-999.678057152628
1.4174833333333334,-999.6780478394022
1.4191500000000001,-999.6780059298864
1.4208166666666668,-999.6779314240804
1.4224833333333333,-999.6778382918228
1.42415,-999.6777544727911
1.4258166666666667,-999.6777079066624
1.4274833333333334,-999.6777125632752
1.4291500000000001,-999.6777730992426
1.4308166666666666,-999.6778848579517
1.4324833333333333,-999.6780245563378
1.43415,-999.6781735679499
1.4358166666666667,-999.6783086097232
1.4374833333333334,-999.6784203684323
1.4391500000000002,-999.6784902176254
1.4408166666666666,-999.678504187464
1.4424833333333333,-999.6784715911739
1.44415,-999.6783970853679
1.4458333333333333,-999.6783086097232
1.4475,-999.6782247906915
1.4491666666666667,-999.6781782245628
1.4508333333333334,-999.6781782245628
1.4525000000000001,-999.6782341039172
1.4541666666666668,-999.6783412060133
1.4558333333333333,-999.6784902176254
1.4575,-999.6786764821404
1.4591666666666667,-999.6788860297198
1.4608333333333334,-999.6791002339121
1.4625000000000001,-999.6792911550399
1.4641666666666668,-999.679440166652
1.4658333333333333,-999.6795239856837
1.4675,-999.6795379555223
1.4691666666666667,-999.6794774195549
1.4708333333333334,-999.6793516910074
1.4725000000000001,-999.6791700831052
1.4741833333333334,-999.6789605355258
1.47585,-999.6787416747206
1.4775166666666668,-999.678541440367
1.4791833333333333,-999.6783738023036
1.48085,-999.6782667002074
1.4825166666666667,-999.6782341039172
1.4841833333333334,-999.6782899832717
1.4858500000000001,-999.6784250250452
1.4875166666666668,-999.6786438858503
1.4891833333333333,-999.6789279392357
1.49085,-999.6792539021369
1.4925166666666667,-999.6795984914897
1.4941833333333334,-999.6799430808425
1.4958500000000001,-999.6802690437437
1.4975166666666668,-999.680557753742
1.4991833333333333,-999.6808138674502
1.50085,-999.6810373848682
1.5025166666666667,-999.6812469324475
1.5042,-999.6814425101883
1.5058666666666667,-999.6816427445419
1.5075333333333334,-999.6818476355085
1.5092,-999.6820618397007
1.5108666666666668,-999.682276043893
1.5125333333333335,-999.6824623084079
1.5142,-999.6825973501814
1.5158666666666667,-999.6826765126002
1.5175333333333334,-999.6826997956646
1.5192,-999.6826951390517
1.5208666666666668,-999.6826765126002
1.5225333333333335,-999.6826625427616
1.5242,-999.6826625427616
1.5258666666666667,-999.6826718559873
1.5275333333333334,-999.682685825826
1.5292000000000001,-999.6827091088903
1.5308666666666668,-999.6827277353418
1.5325333333333333,-999.6827370485676
1.5342166666666668,-999.6827230787289
1.5358833333333335,-999.6826671993745
1.53755,-999.682574067117
1.5392166666666667,-999.6824716216337
1.5408833333333334,-999.6823831459891
1.54255,-999.682350549699
1.5442166666666668,-999.6823831459891
1.5458833333333335,-999.6824716216337
1.54755,-999.6825973501814
1.5492166666666667,-999.6827323919547
1.5508833333333334,-999.6828441506638
1.55255,-999.6829186564697
1.5542166666666668,-999.682946596147
1.5558833333333335,-999.6829512527598
1.55755,-999.6829419395341
1.5592166666666667,-999.6829512527598
1.5608833333333334,-999.6829931622758
1.56255,-999.6830676680818
1.5642333333333334,-999.6831608003392
1.5659,-999.6832399627582
1.5675666666666668,-999.6832772156612
1.5692333333333335,-999.6832632458226
1.5709000000000002,-999.6832027098551
1.5725666666666667,-999.6831375172749
1.5742333333333334,-999.6831282040491
1.5759,-999.6832259929195
1.5775666666666668,-999.683468136789
1.5792333333333335,-999.683840665819
1.5809,-999.6843156403323
1.5825666666666667,-999.68481389791
1.5842333333333334,-999.685260932746
1.5859,-999.6855915522601
1.5875666666666668,-999.6857591903237
1.5892333333333335,-999.685745220485
1.5909,-999.6855822390344
1.5925833333333335,-999.6853168121005
1.5942500000000002,-999.6850141322636
1.5959166666666667,-999.6847440487169
1.5975833333333334,-999.6845484709761
1.59925,-999.6844460254928
1.6009166666666668,-999.6844553387186
1.6025833333333335,-999.6845624408147
1.6042500000000002,-999.6847580185555
1.6059166666666667,-999.6850281021023
1.6075833333333334,-999.685335438552
1.60925,-999.6856427750017
1.6109166666666668,-999.6858895754841
1.6125833333333335,-999.6860339304833
1.6142500000000002,-999.6860246172575
1.6159166666666667,-999.6858476659683
1.6175833333333334,-999.6855170464542
1.61925,-999.6850793248439
1.6209333333333333,-999.6845996937177
1.6226,-999.6841526588817
1.6242666666666667,-999.6838034129161
1.6259333333333335,-999.6835892087238
1.6276000000000002,-999.683510046305
1.6292666666666666,-999.6835472992079
1.6309333333333333,-999.683654401304
1.6326,-999.6837940996903
1.6342666666666668,-999.683915171625
1.6359333333333335,-999.6839896774311
1.6376000000000002,-999.6840036472697
1.6392666666666666,-999.6839570811409
1.6409333333333334,-999.6838686054963
1.6426,-999.6837475335616
1.6442666666666668,-999.6836264616268
1.6459333333333335,-999.6835193595307
1.6476000000000002,-999.6834401971117
1.6492666666666667,-999.6833889743701
1.6509333333333334,-999.6833610346929
1.6526166666666668,-999.6833517214671
1.6542833333333333,-999.6833517214671
1.65595,-999.6833517214671
1.6576166666666667,-999.68335637808
1.6592833333333334,-999.6833843177573
1.6609500000000001,-999.6834541669504
1.6626166666666669,-999.683579895498
1.6642833333333333,-999.6837754732388
1.66595,-999.6840269303341
1.6676166666666667,-999.6843063271066
1.6692833333333335,-999.6845810672662
1.6709500000000002,-999.6848371809743
1.6726166666666666,-999.6850513851666
1.6742833333333333,-999.685223679843
1.67595,-999.6853540650035
1.6776166666666668,-999.6854518538739
1.6792833333333335,-999.6855310162928
1.6809666666666667,-999.6855915522601
1.6826333333333334,-999.6856381183889
1.6843000000000001,-999.6856707146791
1.6859666666666668,-999.6856800279048
1.6876333333333333,-999.6856660580661
1.6893,-999.685633461776
1.6909666666666667,-999.6855775824215
1.6926333333333334,-999.6855123898413
1.6943000000000001,-999.6854378840353
1.6959666666666668,-999.685372691455
1.6976333333333333,-999.685335438552
1.6993,-999.6853400951649
1.7009666666666667,-999.685409944358
1.7026333333333334,-999.6855636125829
1.7043000000000001,-999.6857964432266
1.7059666666666669,-999.6861037796764
1.7076333333333333,-999.686457682255
1.7093166666666668,-999.6868115848334
1.7109833333333335,-999.6871282345089
1.71265,-999.6873657217656
1.7143166666666667,-999.6875147333776
1.7159833333333334,-999.6875938957965
1.7176500000000001,-999.6876311486996
1.7193166666666668,-999.6876730582154
1.7209833333333333,-999.6877568772471
1.72265,-999.6879012322463
1.7243166666666667,-999.688096809987
1.7259833333333334,-999.6883156707921
1.7276500000000001,-999.6885205617587
1.7293166666666668,-999.688660260145
1.7309833333333333,-999.6886975130479
1.73265,-999.6886136940162
1.7343166666666667,-999.6884181162754
1.7359833333333334,-999.6881480327287
1.7376500000000001,-999.6878546661175
1.7393333333333334,-999.6875985524093
1.741,-999.6874355709588
1.7426666666666668,-999.6873936614429
1.7443333333333335,-999.687463510636
1.746,-999.6876171788608
1.7476666666666667,-999.6878034433759
1.7493333333333334,-999.6879664248265
1.7510000000000001,-999.6880642136969
1.7526666666666668,-999.6880828401484
1.7543333333333335,-999.6880502438582
1.756,-999.6880036777295
1.7576666666666667,-999.6879990211166
1.7593333333333334,-999.6880642136969
1.7610000000000001,-999.6882178819218
1.7626666666666668,-999.6884553691784
1.7643333333333333,-999.6887394225638
1.766,-999.6890467590135
1.7676666666666667,-999.6893354690119
1.76935,-999.68959158272
1.7710166666666667,-999.6898057869122
1.7726833333333334,-999.6899780815886
1.77435,-999.6901038101363
1.7760166666666668,-999.6901829725551
1.7776833333333335,-999.6902062556195
1.77935,-999.6901596894908
1.7810166666666667,-999.6900572440074
1.7826833333333334,-999.6899082323955
1.78435,-999.6897312811062
1.7860166666666668,-999.6895589864298
1.7876833333333335,-999.6894146314307
1.78935,-999.6893214991732
1.7910166666666667,-999.6892982161088
1.7926833333333334,-999.6893587520763
1.7943500000000001,-999.689517076914
1.7960166666666668,-999.6897545641706
1.7976833333333335,-999.6900479307817
1.7993666666666668,-999.6903552672316
1.8010333333333335,-999.690634664004
1.8027000000000002,-999.6908488681963
1.8043666666666667,-999.6909792533568
1.8060333333333334,-999.6910118496469
1.8077,-999.6909606269053
1.8093666666666668,-999.6908442115835
1.8110333333333335,-999.690671916907
1.8127,-999.6904716825534
1.8143666666666667,-999.6902481651354
1.8160333333333334,-999.6900246477173
1.8177,-999.6898151001379
1.8193666666666668,-999.6896381488488
1.8210333333333335,-999.6895217335268
1.8227,-999.6894658541723
1.8243666666666667,-999.6894844806238
1.8260333333333334,-999.6895682996555
1.8277166666666667,-999.6897126546547
1.8293833333333334,-999.6898989191698
1.83105,-999.6900944969105
1.8327166666666668,-999.6902714481997
1.8343833333333335,-999.690411146586
1.8360500000000002,-999.6905042788435
1.8377166666666667,-999.6905694714238
1.8393833333333334,-999.6906160375526
1.84105,-999.6906765735199
1.8427166666666668,-999.6907650491645
1.8443833333333335,-999.6908907777122
1.8460500000000002,-999.6910351327112
1.8477166666666667,-999.6911841443233
1.8493833333333334,-999.6913052162581
1.85105,-999.6913890352898
1.8527166666666668,-999.6914495712572
1.8543833333333335,-999.6915054506117
1.8560500000000002,-999.6915799564177
1.8577333333333335,-999.6917056849653
1.8594000000000002,-999.6918826362546
1.8610666666666666,-999.692092183834
1.8627333333333334,-999.6923063880263
1.8644,-999.6924786827026
1.8660666666666668,-999.6925857847988
1.8677333333333335,-999.6926044112503
1.8694000000000002,-999.6925578451215
1.8710666666666667,-999.6924740260897
1.8727333333333334,-999.6923948636709
1.8744,-999.6923389843164
1.8760666666666668,-999.6923110446392
1.8777333333333335,-999.692315701252
1.8794000000000002,-999.6923250144778
1.8810666666666667,-999.6923250144778
1.8827333333333334,-999.6922970748005
1.8844,-999.6922365388331
1.8860666666666668,-999.6921527198014
1.88775,-999.6920689007696
1.8894166666666667,-999.6920223346409
1.8910833333333334,-999.6920456177053
1.8927500000000002,-999.69216668964
1.8944166666666669,-999.6923995202837
1.8960833333333333,-999.6927301397978
1.89775,-999.6931166386665
1.8994166666666668,-999.6934891676966
1.9010833333333335,-999.693773221082
1.9027500000000002,-999.693917576081
1.9044166666666669,-999.6939036062424
1.9060833333333334,-999.6937499380176
1.90775,-999.693512450761
1.9094166666666668,-999.6932563370528
1.9110833333333335,-999.6930328196348
1.9127500000000002,-999.6928791514099
1.9144166666666667,-999.6927953323782
1.9161000000000001,-999.6927580794752
1.9177666666666668,-999.6927347964107
1.9194333333333333,-999.6927115133464
1.9211,-999.6926789170562
1.9227666666666667,-999.6926463207661
1.9244333333333334,-999.6926276943146
1.9261000000000001,-999.6926370075404
1.9277666666666669,-999.692688230282
1.9294333333333333,-999.692767392701
1.9311,-999.6928651815713
1.9327666666666667,-999.6929583138287
1.9344333333333334,-999.693028163022
1.9361000000000002,-999.6930561026992
1.9377666666666669,-999.6930328196348
1.9394333333333333,-999.6929536572159
1.9411,-999.692837241894
1.9427666666666668,-999.6927115133464
1.9444333333333335,-999.6925997546374
1.9461166666666667,-999.6925159356057
1.9477833333333334,-999.6924693694768
1.9494500000000001,-999.6924553996382
1.9511166666666668,-999.6924833393155
1.9527833333333335,-999.6925578451215
1.95445,-999.692688230282
1.9561166666666667,-999.6928931212485
1.9577833333333334,-999.6931818312468
1.9594500000000001,-999.6935357338253
1.9611166666666668,-999.6939268893068
1.9627833333333333,-999.6942994183369
1.96445,-999.6945881283351
1.9661166666666667,-999.69474179656
1.9677833333333334,-999.6947464531729
1.9694500000000001,-999.6946253812381
1.9711166666666669,-999.6944344601102
1.9727833333333333,-999.6942342257566
1.9744666666666668,-999.6940898707575
1.9761333333333335,-999.6940479612416
1.9778,-999.6941224670476
1.9794666666666667,-999.6943040749497
1.9811333333333334,-999.6945508754321
1.9828000000000001,-999.6948116457531
1.9844666666666668,-999.6950211933325
1.9861333333333335,-999.6951469218801
1.9878,-999.6951608917187
1.9894666666666667,-999.6950817292999
1.9911333333333334,-999.6949373743007
1.9928000000000001,-999.6947697362373
1.9944666666666668,-999.694630037851
1.9961333333333335,-999.6945415622064
1.9978,-999.6945136225291
1.9994666666666667,-999.6945369055935
2.00115,-999.694592784948
2.002816666666667,-999.6946486643025
2.0044833333333334,-999.6946905738183
2.00615,-999.694704543657
2.007816666666667,-999.6946998870441
2.0094833333333333,-999.6946905738183
2.01115,-999.694704543657
2.0128166666666667,-999.6947650796244
2.0144833333333336,-999.6948721817205
2.01615,-999.6950211933325
2.0178166666666666,-999.6952028012347
2.0194833333333335,-999.6953937223625
2.02115,-999.6955846434904
2.022816666666667,-999.6957615947797
2.0244833333333334,-999.6959292328432
2.02615,-999.6961015275195
2.027816666666667,-999.6962924486475
2.0294833333333333,-999.6965066528397
2.0311500000000002,-999.696720857032
2.0328166666666667,-999.6969024649342
2.0345,-999.6970095670302
2.036166666666667,-999.697018880256
2.0378333333333334,-999.6969117781599
2.0395000000000003,-999.6967162004191
2.041166666666667,-999.6964740565496
2.0428333333333333,-999.6962505391316
2.0445,-999.6961015275195
2.0461666666666667,-999.6960596180037
2.0478333333333336,-999.6961294671968
2.0495,-999.6962831354217
2.0511666666666666,-999.6964740565496
2.0528333333333335,-999.6966603210647
2.0545,-999.696795362838
2.056166666666667,-999.6968558988053
2.0578333333333334,-999.6968419289667
2.0595,-999.6967674231607
2.061166666666667,-999.6966510078388
2.06285,-999.6965252792912
2.0645166666666666,-999.6964088639693
2.0661833333333335,-999.6963203883247
2.06785,-999.6962691655831
2.069516666666667,-999.6962691655831
2.0711833333333334,-999.6963250449376
2.0728500000000003,-999.696422833808
2.074516666666667,-999.6965532189685
2.0761833333333333,-999.6966975739676
2.07785,-999.696832615741
2.0795166666666667,-999.6969210913857
2.0811833333333336,-999.69694437445
2.08285,-999.6968838384826
2.0845166666666666,-999.6967487967092
2.0861833333333335,-999.6965578755813
2.08785,-999.6963529846148
2.089516666666667,-999.6961806899385
2.0911833333333334,-999.6960922142938
2.0928666666666667,-999.6961108407453
2.0945333333333336,-999.6962412259059
2.0962,-999.6964693999367
2.0978666666666665,-999.6967394834835
2.0995333333333335,-999.6969862839659
2.1012,-999.6971632352552
2.102866666666667,-999.6972144579968
2.1045333333333334,-999.6971352955778
2.1062000000000003,-999.6969397178372
2.1078666666666668,-999.6966742909033
2.1095333333333333,-999.6963948941307
2.1112,-999.6961620634869
2.1128666666666667,-999.6960037386492
2.1145333333333336,-999.6959199196174
2.1162,-999.6958780101015
2.1178666666666666,-999.6958267873599
2.1195333333333335,-999.6957289984896
2.1212,-999.6955473905874
2.1228833333333332,-999.6952866202664
2.12455,-999.6949653139781
2.1262166666666666,-999.6946207246252
2.1278833333333336,-999.6942994183369
2.12955,-999.694033991403
2.131216666666667,-999.6938430702751
2.1328833333333335,-999.6937313115661
2.13455,-999.693694058663
2.136216666666667,-999.6937173417274
2.1378833333333334,-999.6937918475335
2.1395500000000003,-999.6939129194682
2.1412166666666668,-999.6940805575317
2.1428833333333333,-999.6942901051111
2.14455,-999.6945322489806
2.1462166666666667,-999.6947976759145
2.1478833333333336,-999.6950584462355
2.14955,-999.695300590105
2.1512166666666666,-999.6955147942973
2.1529000000000003,-999.6956917455866
2.1545666666666667,-999.6958314439728
2.1562333333333332,-999.6959432026819
2.1579,-999.6960316783264
2.1595666666666666,-999.6960922142938
2.1612333333333336,-999.6961248105839
2.1629,-999.6961341238097
2.164566666666667,-999.696120153971
2.1662333333333335,-999.6960968709067
2.1679,-999.6960689312294
2.169566666666667,-999.6960503047779
2.1712333333333333,-999.6960503047779
2.1729000000000003,-999.6960689312294
2.1745666666666668,-999.6961015275195
2.1762333333333332,-999.6961387804225
2.1779,-999.6961620634869
2.1795666666666667,-999.696157406874
2.18125,-999.6961108407453
2.182916666666667,-999.6960270217136
2.1845833333333333,-999.6959199196174
2.1862500000000002,-999.6957941910698
2.1879166666666667,-999.695673119135
2.1895833333333337,-999.6955660170389
2.19125,-999.695491511233
2.1929166666666666,-999.6954635715557
2.1945833333333336,-999.6954728847815
2.19625,-999.6955101376844
2.197916666666667,-999.695561360426
2.1995833333333334,-999.6956032699419
2.20125,-999.6956312096191
2.202916666666667,-999.695635866232
2.2045833333333333,-999.6956032699419
2.2062500000000003,-999.6955427339745
2.2079166666666667,-999.6954589149428
2.2096,-999.6953704392981
2.211266666666667,-999.6952959334922
2.2129333333333334,-999.6952679938149
2.2146,-999.6952959334922
2.216266666666667,-999.6953797525239
2.2179333333333333,-999.6954961678458
2.2196000000000002,-999.6956079265548
2.2212666666666667,-999.6956917455866
2.2229333333333336,-999.6957289984896
2.2246,-999.6957243418767
2.2262666666666666,-999.6956777757479
2.2279333333333335,-999.695598613329
2.2296,-999.6954961678458
2.231266666666667,-999.6953704392981
2.2329333333333334,-999.6952260842991
2.2346,-999.695077072687
2.236266666666667,-999.6949373743007
2.2379333333333333,-999.6948302722046
2.2396000000000003,-999.6947837060759
2.2412833333333335,-999.6948209589789
2.24295,-999.6949560007523
2.244616666666667,-999.6951841747831
2.2462833333333334,-999.6954961678458
2.24795,-999.69585938365
2.249616666666667,-999.696236569293
2.2512833333333333,-999.6965951284843
2.2529500000000002,-999.6968931517083
2.2546166666666667,-999.6971026992877
2.2562833333333336,-999.6972004881582
2.25795,-999.6971865183195
2.2596166666666666,-999.6970747596105
2.2612833333333335,-999.6968978083212
2.26295,-999.6966929173548
2.264616666666667,-999.6964787131625
2.2662833333333334,-999.6962831354217
2.26795,-999.6961108407453
2.2696333333333336,-999.695975798972
2.2713,-999.6958780101015
2.2729666666666666,-999.6958035042956
2.2746333333333335,-999.6957476249411
2.2763,-999.6957057154252
2.277966666666667,-999.6956638059092
2.2796333333333334,-999.6956265530063
2.2813000000000003,-999.695598613329
2.282966666666667,-999.6955799868775
2.2846333333333333,-999.6955799868775
2.2863,-999.6955939567162
2.2879666666666667,-999.6956218963934
2.2896333333333336,-999.6956684625221
2.2913,-999.695715028651
2.2929666666666666,-999.6957569381668
2.2946333333333335,-999.6957988476827
2.2963,-999.6958454138114
2.2979833333333333,-999.695896636553
2.29965,-999.6959618291334
2.3013166666666667,-999.6960549613908
2.3029833333333336,-999.6961713767128
2.30465,-999.6962924486475
2.3063166666666666,-999.6964135205823
2.3079833333333335,-999.6965159660655
2.30965,-999.6966044417101
2.311316666666667,-999.696683604129
2.3129833333333334,-999.6967720797736
2.3146500000000003,-999.6968745252568
2.316316666666667,-999.6969955971916
2.3179833333333333,-999.6971259823521
2.31965,-999.6972470542869
2.3213166666666667,-999.6973401865444
2.3229833333333336,-999.6973960658989
2.32465,-999.6974240055762
2.3263166666666666,-999.6974333188019
2.3280000000000003,-999.6974519452534
2.3296666666666668,-999.6974938547693
2.3313333333333333,-999.6975637039624
2.333,-999.6976428663813
2.3346666666666667,-999.697726685413
2.3363333333333336,-999.697801191219
2.338,-999.6978477573477
2.3396666666666666,-999.697875697025
2.3413333333333335,-999.697880353638
2.343,-999.6978896668637
2.344666666666667,-999.6979129499281
2.3463333333333334,-999.6979688292826
2.3480000000000003,-999.6980712747658
2.349666666666667,-999.698215629765
2.3513333333333333,-999.6983879244414
2.353,-999.6985509058919
2.3546666666666667,-999.6986673212139
2.3563333333333336,-999.6987045741168
2.358016666666667,-999.6986300683109
2.3596833333333334,-999.6984298339572
2.3613500000000003,-999.6981178408945
2.3630166666666668,-999.6977220288002
2.3646833333333332,-999.6973122468671
2.36635,-999.6969536876758
2.3680166666666667,-999.6967162004191
2.3696833333333336,-999.6966510078388
2.37135,-999.696758109935
2.373016666666667,-999.6970235368689
2.3746833333333335,-999.6973820960602
2.37635,-999.6977732515418
2.378016666666667,-999.6981178408945
2.3796833333333334,-999.6983646413769
2.3813500000000003,-999.6984903699246
2.383016666666667,-999.6984950265374
2.3846833333333333,-999.6983879244414
2.38635,-999.6982016599263
2.3880333333333335,-999.6979734858954
2.3897,-999.6977453118645
2.391366666666667,-999.6975450775109
2.3930333333333333,-999.6974053791247
2.3947000000000003,-999.6973448431572
2.3963666666666668,-999.6973727828345
2.3980333333333332,-999.6974798849307
2.3997,-999.6976428663813
2.4013666666666666,-999.6978337875091
2.4030333333333336,-999.6980060821855
2.4047,-999.6981224975075
2.406366666666667,-999.6981457805718
2.4080333333333335,-999.69806196154
2.4097,-999.6978710404121
2.411366666666667,-999.6976056134782
2.4130333333333334,-999.6973029336414
2.4147000000000003,-999.6970002538045
2.4163833333333335,-999.6967534533221
2.41805,-999.6965765020328
2.419716666666667,-999.6965019962269
2.4213833333333334,-999.6965159660655
2.42305,-999.6966137549358
2.424716666666667,-999.696758109935
2.4263833333333333,-999.6969164347728
2.4280500000000003,-999.697056133159
2.4297166666666667,-999.6971539220294
2.4313833333333332,-999.6971958315453
2.43305,-999.6971725484809
2.4347166666666666,-999.697093386062
2.4363833333333336,-999.6969630009015
2.43805,-999.6968000194508
2.439716666666667,-999.6966323813873
2.4413833333333335,-999.696497339614
2.44305,-999.6964135205823
2.444716666666667,-999.6964042073564
2.4464,-999.6964554300981
2.4480666666666666,-999.6965578755813
2.4497333333333335,-999.696683604129
2.4514,-999.6968046760637
2.453066666666667,-999.6968884950954
2.4547333333333334,-999.6968978083212
2.4564,-999.6968186459023
2.458066666666667,-999.6966277247744
2.4597333333333333,-999.6963576412277
2.4614000000000003,-999.6960409915522
2.4630666666666667,-999.6957429683282
2.4647333333333337,-999.6955194509102
2.4664,-999.6954076922011
2.4680666666666666,-999.6954356318785
2.4697333333333336,-999.6956125831676
2.4714,-999.6959199196174
2.473066666666667,-999.6963390147762
2.4747333333333335,-999.6968186459023
2.4764166666666667,-999.6973122468671
2.4780833333333336,-999.6977592817032
2.47975,-999.6981271541204
2.4814166666666666,-999.6983925810542
2.4830833333333335,-999.6985415926662
2.48475,-999.6985974720207
2.486416666666667,-999.6985741889563
2.4880833333333334,-999.6984996831503
2.48975,-999.6983832678285
2.491416666666667,-999.6982435694422
2.4930833333333333,-999.6980945578301
2.4947500000000002,-999.6979548594439
2.4964166666666667,-999.6978477573477
2.4980833333333337,-999.6977965346061
2.49975,-999.6978198176705
2.5014166666666666,-999.6979222631538
2.5030833333333335,-999.6980899012173
2.504766666666667,-999.6982947921838
2.5064333333333333,-999.6984996831503
2.5081,-999.6986812910525
2.5097666666666667,-999.6988070196
2.5114333333333336,-999.6988722121804
2.5131,-999.6988722121804
2.5147666666666666,-999.6988209894387
2.5164333333333335,-999.698737170407
2.5181,-999.698625411698
2.519766666666667,-999.6984950265374
2.5214333333333334,-999.6983460149254
2.5231000000000003,-999.6981876900877
2.524766666666667,-999.6980153954113
2.5264333333333333,-999.6978524139606
2.5281000000000002,-999.6977080589616
2.5297666666666667,-999.697614926704
2.5314333333333336,-999.6975823304139
2.5331,-999.6976242399297
2.5347833333333334,-999.6977313420259
2.5364500000000003,-999.6978850102508
2.538116666666667,-999.6980526483143
2.5397833333333333,-999.6982016599263
2.54145,-999.6983087620224
2.5431166666666667,-999.6983646413769
2.5447833333333336,-999.6983879244414
2.54645,-999.6983972376671
2.5481166666666666,-999.6984158641186
2.5497833333333335,-999.6984717434731
2.55145,-999.6985741889563
2.553116666666667,-999.6987325137941
2.5547833333333334,-999.6989420613735
2.5564500000000003,-999.6991888618559
2.558116666666667,-999.6994729152412
2.5597833333333333,-999.6997709384652
2.5614500000000002,-999.7000456786249
2.5631333333333335,-999.7002598828171
2.5648,-999.7003530150747
2.566466666666667,-999.7002924791072
2.5681333333333334,-999.7000503352377
2.5698000000000003,-999.699631240079
2.571466666666667,-999.6990724465339
2.5731333333333333,-999.6984531170216
2.5748,-999.697838444122
2.5764666666666667,-999.6973122468671
2.5781333333333336,-999.6969257479985
2.5798,-999.6967255136449
2.5814666666666666,-999.6967255136449
2.5831333333333335,-999.6969257479985
2.5848,-999.6972889638027
2.586466666666667,-999.6977685949289
2.5881333333333334,-999.6982808223452
2.5898000000000003,-999.6987464836327
2.5914833333333336,-999.6990910729854
2.59315,-999.6992726808876
2.594816666666667,-999.6992866507262
2.5964833333333335,-999.6991562655658
2.59815,-999.6989280915349
2.599816666666667,-999.6986580079881
2.6014833333333334,-999.69840189428
2.6031500000000003,-999.6982063165392
2.604816666666667,-999.6980899012173
2.6064833333333333,-999.6980712747658
2.60815,-999.698141123959
2.6098166666666667,-999.6982715091194
2.6114833333333336,-999.6984158641186
2.61315,-999.6985276228276
2.614816666666667,-999.6985648757305
2.6164833333333335,-999.6984950265374
2.61815,-999.6983134186353
2.619816666666667,-999.6980433350885
2.6214833333333334,-999.6977220288002
2.6231666666666666,-999.6974007225118
2.6248333333333336,-999.6971073559006
2.6265,-999.6968791818697
2.628166666666667,-999.696720857032
2.6298333333333335,-999.696641694613
2.6315,-999.696641694613
2.633166666666667,-999.6967115438063
2.6348333333333334,-999.6968419289667
2.6365000000000003,-999.6970235368689
2.6381666666666668,-999.6972191146097
2.6398333333333333,-999.6974007225118
2.6415,-999.6975450775109
2.6431666666666667,-999.6976382097685
2.6448333333333336,-999.6977080589616
2.6465,-999.6977825647675
2.648166666666667,-999.6979036367023
2.6498333333333335,-999.6981085276688
2.6515166666666667,-999.69840189428
2.6531833333333337,-999.6987790799228
2.65485,-999.6991981750816
2.6565166666666666,-999.6995986437889
2.6581833333333336,-999.6999246066902
2.65985,-999.7001248410438
2.661516666666667,-999.7001574373339
2.6631833333333335,-999.7000317087862
2.66485,-999.6997662818524
2.666516666666667,-999.6994170358868
2.6681833333333334,-999.6990445068567
2.6698500000000003,-999.698699917504
2.6715166666666668,-999.6984438037958
2.6731833333333332,-999.6983041054095
2.67485,-999.6983041054095
2.6765166666666667,-999.6984438037958
2.6781833333333336,-999.6987185439555
2.67985,-999.6990724465339
2.6815333333333333,-999.6994636020155
2.6832000000000003,-999.699817504594
2.6848666666666667,-999.7000875881408
2.6865333333333337,-999.7002365997528
2.6882,-999.7002598828171
2.6898666666666666,-999.7001667505597
2.6915333333333336,-999.6999897992704
2.6932,-999.6997662818524
2.694866666666667,-999.6995427644343
2.6965333333333334,-999.6993611565323
2.6982,-999.6992493978232
2.699866666666667,-999.6992307713717
2.7015333333333333,-999.699295963952
2.7032000000000003,-999.6994216924996
2.7048666666666668,-999.6995613908858
2.7065333333333337,-999.6996731495949
2.7082,-999.6997197157236
2.7098666666666666,-999.6996964326593
2.7115500000000003,-999.6996126136276
2.713216666666667,-999.69951948137
2.7148833333333333,-999.6994589454026
2.7165500000000002,-999.6994915416927
2.7182166666666667,-999.699631240079
2.7198833333333337,-999.6998687273357
2.72155,-999.7001574373339
2.7232166666666666,-999.7004368341064
2.7248833333333335,-999.7006463816858
2.72655,-999.7007534837819
2.728216666666667,-999.7007395139433
2.7298833333333334,-999.7006277552343
2.73155,-999.7004461473322
2.733216666666667,-999.7002459129785
2.7348833333333333,-999.7000503352377
2.7365500000000003,-999.6998920104
2.7382166666666667,-999.6997569686266
2.7399,-999.699631240079
2.741566666666667,-999.6994915416927
2.7432333333333334,-999.6993239036292
2.7449000000000003,-999.6991283258885
2.746566666666667,-999.6989280915349
2.7482333333333333,-999.6987511402456
2.7499000000000002,-999.6986347249237
2.7515666666666667,-999.6986021286335
2.7532333333333336,-999.698662664601
2.7549,-999.6988256460515
2.7565666666666666,-999.6990771031468
2.7582333333333335,-999.6993844395967
2.7599,-999.6997243723365
2.761566666666667,-999.7000596484635
2.7632333333333334,-999.7003576716876
2.7649,-999.70060447217
2.766566666666667,-999.7008000499106
2.7682333333333333,-999.700939748297
2.7699166666666666,-999.7010421937802
2.7715833333333335,-999.7011120429734
2.77325,-999.7011539524892
2.774916666666667,-999.7011446392635
2.7765833333333334,-999.7010794466833
2.7782500000000003,-999.7009537181356
2.779916666666667,-999.7007767668463
2.7815833333333333,-999.7005811891056
2.7832500000000002,-999.7003902679777
2.7849166666666667,-999.7002226299142
2.7865833333333336,-999.7000922447537
2.78825,-999.6999897992704
2.7899166666666666,-999.6999059802387
2.7915833333333335,-999.6998407876584
2.79325,-999.6998035347553
2.794916666666667,-999.6997988781425
2.7965833333333334,-999.6998361310456
2.7982666666666667,-999.6999152934644
2.7999333333333336,-999.7000270521734
2.8016,-999.700152780721
2.803266666666667,-999.70026453943
2.8049333333333335,-999.7003530150747
2.8066,-999.7003856113648
2.808266666666667,-999.7003576716876
2.8099333333333334,-999.7002738526558
2.8116000000000003,-999.700152780721
2.813266666666667,-999.6999991124961
2.8149333333333333,-999.6998361310456
2.8166,-999.6996638363692
2.8182666666666667,-999.6994868850799
2.8199333333333336,-999.6993099337906
2.8216,-999.6991422957271
2.8232666666666666,-999.6989932841151
2.8249333333333335,-999.6988815254061
2.8266,-999.6988209894387
2.8282833333333333,-999.6988349592773
2.82995,-999.6989420613735
2.8316166666666667,-999.6991516089529
2.8332833333333336,-999.6994682586284
2.83495,-999.6998501008842
2.836616666666667,-999.7002598828171
2.8382833333333335,-999.7006370684601
2.83995,-999.7009304350712
2.841616666666667,-999.7011120429734
2.8432833333333334,-999.7011725789407
2.8449500000000003,-999.7011213561991
2.846616666666667,-999.7009909710386
2.8482833333333333,-999.7008186763622
2.84995,-999.7006324118472
2.8516166666666667,-999.7004601171708
2.8532833333333336,-999.7003064489459
2.85495,-999.7001853770112
2.8566166666666666,-999.7001015579795
2.8583000000000003,-999.7000503352377
2.8599666666666668,-999.700041022012
2.8616333333333333,-999.7000689616892
2.8633,-999.700152780721
2.8649666666666667,-999.7002785092686
2.8666333333333336,-999.7004461473322
2.8683,-999.700641725073
2.869966666666667,-999.7008373028137
2.8716333333333335,-999.7010002842643
2.8733,-999.7010980731347
2.874966666666667,-999.7011073863605
2.8766333333333334,-999.7010282239415
2.8783000000000003,-999.7008792123296
2.879966666666667,-999.7006929478146
2.8816333333333333,-999.7005159965253
2.883316666666667,-999.7003716415262
2.8849833333333335,-999.7002831658815
2.88665,-999.7002505695914
2.888316666666667,-999.70026453943
2.8899833333333333,-999.7003111055587
2.8916500000000003,-999.7003669849133
2.8933166666666668,-999.7004228642678
2.8949833333333337,-999.7004694303965
2.89665,-999.7005020266866
2.8983166666666667,-999.7005159965253
2.8999833333333336,-999.7005113399124
2.90165,-999.7004647737837
2.903316666666667,-999.7003576716876
2.9049833333333335,-999.7001760637854
2.90665,-999.699929263303
2.908316666666667,-999.699631240079
2.9099833333333334,-999.6993145904034
2.9116500000000003,-999.6990212237923
2.9133166666666668,-999.6987790799228
2.9149833333333333,-999.6986021286335
2.916666666666667,-999.6984810566988
2.9183333333333334,-999.69840189428
2.92,-999.6983367016996
2.921666666666667,-999.6982715091194
2.9233333333333333,-999.6982016599263
2.9250000000000003,-999.6981178408945
2.9266666666666667,-999.6980340218628
2.9283333333333337,-999.6979734858954
2.93,-999.6979502028311
2.9316666666666666,-999.6979921123469
2.9333333333333336,-999.6981131842816
2.935,-999.6983180752482
2.936666666666667,-999.6985881587949
2.9383333333333335,-999.6989048084705
2.94,-999.6992261147589
2.941666666666667,-999.6995241379828
2.9433333333333334,-999.6997662818524
2.9450000000000003,-999.6999432331417
2.9466833333333335,-999.7000549918506
2.94835,-999.7001015579795
2.950016666666667,-999.7001015579795
2.9516833333333334,-999.7000643050764
2.95335,-999.6999851426575
2.955016666666667,-999.6998687273357
2.9566833333333333,-999.6997150591108
2.9583500000000003,-999.6995101681442
2.9600166666666667,-999.6992633676618
2.9616833333333337,-999.6989839708893
2.96335,-999.6986952608911
2.9650166666666666,-999.6984298339572
2.9666833333333336,-999.6982295996036
2.96835,-999.6981364673461
2.970016666666667,-999.698178376862
2.9716833333333335,-999.6983692979899
2.97335,-999.6986766344396
2.975016666666667,-999.6990584766953
2.9767,-999.6994496321769
2.9783666666666666,-999.6997895649167
2.9800333333333335,-999.7000363653991
2.9817,-999.7001667505597
2.983366666666667,-999.7001807203983
2.9850333333333334,-999.700082931528
2.9867000000000004,-999.6999013236258
2.988366666666667,-999.699668492982
2.9900333333333333,-999.6994263491125
2.9917000000000002,-999.6992074883074
2.9933666666666667,-999.6990631333082
2.9950333333333337,-999.6990025973408
2.9967,-999.6990491634696
2.9983666666666666,-999.699184205243
3.0000333333333336,-999.6993984094353
3.0017,-999.6996591797563
3.003366666666667,-999.6999199500773
3.00505,-999.7001434674953
3.0067166666666667,-999.7002924791072
3.0083833333333336,-999.7003390452361
3.01005,-999.7002924791072
3.0117166666666666,-999.7001807203983
3.0133833333333335,-999.7000456786249
3.01505,-999.6999385765288
3.016716666666667,-999.6998780405614
3.0183833333333334,-999.6998733839486
3.0200500000000003,-999.6998966670129
3.021716666666667,-999.6999152934644
3.0233833333333333,-999.6999013236258
3.0250500000000002,-999.699817504594
3.0267166666666667,-999.6996545231434
3.0283833333333336,-999.6994170358868
3.03005,-999.6991283258885
3.0317166666666666,-999.6988116762129
3.0334000000000003,-999.6985136529889
3.035066666666667,-999.6982575392808
3.0367333333333333,-999.6980526483143
3.0384,-999.6978989800895
3.0400666666666667,-999.6977872213804
3.0417333333333336,-999.6977080589616
3.0434,-999.6976521796071
3.045066666666667,-999.6976335531556
3.0467333333333335,-999.6976521796071
3.0484,-999.6977127155744
3.050066666666667,-999.6978151610576
3.0517333333333334,-999.6979502028311
3.0534000000000003,-999.6980945578301
3.055066666666667,-999.6982435694422
3.0567333333333333,-999.6983739546027
3.0584000000000002,-999.6984717434731
3.0600666666666667,-999.6985276228276
3.0617333333333336,-999.698546249279
3.0634,-999.6985369360533
3.0650833333333334,-999.6985089963761
3.0667500000000003,-999.6984810566988
3.068416666666667,-999.6984717434731
3.0700833333333333,-999.6984903699246
3.07175,-999.698546249279
3.0734166666666667,-999.6986393815366
3.0750833333333336,-999.6987744233099
3.07675,-999.6989420613735
3.078416666666667,-999.6991283258885
3.0800833333333335,-999.6993052771777
3.08175,-999.6994403189511
3.083416666666667,-999.6995148247571
3.0850833333333334,-999.6995008549185
3.0867500000000003,-999.6994030660481
3.088416666666667,-999.6992400845975
3.0900833333333333,-999.699035193631
3.09175,-999.6988209894387
3.0934333333333335,-999.6986207550851
3.0951,-999.6984531170216
3.096766666666667,-999.6983180752482
3.0984333333333334,-999.6982202863778
3.1001000000000003,-999.6981550937976
3.101766666666667,-999.6981271541204
3.1034333333333333,-999.6981224975075
3.1051,-999.6981364673461
3.1067666666666667,-999.6981597504105
3.1084333333333336,-999.6981690636362
3.1101,-999.6981504371847
3.111766666666667,-999.6980945578301
3.1134333333333335,-999.6980014255727
3.1151,-999.6978943234766
3.116766666666667,-999.6977965346061
3.1184333333333334,-999.697726685413
3.1201000000000003,-999.6977173721873
3.121766666666667,-999.697763938316
3.12345,-999.6978663837992
3.125116666666667,-999.6980060821855
3.1267833333333335,-999.6981550937976
3.12845,-999.6982901355709
3.130116666666667,-999.6983786112156
3.1317833333333334,-999.6983972376671
3.1334500000000003,-999.6983320450868
3.1351166666666668,-999.6981737202491
3.1367833333333337,-999.6979222631538
3.13845,-999.6976009568654
3.1401166666666667,-999.6972284278354
3.1417833333333336,-999.6968465855796
3.14345,-999.696497339614
3.145116666666667,-999.6962319126801
3.1467833333333335,-999.6960968709067
3.14845,-999.6961294671968
3.150116666666667,-999.6963343581633
3.1518,-999.6966882607419
3.1534666666666666,-999.6971213257392
3.1551333333333336,-999.6975590473495
3.1568,-999.6979129499281
3.158466666666667,-999.6981178408945
3.1601333333333335,-999.6981457805718
3.1618,-999.6980060821855
3.163466666666667,-999.6977453118645
3.1651333333333334,-999.697428662189
3.1668000000000003,-999.6971213257392
3.1684666666666668,-999.6968745252568
3.1701333333333337,-999.6967115438063
3.1718,-999.696641694613
3.1734666666666667,-999.696641694613
3.1751333333333336,-999.696683604129
3.1768,-999.6967534533221
3.1784833333333333,-999.6968372723538
3.1801500000000003,-999.6969397178372
3.1818166666666667,-999.6970468199332
3.1834833333333337,-999.6971539220294
3.18515,-999.6972470542869
3.1868166666666666,-999.6973075902542
3.1884833333333336,-999.6973308733186
3.19015,-999.6973122468671
3.191816666666667,-999.6972749939641
3.1934833333333335,-999.6972517108998
3.19515,-999.6972656807384
3.196816666666667,-999.6973401865444
3.1984833333333333,-999.697465915092
3.2001500000000003,-999.697614926704
3.2018166666666668,-999.6977453118645
3.2034833333333337,-999.6978105044448
3.20515,-999.6977779081546
3.2068166666666666,-999.6976195833169
3.2084833333333336,-999.6973401865444
3.21015,-999.6969676575144
3.2118333333333333,-999.6965392491298
3.2135000000000002,-999.6960968709067
3.2151666666666667,-999.6956870889737
3.2168333333333337,-999.6953192165565
3.2185,-999.695002566881
3.2201666666666666,-999.6947324833343
3.2218333333333335,-999.6944949960777
3.2235,-999.6942901051111
3.225166666666667,-999.694108497209
3.2268333333333334,-999.693954828984
3.2285000000000004,-999.6938291004365
3.230166666666667,-999.6937266549533
3.2318333333333333,-999.6936335226957
3.2335000000000003,-999.693512450761
3.2351666666666667,-999.6933354994717
3.2368333333333337,-999.6930514460863
3.2385,-999.6926416641533
3.2401833333333334,-999.6920875272211
3.2418500000000003,-999.6914123183542
3.243516666666667,-999.690634664004
3.2451833333333333,-999.689777847235
3.2468500000000002,-999.6888604944986
3.2485166666666667,-999.6878779491819
3.2501833333333336,-999.6868162414463
3.25185,-999.6856427750017
3.2535166666666666,-999.6843435800096
3.2551833333333335,-999.6828814035667
3.25685,-999.6812422758346
3.258516666666667,-999.6794075703618
3.2601833333333334,-999.6773679739224
3.2618500000000004,-999.6751281431294
3.263516666666667,-999.6727020478214
3.2651833333333333,-999.6700990012242
3.2668500000000003,-999.6673236599505
3.2685166666666667,-999.6643713673876
3.2702,-999.6612234970839
3.271866666666667,-999.6578427961366
3.2735333333333334,-999.6541920116424
3.2752000000000003,-999.6502571737627
3.276866666666667,-999.6460429391107
3.2785333333333333,-999.6416051870406
3.2802000000000002,-999.6370137667456
3.2818666666666667,-999.6323664670961
3.2835333333333336,-999.6277191674466
3.2852,-999.6230998074743
3.2868666666666666,-999.6184804475021
3.2885333333333335,-999.6137958949496
3.2902,-999.6089530175593
3.291866666666667,-999.6038679962995
3.2935333333333334,-999.5984896084286
3.2952000000000004,-999.5928225105595
3.296866666666667,-999.5868992989822
3.2985333333333333,-999.5807991361156
3.300216666666667,-999.5746104976045
3.3018833333333335,-999.5684078892546
3.30355,-999.5622518470335
3.305216666666667,-999.5561749672313
3.3068833333333334,-999.5501819064609
3.3085500000000003,-999.5442633514964
3.310216666666667,-999.5384146457251
3.3118833333333333,-999.5326404457599
3.31355,-999.5269780045035
3.3152166666666667,-999.5214599182464
3.3168833333333336,-999.5161374097299
3.31855,-999.5110710149216
3.320216666666667,-999.5062933301117
3.3218833333333335,-999.5018369515901
3.32355,-999.4977251624213
3.325216666666667,-999.4939812456695
3.3268833333333334,-999.4906098579479
3.3285666666666667,-999.4876249690948
3.3302333333333336,-999.4850126092718
3.3319,-999.482763465253
3.333566666666667,-999.4808542539743
3.3352333333333335,-999.4792523791451
3.3369,-999.4779392143143
3.338566666666667,-999.4769147594817
3.3402333333333334,-999.476197641099
3.3419000000000003,-999.4758390819076
3.343566666666667,-999.4758996178749
3.3452333333333333,-999.4764397849684
3.3469,-999.4775061493169
3.3485666666666667,-999.4791173373717
3.3502333333333336,-999.4812593792943
3.3519,-999.4838577692788
3.353566666666667,-999.4868380015189
3.3552333333333335,-999.4900976305315
3.3569,-999.4935481806722
3.3585833333333337,-999.497133772586
3.36025,-999.5008404364347
3.3619166666666667,-999.5047054251212
3.3635833333333336,-999.5087753047742
3.36525,-999.5131106113611
3.366916666666667,-999.5177392845591
3.3685833333333335,-999.5226659809811
3.37025,-999.5278441344983
3.371916666666667,-999.5331992393048
3.3735833333333334,-999.5386521329817
3.3752500000000003,-999.5441236531102
3.376916666666667,-999.5495532637227
3.3785833333333337,-999.554917681755
3.38025,-999.5601936241427
3.3819166666666667,-999.5653950607243
3.3835833333333336,-999.5705359613386
3.38525,-999.575634952437
3.3869333333333334,-999.5806966906324
3.3886000000000003,-999.585711862699
3.3902666666666668,-999.5906664987982
3.3919333333333337,-999.5955419724786
3.3936,-999.6003243139015
3.3952666666666667,-999.6049948966154
3.3969333333333336,-999.6095490640074
3.3986,-999.6139821594646
3.400266666666667,-999.6182895263743
3.4019333333333335,-999.6224618515105
3.4036,-999.6264805084218
3.405266666666667,-999.6303408404954
3.4069333333333334,-999.6340428477312
3.4086000000000003,-999.637595843355
3.410266666666667,-999.6410137972055
3.4119333333333337,-999.6443199923468
3.4136,-999.6475283986179
3.4152666666666667,-999.6506390160185
3.4169500000000004,-999.6536471879359
3.418616666666667,-999.6565389445315
3.4202833333333333,-999.6592956593536
3.4219500000000003,-999.661894049338
3.4236166666666668,-999.6643248012589
3.4252833333333337,-999.6665832585034
3.42695,-999.6686927041359
3.4286166666666666,-999.6706810778336
3.4302833333333336,-999.6725809758867
3.43195,-999.6744203379724
3.433616666666667,-999.6762084773165
3.4352833333333335,-999.6779174542418
3.43695,-999.6795146724579
3.438616666666667,-999.680967535675
3.4402833333333334,-999.6822387909899
3.4419500000000003,-999.683319125177
3.4436166666666668,-999.6842457911392
3.4452833333333337,-999.6850653550052
3.446966666666667,-999.6858523225811
3.4486333333333334,-999.6866672298344
3.4503000000000004,-999.6875566428935
3.451966666666667,-999.6885159051458
3.4536333333333333,-999.6895124203011
3.4553000000000003,-999.6904949656177
3.4569666666666667,-999.6914076617413
3.4586333333333337,-999.6922132557687
3.4603,-999.6929024344743
3.4619833333333334,-999.6934845110837
3.4636500000000003,-999.6939827686614
3.465316666666667,-999.6944344601102
3.4669833333333333,-999.6948582118819
3.4686500000000002,-999.6952586805892
3.4703166666666667,-999.6956172397805
3.4719833333333336,-999.6959059497788
3.47365,-999.6960782444552
3.475316666666667,-999.6961061841324
3.4769833333333335,-999.6959851121977
3.47865,-999.6957429683282
3.480316666666667,-999.6954356318785
3.4819833333333334,-999.6951329520415
3.4836500000000004,-999.6948861515591
3.485316666666667,-999.6947371399472
3.4869833333333333,-999.6946952304312
3.4886500000000003,-999.6947371399472
3.4903166666666667,-999.6948395854304
3.4919833333333337,-999.6949885970424
3.49365,-999.6951841747831
3.4953166666666666,-999.6954309752655
3.4969833333333336,-999.6957615947797
3.49865,-999.6961853465514
3.500316666666667,-999.6966882607419
3.5019833333333334,-999.6972377410611
3.5036500000000004,-999.6977779081546
3.5053333333333336,-999.6982389128293
3.507,-999.6985648757305
3.508666666666667,-999.6987232005683
3.5103333333333335,-999.6986952608911
3.512,-999.6985276228276
3.513666666666667,-999.6982715091194
3.5153333333333334,-999.6980153954113
3.5170000000000003,-999.6978291308963
3.518666666666667,-999.6977685949289
3.5203333333333333,-999.6978337875091
3.5220000000000002,-999.6979967689598
3.5236666666666667,-999.6982063165392
3.5253333333333337,-999.6984065508929
3.527,-999.6985602191177
3.5286666666666666,-999.6986486947624
3.5303333333333335,-999.6986719778267
3.532,-999.6986533513752
3.533666666666667,-999.6986067852464
3.53535,-999.698546249279
3.5370166666666667,-999.6984810566988
3.5386833333333336,-999.6983972376671
3.54035,-999.6982808223452
3.542016666666667,-999.6981364673461
3.5436833333333335,-999.6979921123469
3.54535,-999.6978943234766
3.547016666666667,-999.6978850102508
3.5486833333333334,-999.6980107387984
3.5503500000000003,-999.6982715091194
3.552016666666667,-999.6986347249237
3.5536833333333333,-999.699035193631
3.555366666666667,-999.699407722661
3.5570333333333335,-999.6996824628206
3.5587,-999.699817504594
3.560366666666667,-999.6997895649167
3.5620333333333334,-999.6996172702404
3.5637000000000003,-999.6993425300808
3.565366666666667,-999.6990398502438
3.5670333333333337,-999.6987697666971
3.5687,-999.6985881587949
3.5703666666666667,-999.6985136529889
3.5720333333333336,-999.6985369360533
3.5737,-999.6986393815366
3.575366666666667,-999.6987744233099
3.5770333333333335,-999.6989094650834
3.5787,-999.6990258804052
3.580366666666667,-999.6991190126628
3.5820333333333334,-999.699184205243
3.5837000000000003,-999.6992307713717
3.585366666666667,-999.6992540544361
3.5870333333333333,-999.6992493978232
3.5887000000000002,-999.6992121449202
3.5903666666666667,-999.6991376391143
3.5920333333333336,-999.699035193631
3.593716666666667,-999.6989280915349
3.5953833333333334,-999.6988535857289
3.5970500000000003,-999.698844272503
3.598716666666667,-999.6989280915349
3.6003833333333337,-999.6991143560499
3.60205,-999.6993890962095
3.6037166666666667,-999.699705745885
3.6053833333333336,-999.6999944558833
3.60705,-999.7001993468498
3.608716666666667,-999.7002738526558
3.6103833333333335,-999.7002040034627
3.61205,-999.7000270521734
3.613716666666667,-999.6997942215296
3.6153833333333334,-999.6995846739502
3.6170500000000003,-999.6994403189511
3.618716666666667,-999.6993844395967
3.6203833333333333,-999.699407722661
3.622066666666667,-999.6994589454026
3.6237333333333335,-999.6994868850799
3.6254,-999.6994496321769
3.627066666666667,-999.6993378734678
3.6287333333333334,-999.6991702354044
3.6304000000000003,-999.6989839708893
3.6320666666666668,-999.6988116762129
3.6337333333333337,-999.6986952608911
3.6354,-999.6986440381495
3.6370666666666667,-999.6986393815366
3.6387333333333336,-999.6986580079881
3.6404,-999.698662664601
3.642066666666667,-999.6986160984723
3.6437333333333335,-999.6985043397632
3.6454,-999.698322731861
3.647066666666667,-999.6980945578301
3.6487333333333334,-999.6978524139606
3.6504000000000003,-999.6976335531556
3.652066666666667,-999.6974752283178
3.65375,-999.6973960658989
3.655416666666667,-999.6973820960602
3.6570833333333335,-999.6973960658989
3.6587500000000004,-999.6973960658989
3.660416666666667,-999.6973448431572
3.6620833333333334,-999.6972191146097
3.6637500000000003,-999.6970095670302
3.6654166666666668,-999.6967162004191
3.6670833333333337,-999.6963669544534
3.66875,-999.6959851121977
3.6704166666666667,-999.6956172397805
3.6720833333333336,-999.6952912768793
3.67375,-999.6950491330098
3.675416666666667,-999.6949001213977
3.6770833333333335,-999.6948628684947
3.67875,-999.6949234044621
3.680416666666667,-999.695077072687
3.6821,-999.6952959334922
3.6837666666666666,-999.6955660170389
3.6854333333333336,-999.6958547270372
3.6871,-999.6961248105839
3.688766666666667,-999.6963343581633
3.6904333333333335,-999.6964461168724
3.6921000000000004,-999.6964554300981
3.693766666666667,-999.6963716110663
3.6954333333333333,-999.6962458825187
3.6971000000000003,-999.6961341238097
3.6987666666666668,-999.6960875576809
3.7004333333333337,-999.6961294671968
3.7021,-999.6962598523573
3.7037666666666667,-999.6964461168724
3.7054333333333336,-999.6966603210647
3.7071,-999.6968745252568
3.708766666666667,-999.6970840728362
3.7104333333333335,-999.6972982770285
3.7121166666666667,-999.6975217944465
3.7137833333333337,-999.6977546250903
3.71545,-999.6979781425083
3.7171166666666666,-999.6981597504105
3.7187833333333336,-999.6982715091194
3.72045,-999.6982761657323
3.722116666666667,-999.6981737202491
3.7237833333333334,-999.6979734858954
3.7254500000000004,-999.6977080589616
3.727116666666667,-999.697428662189
3.7287833333333333,-999.6971865183195
3.7304500000000003,-999.6970281934817
3.7321166666666667,-999.6969723141273
3.7337833333333337,-999.6970142236431
3.73545,-999.6971166691263
3.7371166666666666,-999.6972237712225
3.7387833333333336,-999.697279650577
3.740466666666667,-999.6972470542869
3.7421333333333333,-999.6971166691263
3.7438000000000002,-999.696907121547
3.7454666666666667,-999.6966649776775
3.7471333333333336,-999.6964414602595
3.7488,-999.6962924486475
3.750466666666667,-999.6962598523573
3.7521333333333335,-999.6963529846148
3.7538,-999.6965578755813
3.755466666666667,-999.6968372723538
3.7571333333333334,-999.6971446088037
3.7588000000000004,-999.6974472886405
3.760466666666667,-999.6977220288002
3.7621333333333333,-999.6979688292826
3.7638000000000003,-999.6982016599263
3.7654666666666667,-999.6984251773443
3.76715,-999.6986207550851
3.768816666666667,-999.6987697666971
3.7704833333333334,-999.6988256460515
3.7721500000000003,-999.6987604534713
3.773816666666667,-999.6985555625048
3.7754833333333333,-999.6982342562164
3.7771500000000002,-999.6978337875091
3.7788166666666667,-999.6974193489633
3.7804833333333336,-999.6970421633204
3.78215,-999.6967534533221
3.783816666666667,-999.6965765020328
3.7854833333333335,-999.6965159660655
3.78715,-999.6965532189685
3.788816666666667,-999.6966603210647
3.7904833333333334,-999.696795362838
3.7921500000000004,-999.6969257479985
3.793816666666667,-999.6970328500946
3.7954833333333333,-999.6971026992877
3.7971500000000002,-999.6971352955778
3.7988166666666667,-999.6971399521907
3.8005,-999.6971026992877
3.802166666666667,-999.6970235368689
3.8038333333333334,-999.6968884950954
3.8055000000000003,-999.6966742909033
3.807166666666667,-999.696380924292
3.8088333333333337,-999.696013051875
3.8105,-999.695598613329
3.8121666666666667,-999.6951795181702
3.8138333333333336,-999.6948069891403
3.8155,-999.6945322489806
3.817166666666667,-999.6943785807557
3.8188333333333335,-999.6943552976913
3.8205,-999.6944251468844
3.822166666666667,-999.6945275923678
3.8238333333333334,-999.6945881283351
3.8255000000000003,-999.6945415622064
3.827166666666667,-999.6943552976913
3.82885,-999.6940386480159
3.830516666666667,-999.6936428359214
3.8321833333333335,-999.6932423672142
3.83385,-999.6929070910871
3.835516666666667,-999.6926742604434
3.8371833333333334,-999.6925438752829
3.8388500000000003,-999.6924693694768
3.840516666666667,-999.6923948636709
3.8421833333333337,-999.6922551652846
3.84385,-999.6920223346409
3.8455166666666667,-999.6916917151267
3.8471833333333336,-999.6912912464195
3.84885,-999.6908861210993
3.850516666666667,-999.6905275619079
3.8521833333333335,-999.6902574783611
3.85385,-999.6900944969105
3.855516666666667,-999.6900293043302
3.8571833333333334,-999.6900339609431
3.8588666666666667,-999.6900712138462
3.8605333333333336,-999.6901084667492
3.8622,-999.6901317498135
3.863866666666667,-999.690113123362
3.8655333333333335,-999.6900479307817
3.8672,-999.6899361720727
3.868866666666667,-999.6897964736864
3.8705333333333334,-999.6896381488488
3.8722000000000003,-999.6894611975595
3.873866666666667,-999.6892656198187
3.8755333333333337,-999.6890467590135
3.8772,-999.688804615144
3.8788666666666667,-999.6885531580488
3.8805333333333336,-999.6883296406307
3.8822,-999.6881620025673
3.883866666666667,-999.6880828401484
3.8855333333333335,-999.6881154364386
3.8872,-999.6882365083733
3.8888833333333337,-999.6884181162754
3.89055,-999.6886136940162
3.8922166666666667,-999.6887953019183
3.8938833333333336,-999.6889396569175
3.89555,-999.6890607288522
3.897216666666667,-999.6891678309483
3.8988833333333335,-999.6892842462702
3.9005500000000004,-999.6894192880436
3.902216666666667,-999.6895776128814
3.9038833333333334,-999.6897312811062
3.9055500000000003,-999.6898570096539
3.907216666666667,-999.6899315154599
3.9088833333333337,-999.6899408286856
3.91055,-999.6899035757826
3.9122166666666667,-999.6898430398153
3.9138833333333336,-999.6897964736864
3.915566666666667,-999.6898011302993
3.9172333333333333,-999.6898616662668
3.9189000000000003,-999.6899780815886
3.9205666666666668,-999.6901084667492
3.9222333333333337,-999.690224882071
3.9239,-999.6902854180383
3.9255666666666666,-999.6902900746512
3.9272333333333336,-999.6902574783611
3.9289,-999.6902388519096
3.930566666666667,-999.6902900746512
3.9322333333333335,-999.690448399489
3.9339000000000004,-999.6907324528744
3.935566666666667,-999.6911142951302
3.9372333333333334,-999.6915566733534
3.9389000000000003,-999.6920083648022
3.9405666666666668,-999.6924228033481
3.9422333333333337,-999.692767392701
3.9439,-999.6930328196348
3.9455833333333334,-999.6932283973755
3.9472500000000004,-999.6933913788262
3.948916666666667,-999.693549703664
3.9505833333333333,-999.693735968179
3.9522500000000003,-999.693954828984
3.9539166666666667,-999.6942062860793
3.9555833333333337,-999.6944530865617
3.95725,-999.6946719473668
3.9589166666666666,-999.6948442420432
3.9605833333333336,-999.6949513441394
3.96225,-999.6950072234939
3.963916666666667,-999.6950211933325
3.9655833333333335,-999.6950211933325
3.9672500000000004,-999.6950351631712
3.968916666666667,-999.6950817292999
3.9705833333333334,-999.6951748615573
3.9722500000000003,-999.6953145599437
3.9739166666666668,-999.6954961678458
3.9756,-999.6957103720381
3.977266666666667,-999.6959525159076
3.9789333333333334,-999.6962132862286
3.9806000000000004,-999.6964880263882
3.982266666666667,-999.6967720797736
3.9839333333333333,-999.6970514765461
3.9856000000000003,-999.6973029336414
3.9872666666666667,-999.697503167995
3.9889333333333337,-999.6976195833169
3.9906,-999.6976382097685
3.992266666666667,-999.6975497341238
3.9939333333333336,-999.6973681262216
3.9956,-999.6971492654166
3.997266666666667,-999.6969536876758
3.9989333333333335,-999.6968279591281
