min,µS/cm
0.0,-997.443441766055
0.0016666666666667052,-997.4434464226679
0.0033333333333334103,-997.4433951999263
0.004999999999999893,-997.4432461883143
0.006666666666666599,-997.4428643460585
0.008333333333333304,-997.4420354689668
0.010000000000000009,-997.4405406962337
0.011666666666666714,-997.4382636125378
0.01333333333333342,-997.4352973501362
0.015016666666666678,-997.4319585587047
0.016666666666666607,-997.4287175561435
0.018333333333333313,-997.4260772566432
0.020000000000000018,-997.424447442137
0.021683333333333277,-997.4240562866554
0.023349999999999982,-997.4249131034244
0.025016666666666687,-997.4268642242191
0.026683333333333392,-997.42963490888
0.028350000000000097,-997.4329364474085
0.03001666666666658,-997.4364708165808
0.031683333333333286,-997.4399819026887
0.03334999999999999,-997.4432461883143
0.035016666666666696,-997.4460774089424
0.0366833333333334,-997.4483358661869
0.038350000000000106,-997.4499423976289
0.04001666666666659,-997.4508876900426
0.041683333333333294,-997.451241592621
0.04335,-997.4511298339121
0.045016666666666705,-997.4507107387533
0.04668333333333341,-997.4501519452083
0.048350000000000115,-997.4495931516633
0.0500166666666666,-997.4491368036015
0.05170000000000008,-997.448852750216
0.05336666666666656,-997.44877824441
0.05503333333333327,-997.4489225994092
0.05669999999999997,-997.4492858152134
0.05836666666666668,-997.4498399521457
0.06003333333333338,-997.450533787464
0.06170000000000009,-997.4512974719756
0.06336666666666657,-997.452028560197
0.06503333333333328,-997.4526199500322
0.06669999999999998,-997.4529924790621
0.06836666666666669,-997.4531088943841
0.07003333333333339,-997.4529878224492
0.07171666666666665,-997.4527130822896
0.07338333333333336,-997.4523824627755
0.07505000000000006,-997.4520890961644
0.07671666666666677,-997.4519028316494
0.07838333333333325,-997.4518329824563
0.08004999999999995,-997.4518562655206
0.08171666666666666,-997.451916801488
0.08338333333333336,-997.4519819940682
0.08505000000000007,-997.4520192469712
0.08671666666666678,-997.4520378734228
0.08838333333333326,-997.4520704697129
0.09004999999999996,-997.4521636019704
0.09171666666666667,-997.4523358966468
0.09338333333333337,-997.4525826971292
0.09505000000000008,-997.4528574372888
0.09671666666666656,-997.4530949245454
0.09838333333333327,-997.453220653093
0.10004999999999997,-997.4532020266415
0.10171666666666668,-997.4530343885781
0.10338333333333338,-997.4527549918055
0.10505000000000009,-997.4524336855171
0.10671666666666657,-997.452140318906
0.10838333333333328,-997.4519307713266
0.11006666666666676,-997.4518329824563
0.11173333333333324,-997.4518655787464
0.11339999999999995,-997.4520332168099
0.11506666666666665,-997.4523312400339
0.11673333333333336,-997.4527549918055
0.11840000000000006,-997.453262562609
0.12006666666666677,-997.4538027297025
0.12173333333333325,-997.454305643893
0.12339999999999995,-997.4546921427616
0.12506666666666666,-997.4548970337281
0.12673333333333336,-997.4548784072766
0.12840000000000007,-997.4546222935685
0.13006666666666655,-997.4541473190552
0.13173333333333326,-997.4534953932528
0.13339999999999996,-997.4527456785797
0.13508333333333322,-997.4519866506811
0.13673333333333337,-997.45132075504
0.13840000000000008,-997.4508318106881
0.14008333333333334,-997.4505850102057
0.14175000000000004,-997.4506176064958
0.14341666666666675,-997.4509109731069
0.14508333333333345,-997.451395260846
0.14674999999999994,-997.4519680242296
0.14841666666666664,-997.452512847936
0.15008333333333335,-997.452922629869
0.15175000000000005,-997.4531228642227
0.15341666666666676,-997.4530902679326
0.15508333333333324,-997.4528574372888
0.15674999999999994,-997.4524849082587
0.15841666666666665,-997.4520471866485
0.16008333333333336,-997.4516048084254
0.16175000000000006,-997.4511950264923
0.16341666666666677,-997.4508318106881
0.16508333333333325,-997.4505058477868
0.16674999999999995,-997.4502124811756
0.16841666666666666,-997.4499470542418
0.17009999999999992,-997.4497095669851
0.17176666666666662,-997.4494953627928
0.17343333333333333,-997.4493044416649
0.17510000000000003,-997.44911817715
0.17676666666666674,-997.4489365692478
0.17843333333333344,-997.4487549613457
0.18009999999999993,-997.448591979895
0.18176666666666663,-997.4484709079603
0.18343333333333334,-997.4484196852187
0.18510000000000004,-997.4484662513474
0.18676666666666675,-997.4486106063466
0.18843333333333323,-997.4488341237645
0.19009999999999994,-997.4491088639243
0.19176666666666664,-997.4493836040839
0.19343333333333335,-997.4496117781148
0.19510000000000005,-997.449751476501
0.19676666666666676,-997.4497654463396
0.19845000000000002,-997.449639717792
0.20011666666666672,-997.4493882606968
0.20178333333333343,-997.4490343581182
0.20345000000000013,-997.4486199195724
0.2051166666666666,-997.4481868545749
0.20678333333333332,-997.4477770726419
0.20845000000000002,-997.4474185134505
0.21011666666666673,-997.4471298034522
0.21178333333333343,-997.44691559926
0.21344999999999992,-997.4467619310351
0.21511666666666662,-997.4466268892617
0.21678333333333333,-997.446468564424
0.21845000000000003,-997.446245047006
0.22011666666666674,-997.4459423671691
0.22178333333333322,-997.4455791513648
0.22344999999999993,-997.4451879958832
0.22511666666666663,-997.4448294366919
0.22678333333333334,-997.4445360700807
0.2284666666666666,-997.4443125526627
0.2301333333333333,-997.444149571212
0.2318,-997.4440145294387
0.2334666666666667,-997.4438794876653
0.23513333333333342,-997.4437351326662
0.23680000000000012,-997.4436047475057
0.2384666666666666,-997.4435255850868
0.2401333333333333,-997.4435348983126
0.24180000000000001,-997.4436420004087
0.24346666666666672,-997.4438422347623
0.24513333333333343,-997.4440843786318
0.2467999999999999,-997.4443078960498
0.2484666666666666,-997.4444662208876
0.2501333333333333,-997.444526756855
0.2518,-997.4444801907263
0.25346666666666673,-997.4443544621786
0.2551333333333332,-997.444186824115
0.2568166666666667,-997.4440238426645
0.2584833333333334,-997.4438934575039
0.2601499999999999,-997.4438282649237
0.2618166666666668,-997.4438142950851
0.2634833333333333,-997.4438422347623
0.26515,-997.4438934575039
0.2668166666666667,-997.4439586500841
0.2684833333333334,-997.4440378125031
0.2701500000000001,-997.4441309447606
0.2718166666666666,-997.444228733631
0.2734833333333333,-997.4443078960498
0.27515,-997.44434049234
0.2768166666666667,-997.4442846129855
0.2784833333333334,-997.4441309447606
0.2801499999999999,-997.4438655178267
0.2818166666666666,-997.4435023020225
0.2834833333333333,-997.4430785502508
0.28516666666666657,-997.4426315154147
0.2868333333333333,-997.4422357033203
0.2885,-997.4419469933221
0.2901666666666667,-997.4418352346131
0.2918333333333334,-997.4419283668706
0.2935000000000001,-997.4422310467074
0.2951666666666668,-997.4427060212207
0.2968333333333333,-997.4432787846044
0.2985,-997.4438562046009
0.3001666666666667,-997.44434049234
0.3018333333333334,-997.4446524854026
0.3035000000000001,-997.4447456176601
0.3051666666666666,-997.4446431721768
0.3068333333333333,-997.4443963716944
0.3085,-997.4440890352447
0.3101666666666667,-997.4437863554078
0.3118333333333334,-997.4435395549255
0.3134999999999999,-997.4433532904104
0.3151666666666668,-997.4431949655726
0.3168500000000001,-997.4430366407349
0.31851666666666656,-997.442845719607
0.3201833333333335,-997.4426268588019
0.32184999999999997,-997.4424126546096
0.3235166666666667,-997.4422357033203
0.3251833333333334,-997.4421332578371
0.3268500000000001,-997.4421239446114
0.3285166666666668,-997.4421937938044
0.3301833333333333,-997.4423148657393
0.33185,-997.4424545641255
0.3335166666666667,-997.442584949286
0.3351833333333334,-997.4427106778336
0.3368500000000001,-997.4428364063813
0.3385166666666666,-997.4429667915417
0.3401833333333333,-997.443106489928
0.34185,-997.4432368750885
0.3435166666666667,-997.4433346639589
0.34519999999999995,-997.4433626036362
0.34686666666666666,-997.4433113808946
0.34853333333333336,-997.4431856523469
0.35020000000000007,-997.4430133576706
0.35186666666666655,-997.4428410629941
0.3535333333333335,-997.4427106778336
0.35519999999999996,-997.4426641117049
0.35686666666666667,-997.4427153344465
0.35853333333333337,-997.4428736592843
0.3602000000000001,-997.4431204597666
0.3618666666666668,-997.4434324528293
0.36353333333333326,-997.4437584157306
0.36519999999999997,-997.4440750654061
0.3668666666666667,-997.44434049234
0.3685333333333334,-997.4445453833065
0.3702000000000001,-997.4446897383056
0.37186666666666657,-997.4447968404018
0.3735333333333333,-997.4448946292721
0.37521666666666675,-997.4450157012069
0.37688333333333324,-997.4451740260446
0.37854999999999994,-997.4453696037854
0.38021666666666665,-997.4455651815261
0.38188333333333335,-997.4457141931382
0.38355000000000006,-997.4457374762026
0.38521666666666676,-997.4455512116875
0.38688333333333347,-997.4450529541099
0.38854999999999995,-997.4441309447606
0.39021666666666666,-997.442659455092
0.39188333333333336,-997.4404848168792
0.39355000000000007,-997.4374393920589
0.39521666666666677,-997.4333555425673
0.39688333333333325,-997.4281215096955
0.39854999999999996,-997.4217512632821
0.40021666666666667,-997.4144683207453
0.40188333333333337,-997.4067476565981
0.4035500000000001,-997.3993296722879
0.40523333333333333,-997.3931596602281
0.40690000000000004,-997.3892760450901
0.40856666666666674,-997.3886706854164
0.4102333333333332,-997.3921165789441
0.41190000000000015,-997.3999909113161
0.41356666666666664,-997.4115951906012
0.41523333333333334,-997.4215417157028
0.41690000000000005,-997.4068221624041
0.41856666666666675,-997.2939039567923
0.42023333333333346,-996.8968206070814
0.42189999999999994,-995.8300231936528
0.42356666666666665,-993.4223634160228
0.42523333333333335,-988.6800502374209
0.42690000000000006,-980.3508785461778
0.42856666666666676,-967.1169617060185
0.43023333333333325,-947.8961960169935
0.43189999999999995,-922.1825054484339
0.43356666666666666,-890.3270731169391
0.4352499999999999,-853.669252644139
0.4369166666666666,-814.4647864692215
0.4385833333333333,-775.6136407962132
0.44025000000000003,-740.2427172010032
0.44191666666666674,-711.2337419349857
0.4435833333333332,-690.7957469535971
0.44525000000000015,-680.1653656550521
0.44691666666666663,-679.4842522030157
0.44858333333333333,-687.8622345104172
0.45025000000000004,-703.5975487453852
0.45191666666666674,-724.4988673946349
0.45358333333333345,-748.2417676356815
0.45524999999999993,-772.6951878390718
0.45691666666666664,-796.1678974312581
0.45858333333333334,-817.5467610440901
0.46025000000000005,-836.3215862011172
0.46191666666666675,-852.5116419664173
0.4636,-866.5231433075495
0.4652666666666667,-878.9736595372547
0.4669333333333334,-890.5186834235298
0.4685999999999999,-901.7088920351625
0.4702666666666666,-912.8965441663267
0.4719333333333333,-924.1976919230995
0.4736,-935.505563828864
0.4752666666666667,-946.5438504454419
0.47693333333333343,-956.9436129913403
0.47860000000000014,-966.3274516194721
0.4802666666666666,-974.3844955108988
0.4819333333333333,-980.923865447251
0.48360000000000003,-985.8993492023551
0.48526666666666673,-989.4055831196744
0.48693333333333344,-991.6510158179566
0.4885999999999999,-992.9163618911599
0.49026666666666663,-993.5080031834115
0.4919500000000001,-993.7150035955548
0.4936166666666667,-993.7761728622839
0.4952833333333333,-993.8607043558083
0.49695,-994.0629969323347
0.4986166666666667,-994.4097562667027
0.5002833333333333,-994.8758273361603
0.50195,-995.4044460297583
0.5036166666666667,-995.927695648711
0.5052833333333333,-996.3837689703255
0.50695,-996.7288891769615
0.5086166666666667,-996.9430561163198
0.5102833333333333,-997.0299950787006
0.51195,-997.0126165994502
0.5136166666666667,-996.9257521428754
0.5152833333333333,-996.8081074751951
0.51695,-996.6949704087782
0.5186166666666667,-996.6129441729807
0.5202833333333333,-996.5771301633572
0.52195,-996.5908764845649
0.5236333333333334,-996.6476173124498
0.5253,-996.7340300775758
0.5269666666666667,-996.8337793819763
0.5286333333333334,-996.9310234286501
0.5303,-997.0131195136407
0.5319666666666667,-997.0722584971563
0.5336333333333334,-997.1058978685671
0.5353,-997.11620295286
0.5369666666666667,-997.1087477156467
0.5386333333333334,-997.0909035751088
0.5403,-997.0702095874913
0.5419666666666667,-997.0530266859815
0.5436333333333334,-997.0436948337796
0.5453,-997.0441558384542
0.5469666666666667,-997.0541163333944
0.5486333333333333,-997.0715553486122
0.5503,-997.0934274592872
0.5519833333333334,-997.1164404401167
0.55365,-997.1376745948278
0.5553166666666667,-997.155057730691
0.5569833333333334,-997.1675421098096
0.55865,-997.1751091057318
0.5603166666666667,-997.1785317161952
0.5619833333333334,-997.1791137928046
0.56365,-997.17831285539
0.5653166666666667,-997.1774979481369
0.5669833333333334,-997.1777028391034
0.56865,-997.1795468578019
0.5703166666666667,-997.1832209253605
0.5719833333333334,-997.1885294640383
0.57365,-997.1950068125478
0.5753166666666667,-997.202056924441
0.5770000000000001,-997.2090744400439
0.5786666666666667,-997.2155378187148
0.5803333333333334,-997.2211024711007
0.5820000000000001,-997.2256007591382
0.5836666666666667,-997.2290792489559
0.5853333333333334,-997.2317242050691
0.5870000000000001,-997.2338383073145
0.5886666666666667,-997.2357195789161
0.5903333333333334,-997.2376287901949
0.5920000000000001,-997.2397475490532
0.5936666666666667,-997.2421410480711
0.5953333333333334,-997.2448232570872
0.597,-997.2477243269085
0.5986666666666667,-997.2507557818902
0.6003333333333334,-997.2538105199365
0.602,-997.2567814389508
0.6036666666666667,-997.2595754066759
0.6053333333333334,-997.2621365437574
0.607,-997.2644508803563
0.6086666666666667,-997.2665463561502
0.6103500000000001,-997.2684741938806
0.6120166666666667,-997.2703088993534
0.6136833333333334,-997.2721110085362
0.6153500000000001,-997.2739270875575
0.6170166666666667,-997.2757711062561
0.6186833333333334,-997.2776430646319
0.6203500000000001,-997.2795383060721
0.6220166666666667,-997.281447517351
0.6236833333333334,-997.2833800116942
0.6253500000000001,-997.2853497589405
0.6270166666666667,-997.2873614157025
0.6286833333333334,-997.2893916989161
0.6303500000000001,-997.2913893858397
0.6320166666666667,-997.2932939405056
0.6336833333333334,-997.2950448269468
0.6353500000000001,-997.2966094488728
0.6370166666666667,-997.2980017761225
0.6386833333333334,-997.2992870012761
0.6403666666666668,-997.3005396301395
0.6420333333333333,-997.3018341685188
0.6437,-997.3032125259299
0.6453666666666666,-997.3046560759212
0.6470333333333333,-997.3060996259126
0.6487,-997.3074686700978
0.6503666666666666,-997.308693359284
0.6520333333333334,-997.309741097181
0.6537000000000001,-997.3106258536272
0.6553666666666667,-997.3113848815259
0.6570333333333334,-997.3120787168443
0.6587000000000001,-997.312763238937
0.6603666666666667,-997.3134710440941
0.6620333333333334,-997.3142254153798
0.6637000000000001,-997.3150123829557
0.6653666666666667,-997.315827290209
0.6670333333333334,-997.3166747937522
0.6687000000000001,-997.3175548935857
0.6703833333333333,-997.3184862161607
0.67205,-997.3194594482517
0.6737166666666667,-997.3204699332456
0.6753833333333333,-997.3214711050138
0.67705,-997.3224303672661
0.6787166666666667,-997.3232918406479
0.6803833333333333,-997.3240275854822
0.68205,-997.3246282885432
0.6837166666666668,-997.3251032630565
0.6853833333333333,-997.3255037317637
0.68705,-997.3258809174066
0.6887166666666668,-997.3262906993396
0.6903833333333333,-997.3267796436915
0.69205,-997.327394316591
0.6937166666666666,-997.3281533444897
0.6953833333333334,-997.3290613840004
0.6970500000000001,-997.3300951520587
0.6987333333333333,-997.331203425923
0.7004,-997.3323303262388
0.7020666666666667,-997.3334013472002
0.7037333333333333,-997.3343699226782
0.7054,-997.3351941431571
0.7070666666666667,-997.3358833218626
0.7087333333333333,-997.3364700550849
0.7104,-997.3369822825011
0.7120666666666667,-997.3374619136273
0.7137333333333333,-997.3378996352376
0.7154,-997.3382814774934
0.7170666666666667,-997.3385841573303
0.7187333333333333,-997.3387983615225
0.7204,-997.3389427165216
0.7220666666666667,-997.3390731016822
0.7237333333333333,-997.3392640228101
0.7254,-997.3395853290984
0.7270666666666667,-997.3400928999018
0.72875,-997.3407867352203
0.7304166666666667,-997.3416342387635
0.7320833333333334,-997.3425841877901
0.73375,-997.3435620764939
0.7354166666666667,-997.3445306519719
0.7370833333333334,-997.345461974547
0.73875,-997.3463467309933
0.7404166666666667,-997.3471895779237
0.7420833333333333,-997.347999828564
0.74375,-997.3487728263013
0.7454166666666667,-997.349494601297
0.7470833333333333,-997.3501372138737
0.74875,-997.350686694193
0.7504166666666667,-997.3511430422548
0.7520833333333333,-997.3515248845106
0.75375,-997.3518694738633
0.7554166666666667,-997.3522326896676
0.7571,-997.3526517848263
0.7587666666666667,-997.3531500424041
0.7604333333333334,-997.3537321190134
0.7621,-997.354384044816
0.7637666666666667,-997.355091849973
0.7654333333333334,-997.3558462212588
0.7671,-997.3566285322219
0.7687666666666667,-997.3574294696364
0.7704333333333334,-997.3582304070509
0.7721,-997.359008061401
0.7737666666666667,-997.3597344930096
0.7754333333333334,-997.360391075425
0.7771,-997.3609684954216
0.7787666666666667,-997.361476066225
0.7804333333333334,-997.3619417275125
0.7821,-997.3623841057356
0.7837666666666667,-997.3628264839588
0.7854333333333333,-997.3632874886334
0.7871166666666667,-997.3637764329853
0.7887833333333334,-997.3643072868531
0.79045,-997.3648893634626
0.7921166666666667,-997.3655319760393
0.7937833333333334,-997.366216498132
0.79545,-997.3669149900633
0.7971166666666667,-997.3675715724787
0.7987833333333334,-997.3681257094108
0.80045,-997.3685401479568
0.8021166666666667,-997.3687962616649
0.8037833333333334,-997.368903363761
0.80545,-997.3689219902125
0.8071166666666667,-997.3689126769867
0.8087833333333334,-997.3689545865026
0.81045,-997.3690803150503
0.8121166666666667,-997.3693038324683
0.8137833333333334,-997.3695971990794
0.81545,-997.3699278185935
0.8171333333333334,-997.3702910343978
0.8188000000000001,-997.3706961597179
0.8204666666666667,-997.3711711342312
0.8221333333333334,-997.3717438976149
0.8238000000000001,-997.3724191064817
0.8254666666666667,-997.3731641645418
0.8271333333333334,-997.3739278490534
0.8288000000000001,-997.3746403108233
0.8304666666666667,-997.3752410138842
0.8321333333333334,-997.3756927053331
0.8338,-997.37599538517
0.8354666666666667,-997.3761723364593
0.8371333333333334,-997.3762794385553
0.8388,-997.3763725708129
0.8404666666666667,-997.3765122691991
0.8421333333333334,-997.3767450998429
0.8438,-997.3770990024215
0.8454833333333334,-997.3776065732249
0.8471500000000001,-997.3782678122531
0.8488166666666667,-997.3790780628934
0.8504833333333334,-997.3799814457911
0.8521500000000001,-997.3809174249791
0.8538166666666667,-997.3817975248126
0.8554833333333334,-997.3825518960983
0.8571500000000001,-997.3831293160948
0.8588166666666667,-997.383497188512
0.8604833333333334,-997.3836787964142
0.8621500000000001,-997.3836974228657
0.8638166666666667,-997.3835996339952
0.8654833333333334,-997.3834552789962
0.8671500000000001,-997.3833062673841
0.8688166666666667,-997.3832084785138
0.8704833333333334,-997.383199165288
0.8721500000000001,-997.383310923997
0.8738333333333334,-997.3835670377051
0.8755000000000001,-997.3839721630253
0.8771666666666668,-997.3845076735059
0.8788333333333334,-997.3851176897925
0.8805000000000001,-997.385737019305
0.8821666666666667,-997.3862771863985
0.8838333333333334,-997.3866776551058
0.8855000000000001,-997.3869011725238
0.8871666666666667,-997.3869663651041
0.8888333333333334,-997.3869151423625
0.8905000000000001,-997.3868313233306
0.8921666666666667,-997.3867754439761
0.8938333333333334,-997.3867940704276
0.8955000000000001,-997.3868918592981
0.8971666666666667,-997.3870501841358
0.8988333333333334,-997.3872411052637
0.9005000000000001,-997.3874273697787
0.9021666666666667,-997.3875996644551
0.9038333333333334,-997.3877579892928
0.9055166666666667,-997.3879070009049
0.9071833333333333,-997.3880420426782
0.90885,-997.3881677712259
0.9105166666666668,-997.3882841865477
0.9121833333333333,-997.3883959452568
0.91385,-997.3885030473529
0.9155166666666668,-997.3886287759005
0.9171833333333334,-997.388801070577
0.9188500000000001,-997.3890525276722
0.9205166666666668,-997.3894017736378
0.9221833333333334,-997.3898627783125
0.9238500000000001,-997.3904169152446
0.9255166666666668,-997.3910222749184
0.9271833333333334,-997.3916090081407
0.9288500000000001,-997.3920932958797
0.9305166666666667,-997.3923959757166
0.9321833333333334,-997.3924704815227
0.9338666666666667,-997.392307500072
0.9355333333333333,-997.3919489408805
0.9372,-997.3914739663672
0.9388666666666667,-997.3909943352412
0.9405333333333333,-997.3906218062111
0.9422,-997.3904541681476
0.9438666666666667,-997.3905612702438
0.9455333333333333,-997.390961738951
0.9472,-997.3916183213664
0.9488666666666667,-997.3924332286196
0.9505333333333333,-997.3932947020015
0.9522,-997.3940863261903
0.9538666666666668,-997.3947242821542
0.9555333333333333,-997.3951620037645
0.9572,-997.3954088042469
0.9588666666666668,-997.3955065931173
0.9605333333333334,-997.3955019365044
0.9622,-997.3954553703757
0.9638833333333334,-997.3953994910212
0.96555,-997.3953529248923
0.9672166666666667,-997.395329641828
0.9688833333333334,-997.3953529248923
0.97055,-997.3954367439242
0.9722166666666667,-997.3956090386005
0.9738833333333334,-997.3958744655343
0.97555,-997.3962237115
0.9772166666666667,-997.3966241802074
0.9788833333333333,-997.3970199923017
0.98055,-997.3973599250417
0.9822166666666667,-997.3976160387498
0.9838833333333333,-997.3977697069746
0.98555,-997.3978442127807
0.9872166666666667,-997.3978721524579
0.9888833333333333,-997.3978907789094
0.99055,-997.3979233751995
0.9922333333333334,-997.3979839111669
0.9939,-997.3980584169728
0.9955666666666667,-997.3981329227789
0.9972333333333334,-997.3981934587463
0.9989,-997.3982353682621
1.0005666666666666,-997.3982865910037
1.0022333333333333,-997.3983704100356
1.0039,-997.3985333914861
1.0055666666666667,-997.3987848485814
1.0072333333333334,-997.3991434077728
1.0089000000000001,-997.3995997558346
1.0105666666666666,-997.4001212964766
1.0122333333333333,-997.4006847466345
1.0139,-997.4012435401795
1.0155666666666667,-997.401751110983
1.0172333333333334,-997.4021702061417
1.0189000000000001,-997.40245891614
1.0205666666666666,-997.4026032711391
1.02225,-997.402607927752
1.0239166666666668,-997.4025101388817
1.0255833333333333,-997.4023657838825
1.02725,-997.4022540251735
1.0289166666666667,-997.4022400553349
1.0305833333333334,-997.4023611272696
1.0322500000000001,-997.4026312108164
1.0339166666666668,-997.4030177096851
1.0355833333333333,-997.4034833709726
1.03725,-997.4039955983889
1.0389166666666667,-997.4045031691923
1.0405833333333334,-997.4049874569313
1.0422500000000001,-997.405411208703
1.0439166666666668,-997.4057511414428
1.0455833333333333,-997.4059979419252
1.04725,-997.4061236704728
1.0489166666666667,-997.4061329836986
1.0505833333333334,-997.4060351948282
1.0522666666666667,-997.4058815266033
1.0539333333333334,-997.4057232017656
1.0556,-997.405630069508
1.0572666666666668,-997.4056580091853
1.0589333333333333,-997.4058303038616
1.0606,-997.4061376403115
1.0622666666666667,-997.4065334524058
1.0639333333333334,-997.4069525475646
1.0656,-997.4073297332075
1.0672666666666668,-997.4076277564316
1.0689333333333333,-997.4078419606238
1.0706,-997.4079909722358
1.0722666666666667,-997.4081027309448
1.0739333333333334,-997.408205176428
1.0756000000000001,-997.4083076219113
1.0772666666666668,-997.4083914409431
1.0789333333333333,-997.4084473202976
1.0806166666666668,-997.4084659467491
1.0822833333333335,-997.4084473202976
1.08395,-997.4084007541688
1.0856166666666667,-997.4083495314272
1.0872833333333334,-997.4083122785241
1.08895,-997.408316935137
1.0906166666666668,-997.4083774711045
1.0922833333333335,-997.4084938864263
1.09395,-997.4086661811027
1.0956166666666667,-997.4088664154564
1.0972833333333334,-997.4090759630358
1.09895,-997.4092668841636
1.1006166666666668,-997.4094252090014
1.1022833333333333,-997.4095323110975
1.10395,-997.4095788772263
1.1056166666666667,-997.4095695640005
1.1072833333333334,-997.4095183412588
1.10895,-997.4094578052915
1.1106333333333334,-997.4094345222271
1.1123,-997.409476431743
1.1139666666666668,-997.4096068169035
1.1156333333333335,-997.4098303343216
1.1173,-997.4101283575455
1.1189666666666667,-997.4104915733498
1.1206333333333334,-997.4109013552828
1.1223,-997.4113390768931
1.1239666666666668,-997.4118047381806
1.1256333333333335,-997.4122797126939
1.1273,-997.4127453739815
1.1289666666666667,-997.4131784389788
1.1306333333333334,-997.4135369981702
1.1323,-997.4137837986526
1.1339666666666668,-997.4138955573616
1.1356333333333335,-997.4138676176843
1.1373,-997.4137372325239
1.1389666666666667,-997.413546311396
1.1406500000000002,-997.4133693601067
1.1423166666666666,-997.413248288172
1.1439833333333334,-997.4132203484947
1.14565,-997.4132669146235
1.1473166666666668,-997.4133693601067
1.1489833333333335,-997.4134811188158
1.15065,-997.4135882209118
1.1523166666666667,-997.4136720399435
1.1539833333333334,-997.4137279192981
1.15565,-997.4137744854269
1.1573166666666668,-997.4138210515556
1.1589833333333335,-997.4138862441358
1.16065,-997.4139793763934
1.1623166666666667,-997.414105104941
1.1639833333333334,-997.4142680863916
1.16565,-997.4144636641324
1.1673333333333333,-997.4146732117117
1.169,-997.414887415904
1.1706666666666667,-997.4150876502576
1.1723333333333334,-997.4152646015469
1.1740000000000002,-997.4153996433203
1.1756666666666666,-997.4155020888036
1.1773333333333333,-997.415557968158
1.179,-997.4155719379967
1.1806666666666668,-997.4155346850937
1.1823333333333335,-997.4154322396105
1.1840000000000002,-997.4152506317083
1.1856666666666666,-997.4149991746131
1.1873333333333334,-997.4147151212277
1.189,-997.4144450376809
1.1906666666666668,-997.4142494599402
1.1923333333333335,-997.4141749541341
1.194,-997.4142587731659
1.1956666666666667,-997.414477633971
1.1973333333333334,-997.4147896270337
1.1990166666666666,-997.4151062767091
1.2006833333333333,-997.4153437639658
1.20235,-997.4154462094491
1.2040166666666667,-997.415413613159
1.2056833333333334,-997.4152925412242
1.2073500000000001,-997.4151668126766
1.2090166666666666,-997.415110933322
1.2106833333333333,-997.4151854391281
1.21235,-997.4153856734816
1.2140166666666667,-997.4156697268671
1.2156833333333334,-997.4159630934782
1.2173500000000002,-997.4161912675091
1.2190166666666666,-997.4163030262181
1.2206833333333333,-997.4162983696052
1.22235,-997.4162145505735
1.2240166666666668,-997.4161027918644
1.2256833333333335,-997.4160329426713
1.2273666666666667,-997.4160282860585
1.2290333333333334,-997.4161027918644
1.2307000000000001,-997.4162145505735
1.2323666666666668,-997.4163356225082
1.2340333333333333,-997.4164240981529
1.2357,-997.4164706642816
1.2373666666666667,-997.4164892907331
1.2390333333333334,-997.4165125737975
1.2407000000000001,-997.4165637965391
1.2423666666666666,-997.4166755552482
1.2440333333333333,-997.4168525065373
1.2457,-997.4170853371811
1.2473666666666667,-997.4173414508892
1.2490333333333334,-997.4175929079845
1.2507000000000001,-997.4178024555639
1.2523666666666666,-997.4179561237888
1.2540333333333333,-997.4180492560463
1.2557,-997.4180958221751
1.2573666666666667,-997.4181191052395
1.25905,-997.418137731691
1.2607166666666667,-997.4181842978197
1.2623833333333334,-997.4182681168514
1.2640500000000001,-997.4183845321734
1.2657166666666668,-997.4185009474952
1.2673833333333333,-997.418584766527
1.26905,-997.4186033929785
1.2707166666666667,-997.4185428570111
1.2723833333333334,-997.4184171284635
1.2740500000000001,-997.4182727734643
1.2757166666666668,-997.4181796412068
1.2773833333333333,-997.4181889544326
1.27905,-997.4183426226575
1.2807166666666667,-997.4186313326558
1.2823833333333334,-997.4190224881372
1.2840500000000001,-997.4194369266831
1.2857166666666666,-997.4198047991003
1.2874,-997.4200748826471
1.2890666666666668,-997.4202192376462
1.2907333333333333,-997.4202378640977
1.2924,-997.4201587016788
1.2940666666666667,-997.4200050334539
1.2957333333333334,-997.4198047991003
1.2974,-997.4195673118437
1.2990666666666668,-997.4193018849097
1.3007333333333333,-997.4190224881372
1.3024,-997.4187477479776
1.3040666666666667,-997.4185195739467
1.3057333333333334,-997.4183752189476
1.3074000000000001,-997.4183705623348
1.3090666666666668,-997.4185149173338
1.3107333333333333,-997.4187989707192
1.3124,-997.4191528732978
1.3140666666666667,-997.4195021192634
1.31575,-997.4197675461972
1.3174166666666667,-997.4198793049063
1.3190833333333334,-997.4198280821647
1.32075,-997.4196231911982
1.3224166666666668,-997.4193018849097
1.3240833333333335,-997.4189153860411
1.32575,-997.4185288871724
1.3274166666666667,-997.418174984594
1.3290833333333334,-997.4179049010472
1.33075,-997.4177372629837
1.3324166666666668,-997.4177000100807
1.3340833333333333,-997.417797798951
1.33575,-997.4180259729819
1.3374166666666667,-997.4183565924961
1.3390833333333334,-997.4187524045905
1.34075,-997.419180812975
1.3424166666666668,-997.4196045647467
1.3440833333333333,-997.4199910636153
1.3457666666666668,-997.4203123699037
1.3474333333333335,-997.4205358873218
1.3491,-997.4206569592565
1.3507666666666667,-997.4206569592565
1.3524333333333334,-997.4205591703861
1.3541,-997.4203961889355
1.3557666666666668,-997.4202052678075
1.3574333333333335,-997.4200609128085
1.3591,-997.4200050334539
1.3607666666666667,-997.42007953926
1.3624333333333334,-997.4202844302264
1.3641,-997.4205824534505
1.3657666666666668,-997.4209130729646
1.3674333333333335,-997.4212157528015
1.3691,-997.4214253003809
1.3707666666666667,-997.4215137760256
1.3724333333333334,-997.4214811797353
1.3741,-997.4213507945749
1.3757833333333334,-997.4211738432856
1.37745,-997.4210015486092
1.3791166666666668,-997.4208758200616
1.3807833333333335,-997.4208199407071
1.38245,-997.4208385671586
1.3841166666666667,-997.4209223861903
1.3857833333333334,-997.4210620845766
1.38745,-997.4212390358658
1.3891166666666668,-997.4214346136066
1.3907833333333335,-997.4216301913474
1.39245,-997.4218164558624
1.3941166666666667,-997.4219701240872
1.3957833333333334,-997.4220772261834
1.39745,-997.4221377621508
1.3991166666666668,-997.4221610452151
1.4007833333333335,-997.4221796716666
1.40245,-997.422240207634
1.4041166666666667,-997.4223705927946
1.4058000000000002,-997.422580140374
1.4074666666666666,-997.4228455673078
1.4091333333333333,-997.4231156508546
1.4108,-997.4233345116597
1.4124666666666668,-997.4234555835944
1.4141333333333335,-997.4234555835944
1.4158000000000002,-997.4233577947241
1.4174666666666667,-997.4232041264992
1.4191333333333334,-997.4230458016615
1.4208,-997.4229340429524
1.4224666666666668,-997.4228921334366
1.4241333333333335,-997.4229293863395
1.4258000000000002,-997.42302717521
1.4274666666666667,-997.4231761868219
1.4291333333333334,-997.4233577947241
1.4308,-997.4235673423035
1.4324666666666668,-997.4237955163344
1.43415,-997.4240236903653
1.4358166666666667,-997.4242192681061
1.4374833333333334,-997.4243496532665
1.4391500000000002,-997.4243869061695
1.4408166666666666,-997.424331026815
1.4424833333333333,-997.4241866718158
1.44415,-997.4239910940752
1.4458166666666667,-997.4237675766572
1.4474833333333335,-997.4235440592391
1.4491500000000002,-997.4233345116597
1.4508166666666666,-997.4231435905318
1.4524833333333333,-997.4229852656941
1.45415,-997.4228735069851
1.4558166666666668,-997.4228269408563
1.4574833333333335,-997.4228641937593
1.4591666666666667,-997.4229852656941
1.4608333333333334,-997.4231855000477
1.4625000000000001,-997.4234183306914
1.4641666666666668,-997.4236418481095
1.4658333333333333,-997.4238141427859
1.4675,-997.4239119316562
1.4691666666666667,-997.4239491845592
1.4708333333333334,-997.4239631543979
1.4725000000000001,-997.4239910940752
1.4741666666666668,-997.4240655998811
1.4758333333333333,-997.4241913284287
1.4775,-997.4243449966536
1.4791666666666667,-997.4244800384271
1.4808333333333334,-997.4245592008459
1.4825000000000002,-997.4245592008459
1.4841666666666666,-997.4244940082657
1.4858333333333333,-997.4244008760081
1.4875,-997.4243263702022
1.4891666666666667,-997.4243170569764
1.4908333333333335,-997.4243915627824
1.4925000000000002,-997.4245498876202
1.4941833333333334,-997.4247687484253
1.4958500000000001,-997.4250155489077
1.4975166666666668,-997.4252483795515
1.4991833333333333,-997.4254206742279
1.50085,-997.4255138064854
1.5025166666666667,-997.425527776324
1.5041833333333334,-997.4254672403566
1.5058500000000001,-997.425374108099
1.5075166666666668,-997.4252809758416
1.5091833333333333,-997.4252157832614
1.51085,-997.4252018134227
1.5125166666666667,-997.4252344097129
1.5141833333333334,-997.4252949456802
1.5158500000000001,-997.4253694514862
1.5175166666666668,-997.4254346440665
1.5191833333333333,-997.4254812101952
1.52085,-997.4254951800339
1.5225333333333335,-997.4254951800339
1.5242,-997.4255044932596
1.5258666666666667,-997.4255510593883
1.5275333333333334,-997.4256581614844
1.5292000000000001,-997.4258211429351
1.5308666666666668,-997.4260353471274
1.5325333333333333,-997.4262588645454
1.5342,-997.4264684121248
1.5358666666666667,-997.4266453634141
1.5375333333333334,-997.4267850618003
1.5392000000000001,-997.4269154469608
1.5408666666666668,-997.4270504887342
1.5425333333333333,-997.4271948437333
1.5442,-997.4273298855067
1.5458666666666667,-997.4273997346999
1.5475333333333334,-997.4273578251839
1.5492000000000001,-997.4271669040561
1.5508666666666668,-997.4268269713161
1.55255,-997.4263799364801
1.5542166666666668,-997.4259142751927
1.5558833333333335,-997.425527776324
1.55755,-997.425304258906
1.5592166666666667,-997.4252949456802
1.5608833333333334,-997.4254951800339
1.56255,-997.4258490826123
1.5642166666666668,-997.4262774909969
1.5658833333333335,-997.4266919295428
1.56755,-997.4270132358312
1.5692166666666667,-997.4272041569591
1.5708833333333334,-997.4272507230878
1.5725500000000001,-997.4271762172818
1.5742166666666668,-997.427017892444
1.5758833333333333,-997.4268036882518
1.57755,-997.4265662009951
1.5792166666666667,-997.4263287137385
1.5809,-997.426123822772
1.5825666666666667,-997.4259841243858
1.5842333333333334,-997.4259422148699
1.5859,-997.4260306905145
1.5875666666666668,-997.4262495513196
1.5892333333333335,-997.4265755142209
1.5909,-997.4269526998638
1.5925666666666667,-997.4273345421195
1.5942333333333334,-997.4276651616337
1.5959,-997.4279119621161
1.5975666666666668,-997.4280516605023
1.5992333333333335,-997.428098226631
1.6009,-997.4280749435667
1.6025666666666667,-997.4280237208251
1.6042333333333334,-997.4279818113092
1.6059,-997.4280097509865
1.6075666666666668,-997.4281308229213
1.6092333333333335,-997.4283776234037
1.6109166666666668,-997.4287408392079
1.6125833333333335,-997.4291878740439
1.6142500000000002,-997.4296581919443
1.6159166666666667,-997.4300912569418
1.6175833333333334,-997.4304451595202
1.61925,-997.4306873033897
1.6209166666666668,-997.430827001776
1.6225833333333335,-997.4308735679048
1.62425,-997.4308502848404
1.6259166666666667,-997.4307618091957
1.6275833333333334,-997.4306174541966
1.62925,-997.4304218764559
1.6309166666666668,-997.4301657627477
1.6325833333333335,-997.429858426298
1.63425,-997.4295091803323
1.6359166666666667,-997.4291459645281
1.6375833333333334,-997.4288013751752
1.63925,-997.4285080085641
1.6409333333333334,-997.4283031175976
1.6426,-997.4281960155015
1.6442666666666668,-997.4281727324371
1.6459333333333335,-997.4281820456629
1.6476000000000002,-997.4281727324371
1.6492666666666667,-997.428102883244
1.6509333333333334,-997.4279492150191
1.6526,-997.4277210409882
1.6542666666666668,-997.4274556140543
1.6559333333333335,-997.427171560669
1.6576000000000002,-997.4268968205093
1.6592666666666667,-997.4266546766398
1.6609333333333334,-997.426459098899
1.6626,-997.4263240571256
1.6642666666666668,-997.4262495513196
1.6659333333333335,-997.4262262682553
1.6676,-997.4262216116424
1.6692833333333335,-997.4262169550295
1.6709500000000002,-997.4261750455137
1.6726166666666666,-997.426086569869
1.6742833333333333,-997.4259468714828
1.67595,-997.4257745768064
1.6776166666666668,-997.4255883122913
1.6792833333333335,-997.425411361002
1.6809500000000002,-997.4252576927772
1.6826166666666666,-997.4251226510038
1.6842833333333334,-997.4249829526176
1.68595,-997.4248199711669
1.6876166666666668,-997.4246104235875
1.6892833333333335,-997.4243636231051
1.6909500000000002,-997.4240981961713
1.6926166666666667,-997.4238374258503
1.6942833333333334,-997.423623221658
1.69595,-997.4234695534332
1.6976166666666668,-997.4233810777885
1.6993,-997.4233577947241
1.7009666666666667,-997.4233950476271
1.7026333333333334,-997.4234835232718
1.7043000000000001,-997.4236278782708
1.7059666666666669,-997.4238234560116
1.7076333333333333,-997.4240655998811
1.7093,-997.4243263702022
1.7109666666666667,-997.4245778272974
1.7126333333333335,-997.4247873748768
1.7143000000000002,-997.424927073263
1.7159666666666666,-997.4249829526176
1.7176333333333333,-997.4249643261661
1.7193,-997.4248851637471
1.7209666666666668,-997.4247873748768
1.7226333333333335,-997.4247035558451
1.7243000000000002,-997.4246383632648
1.7259666666666666,-997.4245871405232
1.7276333333333334,-997.4245405743944
1.7293166666666668,-997.4244707252013
1.7309833333333333,-997.4243822495566
1.73265,-997.4242891172992
1.7343166666666667,-997.424223924719
1.7359833333333334,-997.4242192681061
1.7376500000000001,-997.4242984305249
1.7393166666666668,-997.4244660685885
1.7409833333333333,-997.4246849293936
1.74265,-997.4249224166501
1.7443166666666667,-997.4251273076167
1.7459833333333334,-997.4252530361643
1.7476500000000001,-997.4252763192287
1.7493166666666669,-997.4251971568099
1.7509833333333333,-997.4250341753592
1.75265,-997.4248292843927
1.7543166666666667,-997.424629050039
1.756,-997.4244893516528
1.7576666666666667,-997.4244707252013
1.7593333333333334,-997.4246011103618
1.7610000000000001,-997.4248991335858
1.7626666666666668,-997.4253321985832
1.7643333333333333,-997.4258537392252
1.766,-997.4263752798672
1.7676666666666667,-997.4268176580904
1.7693333333333334,-997.4271203379272
1.7710000000000001,-997.4272553797007
1.7726666666666668,-997.4272367532492
1.7743333333333333,-997.4271249945402
1.776,-997.4270039226054
1.7776666666666667,-997.426948043251
1.7793333333333334,-997.4270039226054
1.7810000000000001,-997.427171560669
1.7826666666666668,-997.4274137045385
1.7843333333333333,-997.4276698182466
1.786,-997.4278747092131
1.7876833333333335,-997.4280004377607
1.78935,-997.4280376906637
1.7910166666666667,-997.4280004377607
1.7926833333333334,-997.4279119621161
1.7943500000000001,-997.4277862335684
1.7960166666666668,-997.4276232521179
1.7976833333333335,-997.4274183611514
1.79935,-997.4271622474432
1.8010166666666667,-997.426868880832
1.8026833333333334,-997.4265615443823
1.8043500000000001,-997.4262961174484
1.8060166666666668,-997.4261191661591
1.8076833333333335,-997.4260679434175
1.80935,-997.4261564190622
1.8110166666666667,-997.4263706232543
1.8126833333333334,-997.4266686464784
1.8143500000000001,-997.4269899527668
1.8160333333333334,-997.427278662765
1.8177,-997.4274742405058
1.8193666666666668,-997.4275440896989
1.8210333333333335,-997.4274602706672
1.8227,-997.4272320966363
1.8243666666666667,-997.426868880832
1.8260333333333334,-997.4264311592218
1.8277,-997.4259887809986
1.8293666666666668,-997.4256302218072
1.8310333333333335,-997.4254439572923
1.8327,-997.4254998366467
1.8343666666666667,-997.4258164863222
1.8360333333333334,-997.4263613100286
1.8377000000000001,-997.4270644585728
1.8393666666666668,-997.4278234864714
1.8410333333333335,-997.4285219784027
1.8427,-997.4290807719478
1.8443666666666667,-997.4294300179134
1.8460500000000002,-997.4295510898481
1.8477166666666667,-997.4294486443649
1.8493833333333334,-997.4291552777538
1.85105,-997.4287454958207
1.8527166666666668,-997.4282844911461
1.8543833333333335,-997.4278653959874
1.8560500000000002,-997.4275720293762
1.8577166666666667,-997.4274649272801
1.8593833333333334,-997.4275999690534
1.86105,-997.4279818113092
1.8627166666666668,-997.4285638879186
1.8643833333333335,-997.4292670364628
1.86605,-997.4299608717812
1.8677166666666667,-997.4305243219391
1.8693833333333334,-997.4308689112919
1.87105,-997.4309434170979
1.8727166666666668,-997.4307664658086
1.8743833333333335,-997.4303939367786
1.8760666666666668,-997.4299096490396
1.8777333333333335,-997.4294020782362
1.8794000000000002,-997.4289410735615
1.8810666666666667,-997.4285825143701
1.8827333333333334,-997.4283543403393
1.8844,-997.4282658646946
1.8860666666666668,-997.4283310572748
1.8877333333333335,-997.4285545746928
1.8894000000000002,-997.42892244711
1.8910666666666667,-997.4294020782362
1.8927333333333334,-997.4299422453297
1.8944,-997.4304824124232
1.8960666666666668,-997.4309573869365
1.8977333333333335,-997.4313159461279
1.8994000000000002,-997.431539463546
1.9010666666666667,-997.4316232825777
1.9027333333333334,-997.4315999995133
1.9044166666666669,-997.4315161804815
1.9060833333333334,-997.4314323614498
1.90775,-997.4313951085468
1.9094166666666668,-997.4314556445141
1.9110833333333335,-997.4316372524163
1.9127500000000002,-997.4319539020918
1.9144166666666667,-997.4323869670892
1.9160833333333334,-997.4329038511183
1.91775,-997.433439361599
1.9194166666666668,-997.4339376191766
1.9210833333333335,-997.4343380878839
1.9227500000000002,-997.4346035148178
1.9244166666666667,-997.4347292433655
1.9260833333333334,-997.4347338999784
1.92775,-997.4346593941723
1.9294166666666668,-997.4345476354633
1.9310833333333335,-997.4344265635285
1.9327500000000002,-997.4343054915938
1.9344333333333334,-997.4341751064333
1.9361000000000002,-997.4340121249827
1.9377666666666669,-997.433811890629
1.9394333333333333,-997.433588373211
1.9411,-997.4333741690187
1.9427666666666668,-997.4332251574067
1.9444333333333335,-997.4331646214393
1.9461000000000002,-997.4332111875681
1.9477666666666669,-997.4333415727286
1.9494333333333334,-997.4335092107922
1.9511,-997.4336582224041
1.9527666666666668,-997.4337466980488
1.9544333333333335,-997.4337606678874
1.9561000000000002,-997.4337047885329
1.9577666666666667,-997.4336069996625
1.9594333333333334,-997.4334859277278
1.9611,-997.4333508859544
1.9627666666666668,-997.4332065309552
1.96445,-997.4330528627304
1.9661166666666667,-997.4328991945055
1.9677833333333334,-997.4327548395064
1.9694500000000001,-997.432657050636
1.9711166666666669,-997.4326291109587
1.9727833333333333,-997.4326710204746
1.97445,-997.4327827791836
1.9761166666666667,-997.4329411040213
1.9777833333333334,-997.433141338375
1.9794500000000002,-997.4333695124059
1.9811166666666669,-997.4336349393398
1.9827833333333333,-997.4339283059509
1.98445,-997.4342402990136
1.9861166666666668,-997.4345383222376
1.9877833333333335,-997.4347944359457
1.9894500000000002,-997.4349481041706
1.9911166666666669,-997.4349667306221
1.9927833333333334,-997.4348363454616
1.9944666666666668,-997.4345522920762
1.9961333333333335,-997.4341564799818
1.9978,-997.43370013192
1.9994666666666667,-997.4332484404712
2.001133333333333,-997.432843315151
2.0028,-997.4325313220884
2.0044666666666666,-997.4323404009605
2.0061333333333335,-997.4322938348317
2.0078,-997.4324009369278
2.009466666666667,-997.4326477374102
2.0111333333333334,-997.4330109532145
2.0128,-997.4334300483732
2.014466666666667,-997.4338398303063
2.0161333333333333,-997.4341657932075
2.0178000000000003,-997.4343427444968
2.0194666666666667,-997.4343474011097
2.0211333333333332,-997.4341797630461
2.022816666666667,-997.433886396435
2.0244833333333334,-997.4335464636952
2.02615,-997.4332344706326
2.027816666666667,-997.4330109532145
2.0294833333333333,-997.4329038511183
2.0311500000000002,-997.4329085077312
2.0328166666666667,-997.4329876701502
2.0344833333333336,-997.433104085472
2.03615,-997.4332391272454
2.0378166666666666,-997.4333834822445
2.0394833333333335,-997.4335324938565
2.04115,-997.4336861620814
2.042816666666667,-997.4338212038548
2.0444833333333334,-997.4339050228865
2.04615,-997.4338910530479
2.0478333333333336,-997.4337560112746
2.0495,-997.4334812711149
2.0511666666666666,-997.433104085472
2.0528333333333335,-997.4326803337003
2.0545,-997.4322938348317
2.056166666666667,-997.4320190946721
2.0578333333333334,-997.431907335963
2.0595,-997.4319725285433
2.061166666666667,-997.4322100157999
2.0628333333333333,-997.4325639183785
2.0645000000000002,-997.4329830135372
2.0661666666666667,-997.4334160785346
2.0678333333333336,-997.4338072340162
2.0695,-997.4341285403045
2.0711666666666666,-997.4343474011097
2.0728333333333335,-997.434449846593
2.0745,-997.4344405333671
2.076166666666667,-997.4343474011097
2.0778333333333334,-997.4342030461105
2.0795,-997.4340493778857
2.0811833333333336,-997.4339189927251
2.08285,-997.4338351736934
2.0845166666666666,-997.4337839509518
2.0861833333333335,-997.4337513546617
2.08785,-997.4337094451457
2.089516666666667,-997.4336349393398
2.0911833333333334,-997.4335185240179
2.0928500000000003,-997.433364855793
2.094516666666667,-997.4331832478908
2.0961833333333333,-997.4329876701502
2.09785,-997.432768809345
2.0995166666666667,-997.4325266654755
2.1011833333333336,-997.4322612385416
2.10285,-997.4319678719304
2.1045166666666666,-997.4316745053193
2.1061833333333335,-997.4314044217725
2.10785,-997.4311948741931
2.109516666666667,-997.4310691456456
2.1112,-997.4310318927426
2.1128666666666667,-997.4310598324198
2.1145333333333336,-997.4311110551614
2.1162,-997.4311436514515
2.1178666666666666,-997.4311017419357
2.1195333333333335,-997.4309527303236
2.1212,-997.4306919600026
2.122866666666667,-997.430342714037
2.1245333333333334,-997.4299562151683
2.1262000000000003,-997.4295743729126
2.127866666666667,-997.4292484100113
2.1295333333333333,-997.4289922963031
2.1312,-997.4288246582396
2.1328666666666667,-997.4287501524336
2.1345333333333336,-997.428773435498
2.1362,-997.4288991640457
2.1378666666666666,-997.4291226814637
2.1395333333333335,-997.4294160480748
2.1412166666666668,-997.4297559808147
2.1428833333333333,-997.4300912569418
2.14455,-997.4303892801657
2.1462166666666667,-997.4306081409709
2.1478833333333336,-997.4307338695185
2.14955,-997.4307571525828
2.1512166666666666,-997.4306966166155
2.1528833333333335,-997.4305755446808
2.15455,-997.4304265330687
2.156216666666667,-997.4302728648438
2.1578833333333334,-997.4301471362962
2.1595500000000003,-997.430081943716
2.161216666666667,-997.4300959135546
2.1628833333333333,-997.4302076722636
2.16455,-997.4304079066172
2.1662166666666667,-997.4306826467769
2.1678833333333336,-997.4309899832266
2.169566666666667,-997.4312880064507
2.1712333333333333,-997.4315161804815
2.1729000000000003,-997.4316372524163
2.1745666666666668,-997.4316419090292
2.1762333333333332,-997.4315301503202
2.1779,-997.4313299159666
2.1795666666666667,-997.4310831154842
2.1812333333333336,-997.4308083753245
2.1829,-997.4305476050035
2.184566666666667,-997.4303240875855
2.1862333333333335,-997.4301750759735
2.1879,-997.4301285098447
2.189566666666667,-997.4302030156507
2.1912333333333334,-997.4304032500044
2.1929000000000003,-997.4307245562927
2.1945666666666668,-997.4311203683872
2.1962333333333333,-997.4315487767717
2.197916666666667,-997.4319492454789
2.1995833333333334,-997.4322658951545
2.20125,-997.432466129508
2.202916666666667,-997.432545291927
2.2045833333333333,-997.4325220088626
2.2062500000000003,-997.4324335332179
2.2079166666666667,-997.432321774509
2.2095833333333332,-997.4322100157999
2.21125,-997.4321029137038
2.2129166666666666,-997.4319911549948
2.2145833333333336,-997.4318654264472
2.21625,-997.431721071448
2.217916666666667,-997.4315720598361
2.2195833333333335,-997.4314463312884
2.22125,-997.4313625122567
2.222916666666667,-997.4313252593537
2.2245833333333334,-997.4313345725794
2.2262500000000003,-997.4313951085468
2.2279166666666668,-997.4315022106429
2.2296,-997.4316605354807
2.231266666666667,-997.4318887095116
2.2329333333333334,-997.4321867327355
2.2346,-997.4325546051527
2.236266666666667,-997.4329643870857
2.2379333333333333,-997.4333695124059
2.2396000000000003,-997.4337280715973
2.2412666666666667,-997.434002811757
2.2429333333333332,-997.4341937328848
2.2446,-997.4343101482067
2.2462666666666666,-997.4343799973998
2.2479333333333336,-997.4344358767543
2.2496,-997.4345010693346
2.251266666666667,-997.4345755751406
2.2529333333333335,-997.4346454243337
2.2546,-997.4346966470754
2.256266666666667,-997.4347013036883
2.25795,-997.4346547375594
2.2596166666666666,-997.4345802317534
2.2612833333333335,-997.4345196957861
2.26295,-997.4345196957861
2.264616666666667,-997.4346174846564
2.2662833333333334,-997.4348037491715
2.26795,-997.4350505496539
2.269616666666667,-997.4353206332006
2.2712833333333333,-997.435567433683
2.2729500000000002,-997.4357676680366
2.2746166666666667,-997.4359120230357
2.2762833333333337,-997.4360004986804
2.27795,-997.4360424081963
2.2796166666666666,-997.4360470648091
2.2812833333333336,-997.4360330949705
2.28295,-997.4360191251319
2.284616666666667,-997.4360284383577
2.2862833333333334,-997.4360982875507
2.2879666666666667,-997.4362566123885
2.2896333333333336,-997.4365173827096
2.2913,-997.4368666286751
2.2929666666666666,-997.4372531275438
2.2946333333333335,-997.4376209999609
2.2963,-997.437881770282
2.297966666666667,-997.4379749025395
2.2996333333333334,-997.4378631438304
2.3013,-997.4375418375421
2.302966666666667,-997.4370482365773
2.3046333333333333,-997.4364382202907
2.3063000000000002,-997.435790951101
2.3079666666666667,-997.4351809348143
2.3096333333333336,-997.4346547375594
2.3113,-997.4342496122393
2.3129666666666666,-997.4339934985312
2.3146333333333335,-997.4338817398221
2.316316666666667,-997.433923649338
2.3179833333333333,-997.4340866307887
2.31965,-997.4343427444968
2.3213166666666667,-997.4346407677208
2.3229833333333336,-997.4349248211062
2.32465,-997.4351297120727
2.3263166666666666,-997.4352181877174
2.3279833333333335,-997.4351716215886
2.32965,-997.4349946702994
2.331316666666667,-997.4347292433655
2.3329833333333334,-997.4344125936899
2.33465,-997.4340773175629
2.336316666666667,-997.4337466980488
2.3379833333333333,-997.4334347049861
2.3396500000000002,-997.4331366817621
2.3413166666666667,-997.4328712548282
2.343,-997.4326337675716
2.344666666666667,-997.4324242199922
2.3463333333333334,-997.4322286422514
2.3480000000000003,-997.4320330645107
2.349666666666667,-997.4318188603185
2.3513333333333333,-997.4315674032232
2.353,-997.431278693225
2.3546666666666667,-997.4309667001622
2.3563333333333336,-997.4306593637125
2.358,-997.43037996694
2.3596666666666666,-997.4301517929091
2.3613333333333335,-997.4299888114584
2.363,-997.4298910225881
2.364666666666667,-997.4298444564594
2.3663333333333334,-997.4298397998465
2.3680000000000003,-997.4298723961366
2.369666666666667,-997.4299469019426
2.3713333333333333,-997.4300679738774
2.373,-997.4302262987151
2.3746666666666667,-997.4304032500044
2.37635,-997.4305522616164
2.378016666666667,-997.4306174541966
2.3796833333333334,-997.430566231455
2.3813500000000003,-997.43037996694
2.383016666666667,-997.4300772871031
2.3846833333333333,-997.4296954448473
2.38635,-997.4292903195271
2.3880166666666667,-997.4288945074328
2.3896833333333336,-997.4285266350156
2.39135,-997.4281913588886
2.3930166666666666,-997.427879365826
2.3946833333333335,-997.4275813426019
2.39635,-997.4272833193779
2.398016666666667,-997.4269759829282
2.3996833333333334,-997.4266593332527
2.4013500000000003,-997.4263380269642
2.403016666666667,-997.4260027508373
2.4047,-997.4256488482587
2.406366666666667,-997.4252623493901
2.4080333333333335,-997.4248339410055
2.4097,-997.4243636231051
2.411366666666667,-997.4238513956889
2.4130333333333334,-997.4233345116597
2.4147000000000003,-997.422840910695
2.4163666666666668,-997.4223985324718
2.4180333333333333,-997.4220492865062
2.4197,-997.4218024860238
2.4213666666666667,-997.4216581310246
2.4230333333333336,-997.4215929384444
2.4247,-997.4215603421543
2.426366666666667,-997.4215044627997
2.4280333333333335,-997.4213787342521
2.4297,-997.4211365903826
2.431366666666667,-997.4207547481268
2.4330333333333334,-997.4202378640977
2.4347166666666666,-997.4196045647467
2.4363833333333336,-997.4189107294283
2.43805,-997.4182215507227
2.439716666666667,-997.4176255042747
2.4413833333333335,-997.4171924392773
2.44305,-997.4169828916979
2.444716666666667,-997.4170061747623
2.4463833333333334,-997.4172436620189
2.4480500000000003,-997.4176487873391
2.4497166666666668,-997.4181423883039
2.4513833333333332,-997.4186546157201
2.45305,-997.4191295902334
2.4547166666666667,-997.4195300589406
2.4563833333333336,-997.4198420520033
2.45805,-997.4200562561956
2.459716666666667,-997.420186641356
2.4613833333333335,-997.4202425207105
2.46305,-997.4202425207105
2.4647333333333337,-997.4202099244204
2.4664,-997.4201633582917
2.4680666666666666,-997.4201261053887
2.4697333333333336,-997.4201214487758
2.4714,-997.4201540450659
2.473066666666667,-997.4202378640977
2.4747333333333335,-997.4203589360325
2.4764,-997.4204986344187
2.478066666666667,-997.4206476460307
2.4797333333333333,-997.4207966576428
2.4814000000000003,-997.4209549824805
2.4830666666666668,-997.4211412469955
2.4847333333333332,-997.421383390865
2.4864,-997.4217046971534
2.4880666666666666,-997.4221098224735
2.4897333333333336,-997.4226034234383
2.4914,-997.4231529037576
2.4930833333333333,-997.4237396369799
2.4947500000000002,-997.4243263702022
2.4964166666666667,-997.4248944769729
2.4980833333333337,-997.4254067043892
2.49975,-997.4258211429351
2.5014166666666666,-997.4261051963205
2.5030833333333335,-997.4262169550295
2.50475,-997.4261517624493
2.506416666666667,-997.4259329016442
2.5080833333333334,-997.4256115953557
2.50975,-997.4252809758416
2.511416666666667,-997.4250248621335
2.5130833333333333,-997.4249084468115
2.5147500000000003,-997.4249596695532
2.5164166666666667,-997.4251552472939
2.5180833333333337,-997.4254486139051
2.51975,-997.4257792334192
2.5214166666666666,-997.4261098529333
2.5231000000000003,-997.4263939063188
2.524766666666667,-997.4266220803496
2.5264333333333333,-997.4267804051874
2.5281000000000002,-997.4268595676062
2.5297666666666667,-997.4268549109934
2.5314333333333336,-997.4267757485745
2.5331,-997.4266453634141
2.5347666666666666,-997.4265010084149
2.5364333333333335,-997.4263892497058
2.5381,-997.4263380269642
2.539766666666667,-997.4263519968029
2.5414333333333334,-997.4264171893832
2.5431,-997.4264916951892
2.544766666666667,-997.426533604705
2.5464333333333333,-997.4265149782535
2.5481000000000003,-997.4264311592218
2.5497666666666667,-997.4263054306741
2.55145,-997.4261797021265
2.553116666666667,-997.4261005397076
2.5547833333333334,-997.4260958830947
2.5564500000000003,-997.4261703889008
2.558116666666667,-997.4263147438999
2.5597833333333333,-997.4265056650278
2.5614500000000002,-997.4267058993814
2.5631166666666667,-997.4269061337351
2.5647833333333336,-997.4270970548629
2.56645,-997.4272693495393
2.5681166666666666,-997.4274183611514
2.5697833333333335,-997.4275301198603
2.57145,-997.427576685989
2.573116666666667,-997.4275440896989
2.5747833333333334,-997.4274183611514
2.57645,-997.4272134701848
2.578116666666667,-997.4269620130896
2.5797833333333333,-997.4267152126072
2.5814666666666666,-997.4265056650278
2.5831333333333335,-997.4263752798672
2.5848,-997.4263426835771
2.586466666666667,-997.4264171893832
2.5881333333333334,-997.426608110511
2.5898000000000003,-997.4269154469608
2.591466666666667,-997.4273438553453
2.5931333333333333,-997.427879365826
2.5948,-997.4284800688869
2.5964666666666667,-997.4290993983993
2.5981333333333336,-997.429672161783
2.5998,-997.4301517929091
2.6014666666666666,-997.4304870690361
2.6031333333333335,-997.4306593637125
2.6048,-997.4306686769382
2.606466666666667,-997.4305382917777
2.6081333333333334,-997.4303008045212
2.6098000000000003,-997.4300120945228
2.6114833333333336,-997.4297187279117
2.61315,-997.4294858972679
2.614816666666667,-997.4293601687203
2.6164833333333335,-997.4293834517847
2.61815,-997.4295790295255
2.619816666666667,-997.4299422453297
2.6214833333333334,-997.4304358462945
2.6231500000000003,-997.431013266291
2.624816666666667,-997.4315906862876
2.6264833333333333,-997.432098257091
2.62815,-997.4324800993467
2.6298166666666667,-997.4326989601518
2.6314833333333336,-997.4327594961193
2.63315,-997.4327082733776
2.6348166666666666,-997.4326058278943
2.6364833333333335,-997.4324987257983
2.6381666666666668,-997.4324195633793
2.6398333333333333,-997.4323683406377
2.6415,-997.432321774509
2.6431666666666667,-997.4322332988643
2.6448333333333336,-997.4320796306395
2.6465,-997.4318654264472
2.648166666666667,-997.4316325958034
2.6498333333333335,-997.4314416746755
2.6515,-997.4313625122567
2.653166666666667,-997.4314277048369
2.6548333333333334,-997.4316372524163
2.6565000000000003,-997.4319399322532
2.658166666666667,-997.4322565819288
2.6598333333333333,-997.4324987257983
2.6615,-997.4326151411201
2.6631666666666667,-997.4325778882171
2.6648333333333336,-997.4324055935407
2.6665,-997.4321401666068
2.6681666666666666,-997.4318328301571
2.6698500000000003,-997.4315208370945
2.6715166666666668,-997.4312181572575
2.6731833333333332,-997.4309480737107
2.67485,-997.4307245562927
2.6765166666666667,-997.4305755446808
2.6781833333333336,-997.4305289785519
2.67985,-997.4305988277451
2.681516666666667,-997.4307804356472
2.6831833333333335,-997.4310318927426
2.68485,-997.4312973196764
2.686516666666667,-997.4315068672557
2.6881833333333334,-997.4316139693519
2.6898500000000003,-997.4315999995133
2.691516666666667,-997.43149755403
2.6931833333333333,-997.431348542418
2.69485,-997.431199530806
2.6965166666666667,-997.4310831154842
2.6981833333333336,-997.4310179229038
2.699866666666667,-997.4309806700008
2.7015333333333333,-997.4309527303236
2.7032000000000003,-997.4309154774206
2.7048666666666668,-997.4308595980661
2.7065333333333337,-997.4308037187117
2.7082,-997.4307431827442
2.7098666666666666,-997.4306873033897
2.7115333333333336,-997.430603484358
2.7132,-997.4304777558103
2.714866666666667,-997.4302775214567
2.7165333333333335,-997.4300120945228
2.7182,-997.4297094146859
2.719866666666667,-997.4294067348491
2.7215333333333334,-997.4291552777538
2.7232000000000003,-997.4289829830774
2.7248666666666668,-997.4288898508199
2.7265333333333333,-997.428852597917
2.7282,-997.4288479413041
2.7298833333333334,-997.4288479413041
2.73155,-997.4288339714655
2.733216666666667,-997.428810688401
2.7348833333333333,-997.4287827487237
2.7365500000000003,-997.4287780921109
2.7382166666666667,-997.4288246582396
2.7398833333333337,-997.4289503867873
2.74155,-997.4291785608182
2.7432166666666666,-997.429518493558
2.7448833333333336,-997.4299655283941
2.74655,-997.4304963822618
2.748216666666667,-997.4310644890327
2.7498833333333335,-997.4316279391905
2.75155,-997.4321075703167
2.753216666666667,-997.4324242199922
2.7548833333333334,-997.4324987257983
2.7565500000000003,-997.4322705517674
2.7582333333333335,-997.4317676375769
2.7599,-997.4310598324198
2.761566666666667,-997.4302821780695
2.7632333333333334,-997.4295836861384
2.7649,-997.4290947417865
2.766566666666667,-997.4288945074328
2.7682333333333333,-997.428996952916
2.7699000000000003,-997.429374138559
2.7715666666666667,-997.4299701850069
2.7732333333333337,-997.4307059298412
2.7749,-997.4315115238686
2.7765666666666666,-997.4322984914446
2.7782333333333336,-997.4329830135372
2.7799,-997.4334859277278
2.781566666666667,-997.4337373848231
2.7832333333333334,-997.4337141017586
2.7849,-997.4334347049861
2.7865833333333336,-997.4329597304728
2.78825,-997.4323916237021
2.7899166666666666,-997.4318095470927
2.7915833333333335,-997.4313019762893
2.79325,-997.4309061641949
2.794916666666667,-997.4306547070996
2.7965833333333334,-997.4305429483907
2.7982500000000003,-997.4305615748422
2.799916666666667,-997.4306919600026
2.8015833333333333,-997.4309108208078
2.8032500000000002,-997.4311809043545
2.8049166666666667,-997.4314649577399
2.8065833333333337,-997.4317164148351
2.80825,-997.4318840528987
2.8099166666666666,-997.4319213058017
2.8115833333333335,-997.4318142037056
2.81325,-997.4315720598361
2.814916666666667,-997.4312507535476
2.8166,-997.4309154774206
2.8182666666666667,-997.4306127975838
2.8199333333333336,-997.4303659971014
2.8216,-997.430156449522
2.8232666666666666,-997.4299422453297
2.8249333333333335,-997.4296907882344
2.8266,-997.4294020782362
2.828266666666667,-997.4290854285607
2.8299333333333334,-997.428773435498
2.8316000000000003,-997.4285033519512
2.833266666666667,-997.4282844911461
2.8349333333333333,-997.428098226631
2.8366000000000002,-997.4278979922775
2.8382666666666667,-997.4276232521179
2.8399333333333336,-997.4272414098621
2.8416,-997.4267664353488
2.8432666666666666,-997.4262588645454
2.8449333333333335,-997.4258118297093
2.846616666666667,-997.4255231197111
2.8482833333333333,-997.4254579271309
2.84995,-997.42563487842
2.8516166666666667,-997.426012064063
2.8532833333333336,-997.4265103216406
2.85495,-997.4270598019599
2.8566166666666666,-997.4276092822791
2.8582833333333335,-997.4281261663084
2.85995,-997.4286057974346
2.861616666666667,-997.4290295492061
2.8632833333333334,-997.4293881083976
2.8649500000000003,-997.4296768183958
2.866616666666667,-997.4298910225881
2.8682833333333333,-997.4300446908129
2.8699500000000002,-997.430156449522
2.8716166666666667,-997.430263551618
2.8732833333333336,-997.43037996694
2.87495,-997.4305289785519
2.8766333333333334,-997.4306873033897
2.8783000000000003,-997.4308223451632
2.879966666666667,-997.430901507582
2.8816333333333333,-997.4308968509691
2.8833,-997.4308223451632
2.8849666666666667,-997.4307105864541
2.8866333333333336,-997.4306081409709
2.8883,-997.4305569182293
2.889966666666667,-997.4305708880679
2.8916333333333335,-997.4306267674224
2.8933,-997.4306733335511
2.894966666666667,-997.4306686769382
2.8966333333333334,-997.4305941711323
2.8983000000000003,-997.4304777558103
2.899966666666667,-997.4303753103271
2.9016333333333333,-997.430342714037
2.9033,-997.430417219843
2.9049833333333335,-997.4305802012937
2.90665,-997.4307757790343
2.908316666666667,-997.4309341038721
2.9099833333333334,-997.4309853266137
2.9116500000000003,-997.4309061641949
2.9133166666666668,-997.4307245562927
2.9149833333333333,-997.4304870690361
2.91665,-997.4302542383923
2.9183166666666667,-997.4300586606516
2.9199833333333336,-997.4298910225881
2.92165,-997.4297233845246
2.9233333333333333,-997.4295278067838
2.9250000000000003,-997.42929497614
2.9266666666666667,-997.4290668021091
2.9283333333333337,-997.4288758809813
2.93,-997.4287641222722
2.9316666666666666,-997.4287128995306
2.9333333333333336,-997.4286896164663
2.935,-997.4286430503375
2.936666666666667,-997.4285266350156
2.9383333333333335,-997.4283450271134
2.94,-997.4281354795341
2.941666666666667,-997.4279678414706
2.9433333333333334,-997.4279259319547
2.9450000000000003,-997.4280423472766
2.9466666666666668,-997.4282938043718
2.9483333333333337,-997.4286104540474
2.95,-997.4288898508199
2.9516666666666667,-997.4290528322705
2.9533333333333336,-997.4290807719478
2.955,-997.4290155793675
2.956666666666667,-997.4289317603358
2.9583333333333335,-997.4288991640457
2.96,-997.428959700013
2.961666666666667,-997.4290807719478
2.9633333333333334,-997.4292158137212
2.9650166666666666,-997.42929497614
2.9666833333333336,-997.4292856629143
2.96835,-997.429183217431
2.970016666666667,-997.4290155793675
2.9716833333333335,-997.4288153450138
2.97335,-997.4286104540474
2.975016666666667,-997.4283962498552
2.9766833333333333,-997.4281634192114
2.9783500000000003,-997.4279212753419
2.9800166666666668,-997.427693101311
2.9816833333333337,-997.4275347764732
2.98335,-997.4275114934088
2.9850166666666667,-997.427655848408
2.9866833333333336,-997.4279585282449
2.98835,-997.4283543403393
2.990016666666667,-997.4287594656594
2.9916833333333335,-997.429071458722
2.9933666666666667,-997.4292484100113
2.9950333333333337,-997.42929497614
2.9967,-997.4292716930756
2.9983666666666666,-997.429257723237
