min,µS/cm
0.0,-998.4482456922756
0.0016666666666667052,-998.4479895785674
0.0033333333333334103,-998.4473097130876
0.004999999999999893,-998.4458382234191
0.006666666666666599,-998.4432212069831
0.00835000000000008,-998.4393375918453
0.010016666666666563,-998.4345179975194
0.011683333333333268,-998.4295121386784
0.013349999999999973,-998.4252792775749
0.015016666666666678,-998.422736766945
0.016683333333333383,-998.4224806532368
0.01835000000000009,-998.4246878877398
0.02001666666666657,-998.429083730294
0.021683333333333277,-998.4350255683228
0.023349999999999982,-998.4416752115086
0.025016666666666687,-998.4481479034052
0.026683333333333392,-998.4536753028881
0.028350000000000097,-998.4577079296381
0.030033333333333356,-998.4599803567212
0.03170000000000006,-998.4604972407503
0.03336666666666677,-998.4594960689822
0.03503333333333325,-998.4573586836724
0.036699999999999955,-998.4545460894958
0.03836666666666666,-998.4515099779011
0.040033333333333365,-998.4486182213057
0.04170000000000007,-998.4461502164817
0.043366666666666775,-998.4442689448802
0.04503333333333326,-998.4430395990811
0.046699999999999964,-998.4424528658587
0.04836666666666667,-998.4424482092459
0.050033333333333374,-998.4429511234364
0.05170000000000008,-998.44386381956
0.05336666666666656,-998.4451024785848
0.05503333333333327,-998.4465693116405
0.05669999999999997,-998.4481665298567
0.05836666666666668,-998.4497730612986
0.06003333333333338,-998.4512771472573
0.06170000000000009,-998.4525577157981
0.06336666666666657,-998.4535030082118
0.06503333333333328,-998.4540431753053
0.06671666666666676,-998.4541363075627
0.06838333333333324,-998.4537963748229
0.07004999999999995,-998.453083913053
0.07171666666666665,-998.4520780846719
0.07338333333333336,-998.4508906483887
0.07505000000000006,-998.449647332751
0.07671666666666677,-998.4484645530807
0.07838333333333325,-998.4474447548611
0.08004999999999995,-998.4466531306722
0.08171666666666666,-998.4461176201916
0.08338333333333336,-998.445805627129
0.08505000000000007,-998.4456426456783
0.08671666666666655,-998.4455308869693
0.08838333333333326,-998.4453585922929
0.09004999999999996,-998.4449953764887
0.09171666666666667,-998.4442689448802
0.09338333333333337,-998.4427555456957
0.09505000000000008,-998.439346905071
0.09673333333333334,-998.4313468441513
0.09840000000000004,-998.4128368079722
0.10006666666666675,-998.372012282895
0.10173333333333345,-998.2870710074376
0.10339999999999994,-998.1205412177931
0.10506666666666664,-997.8119102296475
0.10673333333333335,-997.2690143609741
0.10840000000000005,-996.358925940636
0.11006666666666676,-994.8996365977915
0.11173333333333324,-992.6541107672518
0.11339999999999995,-989.32840441788
0.11506666666666665,-984.5754462222454
0.11673333333333336,-978.0056173810761
0.11840000000000006,-969.2042930839604
0.12006666666666677,-957.7565411840363
0.12173333333333325,-943.2783308174826
0.12339999999999995,-925.4528260442675
0.12506666666666666,-904.0679088346976
0.12674999999999992,-879.0506286914696
0.12841666666666662,-850.4937360298325
0.13008333333333333,-818.6720175755546
0.13175000000000003,-784.0472742840868
0.13341666666666674,-747.262011630117
0.13508333333333344,-709.1218189844498
0.13674999999999993,-670.5667966374042
0.13841666666666663,-632.6324123109841
0.14008333333333334,-596.4013378119103
0.14175000000000004,-562.9486686377547
0.14341666666666675,-533.2843263322881
0.14508333333333323,-508.29719310081435
0.14674999999999994,-488.705900725306
0.14841666666666664,-475.02089313930867
0.15008333333333335,-467.5210735143727
0.15175000000000005,-466.24683796719034
0.15341666666666676,-471.0093282493806
0.15510000000000002,-481.41409665411993
0.15676666666666672,-496.895886257708
0.15843333333333343,-516.760605628025
0.16010000000000013,-540.2304933128089
0.16176666666666661,-566.4889284253535
0.16343333333333332,-594.7219396916786
0.16510000000000002,-624.1542383209589
0.16676666666666673,-654.0779958730926
0.16843333333333343,-683.873403204546
0.17009999999999992,-713.0205820840879
0.17176666666666662,-741.103170784704
0.17343333333333333,-767.8048968165205
0.17510000000000003,-792.9007759284698
0.17676666666666674,-816.2450933904597
0.17843333333333322,-837.7580348578086
0.18009999999999993,-857.4126757948718
0.18176666666666663,-875.2233911655952
0.18343333333333334,-891.2363419734111
0.18510000000000004,-905.522089873218
0.1867833333333333,-918.1700511454466
0.18845,-929.2842638349553
0.1901166666666667,-938.9799372008908
0.19178333333333342,-947.3802433104162
0.19345000000000012,-954.6130900059887
0.1951166666666666,-960.8075166869944
0.1967833333333333,-966.0891447989685
0.19845000000000002,-970.5758285571709
0.20011666666666672,-974.3744186006368
0.20178333333333343,-977.5803335837928
0.2034499999999999,-980.2790875454801
0.2051166666666666,-982.548455233941
0.20678333333333332,-984.4595757240706
0.20845000000000002,-986.0767568396761
0.21011666666666673,-987.456455355257
0.21178333333333343,-988.6461361258506
0.21344999999999992,-989.683568938488
0.2151333333333334,-990.596903018
0.2168000000000001,-991.4056728553985
0.2184666666666666,-992.1224466488336
0.2201333333333333,-992.7549636889039
0.2218,-993.3083089968694
0.2234666666666667,-993.7867945962524
0.2251333333333334,-994.1953518400878
0.2268000000000001,-994.5402624991444
0.2284666666666666,-994.8293077735367
0.2301333333333333,-995.0713771372434
0.2318,-995.275793129241
0.2334666666666667,-995.451524385927
0.23513333333333342,-995.6064452396736
0.2367999999999999,-995.7468188347979
0.2384666666666666,-995.87708292337
0.2401333333333333,-995.9998731482773
0.24181666666666657,-996.1163210664486
0.24348333333333327,-996.2264453043354
0.24514999999999998,-996.3296451588765
0.24681666666666668,-996.4251336624963
0.2484833333333334,-996.512300798908
0.2501500000000001,-996.5909137374679
0.2518166666666668,-996.6612239352712
0.2534833333333333,-996.7239345408622
0.25515,-996.7800746656861
0.2568166666666667,-996.8308550290907
0.2584833333333334,-996.8774723805848
0.2601500000000001,-996.9210023977425
0.2618166666666666,-996.9622739576558
0.2634833333333333,-997.001836540644
0.26515,-997.0399742000923
0.2668166666666667,-997.0767521285809
0.2684833333333334,-997.1120632240139
0.2701499999999999,-997.1457258784891
0.2718166666666668,-997.1775724539428
0.2735000000000001,-997.2074865350535
0.27516666666666656,-997.2354820916595
0.27683333333333326,-997.26170347876
0.27849999999999997,-997.2864068100631
0.2801666666666667,-997.3099413315347
0.2818333333333334,-997.3326516325272
0.2835000000000001,-997.3548357362648
0.2851666666666668,-997.3766799072627
0.2868333333333333,-997.3982446814879
0.2885,-997.4194602097475
0.2901666666666667,-997.4401728238166
0.2918333333333334,-997.4601916025673
0.2935000000000001,-997.4793256248716
0.2951666666666666,-997.4974445055693
0.2968333333333333,-997.5145203049827
0.2985,-997.5306042458539
0.3001666666666667,-997.5458220567302
0.3018333333333334,-997.5603367190623
0.30351666666666666,-997.5743158709138
0.30518333333333336,-997.5878992106709
0.30685000000000007,-997.6011798705911
0.30851666666666655,-997.6142044168032
0.3101833333333335,-997.6269961323715
0.31184999999999996,-997.6395596739089
0.31351666666666667,-997.6519276377055
0.31518333333333337,-997.6641465898902
0.3168500000000001,-997.6762817230431
0.3185166666666668,-997.6883842599059
0.32018333333333326,-997.70047282693
0.32184999999999997,-997.7125148278253
0.3235166666666667,-997.7244311001731
0.3251833333333334,-997.7361052286514
0.3268500000000001,-997.7474021714867
0.32851666666666657,-997.7582008567445
0.3301833333333333,-997.7684314352313
0.33185,-997.7780706238831
0.33353333333333324,-997.7871649888284
0.33519999999999994,-997.7958169755507
0.33686666666666665,-997.8041569692102
0.33853333333333335,-997.8123060417419
0.34020000000000006,-997.8203712952418
0.34186666666666676,-997.8284179222902
0.34353333333333347,-997.8364645493386
0.34519999999999995,-997.8444646102583
0.34686666666666666,-997.8523622256947
0.34853333333333336,-997.8600922030677
0.35020000000000007,-997.8676172894741
0.35186666666666677,-997.8749561113655
0.35353333333333326,-997.8821645480963
0.35519999999999996,-997.8893217620856
0.35686666666666667,-997.8965022591392
0.35853333333333337,-997.903752605386
0.3602000000000001,-997.9110634876001
0.36188333333333333,-997.9183883396529
0.36355000000000004,-997.9256526557382
0.36521666666666674,-997.9327679602117
0.36688333333333323,-997.9396364642026
0.36855000000000016,-997.9461790052924
0.37021666666666664,-997.9523303909006
0.37188333333333334,-997.9580766511885
0.37355000000000005,-997.9634224427693
0.37521666666666675,-997.9684283016103
0.37688333333333346,-997.973178046743
0.37854999999999994,-997.9777741236509
0.38021666666666665,-997.9822910381398
0.38188333333333335,-997.9867939827902
0.38355000000000006,-997.9913202105049
0.38521666666666676,-997.9958930043484
0.38688333333333325,-998.000535647385
0.38854999999999995,-998.005280735905
0.39023333333333343,-998.0101515529725
0.3918999999999999,-998.0151853514906
0.3935666666666666,-998.0203635050078
0.3952333333333333,-998.0256534172341
0.39690000000000003,-998.0309572992991
0.39856666666666674,-998.036149422655
0.4002333333333332,-998.0411040587542
0.40190000000000015,-998.0457094488878
0.40356666666666663,-998.0498864306369
0.40523333333333333,-998.0536070643243
0.40690000000000004,-998.0568946330142
0.40856666666666674,-998.0598003594483
0.41023333333333345,-998.0624313457229
0.41189999999999993,-998.064890037321
0.41356666666666664,-998.0672928495646
0.41523333333333334,-998.0697375713241
0.41690000000000005,-998.0722847385669
0.41856666666666675,-998.0749436645186
0.42023333333333324,-998.0777050359536
0.4219166666666667,-998.0805362565818
0.4235833333333334,-998.083404730113
0.4252499999999999,-998.0863197697729
0.4269166666666666,-998.0893232850774
0.4285833333333333,-998.0924664987682
0.43025,-998.0957913203611
0.4319166666666667,-998.0993070630819
0.43358333333333343,-998.1029764740276
0.43525000000000014,-998.1067064209407
0.4369166666666666,-998.1103711752735
0.4385833333333333,-998.113821725414
0.44025000000000003,-998.1169323428147
0.44191666666666674,-998.1196285216695
0.44358333333333344,-998.1218962921397
0.4452499999999999,-998.1237775637413
0.44691666666666663,-998.1253794385705
0.44858333333333333,-998.1268276451746
0.4502666666666666,-998.1282432554887
0.4519333333333333,-998.1297287149958
0.4536,-998.1313352464379
0.4552666666666667,-998.1330768196532
0.4569333333333334,-998.1349115251261
0.4585999999999999,-998.1367834835019
0.4602666666666668,-998.1386554418777
0.4619333333333333,-998.1405320568665
0.4636,-998.1424598945969
0.4652666666666667,-998.144541400552
0.4669333333333334,-998.146860393764
0.4686000000000001,-998.1494541271354
0.4702666666666666,-998.1522900043765
0.4719333333333333,-998.1552516101651
0.4736,-998.1581713064379
0.4752666666666667,-998.1608767985184
0.47693333333333343,-998.1632237314076
0.4785999999999999,-998.1651375992992
0.4802833333333334,-998.1666137455807
0.4819500000000001,-998.167722019445
0.4836166666666666,-998.168583492827
0.4852833333333333,-998.1693238942742
0.48695,-998.1700689523342
0.4886166666666667,-998.1708978294259
0.4902833333333334,-998.1718431218396
0.4919499999999999,-998.1728908597365
0.4936166666666668,-998.1739851637623
0.4952833333333333,-998.1750794677879
0.49695,-998.1761551453621
0.4986166666666667,-998.1772354795492
0.5002833333333332,-998.1783763497036
0.5019500000000001,-998.1796708880829
0.5036166666666666,-998.1811703174287
0.5052833333333333,-998.1829025774183
0.50695,-998.1848350717615
0.5086333333333333,-998.1868793248137
0.5103,-998.1889328910918
0.5119666666666667,-998.1908560722093
0.5136333333333334,-998.1925371094572
0.5153000000000001,-998.1938968404168
0.5169666666666666,-998.1948886989592
0.5186333333333335,-998.195531311536
0.5203,-998.1958759008887
0.5219666666666667,-998.196015599275
0.5236333333333334,-998.196052852178
0.5252999999999999,-998.196090105081
0.5269666666666668,-998.1962158336287
0.5286333333333333,-998.196499887014
0.5303,-998.1969795181402
0.5319666666666667,-998.1976686968458
0.53365,-998.1985720797435
0.5353166666666667,-998.1996803536078
0.5369833333333334,-998.2009748919871
0.5386500000000001,-998.2024463816557
0.5403166666666668,-998.2040761961621
0.5419833333333333,-998.2058224259903
0.5436500000000002,-998.2076291917858
0.5453166666666667,-998.20941733113
0.5469833333333334,-998.2111123382166
0.5486500000000001,-998.2126303940139
0.5503166666666666,-998.213896992716
0.5519833333333335,-998.2148562549683
0.55365,-998.2154942109322
0.5553166666666667,-998.2158294870592
0.5569833333333334,-998.2159226193166
0.5586499999999999,-998.2158853664137
0.5603166666666668,-998.2158294870592
0.5619833333333333,-998.215871396575
0.56365,-998.2160902573802
0.5653166666666667,-998.2165233223776
0.5669833333333334,-998.2171659349544
0.5686666666666667,-998.217966872369
0.5703333333333334,-998.2188702552667
0.5720000000000001,-998.219829517519
0.5736666666666668,-998.2208213760614
0.5753333333333333,-998.2218644573455
0.5770000000000002,-998.2229820444355
0.5786666666666667,-998.2242067336217
0.5803333333333334,-998.225543181517
0.5820000000000001,-998.2269494786053
0.5836666666666666,-998.228374402145
0.5853333333333335,-998.229720163266
0.587,-998.2308982863235
0.5886666666666667,-998.2318202956728
0.5903333333333334,-998.2324396251852
0.5920000000000001,-998.232742305022
0.5936666666666668,-998.232779557925
0.5953333333333333,-998.2326445161517
0.5970166666666665,-998.2324629082495
0.5986833333333335,-998.2323558061535
0.6003499999999999,-998.2324349685723
0.6020166666666666,-998.232742305022
0.6036833333333333,-998.2332731588898
0.60535,-998.2339809640469
0.6070166666666668,-998.234800527913
0.6086833333333332,-998.2356713145206
0.6103500000000002,-998.2365793540313
0.6120166666666667,-998.2375293030578
0.6136833333333334,-998.2385537578904
0.6153500000000001,-998.2397039412706
0.6170166666666665,-998.2410031362627
0.6186833333333335,-998.2424466862541
0.62035,-998.2439880251158
0.6220166666666667,-998.245547990429
0.6236833333333334,-998.2470241367105
0.6253500000000001,-998.2483373015413
0.6270333333333333,-998.2494176357284
0.6287,-998.2502418562073
0.6303666666666667,-998.2508192762037
0.6320333333333334,-998.2511871486209
0.6336999999999999,-998.2514013528132
0.6353666666666669,-998.2515270813608
0.6370333333333333,-998.2516109003926
0.6387,-998.2516947194243
0.6403666666666668,-998.2517971649075
0.6420333333333332,-998.2519135802295
0.6437000000000002,-998.2520532786157
0.6453666666666666,-998.2522395431307
0.6470333333333333,-998.2525329097418
0.6487,-998.2530265107066
0.6503666666666665,-998.2538227915084
0.6520333333333335,-998.2549869447271
0.6537,-998.256523626976
0.6553666666666667,-998.2583583324488
0.6570500000000001,-998.2603513627594
0.6587166666666666,-998.262307140167
0.6603833333333333,-998.2640533699953
0.66205,-998.265441040632
0.6637166666666667,-998.2663909896586
0.6653833333333334,-998.2668892472362
0.6670499999999999,-998.2669870361067
0.6687166666666668,-998.266786801753
0.6703833333333333,-998.2664235859487
0.67205,-998.2660277738544
0.6737166666666667,-998.2657250940174
0.6753833333333332,-998.2656086786956
0.6770500000000002,-998.2657344072431
0.6787166666666666,-998.2661209061118
0.6803833333333333,-998.2667635186887
0.68205,-998.2676203354577
0.6837166666666668,-998.2686587601288
0.6854,-998.2698182567348
0.6870666666666667,-998.2710569157596
0.6887333333333334,-998.2723142012359
0.6904000000000001,-998.2735388904221
0.6920666666666666,-998.274698387028
0.6937333333333333,-998.2757740646023
0.6954,-998.2767612665318
0.6970666666666667,-998.277683275881
0.6987333333333334,-998.2785540624888
0.7003999999999999,-998.2793689697419
0.7020666666666668,-998.2801233410277
0.7037333333333333,-998.2807985498946
0.7054,-998.2813713132782
0.7070666666666667,-998.28182766134
0.7087333333333332,-998.28216759408
0.7104000000000001,-998.2823957681109
0.7120666666666666,-998.2825401231099
0.7137333333333333,-998.2826239421418
0.7154166666666668,-998.2826705082705
0.7170833333333333,-998.2827124177863
0.71875,-998.2827869235923
0.7204166666666667,-998.2829452484301
0.7220833333333334,-998.2832525848798
0.7237500000000001,-998.2837741255219
0.7254166666666666,-998.2845610930979
0.7270833333333335,-998.2856507405106
0.72875,-998.2870290979217
0.7304166666666667,-998.2886402859765
0.7320833333333334,-998.290377202579
0.7337499999999999,-998.2921048059557
0.7354166666666668,-998.2936694278818
0.7370833333333333,-998.2949267133581
0.73875,-998.2957742169013
0.7404166666666667,-998.2961653723829
0.7420833333333332,-998.2961141496413
0.7437666666666667,-998.295713680934
0.7454333333333334,-998.2950990080345
0.7470999999999999,-998.2944284557805
0.7487666666666668,-998.293851035784
0.7504333333333333,-998.2934831633668
0.7521,-998.2933807178836
0.7537666666666667,-998.2935669823985
0.7554333333333334,-998.2940279870732
0.7571000000000001,-998.2947544186817
0.7587666666666666,-998.2957323073855
0.7604333333333335,-998.2969616531846
0.7621,-998.2984145164016
0.7637666666666667,-998.3000396742951
0.7654333333333334,-998.3017533078332
0.7670999999999999,-998.3034390016941
0.7687666666666668,-998.3049756839429
0.7704333333333333,-998.306237626032
0.7721,-998.3071316957041
0.7737666666666667,-998.3076066702174
0.77545,-998.3076672061848
0.7771166666666667,-998.307397122638
0.7787833333333334,-998.3069221481247
0.7804500000000001,-998.3064099207085
0.7821166666666668,-998.3060094520011
0.7837833333333333,-998.305832500712
0.7854500000000002,-998.3059116631308
0.7871166666666667,-998.3062236561934
0.7887833333333334,-998.306689317481
0.7904500000000001,-998.3072015448972
0.7921166666666666,-998.3076718627976
0.7937833333333335,-998.3080676748921
0.79545,-998.3084169208577
0.7971166666666667,-998.3088080763392
0.7987833333333334,-998.3093575566585
0.8004499999999999,-998.3101724639116
0.8021166666666668,-998.3113086774532
0.8038000000000001,-998.312733600993
0.8054666666666666,-998.3143447890479
0.8071333333333335,-998.3159699469413
0.8088,-998.3174414366099
0.8104666666666667,-998.318596276603
0.8121333333333334,-998.3193459912759
0.8138000000000001,-998.3196859240157
0.8154666666666668,-998.3196626409514
0.8171333333333333,-998.3193925574046
0.8188000000000002,-998.3190014019232
0.8204666666666667,-998.3185869633772
0.8221333333333334,-998.3182284041858
0.8238000000000001,-998.3179443508004
0.8254666666666666,-998.317734803221
0.8271333333333335,-998.317590448222
0.8288,-998.317515942416
0.8304833333333332,-998.3175438820932
0.8321500000000002,-998.3177441164468
0.8338166666666667,-998.3181911512828
0.8354833333333334,-998.3189501791815
0.8371500000000001,-998.3200351699815
0.8388166666666665,-998.321394900941
0.8404833333333335,-998.3229176133513
0.84215,-998.3244496389872
0.8438166666666667,-998.3258419662369
0.8454833333333334,-998.3269595533269
0.8471500000000001,-998.3277092679998
0.8488166666666668,-998.3280631705784
0.8504833333333333,-998.3280631705784
0.8521500000000002,-998.3277884304188
0.8538166666666667,-998.3273600220342
0.8554833333333334,-998.3269036739724
0.8571500000000001,-998.3265404581682
0.8588166666666666,-998.326358850266
0.8604833333333335,-998.3264147296205
0.8621666666666667,-998.3267127528445
0.8638333333333332,-998.327215667035
0.8655000000000002,-998.3278582796119
0.8671666666666666,-998.3285567715432
0.8688333333333333,-998.3292506068616
0.8705,-998.3298885628254
0.8721666666666668,-998.3304706394349
0.8738333333333335,-998.3310108065284
0.8755,-998.331546317009
0.8771666666666669,-998.3321190803927
0.8788333333333334,-998.3327710061952
0.8805000000000001,-998.3335207208681
0.8821666666666668,-998.3343635677986
0.8838333333333332,-998.335280920535
0.8855000000000002,-998.33621224311
0.8871666666666667,-998.3370783731049
0.8888333333333334,-998.337781521649
0.8905000000000001,-998.3382378697107
0.8921833333333333,-998.3384008511614
0.89385,-998.3382751226138
0.8955166666666667,-998.3379025935837
0.8971833333333332,-998.337371739716
0.8988500000000001,-998.3367617234293
0.9005166666666666,-998.3361610203684
0.9021833333333333,-998.3356348231135
0.90385,-998.335243667632
0.9055166666666667,-998.3350480898912
0.9071833333333335,-998.3351179390844
0.9088499999999999,-998.3354997813401
0.9105166666666669,-998.3362401827873
0.9121833333333333,-998.3373298302001
0.91385,-998.3387314706755
0.9155166666666668,-998.3403473153433
0.9171833333333332,-998.3420330092041
0.9188500000000002,-998.3436162575816
0.9205166666666666,-998.344910795961
0.9221999999999999,-998.3457629561171
0.9238666666666668,-998.3460749491799
0.9255333333333333,-998.3458328053104
0.9272,-998.3451250001533
0.9288666666666667,-998.3440912320949
0.9305333333333332,-998.3429410487148
0.9322000000000001,-998.3418653711406
0.9338666666666666,-998.3410178675973
0.9355333333333333,-998.3404963269553
0.9372,-998.3403147190531
0.9388666666666667,-998.3404264777621
0.9405333333333334,-998.340766410502
0.9421999999999999,-998.3412600114668
0.9438666666666669,-998.3418700277534
0.9455333333333333,-998.3425871461362
0.9472,-998.3434067100023
0.9488666666666667,-998.3443333759644
0.95055,-998.3453485175713
0.9522166666666667,-998.346405568694
0.9538833333333334,-998.3474300235265
0.9555499999999999,-998.3483334064243
0.9572166666666668,-998.3490505248071
0.9588833333333333,-998.3495208427075
0.96055,-998.3497443601256
0.9622166666666667,-998.349762986577
0.9638833333333334,-998.349651227868
0.9655500000000001,-998.3494975596432
0.9672166666666666,-998.349390457547
0.9688833333333335,-998.3493858009341
0.97055,-998.3494975596432
0.9722166666666667,-998.3496838241581
0.9738833333333334,-998.3498607754474
0.9755499999999999,-998.3499445944791
0.9772166666666668,-998.3498933717375
0.9789000000000001,-998.3497024506096
0.9805666666666666,-998.3494323670628
0.9822333333333335,-998.3491948798062
0.9839,-998.3491017475487
0.9855666666666667,-998.3492554157737
0.9872333333333334,-998.3497117638353
0.9888999999999999,-998.3504568218954
0.9905666666666668,-998.3514253973734
0.9922333333333334,-998.352487105109
0.9939,-998.3535069033287
0.9955666666666667,-998.354354406872
0.9972333333333334,-998.3549411400943
0.9989,-998.3552158802539
1.0005666666666666,-998.3551786273509
1.0022333333333333,-998.3548573210625
1.0039,-998.3542938709046
1.0055666666666667,-998.3535394996188
1.0072333333333334,-998.3526733696241
1.0089000000000001,-998.3517699867263
1.0105833333333334,-998.3509364530215
1.01225,-998.3502891838319
1.0139166666666668,-998.3499399378662
1.0155833333333333,-998.3499911606079
1.01725,-998.3504987314113
1.0189166666666667,-998.351481276728
1.0205833333333334,-998.3528736039776
1.02225,-998.3545453279999
1.0239166666666668,-998.3563194975053
1.0255833333333333,-998.3579772516889
1.02725,-998.3593416392614
1.0289166666666667,-998.3602776184493
1.0305833333333334,-998.360738623124
1.0322500000000001,-998.3607479363498
1.0339166666666668,-998.360398690384
1.0355833333333333,-998.3598259270004
1.03725,-998.3591833144236
1.0389333333333335,-998.3586058944271
1.0406,-998.358196112494
1.0422666666666667,-998.3579958781404
1.0439333333333334,-998.3579958781404
1.0456,-998.3581448897525
1.0472666666666668,-998.3583637505576
1.0489333333333333,-998.3585779547499
1.0506,-998.3587362795876
1.0522666666666667,-998.3588107853936
1.0539333333333334,-998.3588387250709
1.0556,-998.3588666647481
1.0572666666666668,-998.35898308007
1.0589333333333333,-998.3592485070038
1.0606,-998.3597095116785
1.0622666666666667,-998.3603893771583
1.0639333333333334,-998.3612508505403
1.0656,-998.3622287392441
1.0672666666666668,-998.3632159411736
1.06895,-998.3640867277812
1.0706166666666668,-998.3647200271323
1.0722833333333335,-998.3650227069692
1.07395,-998.3649295747117
1.0756166666666667,-998.3644499435856
1.0772833333333334,-998.3636303797194
1.07895,-998.3625919550483
1.0806166666666668,-998.3614603981197
1.0822833333333335,-998.3603707507068
1.08395,-998.359430114906
1.0856166666666667,-998.3587176531361
1.0872833333333334,-998.3582799315259
1.08895,-998.3581448897525
1.0906166666666668,-998.3583264976546
1.0922833333333335,-998.358834068458
1.09395,-998.359653632324
1.0956166666666667,-998.3607572495755
1.0973,-998.3620750710191
1.0989666666666666,-998.3635093077847
1.1006333333333334,-998.364920261486
1.1023,-998.366186860188
1.1039666666666668,-998.3671787187304
1.1056333333333335,-998.3677980482428
1.1073,-998.3679936259836
1.1089666666666667,-998.3677701085655
1.1106333333333334,-998.3671973451819
1.1123,-998.3663870945417
1.1139666666666668,-998.3655069947082
1.1156333333333335,-998.3647339969709
1.1173,-998.3642217695547
1.1189666666666667,-998.3640774145555
1.1206333333333334,-998.3642962753606
1.1223,-998.3648085027769
1.1239833333333333,-998.3654697418052
1.12565,-998.3661263242207
1.1273166666666667,-998.3666664913142
1.1289833333333334,-998.3670390203441
1.1306500000000002,-998.3672532245364
1.1323166666666666,-998.3673742964712
1.1339833333333333,-998.3674720853415
1.13565,-998.3676210969536
1.1373166666666668,-998.3678492709845
1.1389833333333335,-998.3681612640471
1.1406500000000002,-998.3685198232384
1.1423166666666666,-998.3688876956556
1.1439833333333334,-998.3692229717826
1.14565,-998.3694837421036
1.1473166666666668,-998.3696467235543
1.1489833333333335,-998.369693289683
1.15065,-998.3696234404899
1.1523166666666667,-998.3694558024264
1.1539833333333334,-998.3692043453311
1.15565,-998.3688970088814
1.1573333333333333,-998.3685524195287
1.159,-998.3681705772728
1.1606666666666667,-998.3677701085655
1.1623333333333334,-998.3673649832455
1.1640000000000001,-998.3670203938926
1.1656666666666666,-998.3668108463132
1.1673333333333333,-998.366824816152
1.169,-998.3671461224403
1.1706666666666667,-998.3677980482428
1.1723333333333334,-998.3687340274307
1.1740000000000002,-998.3698609277466
1.1756666666666666,-998.3710250809654
1.1773333333333333,-998.3720681622494
1.179,-998.3728458165996
1.1806666666666668,-998.3732509419198
1.1823333333333335,-998.3732509419198
1.1840000000000002,-998.3728644430511
1.1856833333333334,-998.3721752643455
1.1873500000000001,-998.3713091343508
1.1890166666666668,-998.370405751453
1.1906833333333333,-998.3695955008127
1.19235,-998.368985484526
1.1940166666666667,-998.3686408951733
1.1956833333333334,-998.368575702593
1.1973500000000001,-998.3687805935596
1.1990166666666666,-998.369209001944
1.2006833333333333,-998.3698190182307
1.20235,-998.3705640762907
1.2040166666666667,-998.3714022666082
1.2056833333333334,-998.3722823664417
1.2073500000000001,-998.3731578096622
1.2090166666666666,-998.3739587470768
1.2106833333333333,-998.3746246427179
1.21235,-998.3751182436827
1.2140166666666667,-998.3754162669068
1.2157,-998.3755233690028
1.2173666666666667,-998.3754768028741
1.2190333333333334,-998.3753091648106
1.2207000000000001,-998.3750577077153
1.2223666666666668,-998.3747550278785
1.2240333333333333,-998.3744197517515
1.2257,-998.3740518793343
1.2273666666666667,-998.3736607238528
1.2290333333333334,-998.373241628694
1.2307000000000001,-998.3728039070837
1.2323666666666668,-998.3723475590219
1.2340333333333333,-998.3718912109601
1.2357,-998.3714628025757
1.2373666666666667,-998.37111355661
1.2390333333333334,-998.3708946958049
1.2407000000000001,-998.3708667561276
1.2423666666666666,-998.3710902735456
1.2440333333333333,-998.371597844349
1.2457166666666668,-998.372380155312
1.2473833333333333,-998.3733952969188
1.24905,-998.3745501369119
1.2507166666666667,-998.3757282599694
1.2523833333333334,-998.3767899677049
1.25405,-998.3776002183453
1.2557166666666668,-998.378056566407
1.2573833333333333,-998.37809381931
1.25905,-998.3777166336671
1.2607166666666667,-998.3769855454457
1.2623833333333334,-998.3760076567419
1.2640500000000001,-998.3749366357806
1.2657166666666668,-998.3739308073996
1.2673833333333333,-998.3731065869206
1.26905,-998.3725571066013
1.2707166666666667,-998.3723056495061
1.2723833333333334,-998.3723429024091
1.2740666666666667,-998.3726269557944
1.2757333333333334,-998.3731019303077
1.2774,-998.3737445428845
1.2790666666666668,-998.3745268538476
1.2807333333333335,-998.3754255801325
1.2824,-998.3764034688363
1.2840666666666667,-998.3773999839916
1.2857333333333334,-998.3783359631796
1.2874,-998.3790996476911
1.2890666666666668,-998.3796072184945
1.2907333333333333,-998.3797841697838
1.2924,-998.3796118751073
1.2940666666666667,-998.3791415572069
1.2957333333333334,-998.3784616917271
1.2974,-998.37772129028
1.2990666666666668,-998.377046081413
1.3007333333333333,-998.3765478238354
1.3024,-998.3762730836758
1.3040833333333335,-998.3761939212569
1.30575,-998.3762404873856
1.3074166666666667,-998.3763289630302
1.3090833333333334,-998.3763755291591
1.31075,-998.3763475894818
1.3124166666666668,-998.3762544572243
1.3140833333333335,-998.3761566683539
1.31575,-998.3761473551282
1.3174166666666667,-998.3763196498045
1.3190833333333334,-998.3767340883504
1.32075,-998.377386014153
1.3224166666666668,-998.3782195478576
1.3240833333333335,-998.3791136175297
1.32575,-998.3799192115571
1.3274166666666667,-998.3805059447794
1.3290833333333334,-998.3807713717133
1.33075,-998.3806735828429
1.3324333333333334,-998.3802498310713
1.3341,-998.3795746222044
1.3357666666666668,-998.378764371564
1.3374333333333335,-998.3779168680207
1.3391,-998.377125243832
1.3407666666666667,-998.3764267519007
1.3424333333333334,-998.3758586451299
1.3441,-998.3754209235196
1.3457666666666668,-998.3751275569085
1.3474333333333335,-998.3750157981995
1.3491,-998.3751229002957
1.3507666666666667,-998.37551871239
1.3524333333333334,-998.3762404873856
1.3541,-998.3772882252825
1.3557666666666668,-998.3785920768877
1.3574333333333335,-998.3800216570404
1.3591,-998.3814000144514
1.3607666666666667,-998.3825548544445
1.3624500000000002,-998.3833371654075
1.3641166666666666,-998.3836724415346
1.3657833333333333,-998.3835467129869
1.36745,-998.3830158591192
1.3691166666666668,-998.382196295253
1.3707833333333335,-998.3812184065492
1.3724500000000002,-998.3802265480068
1.3741166666666667,-998.379365074625
1.3757833333333334,-998.378727118661
1.37745,-998.3783778726954
1.3791166666666668,-998.3783173367281
1.3807833333333335,-998.3784942880172
1.38245,-998.3788342207572
1.3841166666666667,-998.3792440026901
1.3857833333333334,-998.379663097849
1.38745,-998.3800635665563
1.3891166666666668,-998.3804547220377
1.3907833333333335,-998.3808505341322
1.3924666666666667,-998.3812649726781
1.3941333333333334,-998.3817073509011
1.3958000000000002,-998.3821543857372
1.3974666666666666,-998.3825921073475
1.3991333333333333,-998.382983262829
1.4008,-998.383281286053
1.4024666666666668,-998.3834535807295
1.4041333333333335,-998.3834535807295
1.4058000000000002,-998.3832486897629
1.4074666666666666,-998.3828295946041
1.4091333333333333,-998.3822149217046
1.4108,-998.381451237193
1.4124666666666668,-998.3806083902626
1.4141333333333335,-998.3797562301064
1.4158166666666667,-998.3789646059176
1.4174666666666667,-998.3782893970507
1.4191500000000001,-998.3777678564087
1.4208166666666668,-998.3774418935075
1.4224833333333333,-998.3773347914114
1.42415,-998.3774931162491
1.4258166666666667,-998.3779401510851
1.4274833333333334,-998.3786852091451
1.4291500000000001,-998.3797050073648
1.4308166666666666,-998.3809250399381
1.4324833333333333,-998.3822288915433
1.43415,-998.3835001468582
1.4358166666666667,-998.3845991074967
1.4374833333333334,-998.3854233279757
1.4391500000000002,-998.3858889892632
1.4408166666666666,-998.3859634950692
1.4424833333333333,-998.3856515020066
1.44415,-998.3850088894297
1.4458166666666667,-998.3841334462091
1.4474833333333335,-998.3831509008925
1.4491500000000002,-998.382196295253
1.4508333333333334,-998.3814000144514
1.4525000000000001,-998.3808458775193
1.4541666666666668,-998.3805618241339
1.4558333333333333,-998.380519914618
1.4575,-998.38066892623
1.4591666666666667,-998.3809390097767
1.4608333333333334,-998.3812789425167
1.4625000000000001,-998.3816700979982
1.4641666666666668,-998.3821124762213
1.4658333333333333,-998.3826200470247
1.4675,-998.3831834971827
1.4691666666666667,-998.3837795436307
1.4708333333333334,-998.3843569636272
1.4725000000000001,-998.3848505645919
1.4741666666666668,-998.3851904973319
1.4758333333333333,-998.3853301957181
1.4775,-998.3852463766864
1.4791666666666667,-998.3849669799139
1.48085,-998.3845385715293
1.4825166666666667,-998.3840310007259
1.4841833333333334,-998.3835141166968
1.4858500000000001,-998.3830298289578
1.4875166666666668,-998.3826014205732
1.4891833333333333,-998.3822102650918
1.49085,-998.381828422836
1.4925166666666667,-998.3814419239673
1.4941833333333334,-998.3810461118729
1.4958500000000001,-998.3806968659072
1.4975166666666668,-998.3804733484892
1.4991833333333333,-998.3804640352635
1.50085,-998.3807480886489
1.5025166666666667,-998.3813674181613
1.5041833333333334,-998.3822847708977
1.5058500000000001,-998.3834163278264
1.5075166666666668,-998.3846084207224
1.5092,-998.3857027247482
1.5108666666666668,-998.3865455716785
1.5125333333333335,-998.3870391726433
1.5142,-998.387127648288
1.5158666666666667,-998.3868342816768
1.5175333333333334,-998.3862335786159
1.5192,-998.38544661104
1.5208666666666668,-998.3845944508838
1.5225333333333335,-998.3837795436307
1.5242,-998.3830857083123
1.5258666666666667,-998.3825408846059
1.5275333333333334,-998.3821636989629
1.5292000000000001,-998.3819308683192
1.5308666666666668,-998.3818237662231
1.5325333333333333,-998.3818237662231
1.5342,-998.3819262117063
1.5358666666666667,-998.3821404158986
1.5375333333333334,-998.3824710354128
1.5392166666666667,-998.3829273834745
1.5408833333333334,-998.3834908336324
1.54255,-998.3841148197577
1.5442166666666668,-998.3847574323345
1.5458833333333335,-998.3853488221696
1.54755,-998.3858284532957
1.5492166666666667,-998.3861357897456
1.5508833333333334,-998.3862428918417
1.55255,-998.3861404463585
1.5542166666666668,-998.3858377665215
1.5558833333333335,-998.3853907316856
1.55755,-998.3848459079791
1.5592166666666667,-998.3842824578212
1.5608833333333334,-998.3837562605663
1.56255,-998.3833278521818
1.5642166666666668,-998.383020515732
1.5658833333333335,-998.3828528776685
1.5675666666666668,-998.3828016549269
1.5692333333333335,-998.3828482210556
1.5709000000000002,-998.382983262829
1.5725666666666667,-998.3831974670213
1.5742333333333334,-998.3834954902453
1.5759,-998.3838913023396
1.5775666666666668,-998.3843849033044
1.5792333333333335,-998.3849530100753
1.5809,-998.3855537131361
1.5825666666666667,-998.3861171632941
1.5842333333333334,-998.3865921378073
1.5859,-998.3869274139344
1.5875666666666668,-998.3871043652236
1.5892333333333335,-998.3871136784494
1.5909,-998.3869646668373
1.5925666666666667,-998.3866852700648
1.5942333333333334,-998.3862941145833
1.5959,-998.38581914007
1.5975833333333334,-998.3852789729765
1.59925,-998.3846968963671
1.6009166666666668,-998.3840961933062
1.6025833333333335,-998.3835187733097
1.6042500000000002,-998.3830018892805
1.6059166666666667,-998.3826060771861
1.6075833333333334,-998.3823965296067
1.60925,-998.3824291258968
1.6109166666666668,-998.3827644020239
1.6125833333333335,-998.3834209844392
1.6142500000000002,-998.3843755900787
1.6159166666666667,-998.3855350866846
1.6175833333333334,-998.3867690890966
1.61925,-998.3879239290897
1.6209166666666668,-998.3888412818261
1.6225833333333335,-998.3894140452097
1.62425,-998.3895723700475
1.6259166666666667,-998.3893209129523
1.6276000000000002,-998.3887155532784
1.6292666666666666,-998.3878680497352
1.6309333333333333,-998.3868994742571
1.6326,-998.3859588384563
1.6342666666666668,-998.3851579010418
1.6359333333333335,-998.3845618545937
1.6376000000000002,-998.3841939821766
1.6392666666666666,-998.3840216875002
1.6409333333333334,-998.3840030610487
1.6426,-998.3840775668547
1.6442666666666668,-998.384217265241
1.6459333333333335,-998.3844314694333
1.6476000000000002,-998.3847434624959
1.6492666666666667,-998.3851904973319
1.6509333333333334,-998.3857912003928
1.6526,-998.386526945227
1.6542666666666668,-998.3873418524803
1.65595,-998.3881521031205
1.6576166666666667,-998.3888552516647
1.6592833333333334,-998.3893721356939
1.6609500000000001,-998.3896422192406
1.6626166666666669,-998.3896422192406
1.6642833333333333,-998.3893907621454
1.66595,-998.3889344140836
1.6676166666666667,-998.3883430242485
1.6692833333333335,-998.3876910984459
1.6709500000000002,-998.3870391726433
1.6726166666666666,-998.3864244997438
1.6742833333333333,-998.3858750194246
1.67595,-998.3854047015242
1.6776166666666668,-998.3850321724941
1.6792833333333335,-998.3847853720117
1.6809500000000002,-998.3846922397543
1.6826166666666666,-998.384813311689
1.6842833333333334,-998.385185840719
1.6859666666666668,-998.3858424231344
1.6876333333333333,-998.3867644324837
1.6893,-998.3878959894124
1.6909666666666667,-998.3891206785986
1.6926333333333334,-998.3903127714947
1.6943000000000001,-998.3913185998757
1.6959666666666668,-998.3920077785813
1.6976333333333333,-998.3922871753538
1.6993,-998.3921335071288
1.7009666666666667,-998.3915747135839
1.7026333333333334,-998.390708583589
1.7043000000000001,-998.3896748155307
1.7059666666666669,-998.388622421021
1.7076333333333333,-998.3876957550588
1.7093,-998.3869926065146
1.7109833333333335,-998.38656419813
1.71265,-998.3864012166795
1.7143166666666667,-998.3864477828082
1.7159833333333334,-998.3866526737747
1.7176500000000001,-998.3869460403859
1.7193166666666668,-998.3873045995772
1.7209833333333333,-998.3877097248974
1.72265,-998.3881614163463
1.7243166666666667,-998.3886503606982
1.7259833333333334,-998.3891579315016
1.7276500000000001,-998.3896515324664
1.7293166666666668,-998.3900799408509
1.7309833333333333,-998.3903965905264
1.73265,-998.3905595719771
1.7343166666666667,-998.3905362889127
1.7359833333333334,-998.3903267413333
1.7376500000000001,-998.3899355858517
1.7393166666666668,-998.3894000753711
1.7409833333333333,-998.3887528061814
1.74265,-998.3880543142501
1.7443166666666667,-998.3873465090932
1.746,-998.3866713002262
1.7476666666666667,-998.3860659405524
1.7493333333333334,-998.3855304300718
1.7510000000000001,-998.3850694253971
1.7526666666666668,-998.3846875831414
1.7543333333333335,-998.3843942165302
1.756,-998.3842452049182
1.7576666666666667,-998.384291771047
1.7593333333333334,-998.3846037641096
1.7610000000000001,-998.3852137803963
1.7626666666666668,-998.3861171632941
1.7643333333333333,-998.387239406997
1.766,-998.3884734094089
1.7676666666666667,-998.3896841287565
1.7693333333333334,-998.3907225534276
1.7710000000000001,-998.3914769247134
1.7726666666666668,-998.3918727368078
1.77435,-998.3918820500336
1.7760166666666668,-998.391532804068
1.7776833333333335,-998.390894848104
1.77935,-998.3900939106895
1.7810166666666667,-998.3892417505333
1.7826833333333334,-998.3884734094089
1.78435,-998.3878680497352
1.7860166666666668,-998.387462924415
1.7876833333333335,-998.3872347503841
1.78935,-998.3871323049009
1.7910166666666667,-998.3871043652236
1.7926833333333334,-998.3871323049009
1.7943500000000001,-998.3872440636098
1.7960166666666668,-998.3874908640922
1.7976833333333335,-998.3879285857025
1.79935,-998.3885805115051
1.8010166666666667,-998.3893954187582
1.8027000000000002,-998.3902848318174
1.8043666666666667,-998.3911137089092
1.8060333333333334,-998.3917470082603
1.8077,-998.3920729711615
1.8093666666666668,-998.392017091807
1.8110333333333335,-998.3915654003581
1.8127,-998.3907598063307
1.8143666666666667,-998.3896980985951
1.8160333333333334,-998.3885153189248
1.8177,-998.3873791053833
1.8193666666666668,-998.386419843131
1.8210333333333335,-998.3857306644254
1.8227,-998.3853441655567
1.8243666666666667,-998.3852370634606
1.8260333333333334,-998.3853301957181
1.8277,-998.3855490565232
1.8293666666666668,-998.3858377665215
1.8310333333333335,-998.3861730426486
1.8327166666666668,-998.38656419813
1.8343833333333335,-998.3870438292562
1.8360500000000002,-998.3876259058657
1.8377166666666667,-998.3883197411841
1.8393833333333334,-998.3890927389214
1.84105,-998.3898983329487
1.8427166666666668,-998.3906666740731
1.8443833333333335,-998.3913372263272
1.8460500000000002,-998.3918541103563
1.8477166666666667,-998.3921754166447
1.8493833333333334,-998.3922732055152
1.85105,-998.3921474769675
1.8527166666666668,-998.3917982310019
1.8543833333333335,-998.3912627205212
1.8560500000000002,-998.3905735418157
1.8577166666666667,-998.3897912308527
1.8593833333333334,-998.3889623537608
1.86105,-998.3881521031205
1.8627333333333334,-998.3874163582863
1.8644,-998.3868109986124
1.8660666666666668,-998.3863965600666
1.8677333333333335,-998.3862335786159
1.8694000000000002,-998.3863732770022
1.8710666666666667,-998.3868435949026
1.8727333333333334,-998.3876259058657
1.8744,-998.3886410474724
1.8760666666666668,-998.389777261014
1.8777333333333335,-998.3908901914912
1.8794000000000002,-998.391830827292
1.8810666666666667,-998.3924827530946
1.8827333333333334,-998.392762149867
1.8844,-998.3926550477709
1.8860666666666668,-998.3921893864833
1.8877333333333335,-998.3914582982619
1.8894000000000002,-998.3905595719771
1.8910666666666667,-998.3896235927891
1.8927500000000002,-998.38876677602
1.8944166666666669,-998.3880822539275
1.8960833333333333,-998.3876212492528
1.89775,-998.387388418609
1.8994166666666668,-998.3873697921575
1.9010833333333335,-998.3875281169952
1.9027500000000002,-998.3878401100579
1.9044166666666669,-998.3882964581196
1.9060833333333334,-998.3888878479548
1.90775,-998.3896003097248
1.9094166666666668,-998.3903965905264
1.9110833333333335,-998.3912114977795
1.9127500000000002,-998.3919751822912
1.9144166666666667,-998.3926038250293
1.9160833333333334,-998.3930322334138
1.91775,-998.3932324677675
1.9194166666666668,-998.3931812450257
1.9211,-998.3929065048661
1.9227666666666667,-998.3924408435786
1.9244333333333334,-998.3918494537435
1.9261000000000001,-998.3912114977795
1.9277666666666669,-998.3906154513315
1.9294333333333333,-998.3901358202054
1.9311,-998.3898238271428
1.9327666666666667,-998.3896980985951
1.9344333333333334,-998.3897167250466
1.9361000000000002,-998.3898331403685
1.9377666666666669,-998.3899588689161
1.9394333333333333,-998.390038031335
1.9411,-998.3900473445608
1.9427666666666668,-998.390000778432
1.9444333333333335,-998.3899821519805
1.9461000000000002,-998.390075284238
1.9477666666666669,-998.3903593376234
1.9494500000000001,-998.3908808782654
1.9511166666666668,-998.3916166230997
1.9527833333333335,-998.3924874097074
1.95445,-998.3933535397022
1.9561166666666667,-998.3940660014721
1.9577833333333334,-998.3944757834051
1.9594500000000001,-998.3944897532438
1.9611166666666668,-998.394070658085
1.9627833333333333,-998.3932743772833
1.96445,-998.3921986997091
1.9661166666666667,-998.3909786671358
1.9677833333333334,-998.3897586345624
1.9694500000000001,-998.3886410474724
1.9711166666666669,-998.3876957550588
1.9727833333333333,-998.3869553536116
1.97445,-998.3864291563567
1.9761166666666667,-998.3861311331327
1.9777833333333334,-998.3860845670039
1.9794500000000002,-998.3863220542605
1.9811333333333334,-998.3868622213541
1.9828000000000001,-998.3877004116716
1.9844666666666668,-998.3887900590844
1.9861333333333335,-998.3900473445608
1.9878,-998.3913325697143
1.9894666666666667,-998.3924967229332
1.9911333333333334,-998.3933721661537
1.9928000000000001,-998.3938238576026
1.9944666666666668,-998.3937772914738
1.9961333333333335,-998.3932231545417
1.9978,-998.3922359526122
1.9994666666666667,-998.39096935391
2.001133333333333,-998.3896189361762
2.0028,-998.3883989036029
2.0044666666666666,-998.3874862074794
2.0061333333333335,-998.3869879499017
2.007816666666667,-998.3869274139344
2.0094833333333333,-998.3872347503841
2.01115,-998.3877935439291
2.0128166666666667,-998.3884640961832
2.0144833333333336,-998.389143961663
2.01615,-998.3897632911753
2.0178166666666666,-998.3903267413333
2.0194833333333335,-998.3908622518139
2.02115,-998.3914117321332
2.022816666666667,-998.3919891521298
2.0244833333333334,-998.3925851985778
2.02615,-998.3931439921228
2.027816666666667,-998.3936003401845
2.0294833333333333,-998.3938937067957
2.0311500000000002,-998.393996152279
2.0328166666666667,-998.3938937067957
2.0344833333333336,-998.3936236232489
2.03615,-998.3932371243803
2.0378166666666666,-998.3927947461572
2.0395000000000003,-998.3923430547082
2.041166666666667,-998.391905333098
2.0428333333333333,-998.3914629548748
2.0445,-998.3909926369745
2.0461666666666667,-998.3904757529452
2.0478333333333336,-998.3899076461745
2.0495,-998.3893348827909
2.0511666666666666,-998.3888412818261
2.0528333333333335,-998.3885386019891
2.0545,-998.3885292887634
2.056166666666667,-998.3888738781162
2.0578333333333334,-998.3895770266604
2.0595,-998.3905595719771
2.061166666666667,-998.3916864722928
2.0628333333333333,-998.3927761197057
2.0645000000000002,-998.393656219539
2.0661666666666667,-998.3941870734069
2.06785,-998.3942848622772
2.069516666666667,-998.3939402729245
2.0711833333333334,-998.393213841316
2.0728500000000003,-998.3921986997091
2.074516666666667,-998.3910345464903
2.0761833333333333,-998.3898610800458
2.07785,-998.3888273119875
2.0795166666666667,-998.3880403444115
2.0811833333333336,-998.3875514000596
2.08285,-998.3873744487704
2.0845166666666666,-998.3874722376407
2.0861833333333335,-998.387798200542
2.08785,-998.388282488281
2.089516666666667,-998.3888692215033
2.0911833333333334,-998.3895164906929
2.0928500000000003,-998.3901963561727
2.094516666666667,-998.3908762216525
2.0961833333333333,-998.3915467739066
2.0978666666666665,-998.3921847298705
2.0995333333333335,-998.3927574932542
2.1012,-998.3932464376061
2.102866666666667,-998.3936003401845
2.1045333333333334,-998.3937819480867
2.1062000000000003,-998.3937586650223
2.1078666666666668,-998.3935211777657
2.1095333333333333,-998.3930927693812
2.1112,-998.3925246626104
2.1128666666666667,-998.3918820500336
2.1145333333333336,-998.3912394374569
2.1162,-998.3906480476217
2.1178666666666666,-998.3901451334311
2.1195333333333335,-998.3897539779496
2.1212,-998.3894652679513
2.122866666666667,-998.3892696902105
2.1245333333333334,-998.3891532748887
2.1262000000000003,-998.3891393050501
2.1278833333333336,-998.3892650335977
2.12955,-998.3895770266604
2.131216666666667,-998.3901032239153
2.1328833333333335,-998.3908482819753
2.13455,-998.3917609780989
2.136216666666667,-998.3927574932542
2.1378833333333334,-998.3937027856679
2.1395500000000003,-998.3944571569536
2.1412166666666668,-998.3948762521123
2.1428833333333333,-998.3948669388866
2.14455,-998.3944012775991
2.1462166666666667,-998.3935165211528
2.1478833333333336,-998.3923104584181
2.14955,-998.3909274443942
2.1512166666666666,-998.3895397737574
2.1528833333333335,-998.3882918015067
2.15455,-998.3872906297386
2.1562333333333332,-998.386606107646
2.1579,-998.3862568616803
2.1595666666666666,-998.3862428918417
2.1612333333333336,-998.3865455716785
2.1629,-998.387127648288
2.164566666666667,-998.3879518687669
2.1662333333333335,-998.3889623537608
2.1679,-998.3900706276252
2.169566666666667,-998.3911695882637
2.1712333333333333,-998.3921335071288
2.1729000000000003,-998.392836655673
2.1745666666666668,-998.3931952148645
2.1762333333333332,-998.3931579619614
2.1779,-998.3927574932542
2.1795666666666667,-998.3920822843872
2.1812333333333336,-998.3912627205212
2.1829,-998.3904571264937
2.184566666666667,-998.3898098573042
2.1862500000000002,-998.3894093885968
2.1879166666666667,-998.3892790034363
2.1895833333333337,-998.3893767923067
2.19125,-998.3895956531119
2.1929166666666666,-998.3898005440784
2.1945833333333336,-998.3898797064973
2.19625,-998.3897539779496
2.197916666666667,-998.3894233584355
2.1995833333333334,-998.3889623537608
2.20125,-998.3884920358604
2.202916666666667,-998.3881614163463
2.2045833333333333,-998.3880775973146
2.2062500000000003,-998.3883057713454
2.2079166666666667,-998.3888319686004
2.2095833333333332,-998.3895770266604
2.21125,-998.3904338434294
2.2129166666666666,-998.3912766903599
2.2145833333333336,-998.3919984653555
2.216266666666667,-998.3925106927718
2.2179333333333333,-998.392762149867
2.2196000000000002,-998.3927248969641
2.2212666666666667,-998.3923989340627
2.2229333333333336,-998.3917982310019
2.2246,-998.3909646972971
2.2262666666666666,-998.3899681821418
2.2279333333333335,-998.3888925045677
2.2296,-998.3878214836064
2.231266666666667,-998.3868575647413
2.2329333333333334,-998.3860938802296
2.2346,-998.3856189057163
2.236266666666667,-998.3855071470074
2.2379333333333333,-998.3858098268443
2.2396000000000003,-998.3865176320013
2.2412666666666667,-998.3875793397369
2.2429333333333332,-998.3888878479548
2.244616666666667,-998.3902941450432
2.2462833333333334,-998.3916352495512
2.24795,-998.3927481800284
2.249616666666667,-998.3935025513142
2.2512833333333333,-998.3938052311511
2.2529500000000002,-998.3936236232489
2.2546166666666667,-998.3929856672851
2.2562833333333336,-998.391979838904
2.25795,-998.3907411798791
2.2596166666666666,-998.3894512981127
2.2612833333333335,-998.3882731750552
2.26295,-998.3873651355447
2.264616666666667,-998.3868156552253
2.2662833333333334,-998.3866526737747
2.26795,-998.3868296250639
2.269616666666667,-998.387239406997
2.2712833333333333,-998.3877562910261
2.2729500000000002,-998.3882685184424
2.2746333333333335,-998.3887015834398
2.2763,-998.3890415161798
2.277966666666667,-998.3893115997265
2.2796333333333334,-998.389553743596
2.2813000000000003,-998.3898098573042
2.282966666666667,-998.3900985673024
2.2846333333333333,-998.3904291868165
2.2863,-998.3907830893951
2.2879666666666667,-998.3911276787478
2.2896333333333336,-998.3914070755203
2.2913,-998.3915747135839
2.2929666666666666,-998.3915793701967
2.2946333333333335,-998.3913977622946
2.2963,-998.391011263426
2.297966666666667,-998.3904338434294
2.2996333333333334,-998.3897074118208
2.3013166666666667,-998.3888878479548
2.3029833333333336,-998.3880310311857
2.30465,-998.3871974974811
2.3063166666666666,-998.386457096034
2.3079833333333335,-998.3858657061988
2.30965,-998.3854885205559
2.311316666666667,-998.3854047015242
2.3129833333333334,-998.3856515020066
2.3146500000000003,-998.3862475484545
2.316316666666667,-998.3871602445781
2.3179833333333333,-998.388282488281
2.31965,-998.3894838944028
2.3213166666666667,-998.39059682488
2.3229833333333336,-998.3914582982619
2.32465,-998.3919425860009
2.3263166666666666,-998.3919844955169
2.3279833333333335,-998.3915840268096
2.32965,-998.3908156856852
2.331316666666667,-998.3898005440784
2.3329833333333334,-998.3886876136012
2.3346666666666667,-998.3876398757043
2.3363333333333336,-998.386787715548
2.338,-998.3862102955516
2.3396666666666666,-998.3859308987791
2.3413333333333335,-998.3859122723276
2.343,-998.3860705971653
2.344666666666667,-998.3863360240991
2.3463333333333334,-998.3866340473232
2.3480000000000003,-998.3869600102245
2.349666666666667,-998.3873232260287
2.3513333333333333,-998.3877656042519
2.353,-998.3883057713454
2.3546666666666667,-998.3889437273093
2.3563333333333336,-998.3896329060149
2.358,-998.3902988016561
2.3596666666666666,-998.3908715650397
2.3613333333333335,-998.3912906601985
2.3630166666666668,-998.3915188342294
2.3646833333333332,-998.3915654003581
2.36635,-998.3914582982619
2.3680166666666667,-998.3912534072955
2.3696833333333336,-998.3909926369745
2.37135,-998.3907178968147
2.373016666666667,-998.3904291868165
2.3746833333333335,-998.3900939106895
2.37635,-998.3896748155307
2.378016666666667,-998.3891393050501
2.3796833333333334,-998.3884920358604
2.3813500000000003,-998.3877842307033
2.383016666666667,-998.3871136784494
2.3846833333333333,-998.3865967944201
2.38635,-998.3863732770022
2.3880166666666667,-998.386526945227
2.3896833333333336,-998.387090395385
2.391366666666667,-998.3879984348956
2.3930333333333333,-998.3891299918243
2.3947000000000003,-998.3903034582689
2.3963666666666668,-998.3913279131015
2.3980333333333332,-998.39205434471
2.3997,-998.3923663377726
2.4013666666666666,-998.3922266393864
2.4030333333333336,-998.3916678458413
2.4047,-998.3907691195565
2.406366666666667,-998.3896515324664
2.4080333333333335,-998.3884640961832
2.4097,-998.3873558223189
2.411366666666667,-998.3864384695825
2.4130333333333334,-998.3858005136185
2.4147000000000003,-998.3854559242658
2.4163666666666668,-998.3854047015242
2.4180333333333333,-998.3856095924906
2.4197,-998.386042657488
2.4213833333333334,-998.386680613452
2.42305,-998.3874955207051
2.424716666666667,-998.3884408131188
2.4263833333333333,-998.3894559547256
2.4280500000000003,-998.390447813268
2.4297166666666667,-998.3913185998757
2.4313833333333332,-998.3919705256783
2.43305,-998.3923290848696
2.4347166666666666,-998.3923663377726
2.4363833333333336,-998.3921009108387
2.43805,-998.3915979966482
2.439716666666667,-998.3909414142328
2.4413833333333335,-998.3902289524628
2.44305,-998.389553743596
2.444716666666667,-998.3889949500509
2.4463833333333334,-998.3886084511823
2.4480500000000003,-998.3884128734416
2.4497166666666668,-998.3883942469901
2.4514,-998.3884873792475
2.453066666666667,-998.3886037945695
2.4547333333333334,-998.3886503606982
2.4564,-998.3885711982794
2.458066666666667,-998.3883569940871
2.4597333333333333,-998.3880729407017
2.4614000000000003,-998.3878075137677
2.4630666666666667,-998.3876817852201
2.4647333333333337,-998.3877702608647
2.4664,-998.3881288200562
2.4680666666666666,-998.3887341797299
2.4697333333333336,-998.3895258039187
2.4714,-998.3903779640749
2.473066666666667,-998.391155618425
2.4747333333333335,-998.3917190685829
2.4764,-998.3919518992267
2.478066666666667,-998.3918075442276
2.4797333333333333,-998.3912813469727
2.4814166666666666,-998.3904431566551
2.4830833333333335,-998.3894093885968
2.48475,-998.3883150845712
2.486416666666667,-998.3872999429643
2.4880833333333334,-998.3864617526468
2.48975,-998.3858703628117
2.491416666666667,-998.3855537131361
2.4930833333333333,-998.3855164602331
2.4947500000000002,-998.3857586041026
2.4964166666666667,-998.3862615182932
2.4980833333333337,-998.387015889579
2.49975,-998.3879658386055
2.5014166666666666,-998.3890368595668
2.5030833333333335,-998.3901171937539
2.50475,-998.3910671427805
2.506416666666667,-998.391756321486
2.5080833333333334,-998.3920869410001
2.5097666666666667,-998.3920124351941
2.5114333333333336,-998.3915467739066
2.5131,-998.3907691195565
2.5147666666666666,-998.389814513917
2.5164333333333335,-998.3888226553746
2.5181,-998.3879378989283
2.519766666666667,-998.3872766599
2.5214333333333334,-998.3868948176442
2.5231000000000003,-998.3867784023223
2.524766666666667,-998.3868575647413
2.5264333333333333,-998.3870205461918
2.5281000000000002,-998.387164901191
2.5297666666666667,-998.3872207805455
2.5314333333333336,-998.3871788710296
2.5331,-998.3870764255463
2.5347666666666666,-998.3870065763532
2.5364333333333335,-998.3870531424819
2.538116666666667,-998.3872906297386
2.5397833333333333,-998.3877516344132
2.54145,-998.3884082168287
2.5431166666666667,-998.3891858711788
2.5447833333333336,-998.3899821519805
2.54645,-998.3906759872989
2.5481166666666666,-998.3911695882637
2.5497833333333335,-998.3913837924559
2.55145,-998.3912953168114
2.553116666666667,-998.3909088179427
2.5547833333333334,-998.3902848318174
2.5564500000000003,-998.3894978642414
2.558116666666667,-998.3886270776338
2.5597833333333333,-998.3877376645746
2.5614500000000002,-998.3868948176442
2.5631166666666667,-998.3861357897456
2.5647833333333336,-998.3855024903945
2.56645,-998.3850461423327
2.5681166666666666,-998.3848226249147
2.5698000000000003,-998.3849017873337
2.571466666666667,-998.385334852331
2.5731333333333333,-998.3861171632941
2.5748,-998.3872114673197
2.5764666666666667,-998.3884920358604
2.5781333333333336,-998.3898052006913
2.5798,-998.3909507274585
2.5814666666666666,-998.3917702913246
2.5831333333333335,-998.3921474769675
2.5848,-998.3920450314843
2.586466666666667,-998.3915002077779
2.5881333333333334,-998.3906014814929
2.5898000000000003,-998.3894885510157
2.591466666666667,-998.3882918015067
2.5931333333333333,-998.3871509313524
2.5948,-998.3861730426486
2.5964833333333335,-998.3854372978143
2.59815,-998.3849902629782
2.599816666666667,-998.3848365947533
2.6014833333333334,-998.3849343836238
2.6031500000000003,-998.3852370634606
2.604816666666667,-998.3856887549096
2.6064833333333333,-998.3862522050674
2.60815,-998.3868994742571
2.6098166666666667,-998.3875979661884
2.6114833333333336,-998.3883197411841
2.61315,-998.3890135765024
2.614816666666667,-998.3896235927891
2.6164833333333335,-998.3900939106895
2.61815,-998.3903872773006
2.619816666666667,-998.3904897227839
2.6214833333333334,-998.390410560365
2.6231500000000003,-998.3901777297212
2.624816666666667,-998.3898424535943
2.6264833333333333,-998.389441984887
2.628166666666667,-998.3890228897282
2.6298333333333335,-998.3886317342467
2.6315,-998.3882871448939
2.633166666666667,-998.3880030915085
2.6348333333333334,-998.3877562910261
2.6365000000000003,-998.3875327736081
2.6381666666666668,-998.3873139128029
2.6398333333333333,-998.3870950519979
2.6415,-998.3869087874829
2.6431666666666667,-998.3868063419995
2.6448333333333336,-998.3868529081284
2.6465,-998.3871136784494
2.648166666666667,-998.3876165926399
2.6498333333333335,-998.3883430242485
2.6515,-998.3892231240818
2.653166666666667,-998.3901591032698
2.6548333333333334,-998.3910066068131
2.6565166666666666,-998.391644562777
2.6581833333333336,-998.3919705256783
2.65985,-998.3919379293881
2.661516666666667,-998.3915467739066
2.6631833333333335,-998.3908482819753
2.66485,-998.389926272626
2.666516666666667,-998.3888785347291
2.6681833333333334,-998.3878214836064
2.6698500000000003,-998.386866877967
2.6715166666666668,-998.3861078500682
2.6731833333333332,-998.3856095924906
2.67485,-998.3853860750727
2.6765166666666667,-998.3854372978143
2.6781833333333336,-998.3857260078125
2.67985,-998.3862149521644
2.681516666666667,-998.3868761911928
2.6831833333333335,-998.3876678153815
2.68485,-998.3885479152149
2.6865333333333337,-998.389441984887
2.6882,-998.3902755185917
2.6898666666666666,-998.3909646972971
2.6915333333333336,-998.3914303585847
2.6932,-998.3916352495512
2.694866666666667,-998.3915607437452
2.6965333333333334,-998.3912394374569
2.6982,-998.3907225534276
2.699866666666667,-998.3901032239153
2.7015333333333333,-998.3894652679513
2.7032000000000003,-998.3888971611806
2.7048666666666668,-998.3884547829574
2.7065333333333337,-998.3881474465077
2.7082,-998.387947212154
2.7098666666666666,-998.3877842307033
2.7115333333333336,-998.3875793397369
2.7132,-998.3872906297386
2.714866666666667,-998.3869087874829
2.7165500000000002,-998.3864990055498
2.7182166666666667,-998.3861683860357
2.7198833333333337,-998.3860473141009
2.72155,-998.3862382352288
2.7232166666666666,-998.386787715548
2.7248833333333335,-998.3876817852201
2.72655,-998.3888319686004
2.728216666666667,-998.3901032239153
2.7298833333333334,-998.3913325697143
2.73155,-998.3923477113211
2.733216666666667,-998.3930275768009
2.7348833333333333,-998.3932883471219
2.7365500000000003,-998.3931253656713
2.7382166666666667,-998.392575885352
2.7398833333333337,-998.3917283818088
2.74155,-998.3906946137504
2.7432166666666666,-998.389590996499
2.7449000000000003,-998.388506005699
2.746566666666667,-998.3875141471566
2.7482333333333333,-998.3866759568391
2.7499000000000002,-998.3860380008751
2.7515666666666667,-998.3856468453937
2.7532333333333336,-998.3855443999104
2.7549,-998.3857586041026
2.7565666666666666,-998.3862894579704
2.7582333333333335,-998.3871090218365
2.7599,-998.3881427898948
2.761566666666667,-998.3892743468234
2.7632333333333334,-998.3903779640749
2.7649,-998.3913139432628
2.766566666666667,-998.3919612124524
2.7682333333333333,-998.3922499224508
2.7699000000000003,-998.3921474769675
2.7715666666666667,-998.3916818156799
2.7732333333333337,-998.390932101007
2.774916666666667,-998.3900054350448
2.7765833333333334,-998.3890228897282
2.7782500000000003,-998.3881148502176
2.779916666666667,-998.387388418609
2.7815833333333333,-998.38690413087
2.7832500000000002,-998.3866713002262
2.7849166666666667,-998.3866526737747
2.7865833333333336,-998.3867644324837
2.78825,-998.3869227573215
2.7899166666666666,-998.3870577990948
2.7915833333333335,-998.3871602445781
2.79325,-998.3872440636098
2.794916666666667,-998.387351165706
2.7965833333333334,-998.3875327736081
2.7982500000000003,-998.3878168269935
2.799916666666667,-998.3881986692493
2.8015833333333333,-998.3886643305368
2.8032500000000002,-998.3891486182758
2.8049333333333335,-998.3896003097248
2.8066,-998.3899588689161
2.808266666666667,-998.3901730731084
2.8099333333333334,-998.3902010127856
2.8116000000000003,-998.3900240614964
2.813266666666667,-998.3896375626277
2.8149333333333333,-998.389069455857
2.8166,-998.3883616507
2.8182666666666667,-998.3875700265111
2.8199333333333336,-998.3867551192579
2.8216,-998.385968151682
2.8232666666666666,-998.3852556899121
2.8249333333333335,-998.3846689566899
2.8266,-998.3842731445955
2.828266666666667,-998.3841334462091
2.82995,-998.3843103974984
2.8316000000000003,-998.3848412513662
2.8332833333333336,-998.3857260078125
2.83495,-998.3868948176442
2.836616666666667,-998.3882219523136
2.8382833333333335,-998.389553743596
2.83995,-998.3907178968147
2.841616666666667,-998.3915654003581
2.8432833333333334,-998.3919844955169
2.8449500000000003,-998.3919286161623
2.846616666666667,-998.3914210453589
2.8482833333333333,-998.3905502587513
2.84995,-998.3894373282741
2.8516166666666667,-998.3882498919909
2.8532833333333336,-998.3871323049009
2.85495,-998.3862056389387
2.8566166666666666,-998.3855304300718
2.8582833333333335,-998.3851299613644
2.8599666666666668,-998.3849716365268
2.861616666666667,-998.3850135460426
2.8633,-998.3852277502349
2.8649666666666667,-998.3855863094262
2.8666333333333336,-998.3861031934554
2.8683,-998.3867737457094
2.869966666666667,-998.3875700265111
2.8716333333333335,-998.3884547829574
2.8733,-998.3893395394037
2.874966666666667,-998.3901265069796
2.8766333333333334,-998.3907178968147
2.8783000000000003,-998.3910205766517
2.8799833333333336,-998.3909879803615
2.88165,-998.3906107947187
2.883316666666667,-998.3899309292389
2.8849833333333335,-998.3890368595668
2.88665,-998.3880263745729
2.888316666666667,-998.3870112329661
2.8899833333333333,-998.3860938802296
2.8916500000000003,-998.385334852331
2.8933166666666668,-998.3847807153988
2.8949833333333337,-998.3844221562075
2.89665,-998.3842265784667
2.8983166666666667,-998.3841613858865
2.8999833333333336,-998.3842032954024
2.90165,-998.3843523070143
2.903316666666667,-998.3846549868513
2.9049833333333335,-998.3851439312032
2.90665,-998.3858610495859
2.908316666666667,-998.3867923721609
2.9099833333333334,-998.3878820195738
2.9116500000000003,-998.3890368595668
2.9133166666666668,-998.3901171937539
2.9149833333333333,-998.3909879803615
2.91665,-998.3915467739066
2.9183166666666667,-998.3917190685829
2.92,-998.391495551165
2.92165,-998.3909274443942
2.9233333333333333,-998.3901218503668
2.9250000000000003,-998.3892044976303
2.9266666666666667,-998.3883104279583
2.9283333333333337,-998.387537430221
2.93,-998.386941383773
2.9316666666666666,-998.3865316018399
2.9333333333333336,-998.3862801447447
2.935,-998.3861404463585
2.936666666666667,-998.3860938802296
2.9383333333333335,-998.3861451029713
2.94,-998.3863127410348
2.941666666666667,-998.3866340473232
2.9433333333333334,-998.3871229916751
2.9450000000000003,-998.3877562910261
2.9466666666666668,-998.3884873792475
2.9483333333333337,-998.3892324373076
2.950016666666667,-998.3898983329487
2.9516833333333334,-998.3903872773006
2.95335,-998.3906201079444
2.955016666666667,-998.3905502587513
2.9566833333333333,-998.3901823863341
2.9583500000000003,-998.3895677134346
2.9600166666666667,-998.3887993723102
2.9616833333333337,-998.3879984348956
2.96335,-998.3872720032871
2.9650166666666666,-998.3866852700648
2.9666833333333336,-998.3862848013575
2.96835,-998.3860473141009
2.970016666666667,-998.3859355553919
2.9717000000000002,-998.3859076157147
2.9733666666666667,-998.3859262421662
2.9750333333333336,-998.3859821215207
2.9767,-998.3860845670039
2.9783666666666666,-998.3862568616803
2.9800333333333335,-998.386526945227
2.9817,-998.3868994742571
2.983366666666667,-998.3873697921575
2.9850333333333334,-998.3879053026382
2.9867000000000004,-998.388468752796
2.988366666666667,-998.3890042632767
2.9900333333333333,-998.3894559547256
2.9917000000000002,-998.3897679477882
2.9933666666666667,-998.3899076461745
2.9950333333333337,-998.3898471102071
2.9967,-998.3895770266604
2.9983666666666666,-998.38910670876
3.0000333333333336,-998.388468752796
3.0017,-998.3877050682845
3.003366666666667,-998.3868808478056
3.0050333333333334,-998.3860659405524
3.0067,-998.3853301957181
3.008366666666667,-998.3847341492701
3.01005,-998.3843383371757
3.0117166666666666,-998.3841986387895
3.0133833333333335,-998.3843383371757
3.01505,-998.3847714021731
3.016716666666667,-998.3854792073301
3.0183833333333334,-998.386382590228
3.0200500000000003,-998.3873977318348
3.021716666666667,-998.3884035602158
3.0233833333333333,-998.3892836600493
3.0250500000000002,-998.3899309292389
3.0267166666666667,-998.3902848318174
3.0283833333333336,-998.3903174281076
3.03005,-998.3900473445608
3.0317166666666666,-998.3895351171445
3.0333833333333335,-998.3888552516647
3.03505,-998.3881008803789
3.036716666666667,-998.387351165706
3.0383833333333334,-998.3866619870005
3.0400666666666667,-998.3860659405524
3.0417333333333336,-998.3855630263619
3.0434,-998.385148587816
3.045066666666667,-998.3848179683018
3.0467333333333335,-998.3845711678194
3.0484,-998.3844314694333
3.050066666666667,-998.384440782659
3.0517333333333334,-998.3846317037868
3.0534000000000003,-998.3850321724941
3.055066666666667,-998.3856189057163
3.0567333333333333,-998.3863313674863
3.0584000000000002,-998.3870810821592
3.0600666666666667,-998.3877330079617
3.0617333333333336,-998.388170729572
3.0634,-998.3883011147325
3.0650666666666666,-998.3880775973146
3.0667500000000003,-998.387537430221
3.0684,-998.3867597758708
3.0700833333333333,-998.3858796760375
3.07175,-998.3850507989456
3.0734166666666667,-998.384403529756
3.0750833333333336,-998.3840170308873
3.07675,-998.3839145854041
3.078416666666667,-998.3840449705646
3.0800833333333335,-998.3843057408856
3.08175,-998.3845897942709
3.083416666666667,-998.3847993418503
3.0850833333333334,-998.3849017873337
3.0867500000000003,-998.384925070398
3.088416666666667,-998.3849483534624
3.0900833333333333,-998.3850787386228
3.09175,-998.3853953882984
3.0934166666666667,-998.3859355553919
3.0950833333333336,-998.3866573303876
3.09675,-998.3874862074794
3.0984333333333334,-998.3882918015067
3.1001000000000003,-998.3889483839222
3.101766666666667,-998.3893441960166
3.1034333333333333,-998.3893954187582
3.1051,-998.3890741124699
3.1067666666666667,-998.3884268432802
3.1084333333333336,-998.3875327736081
3.1101,-998.3865129753884
3.111766666666667,-998.3854931771688
3.1134333333333335,-998.3845804810452
3.1151,-998.3838540494366
3.116766666666667,-998.3833371654075
3.1184333333333334,-998.3830484554093
3.1201000000000003,-998.3829692929904
3.121766666666667,-998.3830810516994
3.1234333333333333,-998.3833744183105
3.1251,-998.3838493928238
3.1267833333333335,-998.3844966620135
3.12845,-998.3852882862022
3.130116666666667,-998.3861730426486
3.1317833333333334,-998.3870577990948
3.1334500000000003,-998.3878401100579
3.1351166666666668,-998.3884175300544
3.1367833333333337,-998.3887108966655
3.13845,-998.3886876136012
3.1401166666666667,-998.3883523374742
3.1417833333333336,-998.3877423211875
3.14345,-998.386941383773
3.145116666666667,-998.3860333442623
3.1467833333333335,-998.3851159915258
3.14845,-998.3842824578212
3.150116666666667,-998.3836119055671
3.1517833333333334,-998.3831555575053
3.1534500000000003,-998.3829273834745
3.155116666666667,-998.3829134136358
3.1567833333333333,-998.3830763950865
3.158466666666667,-998.3833790749234
3.1601333333333335,-998.3837795436307
3.1618,-998.384254518144
3.163466666666667,-998.3847946852375
3.1651333333333334,-998.3853814184598
3.1668000000000003,-998.3859960913593
3.1684666666666668,-998.3866154208717
3.1701333333333337,-998.3871928408682
3.1718,-998.3876957550588
3.1734666666666667,-998.3880915671532
3.1751333333333336,-998.3883616507
3.1768,-998.3884966924733
3.178466666666667,-998.3884873792475
3.1801333333333335,-998.3883523374742
3.1818166666666667,-998.3881055369918
3.183466666666667,-998.3877516344132
3.18515,-998.3873092561901
3.1868166666666666,-998.3867830589352
3.1884833333333336,-998.3861683860357
3.19015,-998.3854605808787
3.191816666666667,-998.3846689566899
3.1934833333333335,-998.3838307663723
3.19515,-998.383020515732
3.196816666666667,-998.3823546200908
3.1984833333333333,-998.3819494947707
3.2001500000000003,-998.3819075852548
3.2018166666666668,-998.3822801142849
3.2034833333333337,-998.3830484554093
3.20515,-998.3841055065319
3.2068166666666666,-998.3852929428151
3.2084833333333336,-998.3864291563567
3.21015,-998.3873418524803
3.211816666666667,-998.3878866761867
3.2134833333333335,-998.3879984348956
3.2151666666666667,-998.3876678153815
3.2168333333333337,-998.3869693234502
3.2185,-998.3860147178108
3.2201666666666666,-998.3849576666881
3.2218333333333335,-998.38395649492
3.2235,-998.3831462442796
3.225166666666667,-998.3826153904118
3.2268333333333334,-998.3823965296067
3.2285000000000004,-998.3824477523484
3.230166666666667,-998.3826992094437
3.2318333333333333,-998.3830531120221
3.2335000000000003,-998.3834442675037
3.2351666666666667,-998.3838307663723
3.2368333333333337,-998.384217265241
3.2385,-998.3846270471739
3.2401666666666666,-998.3850973650743
3.2418333333333336,-998.385637532168
3.2435,-998.3862335786159
3.2451833333333333,-998.3868435949026
3.2468500000000002,-998.3874023884476
3.2485166666666667,-998.3878354534451
3.2501833333333336,-998.3880915671532
3.25185,-998.3881474465077
3.2535166666666666,-998.3879984348956
3.2551833333333335,-998.3876817852201
3.25685,-998.3872347503841
3.258516666666667,-998.3867038965163
3.2601833333333334,-998.3861171632941
3.2618500000000004,-998.3854885205559
3.263516666666667,-998.3848226249147
3.2651833333333333,-998.3841055065319
3.2668500000000003,-998.3833418220204
3.2685166666666667,-998.382573480896
3.2701833333333337,-998.3818703323518
3.27185,-998.3813581049355
3.2735166666666666,-998.3811625271948
3.2752000000000003,-998.3813860446128
3.276866666666667,-998.3820752233183
3.2785333333333333,-998.3831881537956
3.2802000000000002,-998.3846084207224
3.2818666666666667,-998.38615907281
3.2835333333333336,-998.3876305624785
3.2852,-998.3888273119875
3.2868666666666666,-998.3895956531119
3.2885333333333335,-998.3898471102071
3.2902,-998.3895723700475
3.291866666666667,-998.3888412818261
3.2935333333333334,-998.3877656042519
3.2952000000000004,-998.3864943489369
3.296866666666667,-998.3851765274933
3.2985333333333333,-998.3839378684685
3.3002000000000002,-998.3828761607328
3.3018666666666667,-998.3820612534797
3.3035333333333337,-998.3815397128377
3.305216666666667,-998.3813441350969
3.3068833333333334,-998.3814978033218
3.3085500000000003,-998.3820100307381
3.310216666666667,-998.3828528776685
3.3118833333333333,-998.3839658081457
3.31355,-998.3852463766864
3.3152166666666667,-998.3865502282914
3.3168833333333336,-998.3877283513489
3.31855,-998.3886457040853
3.320216666666667,-998.3891998410174
3.3218833333333335,-998.3893628224681
3.32355,-998.3891532748887
3.325216666666667,-998.3886503606982
3.3268833333333334,-998.3879425555411
3.3285500000000003,-998.387127648288
3.330216666666667,-998.3862987711962
3.3318833333333333,-998.3855304300718
3.333566666666667,-998.3848738476563
3.3352333333333335,-998.38436162024
3.3369,-998.3839984044358
3.338566666666667,-998.3837655737921
3.3402333333333334,-998.3836305320186
3.3419000000000003,-998.3835560262127
3.343566666666667,-998.3835280865354
3.3452333333333333,-998.3835606828255
3.3469,-998.3836817547603
3.3485666666666667,-998.3839378684685
3.3502333333333336,-998.3843662768529
3.3519,-998.3849856063654
3.353566666666667,-998.3857865437799
3.3552333333333335,-998.386717866355
3.3569,-998.387686441833
3.358566666666667,-998.388585168118
3.3602333333333334,-998.3893069431136
3.3619000000000003,-998.3897632911753
3.3635833333333336,-998.3898936763359
3.36525,-998.3896748155307
3.366916666666667,-998.3891206785986
3.3685833333333335,-998.3882871448939
3.37025,-998.3872580334485
3.371916666666667,-998.3861264765198
3.3735833333333334,-998.3850042328169
3.3752500000000003,-998.3839797779843
3.376916666666667,-998.383132274441
3.3785833333333337,-998.3825269147673
3.38025,-998.3822102650918
3.3819166666666667,-998.382238204769
3.3835833333333336,-998.3826247036376
3.38525,-998.3833604484719
3.386916666666667,-998.3843895599173
3.3885833333333335,-998.3856049358777
3.39025,-998.3868622213541
3.391916666666667,-998.3880170613471
3.3936,-998.3889111310192
3.3952666666666667,-998.3894326716612
3.3969333333333336,-998.3895071774672
3.3986,-998.3891253352115
3.400266666666667,-998.3883476808613
3.4019333333333335,-998.3872859731257
3.4036,-998.3860938802296
3.405266666666667,-998.3849436968495
3.4069333333333334,-998.3839844345972
3.4086000000000003,-998.3833278521818
3.410266666666667,-998.3830112025063
3.4119333333333337,-998.3829972326677
3.4136,-998.3832021236342
3.4152666666666667,-998.383504803471
3.4169500000000004,-998.383802826695
3.4186,-998.3840403139517
3.420266666666667,-998.3842219218539
3.4219500000000003,-998.384403529756
3.4236166666666668,-998.3846456736255
3.4252833333333337,-998.3850042328169
3.42695,-998.3854978337816
3.4286166666666666,-998.3860985368425
3.4302833333333336,-998.3867551192579
3.43195,-998.3873837619961
3.433616666666667,-998.387909959251
3.4352833333333335,-998.3882731750552
3.43695,-998.3884408131188
3.438616666666667,-998.3884128734416
3.4402833333333334,-998.3882126390879
3.4419500000000003,-998.3878633931223
3.4436166666666668,-998.3874023884476
3.4452833333333337,-998.3868342816768
3.44695,-998.38615907281
3.4486166666666667,-998.3853767618469
3.4503000000000004,-998.3845059752392
3.451966666666667,-998.3835839658899
3.4536333333333333,-998.3826992094437
3.4553000000000003,-998.3819867476737
3.4569666666666667,-998.3815909355793
3.4586333333333337,-998.3816561281595
3.4603,-998.3822475179948
3.4619666666666666,-998.3833418220204
3.4636333333333336,-998.3847993418503
3.4653,-998.3864105299052
3.466966666666667,-998.3879285857025
3.4686333333333335,-998.3891486182758
3.4703000000000004,-998.3899123027874
3.471966666666667,-998.3901637598826
3.4736333333333334,-998.3899076461745
3.4753000000000003,-998.3892277806947
3.4769833333333335,-998.3882405787651
3.47865,-998.3870810821592
3.480316666666667,-998.3858750194246
3.4819833333333334,-998.3847434624959
3.4836500000000004,-998.3837842002436
3.485316666666667,-998.3830717384736
3.4869833333333333,-998.382647986702
3.4886500000000003,-998.382536227993
3.4903166666666667,-998.3827178358952
3.4919833333333337,-998.3831555575053
3.49365,-998.3837935134693
3.4953166666666666,-998.3845711678194
3.4969833333333336,-998.385409358137
3.49865,-998.3862382352288
3.500316666666667,-998.3869693234502
3.5019833333333334,-998.3875327736081
3.5036500000000004,-998.3878773629609
3.505316666666667,-998.3879751518313
3.5069833333333333,-998.3878354534451
3.5086500000000003,-998.3875094905437
3.5103166666666668,-998.3870484858691
3.512,-998.3865222886142
3.513666666666667,-998.3859867781335
3.5153333333333334,-998.385483863943
3.5170000000000003,-998.3850507989456
3.518666666666667,-998.3847108662058
3.5203333333333333,-998.3844687223362
3.5220000000000002,-998.3843103974984
3.5236666666666667,-998.3842079520152
3.5253333333333337,-998.3841148197577
3.527,-998.3840123742744
3.5286666666666666,-998.3839052721783
3.5303333333333335,-998.3838307663723
3.532,-998.3838680192753
3.533666666666667,-998.3840915366933
3.5353333333333334,-998.384552541368
3.5370000000000004,-998.3852556899121
3.538666666666667,-998.3861311331327
3.54035,-998.3870764255463
3.542016666666667,-998.3879425555411
3.5436833333333335,-998.3885711982794
3.54535,-998.388845938439
3.547016666666667,-998.3887015834398
3.5486833333333334,-998.388133476669
3.5503500000000003,-998.3872161239326
3.552016666666667,-998.386079910391
3.5536833333333333,-998.384883160882
3.5553500000000002,-998.3837748870178
3.5570166666666667,-998.3828808173457
3.5586833333333336,-998.3822847708977
3.56035,-998.3820053741252
3.562016666666667,-998.3820240005767
3.5636833333333335,-998.3822894275106
3.56535,-998.3827364623467
3.567016666666667,-998.3833138823431
3.5687,-998.3839751213715
3.5703666666666667,-998.3846922397543
3.5720333333333336,-998.3854279845885
3.5737,-998.3861311331327
3.575366666666667,-998.3867551192579
3.5770333333333335,-998.3872254371583
3.5787,-998.387500177318
3.580366666666667,-998.3875560566725
3.5820333333333334,-998.3873977318348
3.5837000000000003,-998.3870484858691
3.585366666666667,-998.3865688547429
3.5870333333333333,-998.386042657488
3.5887000000000002,-998.3855537131361
3.5903666666666667,-998.3851811841062
3.5920333333333336,-998.3849809497525
3.5937,-998.3849669799139
3.595366666666667,-998.3851066783001
3.5970333333333335,-998.3853255391052
3.598716666666667,-998.3855350866846
3.6003833333333337,-998.3856515020066
3.60205,-998.3856328755551
3.6037166666666667,-998.3854931771688
3.6053833333333336,-998.385297599428
3.60705,-998.3851346179774
3.608716666666667,-998.3850973650743
3.6103833333333335,-998.3852324068478
3.61205,-998.385558369749
3.613716666666667,-998.3860286876494
3.6153833333333334,-998.3865735113558
3.6170500000000003,-998.3870950519979
3.618716666666667,-998.387500177318
3.6203833333333333,-998.3877004116716
3.62205,-998.3876585021558
3.6237166666666667,-998.3873604789318
3.6253833333333336,-998.3868389382897
3.62705,-998.3861497595842
3.6287333333333334,-998.3853627920082
3.6304000000000003,-998.384552541368
3.6320666666666668,-998.3837702304049
3.6337333333333337,-998.3830717384736
3.6354,-998.3824943184771
3.6370666666666667,-998.3820845365441
3.6387333333333336,-998.3818749889647
3.6404,-998.381898272029
3.642066666666667,-998.3821730121887
3.6437333333333335,-998.3827085226694
3.6454,-998.3834768637938
3.647066666666667,-998.384403529756
3.6487333333333334,-998.3853907316856
3.6504000000000003,-998.3863173976476
3.652066666666667,-998.3870671123206
3.6537333333333337,-998.3875560566725
3.6554,-998.3877330079617
3.6570666666666667,-998.3876072794142
3.6587500000000004,-998.3872161239326
3.660416666666667,-998.3866247340975
3.6620833333333334,-998.3859262421662
3.6637500000000003,-998.3852277502349
3.6654166666666668,-998.3846270471739
3.6670833333333337,-998.3842079520152
3.66875,-998.3840216875002
3.6704166666666667,-998.3840542837903
3.6720833333333336,-998.3842591747568
3.67375,-998.3845339149165
3.675416666666667,-998.3847993418503
3.6770833333333335,-998.3849902629782
3.67875,-998.3850880518486
3.680416666666667,-998.3851066783001
3.6820833333333334,-998.3850880518486
3.6837500000000003,-998.3850973650743
3.685416666666667,-998.3851951539448
3.6871,-998.3854140147499
3.688766666666667,-998.3857679173284
3.6904333333333335,-998.3862335786159
3.6921000000000004,-998.3867551192579
3.693766666666667,-998.3872347503841
3.6954333333333333,-998.3875886529627
3.6971000000000003,-998.3877143815102
3.6987666666666668,-998.3875467434467
3.7004333333333337,-998.3870717689334
3.7021,-998.3862987711962
3.7037666666666667,-998.3853069126537
3.7054333333333336,-998.3841753557251
3.7071,-998.3830158591192
3.708766666666667,-998.3819308683192
3.7104333333333335,-998.3810274854214
3.7121000000000004,-998.3803988426832
3.713766666666667,-998.3801194459107
3.71545,-998.3802544876842
3.7171166666666666,-998.3808272510678
3.7187833333333336,-998.3818191096102
3.72045,-998.3831415876667
3.722116666666667,-998.384664300077
3.7237833333333334,-998.3862009823258
3.7254500000000004,-998.3875653698982
3.727116666666667,-998.3885758548922
3.7287833333333333,-998.3891020521471
3.7304500000000003,-998.3890880823085
3.7321166666666667,-998.3885525718279
3.7337833333333337,-998.3876072794142
3.73545,-998.3864012166795
3.7371166666666666,-998.3851299613644
3.7387833333333336,-998.38395649492
3.74045,-998.3830298289578
3.742116666666667,-998.3824244692839
3.7437833333333335,-998.3821543857372
3.7454500000000004,-998.3821776688015
3.7471333333333336,-998.3824011862196
3.7488,-998.3827271491209
3.750466666666667,-998.3830857083123
3.7521333333333335,-998.3834256410522
3.7538,-998.3837422907277
3.755466666666667,-998.3840589404032
3.7571333333333334,-998.3843849033044
3.7588000000000004,-998.3847248360444
3.760466666666667,-998.3850787386228
3.7621333333333333,-998.3854140147499
3.7638000000000003,-998.3856887549096
3.7654666666666667,-998.385856392973
3.7671333333333337,-998.3858750194246
3.768816666666667,-998.3857166945868
3.7704666666666666,-998.3854000449113
3.7721500000000003,-998.3849530100753
3.773816666666667,-998.3844500958847
3.7754833333333333,-998.3839425250814
3.7771500000000002,-998.3834815204067
3.7788166666666667,-998.3830624252479
3.7804833333333336,-998.3826526433148
3.78215,-998.3822102650918
3.783816666666667,-998.3816887244496
3.7854833333333335,-998.3810973346145
3.78715,-998.3804873183278
3.788816666666667,-998.3799657776858
3.7904833333333334,-998.3796584412361
3.7921500000000004,-998.3796724110747
3.793816666666667,-998.3800542533305
3.7954833333333333,-998.3807667151004
3.7971500000000002,-998.3817026942883
3.7988166666666667,-998.3827131792823
3.8004833333333337,-998.3836351886315
3.80215,-998.3843290239499
3.803816666666667,-998.3847108662058
3.8055000000000003,-998.3847434624959
3.807166666666667,-998.3844221562075
3.8088333333333337,-998.383802826695
3.8105,-998.3829599797647
3.8121666666666667,-998.382014687351
3.8138333333333336,-998.381078708163
3.8155,-998.380259144297
3.817166666666667,-998.3796398147846
3.8188333333333335,-998.3792533159159
3.8205,-998.3790996476911
3.822166666666667,-998.379174153497
3.8238333333333334,-998.3794628634953
3.8255000000000003,-998.3799564644601
3.827166666666667,-998.3806456431656
3.8288333333333333,-998.3814838334832
3.8305000000000002,-998.3824011862196
3.8321666666666667,-998.3833045691174
3.83385,-998.3840868800804
3.835516666666667,-998.3846596434641
3.8371833333333334,-998.3849716365268
3.8388500000000003,-998.3849902629782
3.840516666666667,-998.384738805883
3.8421833333333337,-998.3842824578212
3.84385,-998.3837050378247
3.8455166666666667,-998.3830810516994
3.8471833333333336,-998.3824896618643
3.84885,-998.3819727778351
3.850516666666667,-998.3815443694506
3.8521833333333335,-998.3811997800977
3.85385,-998.3809203833252
3.855516666666667,-998.3806922092944
3.8571833333333334,-998.3804919749407
3.8588500000000003,-998.3803243368773
3.860516666666667,-998.3802032649425
3.8622,-998.3801566988137
3.863866666666667,-998.3802265480068
3.8655333333333335,-998.3804593786506
3.8672,-998.3808738171965
3.868866666666667,-998.3814605504188
3.8705333333333334,-998.3821823254144
3.8722000000000003,-998.3829739496033
3.873866666666667,-998.3837422907277
3.8755333333333337,-998.384398873143
3.8772,-998.3848552212048
3.8788666666666667,-998.385036829107
3.8805333333333336,-998.3848971307208
3.8822,-998.3844221562075
3.883866666666667,-998.3836445018572
3.8855333333333335,-998.3826247036376
3.8872,-998.3814652070316
3.888866666666667,-998.3802917405872
3.8905333333333334,-998.3792114064
3.8922166666666667,-998.3783173367281
3.8938833333333336,-998.3776654109255
3.89555,-998.3772928818954
3.897216666666667,-998.3772044062508
3.8988833333333335,-998.3774046406045
3.9005500000000004,-998.3778842717306
3.902216666666667,-998.3786200165649
3.9038833333333334,-998.3795746222044
3.9055500000000003,-998.3806875526815
3.907216666666667,-998.3818796455776
3.9088833333333337,-998.3830391421835
3.91055,-998.3840449705646
3.9122166666666667,-998.3847900286246
3.9138833333333336,-998.385185840719
3.91555,-998.3851765274933
3.917216666666667,-998.3847807153988
3.9189000000000003,-998.384063597016
3.92055,-998.3831415876667
3.9222333333333337,-998.38215904235
3.9239,-998.3812603160652
3.9255666666666666,-998.3805431976824
3.9272333333333336,-998.3800635665563
3.9289,-998.3798167660739
3.930566666666667,-998.3797376036549
3.9322333333333335,-998.3797562301064
3.9339000000000004,-998.3798214226867
3.935566666666667,-998.3799052417185
3.9372333333333334,-998.3800309702661
3.9389000000000003,-998.3802451744583
3.9405666666666668,-998.3806037336498
3.9422333333333337,-998.3811252742918
3.9439,-998.3817772000943
3.9455666666666667,-998.3824896618643
3.9472333333333336,-998.3831555575053
3.948916666666667,-998.3836584716959
3.950566666666667,-998.3839099287911
3.9522500000000003,-998.3838493928238
3.9539166666666667,-998.3834908336324
3.9555833333333337,-998.3828761607328
3.95725,-998.3820985063827
3.9589166666666666,-998.3812463462266
3.9605833333333336,-998.3803988426832
3.96225,-998.3796211883331
3.963916666666667,-998.3789366662404
3.9655833333333335,-998.3783359631796
3.9672500000000004,-998.3778097659247
3.968916666666667,-998.37734876125
3.9705833333333334,-998.3769855454457
3.9722500000000003,-998.376785311092
3.9739166666666668,-998.3768318772209
3.9755833333333337,-998.3772230327023
3.97725,-998.3779960304396
3.9789333333333334,-998.3791369005941
3.9805833333333336,-998.3805478542953
3.982266666666667,-998.3820659100926
3.9839333333333333,-998.3835094600839
3.9856000000000003,-998.3846922397543
3.9872666666666667,-998.3854559242658
3.9889333333333337,-998.3857166945868
3.9906,-998.3854512676529
3.9922666666666666,-998.3847294926572
3.9939333333333336,-998.3836677849217
3.9955999999999996,-998.3824291258968
3.9972666666666665,-998.3811764970334
3.9989333333333335,-998.3800542533305
