min,µS/cm
0.0,-997.633734251202
0.0016666666666667052,-997.633734251202
0.0033333333333334103,-997.6330636989479
0.004999999999999893,-997.6313360955712
0.006666666666666599,-997.6281602855903
0.008333333333333304,-997.6234850462636
0.010000000000000009,-997.6178365748459
0.011666666666666714,-997.61227192246
0.01333333333333342,-997.6080856274851
0.014999999999999902,-997.6064045902372
0.016666666666666607,-997.60786676668
0.018333333333333313,-997.6124535303621
0.02001666666666657,-997.6195036422552
0.021683333333333277,-997.6279041718822
0.023349999999999982,-997.6363186713477
0.025016666666666687,-997.6435038250142
0.026683333333333392,-997.648514340468
0.028350000000000097,-997.6508985262601
0.03001666666666658,-997.6507308881966
0.031683333333333286,-997.6485795330483
0.03334999999999999,-997.6453338738742
0.035016666666666696,-997.6419904258298
0.0366833333333334,-997.6394153189098
0.038350000000000106,-997.6381720032721
0.04001666666666659,-997.6384141471416
0.041683333333333294,-997.639927546326
0.04335,-997.642204630022
0.045016666666666705,-997.6446120988785
0.04668333333333341,-997.6465539064475
0.04834999999999989,-997.64757836128
0.0500166666666666,-997.6474712591839
0.05170000000000008,-997.6462698530621
0.05336666666666656,-997.6442116301713
0.05503333333333327,-997.64168308938
0.05669999999999997,-997.6390474464927
0.05836666666666668,-997.6362534787675
0.06003333333333338,-997.6317225944399
0.06170000000000009,-997.6194896724165
0.06336666666666657,-997.5828607555399
0.06503333333333328,-997.4822732608217
0.06669999999999998,-997.2352120081126
0.06836666666666669,-996.6872823409211
0.07003333333333339,-995.5764706225956
0.0717000000000001,-993.4963802776748
0.07336666666666658,-989.8679614951219
0.07503333333333329,-983.9311572648264
0.07669999999999999,-974.7682330081092
0.0783666666666667,-961.3678329444341
0.0800333333333334,-942.733758568174
0.08171666666666666,-918.032820764013
0.08338333333333336,-886.7658399449502
0.08505000000000007,-848.9352282364551
0.08671666666666655,-805.1772978180913
0.08838333333333326,-756.8282311581206
0.09004999999999996,-705.9006303110629
0.09171666666666667,-654.9614717508487
0.09338333333333337,-606.9196716914511
0.09505000000000008,-564.7478255279119
0.09671666666666678,-531.1754068970565
0.09838333333333327,-508.39685392957034
0.10004999999999997,-497.83680611189305
0.10171666666666668,-500.00553508289414
0.10338333333333338,-514.4632051300551
0.10505000000000009,-539.8943184595063
0.10671666666666657,-574.2772485009755
0.10838333333333328,-615.1214105147502
0.11006666666666676,-659.7370564284441
0.11173333333333324,-705.5011301792698
0.11339999999999995,-750.0866710907252
0.11506666666666665,-791.6313786020648
0.11673333333333336,-828.8321508228928
0.11840000000000006,-860.9641580194999
0.12006666666666677,-887.8334010428905
0.12173333333333325,-909.6796162937208
0.12339999999999995,-927.0503376270879
0.12506666666666666,-940.667265532849
0.12673333333333336,-951.3025874976546
0.12840000000000007,-959.6796524523197
0.13006666666666677,-966.4061064675478
0.13173333333333326,-971.9424000810563
0.13339999999999996,-976.6012807267724
0.13506666666666667,-980.5698324835719
0.13673333333333337,-983.9434553794299
0.13841666666666663,-986.7629553129724
0.14008333333333334,-989.0476665408572
0.14175000000000004,-990.8202388281097
0.14341666666666675,-992.1210915744869
0.14508333333333323,-993.0128795062252
0.14674999999999994,-993.5768977709007
0.14841666666666664,-993.9042902523206
0.15008333333333335,-994.0851996625239
0.15175000000000005,-994.1985881860361
0.15341666666666676,-994.304786899269
0.15508333333333346,-994.4418170463489
0.15674999999999994,-994.6256088999219
0.15841666666666665,-994.853484907585
0.16008333333333336,-995.1097802236256
0.16175000000000006,-995.3722781480161
0.16341666666666677,-995.6182683797638
0.16508333333333325,-995.82930607527
0.16674999999999995,-995.9941082615378
0.16841666666666666,-996.1095550079409
0.17009999999999992,-996.1799723078403
0.17176666666666662,-996.2152135540803
0.17343333333333333,-996.2280704622287
0.17510000000000003,-996.2316607107556
0.17676666666666674,-996.2372160499158
0.17843333333333322,-996.2526014988556
0.18009999999999993,-996.2817239557774
0.18176666666666663,-996.3247044926159
0.18343333333333334,-996.3786792924528
0.18510000000000004,-996.4389498328972
0.18676666666666675,-996.5002029186581
0.18843333333333345,-996.5576282686357
0.19009999999999994,-996.607668230593
0.19176666666666664,-996.6484694726059
0.19343333333333335,-996.6799016095139
0.19510000000000005,-996.7032684929219
0.19676666666666676,-996.7208146102357
0.19845000000000002,-996.7351616345044
0.20011666666666672,-996.7487775705516
0.20178333333333343,-996.7635762862692
0.2034499999999999,-996.7807079650372
0.2051166666666666,-996.8005311660471
0.20678333333333332,-996.8227385528492
0.20845000000000002,-996.8465291880287
0.21011666666666673,-996.8708832733663
0.21178333333333343,-996.8947577275777
0.21344999999999992,-996.9172771074424
0.21511666666666662,-996.9378639929638
0.21678333333333333,-996.9562855534983
0.21845000000000003,-996.972648891142
0.22011666666666674,-996.9873125650861
0.22178333333333344,-997.0007841461342
0.22344999999999993,-997.0135805183154
0.22511666666666663,-997.0261254334013
0.22678333333333334,-997.0386889749386
0.2284666666666666,-997.051364275185
0.2301333333333333,-997.0640768283345
0.2318,-997.0766496830977
0.2334666666666667,-997.0888593220566
0.23513333333333342,-997.1004868844061
0.2367999999999999,-997.1113833585341
0.2384666666666666,-997.1215114915378
0.2401333333333333,-997.130945789223
0.24180000000000001,-997.1398632028792
0.24346666666666672,-997.1484686234726
0.24513333333333343,-997.1569390022927
0.24680000000000013,-997.1653721282097
0.2484666666666666,-997.1737680012238
0.2501333333333333,-997.182047458916
0.2518,-997.1900894293516
0.25346666666666673,-997.1977728405957
0.25515,-997.2050325000682
0.2568166666666667,-997.2118544379305
0.2584833333333334,-997.2182665938597
0.2601500000000001,-997.2243341604361
0.2618166666666666,-997.2301223302401
0.2634833333333333,-997.2357102656903
0.26515,-997.2411538461415
0.2668166666666667,-997.246508950948
0.2684833333333334,-997.2517848933356
0.2701499999999999,-997.2569723600787
0.2718166666666668,-997.2620154718226
0.2734833333333333,-997.2668397227613
0.27515,-997.2713566372503
0.2768166666666667,-997.2755056793221
0.2784833333333334,-997.2792402828481
0.2801500000000001,-997.2825325081509
0.2818166666666666,-997.2853916684563
0.2834833333333333,-997.2878503600544
0.28515,-997.2899924019771
0.2868333333333333,-997.2919481793847
0.2885,-997.2938667038893
0.2901666666666667,-997.2959109569415
0.2918333333333334,-997.298169414186
0.2935000000000001,-997.3006607020743
0.2951666666666666,-997.3033010015745
0.2968333333333333,-997.3059645841391
0.2985,-997.3084931249305
0.3001666666666667,-997.3107562387878
0.3018333333333334,-997.3126840765182
0.3034999999999999,-997.3142812947343
0.3051666666666668,-997.3156130860167
0.3068333333333333,-997.3167865524613
0.3085,-997.3179413924543
0.3101666666666667,-997.3192079911563
0.3118333333333334,-997.3206981072765
0.3135000000000001,-997.3224536503304
0.3151666666666666,-997.324483933544
0.3168500000000001,-997.3267284209498
0.3185166666666668,-997.329112606742
0.32018333333333326,-997.3315433586629
0.32184999999999997,-997.3339461709065
0.3235166666666667,-997.3362511942797
0.3251833333333334,-997.3384304891053
0.3268500000000001,-997.3404561157062
0.32851666666666657,-997.3423280740819
0.3301833333333333,-997.344078960523
0.33185,-997.3457739676096
0.3335166666666667,-997.3475155408249
0.3351833333333334,-997.3494294087167
0.3368500000000001,-997.3516273299938
0.3385166666666668,-997.3541651840109
0.3401833333333333,-997.3570290009291
0.34185,-997.3601396183298
0.3435166666666667,-997.3633573378265
0.34519999999999995,-997.3665284911946
0.34686666666666666,-997.3695180366606
0.34853333333333336,-997.372228185354
0.35020000000000007,-997.3746309975975
0.35186666666666677,-997.3767683829072
0.35353333333333326,-997.3787520999921
0.35519999999999996,-997.3807451303028
0.35686666666666667,-997.3829197685154
0.35853333333333337,-997.385401743178
0.3602000000000001,-997.3882515902576
0.36186666666666656,-997.3914227436256
0.3635333333333335,-997.3947801615087
0.36519999999999997,-997.3981701756819
0.3668666666666667,-997.4014251480817
0.3685333333333334,-997.404437976612
0.3702000000000001,-997.407162095144
0.3718666666666668,-997.409588190452
0.3735333333333333,-997.4117674852777
0.37521666666666675,-997.4137465457496
0.37688333333333346,-997.4156091908997
0.37854999999999994,-997.4174345831468
0.38021666666666665,-997.4193065415226
0.38188333333333335,-997.4212995718333
0.38355000000000006,-997.4234648968203
0.38521666666666676,-997.4257932032579
0.38688333333333325,-997.4282472382431
0.38854999999999995,-997.4307478393571
0.39021666666666666,-997.4332018743423
0.39188333333333336,-997.4355162109414
0.39355000000000007,-997.4376023735094
0.39521666666666655,-997.439413795918
0.3968833333333335,-997.440941164941
0.39854999999999996,-997.4422310467074
0.40021666666666667,-997.4433905433134
0.40188333333333337,-997.444564009758
0.4035500000000001,-997.4458958010403
0.40523333333333333,-997.447511645708
0.40690000000000004,-997.4494441400512
0.40856666666666674,-997.4516700010056
0.41023333333333345,-997.4540774698621
0.41189999999999993,-997.4565175350087
0.41356666666666664,-997.4588085885433
0.41523333333333334,-997.4608155886925
0.41690000000000005,-997.462440746586
0.41856666666666675,-997.4636654357722
0.42023333333333324,-997.4645455356057
0.42189999999999994,-997.4651928047953
0.42356666666666665,-997.4657748814047
0.42523333333333335,-997.4664640601103
0.42690000000000006,-997.4674000392981
0.42856666666666676,-997.4686619813874
0.43023333333333347,-997.4702498863778
0.43189999999999995,-997.4720845918507
0.43358333333333343,-997.4740543390969
0.43525000000000014,-997.4760101165045
0.4369166666666666,-997.477821538913
0.4385833333333333,-997.4794001306777
0.44025000000000003,-997.480694669057
0.44191666666666674,-997.4817051540509
0.44358333333333344,-997.4824781517882
0.4452499999999999,-997.4830881680749
0.44691666666666663,-997.4836329917813
0.44858333333333333,-997.4842243816164
0.45025000000000004,-997.4849694396764
0.45191666666666674,-997.4859473283802
0.4535833333333332,-997.4871999572438
0.45525000000000015,-997.4887040432025
0.45691666666666664,-997.4904083635148
0.45858333333333334,-997.4922151293104
0.46025000000000005,-997.4940079252673
0.46191666666666675,-997.4956703360638
0.4636,-997.4971138860551
0.4652666666666667,-997.4982826958868
0.4669333333333334,-997.4991767655589
0.4686000000000001,-997.4998519744257
0.4702666666666666,-997.5004200811966
0.4719333333333333,-997.5010068144188
0.4736,-997.5017285894145
0.4752666666666667,-997.5026505987638
0.47693333333333343,-997.5037774990795
0.4785999999999999,-997.5050487543946
0.4802666666666666,-997.506375889064
0.4819333333333333,-997.5076518009918
0.48360000000000003,-997.5087880145334
0.48526666666666673,-997.509733306947
0.4869333333333332,-997.51048302162
0.48860000000000015,-997.5110511283907
0.49026666666666663,-997.5114981632267
0.4919499999999999,-997.5119032885469
0.4936166666666668,-997.5123782630602
0.4952833333333333,-997.5130255322498
0.49695,-997.5139382283734
0.4986166666666667,-997.5151396344952
0.5002833333333332,-997.5165924977123
0.5019500000000001,-997.5182129989929
0.5036166666666666,-997.5198754097893
0.5052833333333333,-997.5214353751026
0.50695,-997.5227718229977
0.5086166666666667,-997.5238009344431
0.5102833333333334,-997.5244621734714
0.5119499999999999,-997.5247648533083
0.5136166666666668,-997.5247508834697
0.5152833333333333,-997.5245273660516
0.51695,-997.5242572825049
0.5186166666666667,-997.5241268973444
0.5202833333333332,-997.524294535408
0.5219500000000001,-997.5248672987916
0.5236333333333334,-997.525859157334
0.5252999999999999,-997.5271862920034
0.5269666666666668,-997.528699691188
0.5286333333333333,-997.5302130903724
0.5303,-997.5315541948804
0.5319666666666667,-997.5326019327774
0.5336333333333334,-997.5332957680957
0.5353000000000001,-997.5336589839001
0.5369666666666666,-997.5337753992219
0.5386500000000001,-997.533770742609
0.5403166666666668,-997.5337893690605
0.5419833333333333,-997.5339663203498
0.5436500000000002,-997.5343761022829
0.5453166666666667,-997.5350513111498
0.5469833333333334,-997.5359314109832
0.5486500000000001,-997.5369279261384
0.5503166666666666,-997.5379104714551
0.5519833333333335,-997.5387672882242
0.55365,-997.5394192140267
0.5553166666666667,-997.5398476224112
0.5569833333333334,-997.540080453055
0.5586499999999999,-997.5401642720868
0.5603166666666668,-997.5401782419254
0.5619833333333333,-997.5402061816027
0.56365,-997.5403458799889
0.5653166666666667,-997.540681156116
0.5669833333333334,-997.5412865157897
0.5686500000000001,-997.542171272236
0.5703166666666666,-997.5432842027132
0.5719833333333335,-997.544522861738
0.57365,-997.5457428943113
0.5753166666666667,-997.5468046020469
0.5769833333333334,-997.5475962262357
0.5786499999999999,-997.5480479176846
0.5803333333333334,-997.5481457065549
0.5820000000000001,-997.5479454722013
0.5836666666666666,-997.5475496601069
0.5853333333333335,-997.5471119384966
0.587,-997.5468092586598
0.5886666666666667,-997.5467906322083
0.5903333333333334,-997.5471445347868
0.5920000000000001,-997.5478616531695
0.5936666666666668,-997.548853511712
0.5953333333333333,-997.5499710988021
0.597,-997.5510467763762
0.5986666666666667,-997.5519408460483
0.6003333333333334,-997.5525508623349
0.6020000000000001,-997.5528581987847
0.6036666666666666,-997.5528768252362
0.6053333333333335,-997.5526905607212
0.607,-997.552401850723
0.6086666666666667,-997.5521271105633
0.6103500000000002,-997.5519920687899
0.6120166666666667,-997.5521038274989
0.6136833333333334,-997.5525322358834
0.6153500000000001,-997.5532819505563
0.6170166666666665,-997.5542970921631
0.6186833333333335,-997.5554659019948
0.62035,-997.5566300552136
0.6220166666666667,-997.5576451968204
0.6236833333333334,-997.5583762850418
0.6253500000000001,-997.5587488140719
0.6270166666666668,-997.558744157459
0.6286833333333333,-997.5584042247191
0.6303500000000002,-997.5578454311741
0.6320333333333334,-997.5572354148874
0.6336999999999999,-997.5567744102128
0.6353666666666669,-997.5566393684394
0.6370333333333333,-997.5569280784376
0.6387,-997.5576498534333
0.6403666666666668,-997.5586975913302
0.6420333333333332,-997.5598850276134
0.6437000000000002,-997.5610072713164
0.6453666666666666,-997.5618594314725
0.6470333333333333,-997.56232509276
0.6487,-997.5623576890501
0.6503666666666665,-997.5620177563103
0.6520333333333335,-997.5614310230881
0.6537,-997.5607884105112
0.6553666666666667,-997.5602948095465
0.6570333333333334,-997.5601364847087
0.6587000000000001,-997.5604391645456
0.6603666666666668,-997.5612214755087
0.6620333333333333,-997.5624135684047
0.6637000000000002,-997.5638524617832
0.6653666666666667,-997.5653379212904
0.6670333333333334,-997.5666883390242
0.6687000000000001,-997.5677547033727
0.6703833333333333,-997.5684392254652
0.67205,-997.5687139656249
0.6737166666666667,-997.5685928936902
0.6753833333333332,-997.5681458588541
0.6770500000000002,-997.5674846198258
0.6787166666666666,-997.5667535316044
0.6803833333333333,-997.5661109190277
0.68205,-997.5657104503204
0.6837166666666668,-997.565649914353
0.6853833333333335,-997.5659432809641
0.6870499999999999,-997.5665207009606
0.6887166666666669,-997.567251789182
0.6903833333333333,-997.5679595943391
0.69205,-997.568490448207
0.6937166666666668,-997.5687325920765
0.6953833333333332,-997.568634803206
0.6970500000000002,-997.5682389911117
0.6987333333333334,-997.5676615711151
0.7003999999999999,-997.56707018128
0.7020666666666668,-997.566655742734
0.7037333333333333,-997.5665765803152
0.7054,-997.5669071998293
0.7070666666666667,-997.5676243182121
0.7087333333333332,-997.5686208333674
0.7104000000000001,-997.5697244506189
0.7120666666666666,-997.5707582186772
0.7137333333333333,-997.5715638127045
0.7154,-997.5720481004436
0.7170666666666667,-997.5721924554427
0.7187333333333334,-997.5720201607663
0.7203999999999999,-997.5716103788333
0.7220666666666669,-997.5710469286754
0.7237333333333333,-997.5704555388403
0.7254,-997.5699479680369
0.7270833333333335,-997.5696359749742
0.72875,-997.5695894088454
0.7304166666666667,-997.5698268961021
0.7320833333333334,-997.5703111838411
0.7337499999999999,-997.5709537964179
0.7354166666666668,-997.5716290052848
0.7370833333333333,-997.5722157385071
0.73875,-997.5726022373757
0.7404166666666667,-997.5727233093105
0.7420833333333332,-997.5725696410856
0.7437500000000001,-997.5721924554427
0.7454166666666666,-997.5716895412522
0.7470833333333333,-997.571214566739
0.74875,-997.5709305133536
0.7504166666666667,-997.5709770794823
0.7520833333333334,-997.5714101444796
0.7537499999999999,-997.5722064252814
0.7554166666666668,-997.5732448499525
0.7570833333333333,-997.5743624370426
0.7587666666666666,-997.5753775786494
0.7604333333333335,-997.5761505763867
0.7621,-997.5765976112227
0.7637666666666667,-997.5767140265446
0.7654333333333334,-997.576551045094
0.7670999999999999,-997.5762017991283
0.7687666666666668,-997.5757873605824
0.7704333333333333,-997.5754427712296
0.7721,-997.575279789779
0.7737666666666667,-997.5753868918752
0.7754333333333334,-997.5757873605824
0.7771000000000001,-997.5764439429978
0.7787666666666666,-997.5772402237994
0.7804333333333335,-997.5780411612141
0.7821,-997.5786930870165
0.7837666666666667,-997.5790702726595
0.7854333333333334,-997.5790982123367
0.7871166666666667,-997.5787722494355
0.7887833333333334,-997.578152919923
0.7904500000000001,-997.5773519825085
0.7921166666666666,-997.5765417318682
0.7937833333333335,-997.5759037759043
0.79545,-997.5756104092932
0.7971166666666667,-997.5757594209051
0.7987833333333334,-997.5763694371918
0.8004499999999999,-997.5773380126699
0.8021166666666668,-997.5785068225016
0.8037833333333333,-997.5796570058817
0.80545,-997.5806116115211
0.8071166666666667,-997.5812355976465
0.8087833333333334,-997.5814684282902
0.8104500000000001,-997.5813333865168
0.8121166666666666,-997.5809049781323
0.8137833333333335,-997.5803042750714
0.81545,-997.5796709757203
0.8171333333333333,-997.5791634049169
0.8188000000000002,-997.578897977983
0.8204666666666667,-997.578972483789
0.8221333333333334,-997.5794055487864
0.8238000000000001,-997.5801552634593
0.8254666666666666,-997.5811191823245
0.8271333333333335,-997.5821482937699
0.8288,-997.5830982427965
0.8304666666666667,-997.583824674405
0.8321333333333334,-997.5842297997252
0.8337999999999999,-997.5842623960153
0.8354666666666668,-997.5839317765012
0.8371333333333333,-997.5833171036016
0.8388,-997.582558075703
0.8404666666666667,-997.5818456139331
0.8421333333333334,-997.5813566695812
0.8438166666666667,-997.5812262844207
0.8454833333333334,-997.5814823981289
0.8471500000000001,-997.5820458482867
0.8488166666666668,-997.5827583100566
0.8504833333333333,-997.5834288623107
0.8521500000000002,-997.5838805537596
0.8538166666666667,-997.5840062823072
0.8554833333333334,-997.5837781082763
0.8571500000000001,-997.5832612242472
0.8588166666666666,-997.5825767021545
0.8604833333333335,-997.5818735536103
0.86215,-997.5813147600653
0.8638166666666667,-997.5810400199057
0.8654833333333334,-997.5811424653889
0.8671500000000001,-997.5816453795794
0.8688166666666668,-997.5824975397356
0.8704833333333333,-997.5835825305355
0.8721500000000002,-997.5847466837544
0.8738166666666667,-997.5858409877801
0.8755,-997.5867350574521
0.8771666666666669,-997.5873450737388
0.8788333333333334,-997.587633783737
0.8805000000000001,-997.587596530834
0.8821666666666668,-997.5872705679327
0.8838333333333332,-997.5867304008392
0.8855000000000002,-997.5860831316496
0.8871666666666667,-997.5854731153629
0.8888333333333334,-997.5850307371397
0.8905000000000001,-997.5848630990763
0.8921666666666666,-997.5850260805269
0.8938333333333335,-997.5854870852015
0.8955,-997.5861576374556
0.8971666666666667,-997.5868794124513
0.8988333333333334,-997.5874987419636
0.9005000000000001,-997.5878712709937
0.9021666666666668,-997.5879085238967
0.9038333333333333,-997.5876011874469
0.9055166666666667,-997.5870284240632
0.9071833333333335,-997.586329932132
0.9088499999999999,-997.5857012893938
0.9105166666666669,-997.5853101339122
0.9121833333333333,-997.5852775376221
0.91385,-997.585622126975
0.9155166666666668,-997.5862693961645
0.9171833333333332,-997.5870889600307
0.9188500000000002,-997.5879038672838
0.9205166666666666,-997.5885790761507
0.9221833333333334,-997.589016797761
0.9238500000000001,-997.5891797792116
0.9255166666666668,-997.5890959601799
0.9271833333333335,-997.5888212200202
0.92885,-997.5884207513129
0.9305166666666667,-997.5879830297026
0.9321833333333334,-997.5875918742212
0.9338666666666666,-997.5873311039002
0.9355333333333333,-997.5872845377714
0.9372,-997.5875033985765
0.9388666666666667,-997.5879876863155
0.9405333333333334,-997.5887048046983
0.9421999999999999,-997.5895476516288
0.9438666666666669,-997.5903998117849
0.9455333333333333,-997.5911215867806
0.9472,-997.5916012179067
0.9488666666666667,-997.5917874824218
0.9505333333333332,-997.5916570972612
0.9522000000000002,-997.591256628554
0.9538666666666666,-997.590693178396
0.9555333333333333,-997.5901157583995
0.9572,-997.5896826934021
0.9588666666666668,-997.5895243685644
0.9605333333333335,-997.5897013198536
0.9622166666666667,-997.5901669811411
0.9638833333333334,-997.5908049371051
0.9655500000000001,-997.5914475496819
0.9672166666666666,-997.5919458072595
0.9688833333333335,-997.5921832945162
0.97055,-997.5921320717745
0.9722166666666667,-997.5918107654861
0.9738833333333334,-997.5913125079085
0.9755499999999999,-997.5907490577506
0.9772166666666668,-997.5902461435601
0.9788833333333333,-997.5899248372716
0.98055,-997.5898643013043
0.9822166666666667,-997.590097131948
0.9838833333333332,-997.5906047027514
0.98555,-997.5913031946827
0.9872166666666667,-997.5920855056457
0.9888833333333333,-997.5928259070929
0.99055,-997.5934126403153
0.9922166666666667,-997.5937618862808
0.9939,-997.5938131090224
0.9955666666666667,-997.5935476820886
0.9972333333333334,-997.5929842319307
0.9989,-997.5921879511291
1.0005666666666666,-997.591293881457
1.0022333333333333,-997.5904696609781
1.0039,-997.5899062108201
1.0055666666666667,-997.5897432293696
1.0072333333333334,-997.5900505658193
1.0089000000000001,-997.5907816540407
1.0105666666666666,-997.5917921390346
1.0122333333333333,-997.5928771298345
1.0139,-997.5938270788611
1.0155666666666667,-997.5944836612765
1.0172333333333334,-997.5947490882104
1.0189000000000001,-997.5946326728886
1.0205666666666666,-997.5942089211169
1.02225,-997.5936175312817
1.0239166666666668,-997.5930261414466
1.0255833333333333,-997.5925930764491
1.02725,-997.59241612516
1.0289166666666667,-997.592523227256
1.0305833333333334,-997.5928491901573
1.0322500000000001,-997.5932822551547
1.0339166666666668,-997.5937013503135
1.0355833333333333,-997.594017999989
1.03725,-997.594167011601
1.0389166666666667,-997.5941344153109
1.0405833333333334,-997.5939388375701
1.0422500000000001,-997.5935989048302
1.0439166666666668,-997.5931565266071
1.0455833333333333,-997.5926675822552
1.04725,-997.5922158908063
1.0489166666666667,-997.5918945845178
1.0505833333333334,-997.5918014522604
1.0522666666666667,-997.5919877167754
1.0539333333333334,-997.5924580346758
1.0556,-997.5931472133814
1.0572666666666668,-997.5939388375701
1.0589333333333333,-997.5946792390173
1.0606,-997.5952287193365
1.0622666666666667,-997.5954755198189
1.0639333333333334,-997.5953591044971
1.0656,-997.5948841299838
1.0672666666666668,-997.5941437285367
1.0689333333333333,-997.5932915683804
1.0706,-997.5925371970947
1.0722666666666667,-997.59207619242
1.0739333333333334,-997.592038939517
1.0756000000000001,-997.5924580346758
1.0772833333333334,-997.5932543154775
1.0789333333333333,-997.5942554872456
1.0806166666666668,-997.5952613156267
1.0822833333333335,-997.5960762228799
1.08395,-997.5965698238447
1.0856166666666667,-997.5966955523922
1.0872833333333334,-997.5964580651356
1.08895,-997.5959318678807
1.0906166666666668,-997.5952194061108
1.0922833333333335,-997.594465034825
1.09395,-997.5938224222482
1.0956166666666667,-997.593421953541
1.0972833333333334,-997.5933660741864
1.09895,-997.593682723862
1.1006166666666668,-997.5943253364387
1.1022833333333333,-997.5951635267563
1.10395,-997.5960482832025
1.1056166666666667,-997.5968119677142
1.1072833333333334,-997.5973241951305
1.10895,-997.5975058030325
1.1106333333333334,-997.5973241951305
1.1123,-997.5968166243271
1.1139666666666668,-997.596066909654
1.1156333333333335,-997.5952194061108
1.1173,-997.5944417517607
1.1189666666666667,-997.5938922714414
1.1206333333333334,-997.593682723862
1.1223,-997.5938503619254
1.1239666666666668,-997.5943486195031
1.1256333333333335,-997.595061081273
1.1273,-997.5958201091717
1.1289666666666667,-997.5964580651356
1.1306333333333334,-997.5968445640043
1.1323,-997.5969190698103
1.1339666666666668,-997.596667612715
1.13565,-997.5961646985245
1.1373166666666668,-997.5955220859477
1.1389833333333335,-997.5948934432096
1.1406500000000002,-997.5944324385349
1.1423166666666666,-997.5942554872456
1.1439833333333334,-997.5944231253092
1.14565,-997.5948887865967
1.1473166666666668,-997.5955500256249
1.1489833333333335,-997.596257830782
1.15065,-997.5968725036815
1.1523166666666667,-997.5972776290016
1.1539833333333334,-997.5974033575493
1.15565,-997.5972403760986
1.1573166666666668,-997.5968166243271
1.1589833333333335,-997.5961879815889
1.16065,-997.5954568933674
1.1623166666666667,-997.5947490882104
1.1639833333333334,-997.5942089211169
1.16565,-997.5939621206345
1.1673166666666668,-997.5940785359563
1.169,-997.5945581670825
1.1706666666666667,-997.595321851594
1.1723333333333334,-997.5962298911047
1.1740000000000002,-997.5971193041639
1.1756666666666666,-997.5978457357725
1.1773333333333333,-997.5983067404471
1.179,-997.5984604086719
1.1806666666666668,-997.5983253668986
1.1823333333333335,-997.5979807775458
1.1840000000000002,-997.5975290860969
1.1856666666666666,-997.5971006777124
1.1873333333333334,-997.5968212809399
1.189,-997.5967700581982
1.1906666666666668,-997.5969796057776
1.1923333333333335,-997.5974080141622
1.194,-997.5979528378685
1.1956666666666667,-997.5984743785106
1.1973333333333334,-997.598832937702
1.1990166666666666,-997.5989167567337
1.2006833333333333,-997.5986652996385
1.20235,-997.5980925362549
1.2040166666666667,-997.5972729723887
1.2056833333333334,-997.5963416498138
1.2073500000000001,-997.5954755198189
1.2090166666666666,-997.594837563855
1.2106833333333333,-997.5945814501468
1.21235,-997.5947909977262
1.2140166666666667,-997.5954615499803
1.2156833333333334,-997.5964860048128
1.2173500000000002,-997.5976920675475
1.2190166666666666,-997.598870190605
1.2206833333333333,-997.5998201396316
1.22235,-997.6004022162409
1.2240333333333333,-997.6005372580144
1.2256833333333335,-997.6002206083389
1.2273500000000002,-997.5995267730204
1.2290333333333334,-997.5985814806068
1.2307000000000001,-997.5975570257742
1.2323666666666668,-997.5966443296506
1.2340333333333333,-997.5960110302996
1.2357,-997.59576888643
1.2373666666666667,-997.5959365244936
1.2390333333333334,-997.5964534085227
1.2407000000000001,-997.5971658702927
1.2423666666666666,-997.5979109283527
1.2440333333333333,-997.5985209446394
1.2457,-997.5988841604436
1.2473666666666667,-997.5989540096367
1.2490333333333334,-997.5987304922187
1.2507000000000001,-997.5982788007699
1.2523666666666666,-997.597710693999
1.2540333333333333,-997.5971658702927
1.2557,-997.5967747148111
1.2573833333333333,-997.5966489862635
1.25905,-997.5968352507786
1.2607166666666667,-997.5973148819047
1.2623833333333334,-997.5979994039973
1.2640500000000001,-997.5987677451218
1.2657166666666668,-997.5994802068916
1.2673833333333333,-997.6000203739852
1.26905,-997.6002997707577
1.2707166666666667,-997.6002764876933
1.2723833333333334,-997.5999691512435
1.2740500000000001,-997.5994382973757
1.2757166666666668,-997.5987863715733
1.2773833333333333,-997.5981530722222
1.27905,-997.5976687844832
1.2807166666666667,-997.597449923678
1.2823833333333334,-997.597566339
1.2840500000000001,-997.598008717223
1.2857166666666666,-997.59868392609
1.2874,-997.5994615804401
1.2890666666666668,-997.6001647289843
1.2907333333333333,-997.6006397034976
1.2924,-997.600774745271
1.2940666666666667,-997.6005232881757
1.2957333333333334,-997.5999039586633
1.2974,-997.5990238588299
1.2990666666666668,-997.5980366569004
1.3007333333333333,-997.597114647551
1.3024,-997.5964254688455
1.3040666666666667,-997.5960901927185
1.3057333333333334,-997.5961414154601
1.3074000000000001,-997.5965418841673
1.3090666666666668,-997.5971751835184
1.3107333333333333,-997.5978969585141
1.3124,-997.5985628541553
1.3140666666666667,-997.5990517985072
1.31575,-997.5992846291509
1.3174166666666667,-997.5992380630221
1.3190833333333334,-997.5989260699595
1.32075,-997.5984091859303
1.3224166666666668,-997.597789856418
1.3240833333333335,-997.5971844967441
1.32575,-997.5967281486824
1.3274166666666667,-997.5965372275544
1.3290833333333334,-997.5966769259408
1.33075,-997.5971379306154
1.3324166666666668,-997.5978597056111
1.3340833333333333,-997.5987118657672
1.33575,-997.5995407428591
1.3374166666666667,-997.6002066385001
1.3390833333333334,-997.600588480756
1.34075,-997.6006350468847
1.3424166666666668,-997.6003556501122
1.3440833333333333,-997.5998201396316
1.34575,-997.5991635572161
1.3474333333333335,-997.5985442277038
1.3491,-997.5981297891578
1.3507666666666667,-997.5980320002875
1.3524333333333334,-997.5982881139956
1.3541,-997.5988282810891
1.3557666666666668,-997.5995034899561
1.3574333333333335,-997.6001414459199
1.3591,-997.6005745109173
1.3607666666666667,-997.6007142093036
1.3624333333333334,-997.6005279447886
1.3641,-997.600066940114
1.3657666666666668,-997.5994243275371
1.3674333333333335,-997.5987351488316
1.3691,-997.5981158193192
1.3707666666666667,-997.5976827543218
1.3724333333333334,-997.5975290860969
1.3741,-997.597710693999
1.3757833333333334,-997.5982275780282
1.37745,-997.5990238588299
1.3791166666666668,-997.5999970909209
1.3807833333333335,-997.6010029193019
1.38245,-997.601892332361
1.3841166666666667,-997.6025209750992
1.3857833333333334,-997.6027957152588
1.38745,-997.6026606734854
1.3891166666666668,-997.6021437894562
1.3907833333333335,-997.6013242255902
1.39245,-997.6003789331766
1.3941166666666667,-997.5995128031818
1.3957833333333334,-997.5989214133466
1.39745,-997.5987351488316
1.3991166666666668,-997.598981949314
1.4007833333333335,-997.5995547126977
1.40245,-997.6002764876933
1.4041333333333335,-997.6009330701087
1.4058000000000002,-997.601333538816
1.4074666666666666,-997.6013614784932
1.4091333333333333,-997.6009889494633
1.4108,-997.6002718310805
1.4124666666666668,-997.5993405085054
1.4141333333333335,-997.5983765896402
1.4158000000000002,-997.5975709956128
1.4174666666666667,-997.5970960210996
1.4191333333333334,-997.5970587681966
1.4208,-997.5974825199681
1.4224666666666668,-997.5982927706085
1.4241333333333335,-997.5993311952797
1.4258000000000002,-997.6003929030152
1.4274666666666667,-997.6012869726873
1.4291333333333334,-997.6018830191352
1.4308,-997.6021111931661
1.4324833333333333,-997.6019808080057
1.43415,-997.601557056234
1.4358166666666667,-997.6009284134958
1.4374833333333334,-997.6002252649517
1.4391500000000002,-997.5995919656007
1.4408166666666666,-997.5991589006032
1.4424833333333333,-997.5990471418943
1.44415,-997.5993079122153
1.4458166666666667,-997.5999225851148
1.4474833333333335,-997.6007887151096
1.4491500000000002,-997.6017526339748
1.4508166666666666,-997.6026280771953
1.4524833333333333,-997.6032334368691
1.45415,-997.6034383278356
1.4558166666666668,-997.6031682442889
1.4574833333333335,-997.6024418126804
1.4591500000000002,-997.6013661351061
1.4608166666666667,-997.6001321326942
1.4624833333333334,-997.5989866059268
1.4641666666666668,-997.5981670420608
1.4658333333333333,-997.5978550489982
1.4675,-997.5981158193192
1.4691666666666667,-997.5988748472179
1.4708333333333334,-997.599950524792
1.4725000000000001,-997.6010913949465
1.4741666666666668,-997.6020506571988
1.4758333333333333,-997.6026513602596
1.4775,-997.6027957152588
1.4791666666666667,-997.602493035422
1.4808333333333334,-997.6018224831679
1.4825000000000002,-997.6009237568829
1.4841666666666666,-997.5999644946306
1.4858333333333333,-997.5991216477003
1.4875,-997.5985535409295
1.4891666666666667,-997.5983719330274
1.4908333333333335,-997.5986187335097
1.4925000000000002,-997.599242719635
1.4941833333333334,-997.6001228194684
1.4958500000000001,-997.6010681118821
1.4975166666666668,-997.6018969889739
1.4991833333333333,-997.6024324994546
1.50085,-997.6025675412279
1.5025166666666667,-997.6022834878426
1.5041833333333334,-997.6016129355885
1.5058500000000001,-997.6006909262392
1.5075166666666668,-997.5996944110839
1.5091833333333333,-997.5988282810891
1.51085,-997.5982834573828
1.5125166666666667,-997.5981716986737
1.5141833333333334,-997.5985209446394
1.5158500000000001,-997.599247376248
1.5175166666666668,-997.6001833554358
1.5191833333333333,-997.6011146780108
1.52085,-997.6018457662323
1.5225333333333335,-997.602232265101
1.5242,-997.6022182952623
1.5258666666666667,-997.6018457662323
1.5275333333333334,-997.6012124668813
1.5292000000000001,-997.6004813786599
1.5308666666666668,-997.5998154830187
1.5325333333333333,-997.599354478344
1.5342,-997.5992008101191
1.5358666666666667,-997.5993824180213
1.5375333333333334,-997.5998480793088
1.5392000000000001,-997.6005000051114
1.5408666666666668,-997.6012124668813
1.5425333333333333,-997.6018690492966
1.5442,-997.6023719634871
1.5458666666666667,-997.6026560168725
1.5475333333333334,-997.6026839565499
1.5492166666666667,-997.6024371560675
1.5508833333333334,-997.6019202720382
1.55255,-997.6011752139782
1.5542166666666668,-997.6003044273706
1.5558833333333335,-997.5994382973757
1.55755,-997.5987165223801
1.5592166666666667,-997.5982508610925
1.5608833333333334,-997.5980971928677
1.56255,-997.5982368912539
1.5642166666666668,-997.5985907938325
1.5658833333333335,-997.5990378286685
1.56755,-997.5994569238272
1.5692166666666667,-997.5997363205998
1.5708833333333334,-997.5998294528573
1.5725500000000001,-997.599727007374
1.5742166666666668,-997.5994802068916
1.5758833333333333,-997.5991821836676
1.57755,-997.5989353831852
1.5792166666666667,-997.5988375943149
1.5808833333333334,-997.5989400397981
1.5825666666666667,-997.5992566894737
1.5842333333333334,-997.5997316639869
1.5859,-997.6002811443062
1.5875666666666668,-997.6008073415611
1.5892333333333335,-997.601221780107
1.5909,-997.6014499541379
1.5925666666666667,-997.6014592673637
1.5942333333333334,-997.6012450631714
1.5959,-997.600849251077
1.5975666666666668,-997.6003323670478
1.5992333333333335,-997.5997921999543
1.6009,-997.5993358518925
1.6025666666666667,-997.5990704249587
1.6042333333333334,-997.5990843947973
1.6059,-997.5994057010856
1.6075666666666668,-997.6000064041466
1.60925,-997.6007794018839
1.6109166666666668,-997.6015896525241
1.6125833333333335,-997.6022741746168
1.6142500000000002,-997.6027118962271
1.6159166666666667,-997.6028003718717
1.6175833333333334,-997.6025302883249
1.61925,-997.601934241877
1.6209166666666668,-997.6011333044623
1.6225833333333335,-997.6003044273706
1.62425,-997.5996292185037
1.6259166666666667,-997.599279972538
1.6275833333333334,-997.5993451651183
1.62925,-997.5998341094702
1.6309166666666668,-997.6006536733362
1.6325833333333335,-997.6016455318786
1.63425,-997.6026420470339
1.6359166666666667,-997.6034802373515
1.6375833333333334,-997.6040809404124
1.6392666666666666,-997.6044022467008
1.6409333333333334,-997.604467439281
1.6426,-997.6043137710561
1.6442666666666668,-997.6039971213806
1.6459333333333335,-997.6035873394476
1.6476000000000002,-997.6031403046115
1.6492666666666667,-997.6027212094529
1.6509333333333334,-997.6023812767129
1.6526,-997.6021624159077
1.6542666666666668,-997.6020599704245
1.6559333333333335,-997.6020553138117
1.6576000000000002,-997.6020925667146
1.6592666666666667,-997.6021018799404
1.6609333333333334,-997.6019994344572
1.6626,-997.6017200376847
1.6642666666666668,-997.6012264367199
1.66595,-997.6005465712401
1.6676,-997.5997642602771
1.6692833333333335,-997.5990238588299
1.6709500000000002,-997.5985069748007
1.6726166666666666,-997.5983672764145
1.6742833333333333,-997.5986885827028
1.67595,-997.5994522672144
1.6776166666666668,-997.6005419146272
1.6792833333333335,-997.6017712604263
1.6809500000000002,-997.6029261004194
1.6826166666666666,-997.6038108568656
1.6842833333333334,-997.6043091144433
1.68595,-997.6043836202493
1.6876166666666668,-997.6040855970252
1.6892833333333335,-997.6035268034802
1.6909500000000002,-997.602860907839
1.6926166666666667,-997.6022508915524
1.6942833333333334,-997.6018457662323
1.6959666666666668,-997.6017386641362
1.6976166666666668,-997.6019435551027
1.6993,-997.602413873003
1.7009666666666667,-997.6030238892897
1.7026333333333334,-997.6036339055763
1.7043000000000001,-997.6041088800896
1.7059666666666669,-997.604355680572
1.7076333333333333,-997.6043091144433
1.7093,-997.6039691817034
1.7109666666666667,-997.6033777918682
1.7126333333333335,-997.6026234205824
1.7143000000000002,-997.6018317963936
1.7159666666666666,-997.6011612441396
1.7176333333333333,-997.6007561188195
1.7193,-997.6007281791423
1.7209666666666668,-997.6011193346237
1.72265,-997.6018737059095
1.7243000000000002,-997.6028469380004
1.7259833333333334,-997.6038574229943
1.7276500000000001,-997.6047002699248
1.7293166666666668,-997.6052218105668
1.7309833333333333,-997.6053475391145
1.73265,-997.6050867687934
1.7343166666666667,-997.6045233186355
1.7359833333333334,-997.6038062002527
1.7376500000000001,-997.6030983950957
1.7393166666666668,-997.6025721978408
1.7409833333333333,-997.6023440238099
1.74265,-997.6024464692932
1.7443166666666667,-997.6028376247747
1.7459833333333334,-997.6033964183198
1.7476500000000001,-997.6039738383163
1.7493166666666669,-997.6044394996038
1.7509833333333333,-997.604695613312
1.75265,-997.6046909566991
1.7543166666666667,-997.6044301863781
1.756,-997.6039505552519
1.7576666666666667,-997.6032986294493
1.7593333333333334,-997.6025675412279
1.7610000000000001,-997.601855079458
1.7626666666666668,-997.6012776594615
1.7643333333333333,-997.6009516965602
1.766,-997.6009470399473
1.7676666666666667,-997.6012776594615
1.7693333333333334,-997.6018783625224
1.7710000000000001,-997.6026280771953
1.7726666666666668,-997.6033731352553
1.7743333333333333,-997.6039552118648
1.776,-997.6042532350888
1.7776666666666667,-997.60420666896
1.7793333333333334,-997.6038387965428
1.7810000000000001,-997.6032241236434
1.7826666666666668,-997.6025023486477
1.7843333333333333,-997.6018457662323
1.7860166666666668,-997.6014266710735
1.7876833333333335,-997.6013661351061
1.78935,-997.6017060678461
1.7910166666666667,-997.6023859333258
1.7926833333333334,-997.6032660331592
1.7943500000000001,-997.6041647594442
1.7960166666666668,-997.6049005042785
1.7976833333333335,-997.6053521957274
1.79935,-997.6054592978235
1.8010166666666667,-997.6052357804055
1.8026833333333334,-997.6047421794407
1.8043500000000001,-997.6040669705737
1.8060166666666668,-997.6033312257395
1.8076833333333335,-997.6026560168725
1.80935,-997.6021763857465
1.8110166666666667,-997.6019854646186
1.8126833333333334,-997.6021298196176
1.8143500000000001,-997.602600137518
1.8160333333333334,-997.6033032860622
1.8177,-997.6041181933153
1.8193666666666668,-997.604881877827
1.8210333333333335,-997.6054499845977
1.8227,-997.6056967850801
1.8243666666666667,-997.6055617433067
1.8260333333333334,-997.6050495158904
1.8277,-997.604243921863
1.8293666666666668,-997.6032800029978
1.8310333333333335,-997.602339367197
1.8327,-997.6016036223627
1.8343666666666667,-997.6012031536555
1.8360333333333334,-997.6011845272039
1.8377000000000001,-997.6015011768795
1.8393666666666668,-997.6020506571988
1.8410333333333335,-997.6026699867112
1.8427166666666668,-997.603238093482
1.8443666666666667,-997.603647875415
1.8460500000000002,-997.6038527663815
1.8477166666666667,-997.6038527663815
1.8493833333333334,-997.6036758150923
1.85105,-997.6033591654167
1.8527166666666668,-997.602977323161
1.8543833333333335,-997.6026094507438
1.8560500000000002,-997.6023533370357
1.8577166666666667,-997.6022834878426
1.8593833333333334,-997.6024371560675
1.86105,-997.602791058646
1.8627166666666668,-997.603275346385
1.8643833333333335,-997.6037875738012
1.86605,-997.6042113255729
1.8677166666666667,-997.6044441562167
1.8693833333333334,-997.6044162165394
1.87105,-997.6040855970252
1.8727333333333334,-997.6034848939644
1.8743833333333335,-997.602679299937
1.8760666666666668,-997.6018131699421
1.8777333333333335,-997.6010401722049
1.8794000000000002,-997.6005419146272
1.8810666666666667,-997.6004394691439
1.8827333333333334,-997.6007794018839
1.8844,-997.6015011768795
1.8860666666666668,-997.6024511259061
1.8877333333333335,-997.6034290146099
1.8894000000000002,-997.6042252954115
1.8910666666666667,-997.6046816434733
1.8927333333333334,-997.6047235529892
1.8944,-997.6043696504106
1.8960666666666668,-997.6037084113824
1.8977333333333335,-997.6028888475163
1.8994000000000002,-997.6020879101018
1.9010666666666667,-997.6014732372023
1.9027500000000002,-997.6011565875267
1.9044166666666669,-997.6011891838168
1.9060833333333334,-997.6015384297825
1.90775,-997.6021018799404
1.9094166666666668,-997.6027305226786
1.9110833333333335,-997.6032893162236
1.9127500000000002,-997.6036432188022
1.9144166666666667,-997.603722381221
1.9160833333333334,-997.6035035204159
1.91775,-997.6030052628382
1.9194166666666668,-997.6022881444554
1.9210833333333335,-997.6014499541379
1.9227500000000002,-997.6006071072075
1.9244166666666667,-997.5999086152761
1.9260833333333334,-997.5994941767303
1.92775,-997.5994708936659
1.9294166666666668,-997.5998620491474
1.9310833333333335,-997.6006210770461
1.9327666666666667,-997.6016129355885
1.9344333333333334,-997.6026606734854
1.9361000000000002,-997.6035780262218
1.9377666666666669,-997.6042020123472
1.9394333333333333,-997.6044441562167
1.9411,-997.6042858313789
1.9427666666666668,-997.6037782605755
1.9444333333333335,-997.6030564855798
1.9461000000000002,-997.6022974576812
1.9477666666666669,-997.6016827847816
1.9494333333333334,-997.601370791719
1.9511,-997.6014313276863
1.9527666666666668,-997.6018317963936
1.9544333333333335,-997.6024418126804
1.9561000000000002,-997.6030983950957
1.9577666666666667,-997.6036292489634
1.9594333333333334,-997.6039039891232
1.9611,-997.6038760494458
1.9627833333333333,-997.6035687129961
1.96445,-997.6030471723541
1.9661166666666667,-997.602418529616
1.9677833333333334,-997.6017898868778
1.9694500000000001,-997.6012543763972
1.9711166666666669,-997.6009051304314
1.9727833333333333,-997.6007887151096
1.97445,-997.6009237568829
1.9761166666666667,-997.6012776594615
1.9777833333333334,-997.6017666038134
1.9794500000000002,-997.6022974576812
1.9811166666666669,-997.6027631189687
1.9827833333333333,-997.6030797686442
1.98445,-997.603200840579
1.9861166666666668,-997.6031123649343
1.9877833333333335,-997.6028329681618
1.9894666666666667,-997.602413873003
1.9911166666666669,-997.6019528683285
1.9928000000000001,-997.6015663694598
1.9944666666666668,-997.6013754483319
1.9961333333333335,-997.6014685805894
1.9978,-997.6018737059095
1.9994666666666667,-997.6025256317121
2.001133333333333,-997.6032939728365
2.0028,-997.604020404445
2.0044666666666666,-997.604541945087
2.0061333333333335,-997.6047468360536
2.0078,-997.6045838546029
2.009466666666667,-997.6040855970252
2.0111333333333334,-997.603349852191
2.0128,-997.6025116618735
2.014466666666667,-997.6017293509104
2.01615,-997.6011379610752
2.0178166666666666,-997.6008352812383
2.0194833333333335,-997.6008539076898
2.02115,-997.6011705573653
2.022816666666667,-997.6016920980074
2.0244833333333334,-997.6022974576812
2.02615,-997.6028562512262
2.027816666666667,-997.6032567199335
2.0294833333333333,-997.6034383278356
2.0311500000000002,-997.6033777918682
2.0328166666666667,-997.6030937384828
2.0344833333333336,-997.602637390421
2.03615,-997.6020692836503
2.0378166666666666,-997.601482550428
2.0394833333333335,-997.6009749796247
2.04115,-997.6006443601104
2.042816666666667,-997.6005791675302
2.0444833333333334,-997.6008026849482
2.04615,-997.601296285913
2.047816666666667,-997.60197149478
2.0495,-997.6026979263885
2.0511500000000003,-997.6033405389652
2.0528333333333335,-997.6037736039626
2.0545,-997.603908645736
2.056166666666667,-997.6037177246081
2.0578333333333334,-997.6032194670305
2.0595,-997.6025209750992
2.061166666666667,-997.6017712604263
2.0628333333333333,-997.6011519309138
2.0645000000000002,-997.600811998174
2.0661666666666667,-997.6008352812383
2.0678333333333336,-997.6012031536555
2.0695,-997.601817826555
2.0711666666666666,-997.6025070052606
2.0728333333333335,-997.6030937384828
2.0745,-997.6034476410614
2.076166666666667,-997.603498863803
2.0778333333333334,-997.6032474067077
2.0795166666666667,-997.6027631189687
2.081166666666667,-997.6021344762305
2.08285,-997.6014639239766
2.0845166666666666,-997.6008632209156
2.0861833333333335,-997.6004254993053
2.08785,-997.6002206083389
2.089516666666667,-997.600290457532
2.0911833333333334,-997.6006210770461
2.0928500000000003,-997.6011612441396
2.094516666666667,-997.6018131699421
2.0961833333333333,-997.6024837221962
2.09785,-997.6030657988056
2.0995166666666667,-997.6034755807386
2.1011833333333336,-997.6036571886408
2.102866666666667,-997.603573369609
2.1045166666666666,-997.6032334368691
2.1062000000000003,-997.6026979263885
2.10785,-997.6020879101018
2.1095333333333333,-997.6015523996211
2.1112,-997.6012450631714
2.1128666666666667,-997.60125903301
2.1145333333333336,-997.6015989657499
2.1162,-997.602195012198
2.1178666666666666,-997.6029028173549
2.1195333333333335,-997.6035593997703
2.1212,-997.604020404445
2.122866666666667,-997.6041880425086
2.1245333333333334,-997.6040343742836
2.1262000000000003,-997.6035826828347
2.127866666666667,-997.6029261004194
2.1295333333333333,-997.6021903555851
2.1312,-997.601519803331
2.1328666666666667,-997.6010448288177
2.1345333333333336,-997.6008445944641
2.136216666666667,-997.6009470399473
2.1378833333333334,-997.6013009425259
2.1395500000000003,-997.6018131699421
2.1412166666666668,-997.6023812767129
2.1428833333333333,-997.6029028173549
2.14455,-997.6033032860622
2.1462166666666667,-997.6035407733189
2.1478833333333336,-997.6036059658991
2.14955,-997.603498863803
2.1512166666666666,-997.603238093482
2.1528833333333335,-997.6028748776777
2.15455,-997.6024697523576
2.156216666666667,-997.6021111931661
2.1578833333333334,-997.6018876757481
2.1595500000000003,-997.6018364530065
2.161216666666667,-997.6019668381671
2.1628833333333333,-997.6022182952623
2.16455,-997.6024976920348
2.1662333333333335,-997.6026979263885
2.1678833333333336,-997.6027258660657
2.169566666666667,-997.6025209750992
2.1712333333333333,-997.6020879101018
2.1729000000000003,-997.6014639239766
2.1745666666666668,-997.6007514622066
2.1762333333333332,-997.6000809099526
2.1779,-997.5995826523749
2.1795666666666667,-997.5993684481826
2.1812333333333336,-997.5994895201175
2.1829,-997.5999086152761
2.184566666666667,-997.6005372580144
2.1862333333333335,-997.601221780107
2.1879,-997.6018085133293
2.189566666666667,-997.6021856989722
2.1912333333333334,-997.6022834878426
2.1929000000000003,-997.6021018799404
2.1945666666666668,-997.6016874413946
2.19625,-997.6011193346237
2.1979,-997.6005000051114
2.1995833333333334,-997.5999365549534
2.20125,-997.5995128031818
2.202916666666667,-997.5993079122153
2.2045833333333333,-997.5993265386668
2.2062500000000003,-997.5995407428591
2.2079166666666667,-997.599876018986
2.2095833333333332,-997.6002345781775
2.21125,-997.6005186315629
2.2129166666666666,-997.6006443601104
2.2145833333333336,-997.6005651976916
2.21625,-997.6002625178547
2.217916666666667,-997.5997642602771
2.2195833333333335,-997.599130960926
2.22125,-997.5984604086719
2.222916666666667,-997.597901615127
2.2245833333333334,-997.5975849654515
2.2262666666666666,-997.5976175617416
2.2279166666666668,-997.5980133738359
2.2296,-997.5986932393157
2.231266666666667,-997.5994988333432
2.2329333333333334,-997.6002485480161
2.2346,-997.6007607754324
2.236266666666667,-997.6009423833344
2.2379333333333333,-997.600774745271
2.2396000000000003,-997.6003323670478
2.2412666666666667,-997.5997316639869
2.2429333333333332,-997.5991216477003
2.2446,-997.5986327033484
2.2462666666666666,-997.5983626198016
2.2479333333333336,-997.5983579631887
2.2496,-997.5986047636711
2.251266666666667,-997.5990378286685
2.2529333333333335,-997.5995686825363
2.2546,-997.6000809099526
2.2562833333333336,-997.6004860352728
2.25795,-997.6007188659165
2.2596166666666666,-997.6007281791423
2.2612833333333335,-997.6005046617242
2.26295,-997.6000576268882
2.264616666666667,-997.5994196709242
2.2662833333333334,-997.5986606430256
2.26795,-997.5978876452883
2.269616666666667,-997.5972357194858
2.2712833333333333,-997.5968492206172
2.2729500000000002,-997.5968305941657
2.2746166666666667,-997.5972124364214
2.2762833333333337,-997.597934211417
2.27795,-997.5988515641535
2.2796166666666666,-997.5997735735028
2.2812833333333336,-997.6004906918856
2.282966666666667,-997.6008352812383
2.284616666666667,-997.6007142093036
2.2863,-997.6001181628556
2.2879666666666667,-997.5991216477003
2.2896333333333336,-997.5978969585141
2.2913,-997.5966536428764
2.2929666666666666,-997.5956198748181
2.2946333333333335,-997.5949958886928
2.2963,-997.5948841299838
2.297966666666667,-997.5952939119168
2.2996333333333334,-997.5961321022344
2.3013,-997.59722640626
2.302966666666667,-997.5983672764145
2.3046333333333333,-997.599354478344
2.3063000000000002,-997.6000250305981
2.3079666666666667,-997.6002858009191
2.3096333333333336,-997.6000948797912
2.3113,-997.5995128031818
2.3129833333333334,-997.5986513297998
2.3146500000000003,-997.597673441096
2.316316666666667,-997.5967747148111
2.3179833333333333,-997.5961227890086
2.31965,-997.5958294223975
2.3213166666666667,-997.595922554655
2.3229833333333336,-997.596332336588
2.32465,-997.5969423528746
2.3263166666666666,-997.5975803088386
2.3279833333333335,-997.5980971928677
2.32965,-997.5983719330274
2.331316666666667,-997.5983346801244
2.3329833333333334,-997.5979854341587
2.33465,-997.5973800744849
2.336316666666667,-997.5966163899734
2.3379833333333333,-997.595848048849
2.3396500000000002,-997.5952240627237
2.3413166666666667,-997.5948748167581
2.343,-997.5948748167581
2.34465,-997.5952194061108
2.3463333333333334,-997.5958247657845
2.3480000000000003,-997.5965465407802
2.349666666666667,-997.5972310628729
2.3513333333333333,-997.5977432902891
2.353,-997.5979761209329
2.3546666666666667,-997.597901615127
2.3563333333333336,-997.5975290860969
2.358,-997.596928383036
2.3596666666666666,-997.5961972948146
2.3613333333333335,-997.5954615499803
2.363,-997.5948561903066
2.364666666666667,-997.5944883178894
2.3663333333333334,-997.5944184686963
2.3680000000000003,-997.5946140464371
2.369666666666667,-997.5949958886928
2.3713333333333333,-997.5954196404645
2.373016666666667,-997.5957409467528
2.3746666666666667,-997.595848048849
2.37635,-997.5956850673983
2.378016666666667,-997.5952613156267
2.3796833333333334,-997.5946512993401
2.3813500000000003,-997.5939667772474
2.383016666666667,-997.593342791122
2.3846833333333333,-997.5929283525762
2.38635,-997.5928305637058
2.3880166666666667,-997.5930913340268
2.3896833333333336,-997.593682723862
2.39135,-997.5944883178894
2.3930166666666666,-997.5953684177229
2.3946833333333335,-997.5961553852987
2.39635,-997.5967281486824
2.398016666666667,-997.597002888842
2.3996833333333334,-997.5969702925519
2.4013500000000003,-997.5966489862635
2.4030333333333336,-997.5960948493314
2.4046833333333333,-997.5953963574001
2.406366666666667,-997.5946512993401
2.4080333333333335,-997.5939667772474
2.4097,-997.5934452366054
2.411366666666667,-997.5931472133814
2.4130333333333334,-997.5930913340268
2.4147000000000003,-997.5932496588646
2.4163666666666668,-997.5935383688628
2.4180333333333333,-997.5938550185383
2.4197,-997.5941018190207
2.4213666666666667,-997.5941716682139
2.4230333333333336,-997.594017999989
2.4247,-997.5936128746688
2.426366666666667,-997.5929842319307
2.4280333333333335,-997.5922205474192
2.4297,-997.5914568629076
2.431366666666667,-997.5908515032338
2.43305,-997.5905581366227
2.4347166666666666,-997.5906698953316
2.4363833333333336,-997.5911960925866
2.43805,-997.5920249696784
2.439716666666667,-997.5929935451564
2.4413833333333335,-997.5938922714414
2.44305,-997.5945255707924
2.444716666666667,-997.5947677146619
2.4463833333333334,-997.5945814501468
2.4480500000000003,-997.594017999989
2.4497166666666668,-997.5932077493487
2.4513833333333332,-997.5923183362895
2.45305,-997.5915313687136
2.4547166666666667,-997.5910051714587
2.4563833333333336,-997.5908328767823
2.45805,-997.5910470809746
2.459716666666667,-997.5915872480681
2.4613833333333335,-997.5923462759667
2.4630666666666667,-997.5931798096715
2.4647333333333337,-997.5939388375701
2.4664,-997.5944883178894
2.4680666666666666,-997.5947490882104
2.4697333333333336,-997.5946699257915
2.4714,-997.5942601438585
2.473066666666667,-997.5935569953143
2.4747333333333335,-997.5926629256423
2.4764,-997.5917222898415
2.478066666666667,-997.590916695814
2.4797333333333333,-997.5904044683978
2.4814000000000003,-997.5902927096888
2.4830666666666668,-997.5905860762999
2.4847333333333332,-997.5911867793608
2.4864,-997.5919318374209
2.4880666666666666,-997.5926163595135
2.48975,-997.5930680509624
2.4914,-997.5931844662844
2.4930833333333333,-997.5929330091891
2.4947500000000002,-997.5923788722569
2.4964166666666667,-997.5916338141968
2.4980833333333337,-997.5908561598467
2.49975,-997.5902042340441
2.5014166666666666,-997.5898084219498
2.5030833333333335,-997.5897525425953
2.50475,-997.5900365959807
2.506416666666667,-997.5905860762999
2.5080833333333334,-997.591293881457
2.50975,-997.5920249696784
2.511416666666667,-997.5926722388681
2.5130833333333333,-997.5931565266071
2.5147500000000003,-997.5934312667667
2.5164166666666667,-997.5934824895083
2.5180833333333337,-997.5933008816062
2.519766666666667,-997.5928864430603
2.5214166666666666,-997.5922671135479
2.5231000000000003,-997.5915034290364
2.524766666666667,-997.5906978350089
2.5264333333333333,-997.5899620901746
2.5281000000000002,-997.5894172664682
2.5297666666666667,-997.5891192432442
2.5314333333333336,-997.5890726771155
2.5331,-997.5892216887274
2.5347666666666666,-997.5894545193712
2.5364333333333335,-997.5896407838862
2.5381,-997.5896640669506
2.539766666666667,-997.589463832597
2.5414333333333334,-997.5890307675996
2.5431,-997.5884254079258
2.544766666666667,-997.587787451962
2.5464333333333333,-997.5872798811585
2.5481000000000003,-997.5870517071277
2.5497833333333335,-997.5871960621267
2.5514333333333337,-997.5876989763173
2.553116666666667,-997.588453347603
2.5547833333333334,-997.5892961945335
2.5564500000000003,-997.5900412525936
2.558116666666667,-997.5905534800098
2.5597833333333333,-997.5907537143635
2.5614500000000002,-997.5906512688802
2.5631166666666667,-997.5902927096888
2.5647833333333336,-997.5897758256597
2.56645,-997.5891937490502
2.5681166666666666,-997.5886396121181
2.5697833333333335,-997.5881972338949
2.57145,-997.5879178371224
2.573116666666667,-997.5878200482521
2.5747833333333334,-997.587894554058
2.57645,-997.588085475186
2.578116666666667,-997.5883276190555
2.5798,-997.5885418232477
2.5814666666666666,-997.588644268731
2.5831333333333335,-997.5885604496992
2.5848,-997.5882391434108
2.586466666666667,-997.5876617234143
2.5881333333333334,-997.5868700992255
2.5898000000000003,-997.5859667163277
2.591466666666667,-997.5851238693973
2.5931333333333333,-997.584537136175
2.5948,-997.5843648414987
2.5964666666666667,-997.5847047742385
2.5981333333333336,-997.5855243381045
2.5998,-997.5866884913233
2.6014666666666666,-997.5879737164769
2.6031333333333335,-997.58912855647
2.6048,-997.5899388071102
2.6064833333333333,-997.5902740832373
2.6081333333333334,-997.5901250716253
2.6098166666666667,-997.5895662780803
2.6114833333333336,-997.5887513708271
2.61315,-997.5878712709937
2.614816666666667,-997.5870889600307
2.6164833333333335,-997.5865255098727
2.61815,-997.5862321432616
2.619816666666667,-997.5861948903586
2.6214833333333334,-997.5863578718092
2.6231500000000003,-997.586627955356
2.624816666666667,-997.5869213219671
2.6264833333333333,-997.5871588092238
2.62815,-997.5872798811585
2.6298166666666667,-997.5872379716426
2.6314833333333336,-997.5870144542246
2.63315,-997.5865953590659
2.6348166666666666,-997.5859993126178
2.6365000000000003,-997.585282194235
2.63815,-997.5845464494007
2.6398333333333333,-997.5839317765012
2.6415,-997.5835778739226
2.6431666666666667,-997.5835825305355
2.6448333333333336,-997.5839690294042
2.6465,-997.5846721779484
2.648166666666667,-997.5855522777817
2.6498333333333335,-997.5864230643895
2.6515,-997.5870796468049
2.653166666666667,-997.587373013416
2.6548333333333334,-997.587224001804
2.6565000000000003,-997.5866605516461
2.658166666666667,-997.5857990782641
2.6598333333333333,-997.5848305027861
2.6615,-997.5839736860171
2.6631666666666667,-997.5834242056978
2.6648333333333336,-997.5832891639244
2.6665,-997.583601156987
2.6681666666666666,-997.5842623960153
2.6698500000000003,-997.5851238693973
2.6715166666666668,-997.585989999392
2.6731833333333332,-997.5866745214847
2.67485,-997.5870563637405
2.6765166666666667,-997.5870796468049
2.6781833333333336,-997.5867723103551
2.67985,-997.5862042035843
2.681516666666667,-997.5854963984273
2.6831833333333335,-997.5847792800445
2.68485,-997.5841785769836
2.686516666666667,-997.5837967347278
2.6881833333333334,-997.5836989458575
2.6898500000000003,-997.5838945235982
2.691516666666667,-997.5843415584342
2.6931833333333333,-997.5849562313338
2.69485,-997.585622126975
2.6965333333333334,-997.5862181734229
2.6981833333333336,-997.5866419251946
2.699866666666667,-997.5868188764839
2.7015333333333333,-997.5867117743877
2.7032000000000003,-997.586329932132
2.7048666666666668,-997.5857199158453
2.7065333333333337,-997.5850027974625
2.7082,-997.5843136187569
2.7098666666666666,-997.5838107045664
2.7115333333333336,-997.5835918437613
2.7132,-997.5836942892446
2.714866666666667,-997.5840714748874
2.7165333333333335,-997.5846256118197
2.7182,-997.585207688429
2.719866666666667,-997.5856873195552
2.7215333333333334,-997.5859667163277
2.7232000000000003,-997.585989999392
2.7248666666666668,-997.5857711385869
2.72655,-997.5853660132668
2.728216666666667,-997.5848630990763
2.7298833333333334,-997.5843741547244
2.73155,-997.5839876558557
2.733216666666667,-997.5837827648892
2.7348833333333333,-997.5837687950506
2.7365500000000003,-997.5839224632755
2.7382166666666667,-997.5841692637579
2.7398833333333337,-997.5844160642403
2.74155,-997.5845883589166
2.7432166666666666,-997.5846302684325
2.7448833333333336,-997.5845231663363
2.74655,-997.5842810224668
2.748216666666667,-997.5839224632755
2.7498833333333335,-997.5834940548909
2.75155,-997.583042363442
2.753216666666667,-997.5826232682832
2.7548833333333334,-997.5823112752206
2.7565666666666666,-997.5821715768344
2.7582333333333335,-997.5822414260275
2.7599,-997.5825254794129
2.761566666666667,-997.5829818274747
2.7632333333333334,-997.5835219945682
2.7649,-997.5840481918231
2.766566666666667,-997.5844672869819
2.7682333333333333,-997.5846908043999
2.7699000000000003,-997.5846814911741
2.7715666666666667,-997.584425377466
2.7732333333333337,-997.5839643727913
2.7749,-997.5833869527949
2.7765666666666666,-997.5828141894111
2.7782333333333336,-997.5823811244137
2.7799,-997.5822088297374
2.781566666666667,-997.5823392148978
2.7832333333333334,-997.5827489968309
2.7849,-997.5833450432789
2.7865833333333336,-997.5839876558557
2.78825,-997.584537136175
2.7899166666666666,-997.5848863821407
2.7915833333333335,-997.5849795143981
2.79325,-997.5848258461732
2.794916666666667,-997.5844812568205
2.7965833333333334,-997.5840342219844
2.7982500000000003,-997.5835825305355
2.799916666666667,-997.5832332845699
2.8015833333333333,-997.5830703031193
2.8032500000000002,-997.5831261824737
2.8049166666666667,-997.5834055792463
2.8065833333333337,-997.583861927308
2.80825,-997.5844020944016
2.8099166666666666,-997.5849422614951
2.8115833333333335,-997.5853799831054
2.81325,-997.5856500666522
2.814916666666667,-997.5856966327809
2.8166,-997.5854917418144
2.8182666666666667,-997.5850400503655
2.8199333333333336,-997.5843788113373
2.8216,-997.583601156987
2.8232666666666666,-997.5828514423141
2.8249333333333335,-997.5822833355434
2.8266,-997.5820179086095
2.828266666666667,-997.5821063842541
2.8299333333333334,-997.5825161661871
2.8316000000000003,-997.5831215258609
2.833266666666667,-997.5837501685991
2.8349333333333333,-997.5842251431123
2.8366000000000002,-997.5843974377888
2.8382666666666667,-997.5841878902094
2.8399333333333336,-997.5835965003741
2.8416,-997.5827210571537
2.8432833333333334,-997.5817198853855
2.8449333333333335,-997.5807839061976
2.846616666666667,-997.5801133539435
2.8482833333333333,-997.5798572402354
2.84995,-997.5800761010405
2.8516166666666667,-997.5807373400688
2.8532833333333336,-997.581701258934
2.85495,-997.582781593121
2.8566166666666666,-997.5837641384377
2.8582833333333335,-997.5844859134334
2.85995,-997.584835159399
2.861616666666667,-997.584797906496
2.8632833333333334,-997.5844160642403
2.8649500000000003,-997.5837827648892
2.866616666666667,-997.5830283936034
2.8682833333333333,-997.5822926487691
2.8699500000000002,-997.5817152287726
2.8716166666666667,-997.581398579097
2.8733,-997.5813939224842
2.87495,-997.5816872890954
2.8766333333333334,-997.582185546673
2.8783000000000003,-997.5827583100566
2.879966666666667,-997.5832565676343
2.8816333333333333,-997.5835406210197
2.8833,-997.5835173379553
2.8849666666666667,-997.5831448089253
2.8866333333333336,-997.5824649434455
2.8883,-997.5815662171606
2.889966666666667,-997.5805883284568
2.8916333333333335,-997.5797035720104
2.8933,-997.5790795858852
2.894966666666667,-997.5788420986286
2.8966333333333334,-997.5790283631436
2.8983000000000003,-997.5795918133015
2.8999833333333336,-997.5804113771675
2.90165,-997.5813194166782
2.903316666666667,-997.5821296673184
2.9049833333333335,-997.5827024307022
2.90665,-997.5829585444103
2.908316666666667,-997.5828747253785
2.9099833333333334,-997.5824928831228
2.9116500000000003,-997.5819014932875
2.9133166666666668,-997.5812216278078
2.9149833333333333,-997.5805836718439
2.91665,-997.5801180105564
2.9183166666666667,-997.5799131195898
2.9199833333333336,-997.5800015952345
2.92165,-997.5803415279744
2.923316666666667,-997.5808304723263
2.9249833333333335,-997.5813426997425
2.92665,-997.5817291986112
2.928316666666667,-997.5818782102232
2.9299833333333334,-997.5817291986112
2.9316500000000003,-997.5812635373237
2.9333333333333336,-997.5805184792637
2.935,-997.5795871566886
2.936666666666667,-997.5786185812105
2.9383333333333335,-997.5777897041188
2.94,-997.5772728200897
2.941666666666667,-997.5771796878321
2.9433333333333334,-997.5775335904107
2.9450000000000003,-997.5782367389547
2.9466666666666668,-997.5791121821753
2.9483333333333337,-997.5799364026542
2.95,-997.5805324491023
2.9516666666666667,-997.5807792495847
2.9533333333333336,-997.580653521037
2.955,-997.5802157994268
2.956666666666667,-997.57957318685
2.9583333333333335,-997.5788514118543
2.96,-997.5781855162131
2.961666666666667,-997.5776872586355
2.96335,-997.5774358015402
2.9650166666666666,-997.5774777110561
2.9666833333333336,-997.5778083305703
2.96835,-997.5783717807282
2.970016666666667,-997.5790795858852
2.9716833333333335,-997.579796704268
2.97335,-997.5804113771675
2.975016666666667,-997.5807978760362
2.9766833333333333,-997.5808723818421
2.9783500000000003,-997.5805836718439
2.9800166666666668,-997.57994571588
2.9816833333333337,-997.5790376763694
2.98335,-997.578008564924
2.9850166666666667,-997.577035332833
2.9866833333333336,-997.5763089012245
2.98835,-997.5759363721944
2.990016666666667,-997.5759643118716
2.9916833333333335,-997.5763182144502
2.9933666666666667,-997.5768676947695
2.9950333333333337,-997.5774497713788
2.9967,-997.5779061194406
2.9983666666666666,-997.5781203236329
3.0000333333333336,-997.5780551310527
3.0017,-997.5777291681513
3.003366666666667,-997.5772169407351
3.0050333333333334,-997.5766302075128
3.0067,-997.5760900404193
3.008366666666667,-997.575726824615
3.0100333333333333,-997.5756197225189
3.0117000000000003,-997.5758106436468
3.0133666666666667,-997.5762669917085
3.0150333333333337,-997.576923574124
3.0167,-997.5776732887969
3.0183666666666666,-997.5783950637925
3.0200333333333336,-997.578972483789
3.0217,-997.5793077599161
3.0233833333333333,-997.579349669432
3.0250500000000002,-997.5790749292723
3.0267166666666667,-997.5785161357273
3.0283833333333336,-997.5777524512157
3.03005,-997.5769002910596
3.0317166666666666,-997.5761086668708
3.0333833333333335,-997.5755172770356
3.03505,-997.5752145971987
3.036716666666667,-997.5752192538116
3.0383833333333334,-997.5754707109069
3.0400500000000004,-997.5758572097756
3.041716666666667,-997.5762157689669
3.0433833333333333,-997.5764066900948
3.0450500000000003,-997.5763321842888
3.0467166666666667,-997.5759643118716
3.0483833333333337,-997.5753403257464
3.05005,-997.574567328009
3.0517166666666666,-997.5738036434975
3.0534000000000003,-997.5732075970495
3.055066666666667,-997.572928200277
3.0567333333333333,-997.5730353023731
3.0584000000000002,-997.5735335599508
3.0600666666666667,-997.5743298407524
3.0617333333333336,-997.5752844463918
3.0634,-997.5762204255798
3.0650666666666666,-997.5769841100913
3.0667333333333335,-997.5774637412175
3.0684,-997.5775987829909
3.070066666666667,-997.5773938920244
3.0717333333333334,-997.5769049476725
3.0734000000000004,-997.5762157689669
3.075066666666667,-997.5754613976811
3.0767333333333333,-997.5747861888142
3.0784000000000002,-997.5743391539781
3.0800666666666667,-997.5742320518821
3.08175,-997.5744974788159
3.083416666666667,-997.5750888686512
3.0850833333333334,-997.5758618663884
3.0867500000000003,-997.5766348641257
3.088416666666667,-997.577221597348
3.0900833333333333,-997.5774637412175
3.09175,-997.5772728200897
3.0934166666666667,-997.5766441773515
3.0950833333333336,-997.5756476621962
3.09675,-997.5744415994615
3.0984166666666666,-997.573226223501
3.1000833333333335,-997.57222039512
3.10175,-997.5716150354461
3.103416666666667,-997.5714986201243
3.1050833333333334,-997.5718525227028
3.1067500000000003,-997.5725603278598
3.108416666666667,-997.5734311144676
3.1100833333333333,-997.5742646481722
3.111766666666667,-997.5748793210718
3.1134333333333335,-997.5751726876829
3.1151,-997.5751074951027
3.116766666666667,-997.5747256528468
3.1184333333333334,-997.574124949786
3.1201000000000003,-997.5734404276933
3.121766666666667,-997.5728210981808
3.1234333333333333,-997.5724206294736
3.1251,-997.5723368104418
3.1267666666666667,-997.5726301770529
3.1284333333333336,-997.573263476404
3.1301,-997.5741296063989
3.131766666666667,-997.5750609289738
3.1334333333333335,-997.5758665230013
3.1351,-997.5763554673532
3.136766666666667,-997.5764113467077
3.1384333333333334,-997.5759829383231
3.1401000000000003,-997.5751028384898
3.1417833333333336,-997.5738828059165
3.14345,-997.5725044485054
3.145116666666667,-997.5711959402875
3.1467833333333335,-997.5701807986806
3.14845,-997.5696452881999
3.150116666666667,-997.5696732278772
3.1517833333333334,-997.5702180515837
3.1534500000000003,-997.5711260910942
3.155116666666667,-997.5721645157655
3.1567833333333333,-997.5730911817276
3.15845,-997.5737151678529
3.1601166666666667,-997.5739433418838
3.1617833333333336,-997.5737710472074
3.16345,-997.5732821028555
3.165116666666667,-997.5726208638272
3.1667833333333335,-997.5719456549604
3.16845,-997.5714148010926
3.1701333333333337,-997.5711447175457
3.1718,-997.5711866270617
3.1734666666666667,-997.5715358730273
3.1751333333333336,-997.5721179496367
3.1768,-997.572816441568
3.178466666666667,-997.5735009636606
3.1801333333333335,-997.5740690704314
3.1818,-997.5744136597842
3.183466666666667,-997.5744835089773
3.1851333333333334,-997.5742320518821
3.1868000000000003,-997.5736592884984
3.188466666666667,-997.5728071283422
3.1901333333333333,-997.5717733602839
3.1918,-997.5707163091613
3.1934666666666667,-997.5698129262635
3.1951333333333336,-997.5692401628799
3.1968,-997.5690911512678
3.1984833333333333,-997.5693752046532
3.2001500000000003,-997.5699852209399
3.2018166666666668,-997.5707349356128
3.2034833333333337,-997.5714054878667
3.20515,-997.5718106131869
3.2068166666666666,-997.5718385528642
3.2084833333333336,-997.57147533706
3.21015,-997.5708187546445
3.211816666666667,-997.5700317870686
3.2134833333333335,-997.5693239819116
3.21515,-997.5688769470755
3.216816666666667,-997.568821067721
3.2184833333333334,-997.5691842835253
3.2201500000000003,-997.5698827754566
3.2218166666666668,-997.5707721885158
3.2234833333333337,-997.571661601575
3.22515,-997.5723833765705
3.2268166666666667,-997.5728304114066
3.2285000000000004,-997.5729514833414
3.230166666666667,-997.5727605622135
3.2318333333333333,-997.572294900926
3.2335000000000003,-997.571619692059
3.2351666666666667,-997.570800128193
3.2368333333333337,-997.5699200283595
3.2385,-997.569081838042
3.2401666666666666,-997.5683973159494
3.2418333333333336,-997.5679735641777
3.2435,-997.5678618054687
3.245166666666667,-997.5680666964353
3.2468333333333335,-997.568523044497
3.2485,-997.5691284041708
3.250166666666667,-997.5697384204575
3.2518333333333334,-997.570204081745
3.2535000000000003,-997.5704043160986
3.2551666666666668,-997.5702646177124
3.2568333333333337,-997.5697896431991
3.2585,-997.5690771814292
3.2601833333333334,-997.5682762440147
3.2618500000000004,-997.5675824086962
3.263516666666667,-997.5671586569246
3.2651833333333333,-997.567107434183
3.2668500000000003,-997.5674287404713
3.2685166666666667,-997.5680201303065
3.2701833333333337,-997.5687232788506
3.27185,-997.5693519215888
3.2735166666666666,-997.5697803299734
3.2751833333333336,-997.5699246849724
3.27685,-997.5697896431991
3.278516666666667,-997.5694357406205
3.2801833333333335,-997.5689467962686
3.2818500000000004,-997.5684345688524
3.283516666666667,-997.568001503855
3.2851833333333333,-997.567736076921
3.2868500000000003,-997.5676895107923
3.2885333333333335,-997.5678850885331
3.2902,-997.5682762440147
3.291866666666667,-997.5688024412696
3.2935333333333334,-997.5693752046532
3.2952000000000004,-997.5699060585209
3.296866666666667,-997.5703344669055
3.2985333333333333,-997.5705905806136
3.3002000000000002,-997.5706324901295
3.3018666666666667,-997.5704229425501
3.3035333333333337,-997.5699572812626
3.3052,-997.56927275917
3.3068666666666666,-997.5684811349811
3.3085333333333335,-997.5677267636953
3.3102,-997.567177283376
3.311866666666667,-997.5669723924095
3.3135333333333334,-997.5671633135374
3.3152000000000004,-997.5677221070824
3.3168833333333336,-997.5685137312713
3.31855,-997.5693612348146
3.320216666666667,-997.5700690399716
3.3218833333333335,-997.5704741652918
3.32355,-997.5704881351304
3.325216666666667,-997.5701202627132
3.3268833333333334,-997.569459023685
3.3285500000000003,-997.5686534296575
3.330216666666667,-997.567889745146
3.3318833333333333,-997.5673356082139
3.3335500000000002,-997.5670841511186
3.3352166666666667,-997.5671586569246
3.3368833333333336,-997.5674985896644
3.33855,-997.5679735641777
3.3402166666666666,-997.568448538691
3.3418833333333335,-997.5687977846567
3.34355,-997.5689421396557
3.345216666666667,-997.5688490073983
3.3469,-997.5685323577228
3.3485666666666667,-997.5680480699838
3.3502333333333336,-997.5674753066
3.3519,-997.5669211696679
3.353566666666667,-997.5664834480576
3.3552333333333335,-997.5662599306396
3.3569,-997.5663018401556
3.358566666666667,-997.5665998633796
3.3602333333333334,-997.5670841511186
3.3619000000000003,-997.5676522578893
3.363566666666667,-997.5681551720799
3.3652333333333333,-997.5684811349811
3.3669000000000002,-997.5685323577228
3.3685666666666667,-997.5682669307889
3.3702333333333336,-997.5677127938567
3.3719,-997.5669351395065
3.373566666666667,-997.5660550396732
3.3752333333333335,-997.5652354758071
3.376916666666667,-997.5646347727462
3.3785833333333337,-997.564383315651
3.38025,-997.5645462971015
3.3819166666666667,-997.5651050906466
3.3835833333333336,-997.5659525941899
3.38525,-997.5669025432164
3.386916666666667,-997.5677453901468
3.3885833333333335,-997.5683041836919
3.39025,-997.5684578519167
3.391916666666667,-997.5681784551442
3.3935833333333334,-997.5675125595031
3.3952500000000003,-997.5665765803152
3.396916666666667,-997.5655474688697
3.3985833333333333,-997.5646208029076
3.40025,-997.5639735337179
3.4019166666666667,-997.563745359687
3.4035833333333336,-997.5639921601694
3.40525,-997.5646673690363
3.4069333333333334,-997.5656359445144
3.4086000000000003,-997.5667116220885
3.410266666666667,-997.5676895107923
3.4119333333333337,-997.5683926593365
3.4136,-997.568709309012
3.4152666666666667,-997.5686068635288
3.4169333333333336,-997.5681039493383
3.4186,-997.5673030119237
3.420266666666667,-997.5663344364457
3.4219333333333335,-997.5653658609676
3.4236,-997.5645695801659
3.425266666666667,-997.5640852924269
3.4269333333333334,-997.5639781903308
3.4286000000000003,-997.5642343040389
3.430266666666667,-997.5647558446809
3.4319333333333333,-997.5654031138706
3.4336,-997.5660177867701
3.4352833333333335,-997.5664601649933
3.43695,-997.5666464295083
3.438616666666667,-997.5665393274122
3.4402833333333334,-997.566171454995
3.4419500000000003,-997.5655986916114
3.4436166666666668,-997.5649467658088
3.4452833333333337,-997.5643367495222
3.44695,-997.5639036845248
3.4486166666666667,-997.5637500162999
3.4502833333333336,-997.5639036845248
3.45195,-997.5643320929094
3.453616666666667,-997.5649327959702
3.4552833333333335,-997.5655660953213
3.45695,-997.5660922925762
3.458616666666667,-997.5663996290259
3.4602833333333334,-997.5664182554774
3.4619500000000003,-997.5661295454792
3.4636333333333336,-997.5655660953213
3.4653,-997.5648117240354
3.466966666666667,-997.5639921601694
3.4686333333333335,-997.5632750417866
3.4703000000000004,-997.5628093804991
3.471966666666667,-997.5627209048545
3.4736333333333334,-997.5630468677557
3.4753000000000003,-997.5637360464613
3.4769666666666668,-997.5646580558106
3.4786333333333337,-997.5656359445144
3.4803,-997.5664834480576
3.4819833333333334,-997.5670422416027
3.4836500000000004,-997.567214536279
3.485316666666667,-997.5669630791838
3.4869833333333333,-997.5663111533813
3.4886500000000003,-997.5653472345161
3.4903166666666667,-997.5642249908132
3.4919833333333337,-997.5631213735618
3.49365,-997.5622366171154
3.4953166666666666,-997.5617057632477
3.4969833333333336,-997.5616079743772
3.49865,-997.5619059976013
3.500316666666667,-997.5624880742107
3.5019833333333334,-997.5631958793678
3.5036500000000004,-997.5638478051703
3.505316666666667,-997.5642994966191
3.5069833333333333,-997.5644485082312
3.5086500000000003,-997.5642622437161
3.5103166666666668,-997.56378261259
3.5119833333333337,-997.563112060336
3.51365,-997.5623949419532
3.5153166666666666,-997.561803552118
3.5169833333333336,-997.5614775892168
3.51865,-997.5614869024425
3.520316666666667,-997.5618175219566
3.5219833333333335,-997.5623670022759
3.5236666666666667,-997.5629816751755
3.5253333333333337,-997.5635171856561
3.527,-997.5638571183961
3.5286666666666666,-997.5639595638793
3.5303333333333335,-997.5638105522672
3.532,-997.563447336463
3.533666666666667,-997.5629304524339
3.5353333333333334,-997.5623437192115
3.5370000000000004,-997.561803552118
3.538666666666667,-997.5614263664752
3.5403333333333333,-997.5613099511532
3.5420000000000003,-997.5614962156683
3.5436666666666667,-997.5619339372786
3.5453333333333337,-997.5625206705008
3.547,-997.563112060336
3.5486666666666666,-997.5635637517848
3.5503333333333336,-997.5637593295256
3.552,-997.5636429142038
3.5536833333333333,-997.5632191624321
3.5553500000000002,-997.5625439535652
3.5570166666666667,-997.5617243896992
3.5586833333333336,-997.5608955126073
3.56035,-997.5602109905147
3.562016666666667,-997.5598012085817
3.5636833333333335,-997.5597686122916
3.56535,-997.5601411413215
3.567016666666667,-997.5608675729301
3.5686833333333334,-997.5618221785695
3.5703500000000004,-997.5628186937248
3.572016666666667,-997.5636894803325
3.5737,-997.5642715569419
3.575366666666667,-997.5644857611342
3.5770333333333335,-997.564304153232
3.5787,-997.5637779559771
3.580366666666667,-997.5630096148527
3.5820333333333334,-997.5621574546966
3.5837000000000003,-997.5613798003463
3.585366666666667,-997.5608396332528
3.5870333333333333,-997.5606347422863
3.5887000000000002,-997.5607790972855
3.5903666666666667,-997.5612028490572
3.5920333333333336,-997.5617849256665
3.5937,-997.5623716588888
3.595366666666667,-997.5628326635634
3.5970333333333335,-997.5630980904973
3.5987,-997.5631306867875
3.600366666666667,-997.5629537354982
3.6020333333333334,-997.5626044895325
3.6037000000000003,-997.5621481414709
3.605366666666667,-997.5616545405061
3.6070333333333333,-997.56120750567
3.6087000000000002,-997.5609048258331
3.6103833333333335,-997.5608070369627
3.61205,-997.5609374221233
3.613716666666667,-997.5612726982503
3.6153833333333334,-997.5617430161507
3.6170500000000003,-997.5622552435669
3.618716666666667,-997.5627069350159
3.6203833333333333,-997.5630282413042
3.62205,-997.5631679396905
3.6237166666666667,-997.5630980904973
3.6253833333333336,-997.5628280069506
3.62705,-997.5623949419532
3.628716666666667,-997.561878057924
3.6303833333333335,-997.5614030834108
3.63205,-997.5611004035738
3.633716666666667,-997.5610817771224
3.6353833333333334,-997.5613704871206
3.6370500000000003,-997.56191996744
3.638716666666667,-997.5626044895325
3.6403833333333333,-997.563261071948
3.642066666666667,-997.5637407030741
3.6437333333333335,-997.5639269675892
3.6454,-997.5637779559771
3.647066666666667,-997.5633122946896
3.6487333333333334,-997.5626044895325
3.6504000000000003,-997.5617802690537
3.652066666666667,-997.5609700184134
3.6537333333333337,-997.5603274058366
3.6554,-997.5599502201937
3.6570666666666667,-997.5598896842263
3.6587333333333336,-997.5601132016443
3.6604,-997.560536953416
3.662066666666667,-997.5610305543807
3.6637333333333335,-997.5614822458297
3.6654,-997.5617988955051
3.667066666666667,-997.5619339372786
3.6687333333333334,-997.5618827145369
3.6704166666666667,-997.561659197119
3.6720833333333336,-997.5612959813146
3.67375,-997.5608396332528
3.675416666666667,-997.5603506889009
3.6770833333333335,-997.5599083106778
3.67875,-997.559600974228
3.680416666666667,-997.5594985287448
3.6820833333333334,-997.5596335705181
3.6837500000000003,-997.559978159871
3.685416666666667,-997.56046244761
3.6870833333333337,-997.5609700184134
3.68875,-997.5613844569592
3.6904166666666667,-997.5616126309901
3.6920833333333336,-997.5615986611515
3.69375,-997.5613239209919
3.695416666666667,-997.5608396332528
3.6970833333333335,-997.5602296169662
3.69875,-997.559638227131
3.7004333333333337,-997.5592005055207
3.7021,-997.5590375240702
3.7037666666666667,-997.559191192295
3.7054333333333336,-997.5596196006795
3.7071,-997.5602063339019
3.708766666666667,-997.5608116935756
3.7104333333333335,-997.5612726982503
3.7121000000000004,-997.5614962156683
3.713766666666667,-997.5614263664752
3.7154333333333334,-997.5610864337352
3.7171000000000003,-997.5605509232546
3.7187666666666668,-997.5599129672906
3.7204333333333337,-997.5592703547139
3.7221,-997.5587301876204
3.7237666666666667,-997.5583855982676
3.7254333333333336,-997.5582924660101
3.7271,-997.558483387138
3.728766666666667,-997.5589257653611
3.7304500000000003,-997.5595590647122
3.7321166666666667,-997.5602854963207
3.7337833333333337,-997.5609933014778
3.73545,-997.5615753780871
3.7371166666666666,-997.5619339372786
3.7387833333333336,-997.5620130996974
3.74045,-997.5617988955051
3.742116666666667,-997.5613285776047
3.7437833333333335,-997.5606999348666
3.7454500000000004,-997.5600573222898
3.747116666666667,-997.5595497514864
3.7487833333333334,-997.559302951004
3.7504500000000003,-997.5593588303585
3.7521166666666668,-997.559675480034
3.7537833333333337,-997.5601318280958
3.75545,-997.5605555798675
3.7571166666666667,-997.5607884105112
3.7588000000000004,-997.5607139047053
3.760466666666667,-997.5603087793851
3.7621333333333333,-997.5596196006795
3.7638000000000003,-997.5587674405234
3.7654666666666667,-997.5579013105286
3.7671333333333337,-997.55717487892
3.7688,-997.5567185308582
3.7704666666666666,-997.5566114287622
3.7721333333333336,-997.5568535726317
3.7738,-997.5573704566608
3.775466666666667,-997.5580316956891
3.7771333333333335,-997.5586929347173
3.7788000000000004,-997.5592377584238
3.780466666666667,-997.5595870043894
3.7821333333333333,-997.55971738955
3.7838000000000003,-997.559638227131
3.7854666666666668,-997.5593821134229
3.78715,-997.5589863013286
3.788816666666667,-997.5584927003638
3.7904833333333334,-997.5579758163345
3.7921500000000004,-997.5575380947244
3.793816666666667,-997.5573006074677
3.7954833333333333,-997.5573518302093
3.7971500000000002,-997.5577197026264
3.7988166666666667,-997.5583576585904
3.8004833333333337,-997.5591446261662
3.80215,-997.5599083106778
3.803816666666667,-997.5604810740615
3.8054833333333336,-997.5607278745439
3.80715,-997.5605835195447
3.808816666666667,-997.5600899185799
3.8104833333333334,-997.5593541737456
3.8121500000000004,-997.5585532363311
3.813816666666667,-997.5578687142385
3.8154833333333333,-997.5574682455311
3.817166666666667,-997.557435649241
3.8188333333333335,-997.5577802385939
3.8205,-997.558408881332
3.822166666666667,-997.5591725658435
3.8238333333333334,-997.5598943408392
3.8255000000000003,-997.5604298513199
3.827166666666667,-997.5606813084152
3.8288333333333333,-997.5606347422863
3.8305000000000002,-997.5603320624494
3.8321666666666667,-997.5598524313233
3.8338333333333336,-997.5592889811654
3.8355,-997.5587348442333
3.837166666666667,-997.55825986972
3.8388333333333335,-997.5579339068187
3.8405,-997.5578035216582
3.842166666666667,-997.5578780274642
3.8438333333333334,-997.5581527676238
3.8455000000000004,-997.5585625495569
3.8471833333333336,-997.5590188976187
3.84885,-997.5594193663259
3.850516666666667,-997.5596475403568
3.8521833333333335,-997.5596102874538
3.85385,-997.5592610414882
3.855516666666667,-997.5586184289114
3.8571833333333334,-997.5577616121424
3.8588500000000003,-997.5568442594059
3.860516666666667,-997.5560433219914
3.8621833333333333,-997.5555404078008
3.8638500000000002,-997.5554612453819
3.8655166666666667,-997.5558244611863
3.8671833333333336,-997.5565508927948
3.86885,-997.5574682455311
3.870516666666667,-997.5583762850418
3.8721833333333335,-997.5590887468118
3.87385,-997.5594752456805
3.875516666666667,-997.5594892155191
3.8772,-997.5591632526177
3.8788666666666667,-997.5585904892341
3.8805333333333336,-997.5579013105286
3.8822,-997.5572354148874
3.883866666666667,-997.5567185308582
3.8855333333333335,-997.5564484473115
3.8872,-997.5564624171501
3.888866666666667,-997.5567371573097
3.8905333333333334,-997.5572074752101
3.8922000000000003,-997.5577848952067
3.893866666666667,-997.5583669718161
3.8955333333333337,-997.5588791992324
3.8972,-997.5592517282624
3.8988666666666667,-997.5594240229387
3.9005333333333336,-997.5593448605199
3.9022,-997.5589956145543
3.903866666666667,-997.5583855982676
3.9055500000000003,-997.5576032873046
3.907216666666667,-997.5567883800514
3.9088833333333337,-997.5561038579588
3.91055,-997.5556987326386
3.9122166666666667,-997.5556428532841
3.9138833333333336,-997.5559129368309
3.91555,-997.5563972245699
3.917216666666667,-997.5569327350505
3.9188833333333335,-997.557328547145
3.92055,-997.5574496190796
3.922216666666667,-997.5572214450488
3.9238833333333334,-997.5566766213424
3.9255500000000003,-997.5559175934437
3.927216666666667,-997.5550980295777
3.9288833333333337,-997.5544088508722
3.93055,-997.5539944123262
3.9322166666666667,-997.5539525028104
3.9338833333333336,-997.5542784657116
3.935566666666667,-997.5548791687726
3.9372333333333334,-997.5555962871554
3.9389000000000003,-997.5562621827964
3.9405666666666668,-997.5567325006969
3.9422333333333337,-997.5569467048891
3.9439,-997.5568908255347
3.9455666666666667,-997.5566207419879
3.9472333333333336,-997.5562016468291
3.9489,-997.5557127024772
3.950566666666667,-997.555233071351
3.9522333333333335,-997.5548326026438
3.9539,-997.5545811455486
3.955566666666667,-997.554525266194
3.9572333333333334,-997.5546835910318
3.9589000000000003,-997.5550328369974
3.960566666666667,-997.5555031548978
3.9622333333333337,-997.5559967558626
3.9639,-997.5564065377956
3.9655833333333335,-997.5566300552136
3.9672500000000004,-997.5566114287622
3.968916666666667,-997.5563134055382
3.9705833333333334,-997.5557639252188
3.9722500000000003,-997.5550374936103
3.9739166666666668,-997.5542598392601
3.9755833333333337,-997.5535799737803
3.97725,-997.5531562220087
3.9789166666666667,-997.5530863728155
3.9805833333333336,-997.5534216489426
3.98225,-997.5541015144224
3.983916666666667,-997.5550002407073
3.9855833333333335,-997.555945533121
3.9872500000000004,-997.5567744102128
3.9889166666666664,-997.5573518302093
3.9905833333333334,-997.5576219137561
3.9922500000000003,-997.557589317466
3.9939333333333336,-997.5573052640806
3.9955999999999996,-997.5568489160188
3.9972666666666665,-997.5563134055382
3.9989333333333335,-997.5557918648962
