min,µS/cm
0.0,-998.3640494748782
0.0016666666666667052,-998.3636769458483
0.0033333333333334103,-998.3633323564954
0.004999999999999893,-998.362564015371
0.006666666666666599,-998.3608690082845
0.008333333333333304,-998.3580005347533
0.010000000000000009,-998.3541960820343
0.011666666666666714,-998.3501634552842
0.01333333333333342,-998.3468758865944
0.014999999999999902,-998.3452367588623
0.016666666666666607,-998.3458514317618
0.018333333333333313,-998.3488456338406
0.020000000000000018,-998.35386546252
0.021666666666666723,-998.360175172966
0.023333333333333428,-998.3668574124421
0.02499999999999991,-998.3729622319215
0.026666666666666616,-998.3777073204413
0.028350000000000097,-998.3805897638111
0.03001666666666658,-998.3814232975158
0.031683333333333286,-998.3803569331674
0.03334999999999999,-998.3778423622148
0.035016666666666696,-998.3745128840089
0.0366833333333334,-998.3710995867714
0.038350000000000106,-998.3682823359818
0.04001666666666659,-998.3666012987339
0.041683333333333294,-998.3663591548644
0.04335,-998.3675978138892
0.045016666666666705,-998.3700984150032
0.04668333333333341,-998.373427893209
0.04834999999999989,-998.3770367681873
0.0500166666666666,-998.3803476199416
0.0516833333333333,-998.3828575342814
0.05335000000000001,-998.3842265784667
0.055016666666666714,-998.3843010842727
0.05668333333333342,-998.3831369310539
0.05836666666666668,-998.3809622928411
0.06003333333333338,-998.3781357288259
0.06170000000000009,-998.3750949606183
0.06336666666666657,-998.372273053216
0.06503333333333328,-998.3700611621002
0.06669999999999998,-998.3687107443664
0.06836666666666669,-998.3683289021106
0.07003333333333339,-998.3688411295269
0.0717000000000001,-998.3700192525844
0.07336666666666658,-998.3715419649945
0.07503333333333329,-998.3729855149859
0.07669999999999999,-998.3737817957875
0.0783666666666667,-998.372831846761
0.0800333333333334,-998.3675931572764
0.0817000000000001,-998.3520633533374
0.08336666666666659,-998.3130455940557
0.0850333333333333,-998.2239459633007
0.0867,-998.0355068100781
0.08838333333333326,-997.6633829053786
0.09004999999999996,-996.9732169979127
0.09171666666666667,-995.764690915013
0.09338333333333337,-993.757024870141
0.09505000000000008,-990.5790355943977
0.09671666666666678,-985.7674925521796
0.09838333333333327,-978.7775766936958
0.10004999999999997,-969.0082729649769
0.10171666666666668,-955.8448199908457
0.10338333333333338,-938.717266981824
0.10505000000000009,-917.1710121059655
0.10671666666666657,-890.9410614943789
0.10838333333333328,-860.0199785363022
0.11004999999999998,-824.7093720476653
0.11171666666666669,-785.6468534030239
0.11338333333333339,-743.8028281292891
0.1150500000000001,-700.4445701373949
0.11673333333333336,-657.0687334318966
0.11840000000000006,-615.3073676933103
0.12006666666666677,-576.8161036897526
0.12173333333333325,-543.1558659966829
0.12339999999999995,-515.6807696985456
0.12506666666666666,-495.4440521520768
0.12673333333333336,-483.1313204407372
0.12840000000000007,-479.0264230589505
0.13006666666666677,-483.01092371484776
0.13173333333333326,-494.59443916314956
0.13339999999999996,-512.9704254274119
0.13506666666666667,-537.0903902394186
0.13673333333333337,-565.7486061406082
0.13840000000000008,-597.6693800639684
0.14006666666666656,-631.589447442251
0.14173333333333327,-666.329260294479
0.14339999999999997,-700.8487035989988
0.14506666666666668,-734.2845810271263
0.14674999999999994,-765.9692507078728
0.14841666666666664,-795.4316124298757
0.15008333333333335,-822.3833380371254
0.15175000000000005,-846.6942239770174
0.15341666666666676,-868.361220168118
0.15508333333333346,-887.475642788911
0.15674999999999994,-904.192189175725
0.15841666666666665,-918.702492918215
0.16008333333333336,-931.2143972754545
0.16175000000000006,-941.9372589057019
0.16341666666666677,-951.0724437195214
0.16508333333333325,-958.8072639698197
0.16674999999999995,-965.3120445857346
0.16841666666666666,-970.7398111795726
0.17008333333333336,-975.2290141653405
0.17175000000000007,-978.907500849528
0.17341666666666655,-981.8960591135062
0.17508333333333326,-984.3095629402947
0.17676666666666674,-986.2557896348908
0.17843333333333322,-987.8327329586413
0.18009999999999993,-989.125576330873
0.18176666666666663,-990.2043132997138
0.18343333333333334,-991.1227789666144
0.18510000000000004,-991.9192413761835
0.18676666666666675,-992.6185109618206
0.18843333333333345,-993.2350045969873
0.19009999999999994,-993.7762799643801
0.19176666666666664,-994.2463370944589
0.19343333333333335,-994.6483471405918
0.19510000000000005,-994.9864544882377
0.19676666666666676,-995.2666056320381
0.19843333333333324,-995.4966003985594
0.20009999999999994,-995.685486586618
0.20176666666666665,-995.8426612409962
0.20343333333333335,-995.9769253600281
0.2051166666666666,-996.0957108978628
0.20678333333333332,-996.2046011333375
0.20845000000000002,-996.3071676885277
0.21011666666666673,-996.4051521366487
0.21178333333333343,-996.4988385310857
0.21344999999999992,-996.587588915875
0.21511666666666662,-996.6703508965068
0.21678333333333333,-996.7461233012127
0.21845000000000003,-996.8143007703192
0.22011666666666674,-996.8748274244716
0.22178333333333344,-996.9282061778606
0.22344999999999993,-996.9753823228997
0.22511666666666663,-997.0175572657108
0.22678333333333334,-997.0559836351573
0.22845000000000004,-997.0917743617165
0.23011666666666675,-997.1257909187701
0.23178333333333323,-997.1585781300248
0.23344999999999994,-997.1903874525756
0.23513333333333342,-997.2212468260998
0.2367999999999999,-997.2510444918885
0.2384666666666666,-997.279617468491
0.2401333333333333,-997.3068074310696
0.24180000000000001,-997.3325119341409
0.24346666666666672,-997.3566704417377
0.24513333333333343,-997.3793155501501
0.24680000000000013,-997.4005310784097
0.2484666666666666,-997.42048466458
0.2501333333333333,-997.4394044826922
0.2518,-997.4575326766155
0.25346666666666673,-997.475097420381
0.25513333333333343,-997.4922756652777
0.2567999999999999,-997.5091838266278
0.2584666666666666,-997.525859157334
0.2601333333333333,-997.5422876875579
0.2618166666666666,-997.558408881332
0.2634833333333333,-997.5741109799474
0.26515,-997.589277568082
0.2668166666666667,-997.6037875738012
0.2684833333333334,-997.6175664912992
0.2701499999999999,-997.6305817242854
0.2718166666666668,-997.6428658690503
0.2734833333333333,-997.6544980880127
0.27515,-997.6656180795587
0.2768166666666667,-997.6764167648165
0.2784833333333334,-997.6870850649136
0.2801500000000001,-997.6978232142039
0.2818166666666666,-997.7087615978479
0.2834833333333333,-997.7199747216515
0.28515,-997.7314113628731
0.2868166666666667,-997.7429457929651
0.2884833333333334,-997.7543777775738
0.2901499999999999,-997.7654977691199
0.2918166666666666,-997.7761148464755
0.2934833333333333,-997.7860893112543
0.2951666666666666,-997.7953839105533
0.2968333333333333,-997.8040219274368
0.2985,-997.8121104640011
0.3001666666666667,-997.8197985318582
0.3018333333333334,-997.8272584256842
0.3034999999999999,-997.834625187253
0.3051666666666668,-997.8419966054345
0.3068333333333333,-997.8494145897447
0.3085,-997.8568651703451
0.3101666666666667,-997.8643204075584
0.3118333333333334,-997.8717290786429
0.3135000000000001,-997.8790679005343
0.3151666666666666,-997.8863089335553
0.3168333333333333,-997.8934242380286
0.3185,-997.9003672478257
0.3201666666666667,-997.9070960534303
0.3218333333333334,-997.913568745327
0.3235166666666667,-997.9197434139995
0.3251833333333334,-997.9256107462223
0.3268500000000001,-997.9311707419954
0.32851666666666657,-997.9364420277702
0.3301833333333333,-997.9414571998368
0.33185,-997.9462441978726
0.3335166666666667,-997.9508309615547
0.3351833333333334,-997.9552221474961
0.3368500000000001,-997.9594550085997
0.3385166666666668,-997.9635574845428
0.3401833333333333,-997.9676040811313
0.34185,-997.9717065570744
0.3435166666666667,-997.9759766710811
0.3451833333333334,-997.9805122120215
0.3468500000000001,-997.9853644026375
0.3485166666666666,-997.9905099598647
0.3501833333333333,-997.9958324683811
0.35186666666666677,-998.0011642901233
0.35353333333333326,-998.0063005341246
0.35519999999999996,-998.011064249096
0.35686666666666667,-998.0153110800383
0.35853333333333337,-998.0189991174354
0.3602000000000001,-998.0221702708035
0.36186666666666656,-998.0249595819157
0.3635333333333335,-998.0275300322229
0.36519999999999997,-998.0300539164012
0.3668666666666667,-998.0326709328372
0.3685333333333334,-998.0354462741108
0.3702000000000001,-998.0384078798994
0.3718666666666668,-998.0415371237516
0.3735333333333333,-998.0448060659901
0.3752,-998.0481774537117
0.3768666666666667,-998.0516186906265
0.3785333333333334,-998.0550645841543
0.3802000000000001,-998.0584639115531
0.38188333333333335,-998.0617421670173
0.38355000000000006,-998.064852784418
0.38521666666666676,-998.0677352277877
0.38688333333333325,-998.0703569008365
0.38854999999999995,-998.0727178035643
0.39021666666666666,-998.0748458756483
0.39188333333333336,-998.0767876832173
0.39355000000000007,-998.0786130754643
0.39521666666666655,-998.0803732751311
0.3968833333333335,-998.0821101917336
0.39854999999999996,-998.0838424517232
0.40021666666666667,-998.0855793683257
0.40188333333333337,-998.0873349113797
0.4035500000000001,-998.0891416771752
0.4052166666666668,-998.0910508884541
0.40688333333333326,-998.0931091113449
0.40854999999999997,-998.0953675685895
0.4102166666666667,-998.0978262601876
0.41189999999999993,-998.1004525898492
0.41356666666666664,-998.1031580819298
0.41523333333333334,-998.1058170078815
0.41690000000000005,-998.108298982544
0.41856666666666675,-998.1104736207567
0.42023333333333324,-998.112257103488
0.42189999999999994,-998.1136401175119
0.42356666666666665,-998.1146552591188
0.42523333333333335,-998.1154003171788
0.42690000000000006,-998.1160056768525
0.42856666666666676,-998.1165970666877
0.43023333333333347,-998.1172769321674
0.43189999999999995,-998.1181337489365
0.43356666666666666,-998.1192140831236
0.43523333333333336,-998.1205365611802
0.43690000000000007,-998.1220918698805
0.43856666666666677,-998.1238287864829
0.44023333333333325,-998.1256681485687
0.44191666666666674,-998.1275307937187
0.44358333333333344,-998.1293189330629
0.4452499999999999,-998.1309627174078
0.44691666666666663,-998.1324016107862
0.44858333333333333,-998.1336076735209
0.45025000000000004,-998.1345809056119
0.45191666666666674,-998.1353399335105
0.4535833333333332,-998.1359313233457
0.45525000000000015,-998.1364156110848
0.45691666666666664,-998.1368579893079
0.45858333333333334,-998.1373050241439
0.46025000000000005,-998.1378079383344
0.46191666666666675,-998.1383993281696
0.46358333333333346,-998.1391211031653
0.46524999999999994,-998.1400151728374
0.46691666666666665,-998.1411141334759
0.46858333333333335,-998.1424459247581
0.4702666666666666,-998.1439872636199
0.4719333333333333,-998.1456915839323
0.4736,-998.1474704100506
0.4752666666666667,-998.1492119832659
0.47693333333333343,-998.1508045448693
0.4785999999999999,-998.1521642758288
0.4802666666666666,-998.1532120137258
0.4819333333333333,-998.1539198188827
0.48360000000000003,-998.1542923479128
0.48526666666666673,-998.1543808235574
0.4869333333333332,-998.1542737214613
0.48860000000000015,-998.1540828003334
0.49026666666666663,-998.1539431019472
0.49193333333333333,-998.1539943246888
0.49360000000000004,-998.1543482272673
0.49526666666666674,-998.1550979419402
0.49693333333333345,-998.1562807216105
0.4986166666666667,-998.1578732832139
0.5002833333333332,-998.1598011209443
0.5019500000000001,-998.1619245364153
0.5036166666666666,-998.1640945180152
0.5052833333333333,-998.1661480842932
0.50695,-998.1679408802502
0.5086166666666667,-998.1693797736286
0.5102833333333334,-998.1704368247513
0.5119499999999999,-998.1711632563598
0.5136166666666668,-998.1716475440988
0.5152833333333333,-998.1720200731289
0.51695,-998.1723926021589
0.5186166666666667,-998.1728256671563
0.5202833333333332,-998.1733378945726
0.5219500000000001,-998.1739013447304
0.5236166666666666,-998.1745020477914
0.5252833333333333,-998.1751260339166
0.52695,-998.1758152126222
0.5286166666666667,-998.1766208066496
0.5303,-998.1776080085791
0.5319666666666667,-998.1788094147009
0.5336333333333334,-998.1802157117893
0.5353000000000001,-998.181757050651
0.5369666666666666,-998.18332632919
0.5386333333333335,-998.1847838490199
0.5403,-998.1860178514319
0.5419666666666667,-998.1869538306198
0.5436333333333334,-998.1875638469064
0.5452999999999999,-998.1878758399691
0.5469666666666668,-998.1879596590009
0.5486333333333333,-998.1878944664206
0.5503,-998.1877780510987
0.5519666666666667,-998.1876895754541
0.5536333333333332,-998.1876988886798
0.5553000000000001,-998.1878851531949
0.5569833333333334,-998.1883321880308
0.5586499999999999,-998.1891238122197
0.5603166666666668,-998.1903252183415
0.5619833333333333,-998.1919410630092
0.56365,-998.1939294367069
0.5653166666666667,-998.196164610887
0.5669833333333334,-998.1984836040989
0.5686500000000001,-998.200681525376
0.5703166666666666,-998.2025767668163
0.5719833333333335,-998.2040203168076
0.57365,-998.2049469827697
0.5753166666666667,-998.2053893609929
0.5769833333333334,-998.2054545535732
0.5786499999999999,-998.2053148551869
0.5803166666666668,-998.2051379038976
0.5819833333333333,-998.2050633980916
0.58365,-998.2051844700263
0.5853166666666667,-998.2055430292178
0.5869833333333334,-998.2061483888915
0.5886666666666667,-998.206991235822
0.5903333333333334,-998.2080482869446
0.5920000000000001,-998.2092822893566
0.5936666666666668,-998.2106466769291
0.5953333333333333,-998.2120762570818
0.597,-998.2134872107829
0.5986666666666667,-998.214791062388
0.6003333333333334,-998.215908649478
0.6020000000000001,-998.2167794360857
0.6036666666666666,-998.217366169308
0.6053333333333335,-998.2176967888222
0.607,-998.2178364872084
0.6086666666666667,-998.2178737401114
0.6103333333333334,-998.2179063364016
0.6119999999999999,-998.2180087818848
0.6136666666666668,-998.2182136728513
0.6153333333333333,-998.2185210093011
0.6170166666666665,-998.2189261346213
0.6186833333333335,-998.2194290488118
0.62035,-998.2200623481627
0.6220166666666667,-998.220877255416
0.6236833333333334,-998.2219156800871
0.6253500000000001,-998.2232148750793
0.6270166666666668,-998.2247515573282
0.6286833333333333,-998.2264465644148
0.6303500000000002,-998.2281788244044
0.6320166666666667,-998.2297853558463
0.6336833333333334,-998.23110317729
0.6353500000000001,-998.2320065601878
0.6370166666666666,-998.232444281798
0.6386833333333335,-998.2324582516367
0.64035,-998.2321695416384
0.6420166666666667,-998.2317597597054
0.6436833333333334,-998.2314151703526
0.6453499999999999,-998.2312940984178
0.6470333333333333,-998.2314989893844
0.6487,-998.2320810659938
0.6503666666666665,-998.2330310150203
0.6520333333333335,-998.2342836438838
0.6537,-998.2357458203267
0.6553666666666667,-998.2373104422527
0.6570333333333334,-998.2388378112757
0.6587000000000001,-998.2402254819126
0.6603666666666668,-998.2413756652928
0.6620333333333333,-998.2422278254489
0.6637000000000002,-998.2427773057682
0.6653666666666667,-998.2430520459279
0.6670333333333334,-998.2431172385081
0.6687000000000001,-998.243047389315
0.6703666666666666,-998.2429263173802
0.6720333333333335,-998.2428192152842
0.6737,-998.2427773057682
0.6753666666666667,-998.2428145586713
0.6770500000000002,-998.2429542570575
0.6787166666666666,-998.2432103707656
0.6803833333333333,-998.2436294659244
0.68205,-998.2442581086625
0.6837166666666668,-998.2451475217217
0.6853833333333335,-998.2463023617148
0.6870499999999999,-998.2476900323517
0.6887166666666669,-998.2492127447618
0.6903833333333333,-998.2507633968493
0.69205,-998.2522116034535
0.6937166666666668,-998.2534362926397
0.6953833333333332,-998.2543489887632
0.6970500000000002,-998.2548938124696
0.6987166666666667,-998.255066107146
0.7003833333333334,-998.2549031256954
0.7020500000000001,-998.2544980003752
0.7037166666666665,-998.2539531766688
0.7054,-998.2533990397367
0.7070666666666667,-998.2529566615135
0.7087333333333332,-998.2527564271599
0.7104000000000001,-998.2528961255462
0.7120666666666666,-998.2534456058654
0.7137333333333333,-998.254432807795
0.7154,-998.2558065085932
0.7170666666666667,-998.2574456363252
0.7187333333333334,-998.259173239702
0.7203999999999999,-998.2607890843697
0.7220666666666669,-998.2621162190392
0.7237333333333333,-998.2630335717755
0.7254,-998.263499233063
0.7270666666666667,-998.2635597690305
0.7287333333333332,-998.2633129685481
0.7304000000000002,-998.2629031866151
0.7320666666666666,-998.2624794348434
0.7337333333333333,-998.2621488153293
0.7354166666666668,-998.2619811772657
0.7370833333333333,-998.2619904904915
0.73875,-998.2621627851679
0.7404166666666667,-998.2624840914563
0.7420833333333332,-998.2629497527438
0.7437500000000001,-998.2635597690305
0.7454166666666666,-998.2643187969292
0.7470833333333333,-998.2652035533754
0.74875,-998.2661674722406
0.7504166666666667,-998.2671360477186
0.7520833333333334,-998.268020804165
0.7537499999999999,-998.2687472357735
0.7554166666666668,-998.2692641198026
0.7570833333333333,-998.2695667996395
0.75875,-998.2696971848001
0.7604166666666667,-998.2697064980258
0.7620833333333332,-998.2696692451228
0.7637500000000002,-998.2696273356069
0.7654333333333334,-998.269622678994
0.7670999999999999,-998.2696506186712
0.7687666666666668,-998.2697111546387
0.7704333333333333,-998.2697996302833
0.7721,-998.2699579551211
0.7737666666666667,-998.2702420085064
0.7754333333333334,-998.2707262962455
0.7771000000000001,-998.2714806675313
0.7787666666666666,-998.2725190922024
0.7804333333333335,-998.2737996607431
0.7821,-998.2752152710572
0.7837666666666667,-998.2766215681455
0.7854333333333334,-998.2778322874931
0.7870999999999999,-998.2786984174879
0.7887666666666668,-998.2791128560337
0.7904333333333333,-998.2790616332921
0.7921,-998.2786145984561
0.7937833333333335,-998.2779114499119
0.79545,-998.2771337955618
0.7971166666666667,-998.2764492734691
0.7987833333333334,-998.2759836121816
0.8004499999999999,-998.2758159741181
0.8021166666666668,-998.2759649857301
0.8037833333333333,-998.2764259904047
0.80545,-998.2771803616905
0.8071166666666667,-998.2781675636201
0.8087833333333334,-998.2793317168389
0.8104500000000001,-998.2805796890894
0.8121166666666666,-998.2817997216628
0.8137833333333335,-998.2828940256885
0.81545,-998.2837601556832
0.8171166666666667,-998.2843282624541
0.8187833333333334,-998.2845750629365
0.8204499999999999,-998.2845052137433
0.8221166666666668,-998.2841745942292
0.8238000000000001,-998.2836763366515
0.8254666666666666,-998.2831175431065
0.8271333333333335,-998.282614628916
0.8288,-998.2822607263374
0.8304666666666667,-998.2821163713384
0.8321333333333334,-998.2822095035958
0.8337999999999999,-998.2825447797228
0.8354666666666668,-998.2831082298808
0.8371333333333333,-998.2838672577794
0.8388,-998.2847985803545
0.8404666666666667,-998.2858509748643
0.8421333333333334,-998.28697787518
0.8438000000000001,-998.288100118883
0.8454666666666666,-998.289143200167
0.8471333333333335,-998.2900139867747
0.8488,-998.2906240030613
0.8504833333333333,-998.2908940866082
0.8521500000000002,-998.290786984512
0.8538166666666667,-998.2902980401601
0.8554833333333334,-998.2894971027456
0.8571500000000001,-998.2884959309774
0.8588166666666666,-998.2874435364675
0.8604833333333335,-998.2864982440539
0.86215,-998.2858090653484
0.8638166666666667,-998.2855017288986
0.8654833333333334,-998.2856647103492
0.8671500000000001,-998.2863119795389
0.8688166666666668,-998.2873783438873
0.8704833333333333,-998.2887147917826
0.8721500000000002,-998.2901257454837
0.8738166666666667,-998.2914063140245
0.8754833333333334,-998.2923795461154
0.8771500000000001,-998.2929383396604
0.8788166666666666,-998.2930500983693
0.8804833333333335,-998.292766044984
0.8821666666666668,-998.2921932816004
0.8838333333333332,-998.2914808198304
0.8855000000000002,-998.2907730146734
0.8871666666666667,-998.2901769682254
0.8888333333333334,-998.2897718429052
0.8905000000000001,-998.2895855783902
0.8921666666666666,-998.2896228312932
0.8938333333333335,-998.2898696317756
0.8955,-998.2903166666116
0.8971666666666667,-998.290973249027
0.8988333333333334,-998.2918347224089
0.9005000000000001,-998.292877803693
0.9021666666666668,-998.2940419569118
0.9038333333333333,-998.2952340498078
0.9055000000000002,-998.296351636898
0.9071666666666667,-998.297282959473
0.9088333333333334,-998.2979628249527
0.9105000000000001,-998.2983493238214
0.9121833333333333,-998.2984517693046
0.91385,-998.2983167275313
0.9155166666666668,-998.2980140476944
0.9171833333333332,-998.2976135789871
0.9188500000000002,-998.2971758573768
0.9205166666666666,-998.2967241659279
0.9221833333333334,-998.2962864443177
0.9238500000000001,-998.295862692546
0.9255166666666668,-998.2955041333546
0.9271833333333335,-998.2952806159366
0.92885,-998.2952899291624
0.9305166666666667,-998.2956158920637
0.9321833333333334,-998.2962724744791
0.9338500000000001,-998.2972131102798
0.9355166666666668,-998.2982981010798
0.9371833333333333,-998.2993644654282
0.9388500000000002,-998.3002259388102
0.9405333333333334,-998.3007428228393
0.9421999999999999,-998.3008406117096
0.9438666666666669,-998.3005239620342
0.9455333333333333,-998.2998860060702
0.9472,-998.2990571289785
0.9488666666666667,-998.2981909989836
0.9505333333333332,-998.2974133446335
0.9522000000000002,-998.2968266114112
0.9538666666666666,-998.2964727088327
0.9555333333333333,-998.2963795765752
0.9572,-998.2965518712516
0.9588666666666668,-998.2969849362489
0.9605333333333335,-998.2976648017287
0.9621999999999999,-998.2985542147879
0.9638666666666669,-998.299597296072
0.9655333333333334,-998.3006916000977
0.9672000000000001,-998.3017207115431
0.9688666666666668,-998.3025635584735
0.97055,-998.3031176954057
0.9722166666666667,-998.3033412128236
0.9738833333333334,-998.3032387673404
0.9755499999999999,-998.3028802081491
0.9772166666666668,-998.3023633241198
0.9788833333333333,-998.3018138438006
0.98055,-998.3013342126744
0.9822166666666667,-998.3009989365474
0.9838833333333332,-998.3008219852582
0.9855500000000001,-998.3007847323552
0.9872166666666666,-998.3008685513869
0.9888833333333333,-998.3010548159019
0.99055,-998.3013668089645
0.9922166666666667,-998.3018185004134
0.9938833333333333,-998.3024285167002
0.99555,-998.3031782313731
0.9972166666666668,-998.3040071084648
0.9988833333333333,-998.3048220157181
1.0005666666666666,-998.3055111944235
1.0022333333333333,-998.3059582292595
1.0039,-998.3060746445815
1.0055666666666667,-998.3058185308734
1.0072333333333334,-998.3052131711995
1.0089000000000001,-998.3043330713662
1.0105666666666666,-998.3032993033078
1.0122333333333333,-998.3022422521851
1.0139,-998.3013062729972
1.0155666666666667,-998.3006170942916
1.0172333333333334,-998.3002725049389
1.0189000000000001,-998.3003283842934
1.0205666666666666,-998.3008033588067
1.0222333333333333,-998.3016694888015
1.0239,-998.3028243287945
1.0255666666666667,-998.3041468068511
1.0272333333333334,-998.3054692849076
1.0289000000000001,-998.3066334381265
1.0305833333333334,-998.3074995681213
1.0322500000000001,-998.3079652294088
1.0339166666666668,-998.3080024823118
1.0355833333333333,-998.3076252966689
1.03725,-998.3069221481247
1.0389166666666667,-998.3060234218398
1.0405833333333334,-998.3050734728133
1.0422500000000001,-998.3042166560442
1.0439166666666668,-998.303550760403
1.0455833333333333,-998.3031409784701
1.04725,-998.3029873102452
1.0489166666666667,-998.3030804425026
1.0505833333333334,-998.3033924355653
1.0522500000000001,-998.3039186328202
1.0539166666666666,-998.3046310945901
1.0555833333333333,-998.3055111944235
1.05725,-998.3065123661917
1.0589333333333333,-998.307583387153
1.0606,-998.3086357816628
1.0622666666666667,-998.3095903873023
1.0639333333333334,-998.3103540718138
1.0656,-998.3108616426172
1.0672666666666668,-998.3110479071322
1.0689333333333333,-998.3108849256815
1.0706,-998.3103866681039
1.0722666666666667,-998.3095903873023
1.0739333333333334,-998.3085752456955
1.0756000000000001,-998.3074623152182
1.0772666666666668,-998.3064052640956
1.0789333333333333,-998.3055624171652
1.0806,-998.3050967558777
1.0822666666666667,-998.3051107257163
1.0839333333333334,-998.3056322663583
1.0856000000000001,-998.3065915286106
1.0872833333333334,-998.3078301876354
1.08895,-998.3091340392405
1.0906166666666668,-998.3102888792336
1.0922833333333335,-998.3111130997124
1.09395,-998.3114902853554
1.0956166666666667,-998.3113971530978
1.0972833333333334,-998.3108895822944
1.09895,-998.310083988267
1.1006166666666668,-998.309152665692
1.1022833333333333,-998.3082492827942
1.10395,-998.3075181945728
1.1056166666666667,-998.3070385634467
1.1072833333333334,-998.3068522989316
1.10895,-998.3069640576406
1.1106166666666668,-998.3073505565093
1.1122833333333333,-998.3079885124732
1.11395,-998.3088406726293
1.1156166666666667,-998.3098465010104
1.1173,-998.3109268351975
1.1189666666666667,-998.311988542933
1.1206333333333334,-998.3129152088952
1.1223,-998.3136276706651
1.1239666666666668,-998.3140560790496
1.1256333333333335,-998.314191120823
1.1273,-998.3140607356625
1.1289666666666667,-998.3137254595355
1.1306333333333334,-998.3132597982479
1.1323,-998.312733600993
1.1339833333333333,-998.3121934338996
1.13565,-998.3116718932575
1.1373166666666668,-998.3111643224541
1.1389833333333335,-998.3106893479409
1.1406500000000002,-998.3102795660078
1.1423166666666666,-998.3100048258482
1.1439833333333334,-998.3099536031066
1.14565,-998.310200403589
1.1473166666666668,-998.3107778235855
1.1489833333333335,-998.3116486101932
1.15065,-998.312701004703
1.1523166666666667,-998.31378133889
1.1539833333333334,-998.314712661465
1.15565,-998.3153366475904
1.1573166666666668,-998.3155415385568
1.1589833333333335,-998.3152900814615
1.16065,-998.3146195292076
1.1623166666666667,-998.3136416405038
1.1639833333333334,-998.312510083575
1.16565,-998.3114018097107
1.1673166666666668,-998.3104658305228
1.1689833333333335,-998.3098278745589
1.1706666666666667,-998.3095531343993
1.1723166666666667,-998.309674206334
1.1739833333333334,-998.3101817771375
1.17565,-998.311019967455
1.1773333333333333,-998.312100301642
1.179,-998.3133063643767
1.1806666666666668,-998.3145077704985
1.1823333333333335,-998.315574134847
1.1840000000000002,-998.3164076685516
1.1856666666666666,-998.3169292091936
1.1873333333333334,-998.3171108170958
1.189,-998.3169804319352
1.1906666666666668,-998.3165985896795
1.1923333333333335,-998.3160537659732
1.194,-998.3154484062993
1.1956666666666667,-998.3148616730771
1.1973333333333334,-998.3143634154994
1.199,-998.3139908864694
1.2006666666666668,-998.3137580558256
1.2023333333333335,-998.3136556103424
1.2040166666666667,-998.3136928632454
1.2056833333333334,-998.3138744711475
1.2073500000000001,-998.3142190605002
1.2090166666666666,-998.314749914368
1.2106833333333333,-998.315457719525
1.21235,-998.3163005664555
1.2140166666666667,-998.3171946361275
1.2156833333333334,-998.3180188566065
1.2173500000000002,-998.3186288728931
1.2190166666666666,-998.3188989564399
1.2206833333333333,-998.318745288215
1.22235,-998.3181585549927
1.2240166666666668,-998.3171992927404
1.2256833333333335,-998.3159978866186
1.2273666666666667,-998.314712661465
1.2290333333333334,-998.313520568569
1.2307000000000001,-998.3125799327681
1.2323666666666668,-998.3120164826103
1.2340333333333333,-998.3119186937399
1.2357,-998.3123051926085
1.2373666666666667,-998.313148039539
1.2390333333333334,-998.3143494456608
1.2407000000000001,-998.3157650559748
1.2423666666666666,-998.3172318890305
1.2440333333333333,-998.3185636803129
1.2457,-998.3196253880484
1.2473666666666667,-998.3203005969153
1.2490333333333334,-998.3205427407848
1.2507000000000001,-998.3203611328827
1.2523666666666666,-998.3198163091763
1.2540333333333333,-998.3190200283747
1.2557,-998.3181166454768
1.2573666666666667,-998.317250515482
1.2590333333333334,-998.316542710325
1.2607000000000002,-998.3160677358118
1.2623666666666666,-998.3158535316195
1.2640500000000001,-998.3158861279096
1.2657166666666668,-998.3161282717791
1.2673833333333333,-998.3165520235508
1.26905,-998.3171154737087
1.2707166666666667,-998.3177813693499
1.2723833333333334,-998.3185078009584
1.2740500000000001,-998.3192342325669
1.2757166666666668,-998.3199047848209
1.2773833333333333,-998.3204449519145
1.27905,-998.3208035111059
1.2807166666666667,-998.3209385528793
1.2823833333333334,-998.3208174809445
1.2840500000000001,-998.3204402953016
1.2857166666666666,-998.3198209657892
1.2873833333333333,-998.3189920886974
1.28905,-998.3180048867679
1.2907166666666667,-998.3169478356451
1.2923833333333334,-998.3159373506512
1.2940666666666667,-998.315127100011
1.2957333333333334,-998.3146521254977
1.2974,-998.3146288424333
1.2990666666666668,-998.3150945037208
1.3007333333333333,-998.3160118564572
1.3024,-998.317250515482
1.3040666666666667,-998.3186195596674
1.3057333333333334,-998.3199234112724
1.3074000000000001,-998.3209711491694
1.3090666666666668,-998.3216277315847
1.3107333333333333,-998.3218372791641
1.3124,-998.3216230749719
1.3140666666666667,-998.3210735946526
1.3157333333333334,-998.3203238799797
1.3174000000000001,-998.3195322557909
1.3190666666666668,-998.318819794021
1.3207333333333333,-998.3182842835404
1.3224,-998.3179629772519
1.3240833333333335,-998.3178558751558
1.32575,-998.3179629772519
1.3274166666666667,-998.318261000476
1.3290833333333334,-998.3187546014408
1.33075,-998.3194251536947
1.3324166666666668,-998.3202354043351
1.3340833333333333,-998.3211294740071
1.33575,-998.3220235436792
1.3374166666666667,-998.3228244810937
1.3390833333333334,-998.3234624370576
1.34075,-998.3238768756036
1.3424166666666668,-998.3240352004412
1.3440833333333333,-998.323932754958
1.34575,-998.3235648825408
1.3474166666666667,-998.32296417948
1.3490833333333334,-998.3221772119041
1.3507500000000001,-998.3212645157805
1.3524333333333334,-998.3203005969153
1.3541,-998.3193832441789
1.3557666666666668,-998.3186102464416
1.3574333333333335,-998.3181026756382
1.3591,-998.3179816037034
1.3607666666666667,-998.3183168798305
1.3624333333333334,-998.3191271304707
1.3641,-998.3203331932054
1.3657666666666668,-998.3217813998097
1.3674333333333335,-998.3232668593168
1.3691,-998.3245474278575
1.3707666666666667,-998.325427527691
1.3724333333333334,-998.3257674604308
1.3741,-998.3255206599484
1.3757666666666668,-998.3247430055983
1.3774333333333335,-998.3235788523795
1.3791,-998.3222237780328
1.3807666666666667,-998.3208826735247
1.38245,-998.319755773209
1.3841166666666667,-998.3189781188588
1.3857833333333334,-998.3186242162802
1.38745,-998.3187126919248
1.3891166666666668,-998.3192062928896
1.3907833333333335,-998.3200305133686
1.39245,-998.3210922211041
1.3941166666666667,-998.3222750007744
1.3957833333333334,-998.3234624370576
1.39745,-998.3245334580189
1.3991166666666668,-998.3253856181751
1.4007833333333335,-998.3259397551072
1.40245,-998.3261493026866
1.4041166666666667,-998.3260189175261
1.4057833333333334,-998.3255998223674
1.40745,-998.3249898060807
1.4091166666666668,-998.3242959707623
1.4107833333333335,-998.3236300751212
1.4124666666666668,-998.3230573117374
1.4141333333333335,-998.3226195901271
1.4158000000000002,-998.3223169102903
1.4174666666666667,-998.3221539288397
1.4191333333333334,-998.3221259891624
1.4208,-998.3222703441616
1.4224666666666668,-998.3226056202885
1.4241333333333335,-998.3231364741564
1.4258000000000002,-998.3238489359262
1.4274666666666667,-998.3246638431795
1.4291333333333334,-998.3254880636583
1.4308,-998.3262051820411
1.4324666666666668,-998.3267174094574
1.4341333333333335,-998.3269409268754
1.4358,-998.3268245115536
1.4374833333333334,-998.3263635068789
1.4391500000000002,-998.3255905091416
1.4408166666666666,-998.3245939939864
1.4424833333333333,-998.3234903767349
1.44415,-998.3224146991607
1.4458166666666667,-998.3215020030372
1.4474833333333335,-998.3208780169118
1.4491500000000002,-998.3206312164294
1.4508166666666666,-998.3208081677187
1.4524833333333333,-998.321394900941
1.45415,-998.3223308801289
1.4558166666666668,-998.3234810635091
1.4574833333333335,-998.3247010960824
1.4591500000000002,-998.3258093699468
1.4608166666666667,-998.3266708433287
1.4624833333333334,-998.3271830707449
1.46415,-998.3273087992926
1.4658166666666668,-998.3270759686488
1.4674833333333335,-998.3265683978454
1.4691500000000002,-998.3258931889785
1.4708333333333334,-998.3251714139828
1.4725000000000001,-998.3245101749545
1.4741666666666668,-998.3239886343125
1.4758333333333333,-998.3236440449598
1.4775,-998.3234996899606
1.4791666666666667,-998.3235555693151
1.4808333333333334,-998.3238023697975
1.4825000000000002,-998.324230778182
1.4841666666666666,-998.3248221680171
1.4858333333333333,-998.3255206599484
1.4875,-998.3262564047827
1.4891666666666667,-998.3269502401012
1.4908333333333335,-998.3275276600978
1.4925000000000002,-998.3279327854178
1.4941666666666666,-998.3281190499329
1.4958333333333333,-998.3280817970299
1.4975,-998.3278256833217
1.4991666666666668,-998.3273926183243
1.50085,-998.3268198549407
1.5025166666666667,-998.3261586159124
1.5041833333333334,-998.3254554673682
1.5058500000000001,-998.324752318824
1.5075166666666668,-998.3241050496345
1.5091833333333333,-998.3235835089923
1.51085,-998.323262202704
1.5125166666666667,-998.3232389196396
1.5141833333333334,-998.3235741957666
1.5158500000000001,-998.3242913141494
1.5175166666666668,-998.3253343954335
1.5191833333333333,-998.3265963375227
1.52085,-998.3279048457406
1.5225166666666667,-998.3290689989594
1.5241833333333334,-998.3299304723413
1.5258500000000002,-998.3303588807258
1.5275166666666666,-998.3303216278229
1.5292000000000001,-998.3298559665353
1.5308666666666668,-998.3290689989594
1.5325333333333333,-998.3281097367071
1.5342,-998.3271458178419
1.5358666666666667,-998.3263215973631
1.5375333333333334,-998.3257395207536
1.5392000000000001,-998.3254414975296
1.5408666666666668,-998.3254508107553
1.5425333333333333,-998.3257534905922
1.5442,-998.3263262539759
1.5458666666666667,-998.3271318480033
1.5475333333333334,-998.3281004234814
1.5492000000000001,-998.3291388481525
1.5508666666666668,-998.3301353633078
1.5525333333333333,-998.3309642403997
1.5542,-998.3315090641061
1.5558666666666667,-998.3316906720082
1.5575333333333334,-998.3314857810417
1.5592166666666667,-998.3309269874966
1.5608833333333334,-998.330093453792
1.56255,-998.3291062518624
1.5642166666666668,-998.3280817970299
1.5658833333333335,-998.3271318480033
1.56755,-998.3263122841373
1.5692166666666667,-998.3256603583347
1.5708833333333334,-998.3251946970472
1.5725500000000001,-998.3249478965648
1.5742166666666668,-998.3249478965648
1.5758833333333333,-998.3252366065631
1.57755,-998.3258466228498
1.5792166666666667,-998.3267639755861
1.5808833333333334,-998.3279188155792
1.5825500000000001,-998.3291900708941
1.5842166666666668,-998.3304101034674
1.5858833333333333,-998.3314066186227
1.5875666666666668,-998.3320212915223
1.5892333333333335,-998.3321703031344
1.5909,-998.3318489968459
1.5925666666666667,-998.3311411916889
1.5942333333333334,-998.3301865860494
1.5959,-998.3291667878298
1.5975666666666668,-998.3282494350934
1.5992333333333335,-998.327555599775
1.6009,-998.3271597876806
1.6025666666666667,-998.3270759686488
1.6042333333333334,-998.3272855162282
1.6059,-998.3277418642899
1.6075666666666668,-998.328375163641
1.6092333333333335,-998.3291062518624
1.6109,-998.3298466533096
1.6125666666666667,-998.3305265187894
1.6142333333333334,-998.3310853123344
1.6159000000000001,-998.331476467816
1.6175666666666668,-998.3316673889439
1.61925,-998.3316254794279
1.6209166666666668,-998.3313414260425
1.6225833333333335,-998.3308198854005
1.62425,-998.3301074236306
1.6259166666666667,-998.3292785465388
1.6275833333333334,-998.3284170731569
1.62925,-998.3276347621938
1.6309166666666668,-998.3270200892943
1.6325833333333335,-998.3266615301029
1.63425,-998.3266103073613
1.6359166666666667,-998.3268990173596
1.6375833333333334,-998.3275090336462
1.63925,-998.328375163641
1.6409166666666668,-998.3294042750864
1.6425833333333335,-998.330465982822
1.64425,-998.3314252450743
1.6459166666666667,-998.332142363457
1.6476000000000002,-998.3325148924871
1.6492666666666667,-998.3325055792614
1.6509333333333334,-998.3321097671669
1.6526,-998.3314066186227
1.6542666666666668,-998.3304939224993
1.6559333333333335,-998.3295113771826
1.6576000000000002,-998.3285753979947
1.6592666666666667,-998.3277930870316
1.6609333333333334,-998.3272436067123
1.6626,-998.3269828363913
1.6642666666666668,-998.327034059133
1.6659333333333335,-998.3274019315501
1.6676,-998.3280678271913
1.6692666666666667,-998.3289805233148
1.6709333333333334,-998.3300422310504
1.6726,-998.3311179086245
1.6742666666666668,-998.3320585444253
1.67595,-998.3327290966794
1.6776166666666668,-998.3330457463549
1.6792833333333335,-998.3329805537746
1.6809500000000002,-998.3325707718416
1.6826166666666666,-998.3319048762004
1.6842833333333334,-998.3311039387859
1.68595,-998.3302843749199
1.6876166666666668,-998.3295486300856
1.6892833333333335,-998.3289572402504
1.6909500000000002,-998.3285381450917
1.6926166666666667,-998.3282960012222
1.6942833333333334,-998.3282354652547
1.69595,-998.3283565371895
1.6976166666666668,-998.328673186865
1.6992833333333335,-998.3291714444426
1.7009500000000002,-998.3298140570195
1.7026166666666667,-998.330540488628
1.7042833333333334,-998.3312715768494
1.7059666666666669,-998.3319188460391
1.7076333333333333,-998.3324031337781
1.7093,-998.3326825305506
1.7109666666666667,-998.3327244400665
1.7126333333333335,-998.3325428321643
1.7143000000000002,-998.3321609899086
1.7159666666666666,-998.3316161662021
1.7176333333333333,-998.3309502705611
1.7193,-998.330200555888
1.7209666666666668,-998.3294229015379
1.7226333333333335,-998.3286685302521
1.7243000000000002,-998.3280166044497
1.7259666666666666,-998.3275695696136
1.7276333333333334,-998.3274345278402
1.7293,-998.3277092679998
1.7309833333333333,-998.3284217297697
1.73265,-998.3295206904083
1.7343166666666667,-998.330875764755
1.7359833333333334,-998.3323006882948
1.7376500000000001,-998.3335812568355
1.7393166666666668,-998.3345218926363
1.7409833333333333,-998.3349875539238
1.74265,-998.3349316745694
1.7443166666666667,-998.3343915074759
1.7459833333333334,-998.333488124578
1.7476500000000001,-998.3323751941008
1.7493166666666669,-998.3312250107207
1.7509833333333333,-998.3301679595979
1.75265,-998.3293157994418
1.7543166666666667,-998.3287430360582
1.7559833333333335,-998.3284915789628
1.7576500000000002,-998.3285800546075
1.7593166666666669,-998.3289991497663
1.7609833333333333,-998.3297069549233
1.76265,-998.330614994434
1.7643166666666668,-998.3316115095893
1.766,-998.3325661152287
1.7676666666666667,-998.3333530828046
1.7693333333333334,-998.333860653608
1.7710000000000001,-998.3340236350587
1.7726666666666668,-998.3338280573179
1.7743333333333333,-998.3333158299016
1.776,-998.3325754284544
1.7776666666666667,-998.3317232682983
1.7793333333333334,-998.3308711081421
1.7810000000000001,-998.3301074236306
1.7826666666666668,-998.3294787808925
1.7843333333333333,-998.3290084629921
1.786,-998.328710439768
1.7876666666666667,-998.328598681059
1.7893333333333334,-998.3287011265422
1.7910000000000001,-998.3290643423466
1.7926666666666669,-998.3297022983104
1.7943500000000001,-998.3305963679825
1.7960166666666668,-998.331658075718
1.7976833333333335,-998.3327570363566
1.79935,-998.3337395816733
1.8010166666666667,-998.3344520434432
1.8026833333333334,-998.3348012894088
1.8043500000000001,-998.3347407534415
1.8060166666666668,-998.3342983752183
1.8076833333333335,-998.333562630384
1.80935,-998.3326639040991
1.8110166666666667,-998.3317325815241
1.8126833333333334,-998.3308897345936
1.8143500000000001,-998.3302191823396
1.8160166666666668,-998.3297721475036
1.8176833333333333,-998.3295858829886
1.81935,-998.3296836718589
1.8210166666666667,-998.3300794839533
1.8227,-998.3307500362074
1.8243666666666667,-998.3316487624923
1.8260333333333334,-998.3326639040991
1.8277,-998.3336650758673
1.8293666666666668,-998.3344986095719
1.8310333333333335,-998.3350480898912
1.8327,-998.3352250411805
1.8343666666666667,-998.3350248068268
1.8360333333333334,-998.3344986095719
1.8377000000000001,-998.333748894899
1.8393666666666668,-998.3329060479687
1.8410333333333335,-998.3321097671669
1.8427,-998.3314671545902
1.8443666666666667,-998.3310340895928
1.8460333333333334,-998.3308291986262
1.8477000000000001,-998.3308524816906
1.8493666666666668,-998.3310853123344
1.8510333333333335,-998.3315230339447
1.8527,-998.3321470200699
1.8543833333333335,-998.3329246744202
1.8560500000000002,-998.3337954610278
1.8577166666666667,-998.3346802174741
1.8593833333333334,-998.3354625284371
1.86105,-998.3360399484336
1.8627166666666668,-998.3363146885933
1.8643833333333335,-998.3362588092388
1.86605,-998.3358723103702
1.8677166666666667,-998.3352157279547
1.8693833333333334,-998.3343775376372
1.87105,-998.3334555282879
1.8727166666666668,-998.3325288623257
1.8743833333333335,-998.3316627323309
1.87605,-998.330913017658
1.8777166666666667,-998.3303495675001
1.8793833333333334,-998.3300329178246
1.88105,-998.3300375744375
1.8827333333333334,-998.3304007902417
1.8844,-998.3311179086245
1.8860666666666668,-998.3321004539412
1.8877333333333335,-998.3332180410313
1.8894000000000002,-998.3343123450569
1.8910666666666667,-998.3352250411805
1.8927333333333334,-998.3358304008543
1.8944,-998.3360539182722
1.8960666666666668,-998.3358723103702
1.8977333333333335,-998.3353321432767
1.8994000000000002,-998.3345172360234
1.9010666666666667,-998.3335533171582
1.9027333333333334,-998.3325614586158
1.9044,-998.3316394492665
1.9060666666666668,-998.3308617949164
1.9077333333333335,-998.3302890315327
1.9094,-998.3299444421799
1.9110666666666667,-998.3298513099224
1.9127500000000002,-998.3300282612117
1.9144166666666667,-998.3304706394349
1.9160833333333334,-998.3311598181403
1.91775,-998.3320399179738
1.9194166666666668,-998.3330364331291
1.9210833333333335,-998.3340422615101
1.9227500000000002,-998.334945644408
1.9244166666666667,-998.3356394797264
1.9260833333333334,-998.3360492616594
1.92775,-998.3361284240783
1.9294166666666668,-998.3358862802088
1.9310833333333335,-998.3353833660183
1.9327500000000002,-998.3346941873127
1.9344166666666667,-998.3339072197368
1.9360833333333334,-998.3331016257093
1.93775,-998.3323286279721
1.9394166666666668,-998.3316394492665
1.9411,-998.3310806557215
1.9427666666666668,-998.3307220965302
1.9444333333333335,-998.3306475907241
1.9461000000000002,-998.3309037044322
1.9477666666666669,-998.3315044074932
1.9494333333333334,-998.3323845073265
1.9511,-998.3334229319978
1.9527666666666668,-998.3344567000561
1.9544333333333335,-998.3352995469864
1.9561000000000002,-998.3357978045641
1.9577666666666667,-998.3358583405316
1.9594333333333334,-998.3354625284371
1.9611,-998.3346755608612
1.9627666666666668,-998.3336371361901
1.9644333333333335,-998.3325195491
1.9661000000000002,-998.3314904376546
1.9677666666666667,-998.3306848436271
1.9694333333333334,-998.3301819294365
1.9711166666666669,-998.3300282612117
1.9727833333333333,-998.3302098691139
1.97445,-998.33068950024
1.9761166666666667,-998.3314112752356
1.9777833333333334,-998.3322727486176
1.9794500000000002,-998.3331621616768
1.9811166666666669,-998.3339630990913
1.9827833333333333,-998.3345591455393
1.98445,-998.3348664819891
1.9861166666666668,-998.3348385423118
1.9877833333333335,-998.3344892963462
1.9894500000000002,-998.3338746234467
1.9911166666666669,-998.3331062823222
1.9927833333333334,-998.3323100015206
1.99445,-998.3315975397506
1.9961166666666668,-998.3310666858829
1.9977833333333335,-998.3307593494332
1.9994500000000002,-998.3306708737884
2.001133333333333,-998.3307546928203
2.0028,-998.3309642403997
2.0044666666666666,-998.331248293785
2.0061333333333335,-998.3315882265249
2.0078,-998.3319793820065
2.009466666666667,-998.3324310734554
2.0111333333333334,-998.3329572707103
2.0128,-998.3335579737711
2.014466666666667,-998.334200586348
2.0161333333333333,-998.3348385423118
2.0178000000000003,-998.3354019924698
2.0194666666666667,-998.3358117744027
2.0211333333333332,-998.335988725692
2.0228,-998.3358723103702
2.0244833333333334,-998.3354485585985
2.02615,-998.3347454100543
2.027816666666667,-998.333823400705
2.0294833333333333,-998.3327896326467
2.0311500000000002,-998.3317744910399
2.0328166666666667,-998.3309269874966
2.0344833333333336,-998.3303681939516
2.03615,-998.3302145257268
2.0378166666666666,-998.330503235725
2.0394833333333335,-998.3312017276563
2.04115,-998.3322075560374
2.042816666666667,-998.3333577394175
2.0444833333333334,-998.3344753265076
2.04615,-998.3353833660183
2.047816666666667,-998.335951472789
2.0494833333333333,-998.336105141014
2.0511500000000003,-998.3358443706929
2.0528166666666667,-998.335243667632
2.054483333333333,-998.3344147905402
2.05615,-998.3334927811909
2.0578166666666666,-998.3325987115188
2.0595,-998.3318257137815
2.061166666666667,-998.3312389805593
2.0628333333333333,-998.3308897345936
2.0645000000000002,-998.3307966023361
2.0661666666666667,-998.3309735536254
2.0678333333333336,-998.3314112752356
2.0695,-998.3320818274897
2.0711666666666666,-998.332929331033
2.0728333333333335,-998.333860653608
2.0745,-998.3347826629573
2.076166666666667,-998.3355882569848
2.0778333333333334,-998.3361982732714
2.0795,-998.33655217585
2.081166666666667,-998.3366453081074
2.0828333333333333,-998.3364962964954
2.0845000000000002,-998.3361703335942
2.0861666666666667,-998.3357232987581
2.0878333333333337,-998.3352203845676
2.089516666666667,-998.3347035005385
2.0911833333333334,-998.334200586348
2.0928500000000003,-998.3337395816733
2.094516666666667,-998.3333670526432
2.0961833333333333,-998.3331575050639
2.09785,-998.3331761315154
2.0995166666666667,-998.3334694981265
2.1011833333333336,-998.3340189784458
2.10285,-998.3347500666672
2.1045166666666666,-998.3355184077916
2.1061833333333335,-998.3361703335942
2.10785,-998.33655217585
2.109516666666667,-998.3365614890757
2.1111833333333334,-998.336174990207
2.11285,-998.3354206189213
2.114516666666667,-998.3344101339273
2.1161833333333333,-998.3332739203857
2.1178666666666666,-998.3321656465215
2.1195333333333335,-998.3312156974949
2.1212,-998.3305265187894
2.122866666666667,-998.3301493331464
2.1245333333333334,-998.3301120802435
2.1262000000000003,-998.3304054468546
2.127866666666667,-998.3310014933027
2.1295333333333333,-998.331844340233
2.1312,-998.3328594818398
2.1328666666666667,-998.3339584424784
2.1345333333333336,-998.3350341200526
2.1362,-998.3359747558534
2.1378666666666666,-998.3366732477847
2.1395333333333335,-998.3370457768148
2.1412,-998.3370504334276
2.142866666666667,-998.3367058440748
2.1445333333333334,-998.3360818579496
2.1462,-998.3352902337607
2.1478833333333336,-998.3344753265076
2.14955,-998.3337535515119
2.1512166666666666,-998.3331947579669
2.1528833333333335,-998.332817572324
2.15455,-998.3326033681317
2.156216666666667,-998.3325148924871
2.1578833333333334,-998.3325288623257
2.1595500000000003,-998.3326545908734
2.161216666666667,-998.3329060479687
2.1628833333333333,-998.3332925468372
2.16455,-998.3338001176406
2.1662166666666667,-998.3343821942501
2.1678833333333336,-998.3349596142466
2.16955,-998.3354252755341
2.1712166666666666,-998.3356720760165
2.1728833333333335,-998.3356301665007
2.17455,-998.3352622940835
2.1762333333333332,-998.3346150248939
2.1779,-998.3337628647377
2.1795666666666667,-998.3328268855497
2.1812333333333336,-998.331923502652
2.1829,-998.3311644747532
2.184566666666667,-998.3306382774983
2.1862333333333335,-998.3304054468546
2.1879,-998.3305078923379
2.189566666666667,-998.3309642403997
2.1912333333333334,-998.3317512079756
2.1929000000000003,-998.3327942892596
2.1945666666666668,-998.3339677557042
2.1962333333333333,-998.3351272523101
2.1979,-998.3361004844011
2.1995666666666667,-998.3367663800421
2.2012333333333336,-998.3370364635889
2.2029,-998.3368921085898
2.2045666666666666,-998.3363845377864
2.2062500000000003,-998.3356301665007
2.2079166666666667,-998.3347686931187
2.2095833333333332,-998.3339537858656
2.21125,-998.3333158299016
2.2129166666666666,-998.3329060479687
2.2145833333333336,-998.3327151268408
2.21625,-998.3326871871635
2.217916666666667,-998.3327523797437
2.2195833333333335,-998.3328781082913
2.22125,-998.3330504029677
2.222916666666667,-998.3332972034501
2.2245833333333334,-998.333641792803
2.2262500000000003,-998.3340934842518
2.2279166666666668,-998.3346336513454
2.2295833333333333,-998.3352157279547
2.23125,-998.3357698648869
2.2329166666666667,-998.33621224311
2.2345833333333336,-998.3364637002053
2.236266666666667,-998.3364637002053
2.2379333333333333,-998.3361889600457
2.2396000000000003,-998.3356348231135
2.2412666666666667,-998.3348618253763
2.2429333333333332,-998.3339305028012
2.2446,-998.3329526140974
2.2462666666666666,-998.3320259481352
2.2479333333333336,-998.3312808900752
2.2496,-998.3308291986262
2.251266666666667,-998.3307733192718
2.2529333333333335,-998.3311551615275
2.2546,-998.3319700687807
2.256266666666667,-998.333115595548
2.2579333333333333,-998.3344427302175
2.2596000000000003,-998.3357465818225
2.2612666666666668,-998.3368269160096
2.2629333333333332,-998.3375254079409
2.264616666666667,-998.3377349555202
2.2662833333333334,-998.3374415889091
2.26795,-998.3367058440748
2.269616666666667,-998.3356627627908
2.2712833333333333,-998.3344799831204
2.2729500000000002,-998.3333297997402
2.2746166666666667,-998.3323472544236
2.2762833333333337,-998.3316254794279
2.27795,-998.3311970710434
2.2796166666666666,-998.3310713424958
2.2812833333333336,-998.3312296673336
2.28295,-998.3316394492665
2.284616666666667,-998.3322494655532
2.2862833333333334,-998.333003836839
2.28795,-998.333823400705
2.289616666666667,-998.3346196815068
2.2912833333333333,-998.3353135168251
2.2929500000000003,-998.3358257442414
2.2946333333333335,-998.3361144542397
2.2963,-998.3361703335942
2.297966666666667,-998.3360213219821
2.2996333333333334,-998.3357046723066
2.3013,-998.335280920535
2.302966666666667,-998.334791976183
2.3046333333333333,-998.3342611223153
2.3063000000000002,-998.333711641996
2.3079666666666667,-998.3331668182897
2.3096333333333336,-998.3326732173249
2.3113,-998.332296031682
2.3129666666666666,-998.3321144237798
2.3146333333333335,-998.3321889295859
2.3163,-998.3325521453901
2.317966666666667,-998.3331714749025
2.3196333333333334,-998.3339770689299
2.3213166666666667,-998.3348385423118
2.3229833333333336,-998.3356255098878
2.32465,-998.3361936166585
2.3263166666666666,-998.3364264473023
2.3279833333333335,-998.3362541526259
2.32965,-998.3356720760165
2.331316666666667,-998.3347500666672
2.3329833333333334,-998.3336138531256
2.33465,-998.3324310734554
2.336316666666667,-998.3313786789455
2.3379833333333333,-998.3305917113696
2.3396500000000002,-998.3301772728237
2.3413166666666667,-998.3301865860494
2.3429833333333336,-998.3306196510468
2.34465,-998.3314112752356
2.3463166666666666,-998.3324496999069
2.3479833333333335,-998.333599883287
2.34965,-998.3346988439256
2.351316666666667,-998.3356115400492
2.353,-998.3362401827873
2.3546666666666667,-998.336547519237
2.3563333333333336,-998.3365382060113
2.358,-998.3362634658516
2.3596666666666666,-998.3358071177898
2.3613333333333335,-998.3352390110191
2.363,-998.3346289947325
2.364666666666667,-998.3340189784458
2.3663333333333334,-998.3334182753849
2.3680000000000003,-998.3328222289368
2.369666666666667,-998.3322401523275
2.3713333333333333,-998.3316860153953
2.373,-998.3312250107207
2.3746666666666667,-998.3309316441095
2.3763333333333336,-998.3308850779807
2.378,-998.3311225652374
2.3796666666666666,-998.3316487624923
2.3813333333333335,-998.3323938205523
2.383016666666667,-998.3332552939343
2.3846833333333333,-998.3340888276389
2.38635,-998.3347500666672
2.3880166666666667,-998.3351086258587
2.3896833333333336,-998.3351039692458
2.39135,-998.33472212699
2.3930166666666666,-998.33400966522
2.3946833333333335,-998.3330736860321
2.39635,-998.3320212915223
2.398016666666667,-998.3309828668512
2.3996833333333334,-998.3300748273405
2.4013500000000003,-998.3294089316993
2.403016666666667,-998.329082968798
2.4046833333333333,-998.3291621312169
2.40635,-998.3296603887945
2.4080166666666667,-998.3305311754023
2.4096833333333336,-998.3316534191051
2.411366666666667,-998.3328594818398
2.4130333333333334,-998.3339584424784
2.4147000000000003,-998.334791976183
2.4163666666666668,-998.3352529808577
2.4180333333333333,-998.3353088602122
2.4197,-998.3350108369882
2.4213666666666667,-998.3344799831204
2.4230333333333336,-998.333865310221
2.4247,-998.3333158299016
2.426366666666667,-998.3329433008716
2.4280333333333335,-998.3327849760338
2.4297,-998.332817572324
2.431366666666667,-998.3329758971618
2.4330333333333334,-998.3331668182897
2.4347000000000003,-998.333339112966
2.436366666666667,-998.3334648415137
2.4380333333333333,-998.3335719436097
2.4397,-998.3337023287703
2.4413666666666667,-998.3338839366725
2.44305,-998.3341400503806
2.444716666666667,-998.3344473868303
2.4463833333333334,-998.3347640365058
2.4480500000000003,-998.3350108369882
2.4497166666666668,-998.335131908923
2.4513833333333332,-998.3350713729556
2.45305,-998.3348012894088
2.4547166666666667,-998.3343216582826
2.4563833333333336,-998.3336650758673
2.45805,-998.3328687950656
2.459716666666667,-998.3319886952322
2.4613833333333335,-998.3311179086245
2.46305,-998.3303588807258
2.464716666666667,-998.3298373400838
2.4663833333333334,-998.3296836718589
2.4680500000000003,-998.3299630686315
2.469716666666667,-998.3306662171756
2.4714,-998.3317046418468
2.473066666666667,-998.3328967347429
2.4747333333333335,-998.334046918123
2.4764,-998.3349503010209
2.478066666666667,-998.3354718416629
2.4797333333333333,-998.3355463474688
2.4814000000000003,-998.3352017581161
2.4830666666666668,-998.3345218926363
2.4847333333333332,-998.3336511060287
2.4864,-998.3327384099051
2.4880666666666666,-998.3319281592649
2.4897333333333336,-998.3313134863653
2.4914,-998.3309409573353
2.493066666666667,-998.330801258949
2.4947333333333335,-998.3308664515292
2.4964,-998.3310853123344
2.498066666666667,-998.3314112752356
2.49975,-998.3318117439429
2.5014166666666666,-998.3322680920047
2.5030833333333335,-998.3327616929695
2.50475,-998.3332832336115
2.506416666666667,-998.3337954610278
2.5080833333333334,-998.3342518090896
2.50975,-998.3345870852165
2.511416666666667,-998.3347360968286
2.5130833333333333,-998.3346569344097
2.5147500000000003,-998.3343263148955
2.5164166666666667,-998.3337535515119
2.5180833333333337,-998.3329619273231
2.51975,-998.3319933518451
2.5214166666666666,-998.330913017658
2.5230833333333336,-998.329795430568
2.52475,-998.3287616625097
2.526416666666667,-998.3279560684822
2.5280833333333335,-998.327518346872
2.5297666666666667,-998.3275742262265
2.5314333333333336,-998.3281609594487
2.5331,-998.3292319804101
2.5347666666666666,-998.3306336208855
2.5364333333333335,-998.332142363457
2.5381,-998.3335020944166
2.539766666666667,-998.3344892963462
2.5414333333333334,-998.3349596142466
2.5431,-998.3348618253763
2.544766666666667,-998.334270435541
2.5464333333333333,-998.3333251431274
2.5481000000000003,-998.3322308391017
2.5497666666666667,-998.3311877578177
2.5514333333333337,-998.3303495675001
2.5531,-998.3298187136323
2.5547666666666666,-998.3296231358916
2.5564333333333336,-998.3297442078264
2.5581,-998.330130706695
2.5597833333333333,-998.3307081266915
2.5614500000000002,-998.3314112752356
2.5631166666666667,-998.3321516766828
2.5647833333333336,-998.3328594818398
2.56645,-998.3334648415137
2.5681166666666666,-998.333902563124
2.5697833333333335,-998.3341447069935
2.57145,-998.3341679900578
2.573116666666667,-998.3339863821557
2.5747833333333334,-998.3336371361901
2.57645,-998.3331668182897
2.578116666666667,-998.3326359644218
2.5797833333333333,-998.3320725142639
2.5814500000000002,-998.3314950942674
2.5831166666666667,-998.330913017658
2.5847833333333337,-998.3303355976615
2.58645,-998.329795430568
2.5881166666666666,-998.3293483957319
2.5898000000000003,-998.3290736555723
2.591466666666667,-998.3290364026693
2.5931333333333333,-998.3292785465388
2.5948,-998.3297768041165
2.5964666666666667,-998.330465982822
2.5981333333333336,-998.3312436371722
2.5998,-998.3320026650708
2.6014666666666666,-998.3326313078089
2.6031333333333335,-998.3330457463549
2.6048,-998.3331947579669
2.606466666666667,-998.3330550595806
2.6081333333333334,-998.3326499342605
2.6098000000000003,-998.3320212915223
2.611466666666667,-998.3312389805593
2.61315,-998.3304007902417
2.6148000000000002,-998.3295951962143
2.6164833333333335,-998.328933957186
2.61815,-998.3285148620273
2.619816666666667,-998.328412416544
2.6214833333333334,-998.3286685302521
2.6231500000000003,-998.3292692333131
2.624816666666667,-998.3301260500821
2.6264833333333333,-998.3311085953987
2.62815,-998.3320585444253
2.6298166666666667,-998.3328361987755
2.6314833333333336,-998.3333251431274
2.63315,-998.3334741547394
2.6348166666666666,-998.3332692637729
2.6364833333333335,-998.3327663495824
2.63815,-998.3320445745867
2.639816666666667,-998.3312156974949
2.6414833333333334,-998.3303775071773
2.6431500000000003,-998.3296324491173
2.644816666666667,-998.3290364026693
2.6465,-998.3286405905749
2.648166666666667,-998.3284543260598
2.6498333333333335,-998.3284962355758
2.6515,-998.3287616625097
2.653166666666667,-998.329236637023
2.6548333333333334,-998.3298839062126
2.6565000000000003,-998.3306289642726
2.658166666666667,-998.3313647091069
2.6598333333333333,-998.3319886952322
2.6615,-998.3323845073265
2.6631666666666667,-998.3324869528099
2.6648333333333336,-998.3322541221661
2.6665,-998.3317139550726
2.6681666666666666,-998.3309363007224
2.6698333333333335,-998.3300236045989
2.6715,-998.3290969386367
2.673166666666667,-998.3282494350934
2.6748333333333334,-998.3275649130007
2.6765000000000003,-998.3270852818746
2.6781833333333336,-998.326847794618
2.67985,-998.3268757342952
2.681516666666667,-998.3271970405835
2.6831833333333335,-998.327816370096
2.68485,-998.3287011265422
2.686516666666667,-998.3297768041165
2.6881833333333334,-998.3309269874966
2.6898500000000003,-998.331998008458
2.691516666666667,-998.332854825227
2.6931833333333333,-998.3333856790948
2.69485,-998.3335346907068
2.6965166666666667,-998.3333111732887
2.6981833333333336,-998.3327710061952
2.69985,-998.3320352613609
2.701516666666667,-998.3312343239464
2.7031833333333335,-998.3304799526607
2.70485,-998.3298745929868
2.7065333333333337,-998.3294648110538
2.7082,-998.3292552634745
2.7098666666666666,-998.329236637023
2.7115333333333336,-998.3293670221834
2.7132,-998.3296231358916
2.714866666666667,-998.3299677252444
2.7165333333333335,-998.3303681939516
2.7182,-998.3307919457233
2.719866666666667,-998.3311970710434
2.7215333333333334,-998.3315323471704
2.7232000000000003,-998.3317605212013
2.7248666666666668,-998.3318303703944
2.7265333333333333,-998.3317046418468
2.7282,-998.3313647091069
2.7298666666666667,-998.3308152287876
2.7315333333333336,-998.3300841405662
2.7332,-998.329236637023
2.734866666666667,-998.3283425673509
2.7365500000000003,-998.3274810939689
2.7382166666666667,-998.3267360359089
2.7398833333333337,-998.3261772423639
2.74155,-998.3258792191399
2.7432166666666666,-998.3259025022043
2.7448833333333336,-998.32628434446
2.74655,-998.3270294025201
2.748216666666667,-998.3280911102556
2.7498833333333335,-998.3293670221834
2.75155,-998.3306941568529
2.753216666666667,-998.3319002195875
2.7548833333333334,-998.3328222289368
2.7565500000000003,-998.3333251431274
2.7582166666666668,-998.3333577394175
2.7598833333333332,-998.3329433008716
2.76155,-998.3321749597472
2.7632166666666667,-998.3312110408821
2.7649,-998.330200555888
2.766566666666667,-998.3292832031517
2.7682333333333333,-998.3285707413818
2.7699000000000003,-998.3281190499329
2.7715666666666667,-998.3279560684822
2.7732333333333337,-998.3280864536428
2.7749,-998.3284682958985
2.7765666666666666,-998.3290457158951
2.7782333333333336,-998.3297348946006
2.7799,-998.3304333865318
2.781566666666667,-998.3310527160443
2.7832333333333334,-998.3315090641061
2.7849,-998.3317605212013
2.786566666666667,-998.3317791476528
2.7882333333333333,-998.3315742566863
2.7899000000000003,-998.331173787979
2.7915666666666668,-998.330614994434
2.7932333333333337,-998.3299630686315
2.794916666666667,-998.3292692333131
2.7965833333333334,-998.3285893678333
2.7982500000000003,-998.3279840081594
2.799916666666667,-998.3275043770333
2.8015833333333333,-998.3271970405835
2.8032500000000002,-998.3271132215518
2.8049166666666667,-998.3272855162282
2.8065833333333337,-998.3277185812256
2.80825,-998.3283891334796
2.8099166666666666,-998.3292319804101
2.8115833333333335,-998.3301539897593
2.81325,-998.3310527160443
2.814916666666667,-998.3318257137815
2.8165833333333334,-998.3323798507137
2.81825,-998.3326592474863
2.819916666666667,-998.3326452776477
2.8215833333333333,-998.3323565676493
2.8232500000000003,-998.3318350270073
2.8249333333333335,-998.3311458483017
2.8266,-998.3303588807258
2.828266666666667,-998.3295439734727
2.8299333333333334,-998.3287616625097
2.8316000000000003,-998.3280724838041
2.833266666666667,-998.3275416299364
2.8349333333333333,-998.3272110104222
2.8366000000000002,-998.3271365046162
2.8382666666666667,-998.3273227691312
2.8399333333333336,-998.3277558341285
2.8416,-998.328375163641
2.8432666666666666,-998.3290736555723
2.8449333333333335,-998.3297255813749
2.8466,-998.3302238389525
2.848266666666667,-998.3304799526607
2.8499333333333334,-998.3304473563705
2.8516000000000004,-998.3301446765336
2.8532833333333336,-998.329641762343
2.85495,-998.3290224328307
2.8566166666666666,-998.3283984467054
2.8582833333333335,-998.3278443097732
2.85995,-998.3274112447758
2.861616666666667,-998.3271178781647
2.8632833333333334,-998.3269595533269
2.8649500000000003,-998.3269362702625
2.866616666666667,-998.3270666554231
2.8682833333333333,-998.32736933526
2.8699500000000002,-998.3278443097732
2.8716166666666667,-998.3284822657371
2.8732833333333336,-998.3292086973456
2.87495,-998.3299304723413
2.8766166666666666,-998.330540488628
2.8782833333333335,-998.3309456139482
2.87995,-998.3310806557215
2.881616666666667,-998.3309549271739
2.8833,-998.3306103378211
2.8849666666666667,-998.3301260500821
2.8866333333333336,-998.3295858829886
2.8883,-998.3290596857337
2.889966666666667,-998.3285707413818
2.8916333333333335,-998.3281423329972
2.8933,-998.3277744605801
2.894966666666667,-998.3274950638075
2.8966333333333334,-998.3273367389698
2.8983000000000003,-998.3273553654213
2.899966666666667,-998.3275975092909
2.9016333333333333,-998.3280631705784
2.9033,-998.3287057831551
2.9049666666666667,-998.3294322147636
2.9066333333333336,-998.3301167368563
2.9083,-998.3306382774983
2.9099833333333334,-998.3309037044322
2.9116500000000003,-998.3308571383035
2.9133166666666668,-998.3304985791121
2.9149833333333333,-998.3298606231482
2.91665,-998.3290224328307
2.9183166666666667,-998.328077140417
2.9199833333333336,-998.3271225347776
2.92165,-998.3262564047827
2.923316666666667,-998.3255485996257
2.9249833333333335,-998.3250782817254
2.92665,-998.324905987049
2.928316666666667,-998.3250829383383
2.9299833333333334,-998.3256091355931
2.9316500000000003,-998.3264473259106
2.933316666666667,-998.3274997204204
2.9349833333333333,-998.3286312773491
2.93665,-998.3296836718589
2.9383166666666667,-998.3305218621765
2.9399833333333336,-998.3310340895928
2.941666666666667,-998.3311598181403
2.9433333333333334,-998.3309083610451
2.9450000000000003,-998.3303262844357
2.9466666666666668,-998.3295020639569
2.9483333333333337,-998.3285567715432
2.95,-998.3275975092909
2.9516666666666667,-998.3267174094574
2.9533333333333336,-998.3259956344617
2.955,-998.3254740938197
2.956666666666667,-998.3251946970472
2.9583333333333335,-998.3251853838215
2.96,-998.3254601239811
2.961666666666667,-998.3260189175261
2.9633333333333334,-998.3268245115536
2.9650000000000003,-998.3277930870316
2.966666666666667,-998.3288035720255
2.9683333333333333,-998.3297116115361
2.97,-998.3303961336288
2.9716833333333335,-998.3307546928203
2.97335,-998.3307407229817
2.975016666666667,-998.3303728505645
2.9766833333333333,-998.3297162681491
2.9783500000000003,-998.3288734212186
2.9800166666666668,-998.3279653817079
2.9816833333333337,-998.3270852818746
2.98335,-998.3263215973631
2.9850166666666667,-998.3257302075278
2.9866833333333336,-998.3253576784979
2.98835,-998.3252459197888
2.990016666666667,-998.3254089012395
2.9916833333333335,-998.3258466228498
2.99335,-998.3265032052651
2.995016666666667,-998.3272901728411
2.9966833333333334,-998.3280817970299
2.9983500000000003,-998.3287476926711
3.0000333333333336,-998.3291667878298
3.0017,-998.329273889926
3.003366666666667,-998.3290457158951
3.0050333333333334,-998.328524175253
3.0067,-998.327779117193
3.008366666666667,-998.3269223004239
3.0100333333333333,-998.3260422005905
3.0117000000000003,-998.3252319499502
3.0133666666666667,-998.3245474278575
3.0150333333333337,-998.3240398570541
3.0167,-998.3237418338301
3.0183666666666666,-998.3236999243143
3.0200333333333336,-998.3239374115709
3.0217,-998.3244682654387
3.023366666666667,-998.3252645462403
3.0250333333333335,-998.3262657180085
3.0267,-998.3273460521956
3.028366666666667,-998.3283705070281
3.0300333333333334,-998.3292086973456
3.0317166666666666,-998.3297535210521
3.0333833333333335,-998.3299490987928
3.03505,-998.3297814607294
3.036716666666667,-998.3293064862161
3.0383833333333334,-998.3285893678333
3.0400500000000004,-998.3277092679998
3.041716666666667,-998.326731379296
3.0433833333333333,-998.3257022678506
3.0450500000000003,-998.3246591865666
3.0467166666666667,-998.323671984637
3.0483833333333337,-998.3228384509323
3.05005,-998.3222843140002
3.0517166666666666,-998.322144615614
3.0533833333333336,-998.3224938615796
3.05505,-998.3233134254456
3.056716666666667,-998.3244962051159
3.0583833333333335,-998.3258419662369
3.0600666666666667,-998.3271365046162
3.0617333333333336,-998.3281656160616
3.0634,-998.3287802889612
3.0650666666666666,-998.3289013608959
3.0667333333333335,-998.3285288318659
3.0684,-998.3277558341285
3.070066666666667,-998.3267127528445
3.0717333333333334,-998.3255672260773
3.0734000000000004,-998.3244682654387
3.075066666666667,-998.3235462560893
3.0767333333333333,-998.3228663906095
3.0784000000000002,-998.322479891741
3.0800666666666667,-998.3223867594834
3.0817333333333337,-998.322586993837
3.0834,-998.3230573117374
3.0850666666666666,-998.323746490443
3.0867333333333336,-998.3245893373735
3.088416666666667,-998.3254787504326
3.0900833333333333,-998.3263076275244
3.09175,-998.326954896714
3.0934166666666667,-998.327332082357
3.0950833333333336,-998.3273926183243
3.09675,-998.3271504744548
3.0984166666666666,-998.3266801565544
3.1000833333333335,-998.3260794534935
3.10175,-998.3254740938197
3.103416666666667,-998.3249478965648
3.1050833333333334,-998.3245474278575
3.1067500000000003,-998.324268031085
3.108416666666667,-998.3240771099571
3.1100833333333333,-998.3239467247967
3.1117500000000002,-998.3238815322164
3.1134166666666667,-998.3239048152808
3.1150833333333336,-998.3240771099571
3.11675,-998.3244356691486
3.1184333333333334,-998.3249804928549
3.1201000000000003,-998.3256650149476
3.121766666666667,-998.3263774767175
3.1234333333333333,-998.3269828363913
3.1251,-998.3273367389698
3.1267666666666667,-998.3273507088085
3.1284333333333336,-998.3269968062299
3.1301,-998.3263215973631
3.131766666666667,-998.3254228710781
3.1334333333333335,-998.3244356691486
3.1351,-998.3234764068962
3.136766666666667,-998.3226568430302
3.1384333333333334,-998.3220561399693
3.1401000000000003,-998.3217208638423
3.141766666666667,-998.3216836109393
3.1434333333333333,-998.3219536944861
3.1451000000000002,-998.3225031748053
3.1467833333333335,-998.3232761725426
3.14845,-998.3241795554404
3.150116666666667,-998.3250969081769
3.1517833333333334,-998.32591181543
3.1534500000000003,-998.3265171751037
3.155116666666667,-998.326847794618
3.1567833333333333,-998.3268803909081
3.15845,-998.3266335904257
3.1601166666666667,-998.326172585751
3.1617833333333336,-998.3255811959159
3.16345,-998.3249665230163
3.165116666666667,-998.3244216993099
3.1667833333333335,-998.3240119173769
3.16845,-998.3237744301202
3.170116666666667,-998.32370923754
3.1717833333333334,-998.3237930565717
3.1734500000000003,-998.3240026041511
3.175116666666667,-998.3243332236652
3.1767833333333333,-998.3247616320498
3.178466666666667,-998.3252785160789
3.1801333333333335,-998.3258605926884
3.1818,-998.3264659523621
3.183466666666667,-998.3270433723587
3.1851333333333334,-998.3275276600978
3.1868000000000003,-998.3278396531604
3.188466666666667,-998.3279141589663
3.1901333333333333,-998.3276906415483
3.1918,-998.3271551310677
3.1934666666666667,-998.3263355672017
3.1951333333333336,-998.3252924859175
3.1968,-998.3241329893117
3.198466666666667,-998.3229828059315
3.2001333333333335,-998.3219769775504
3.2018,-998.3212598591676
3.203466666666667,-998.3209525227179
3.20515,-998.3211155041685
3.2068166666666666,-998.3217534601324
3.2084833333333336,-998.3227825715778
3.21015,-998.3240305438284
3.211816666666667,-998.3253064557562
3.2134833333333335,-998.326396103169
3.21515,-998.3271458178419
3.216816666666667,-998.3274671241303
3.2184833333333334,-998.3273507088085
3.2201500000000003,-998.3268664210694
3.2218166666666668,-998.3261446460738
3.2234833333333337,-998.3253390520464
3.22515,-998.3245893373735
3.2268166666666667,-998.3239979475383
3.2284833333333336,-998.323634731734
3.23015,-998.3235043465735
3.231816666666667,-998.3235695391537
3.2334833333333335,-998.3237790867331
3.2351666666666667,-998.3240864231828
3.2368333333333337,-998.3244356691486
3.2385,-998.3247942283399
3.2401666666666666,-998.325129504467
3.2418333333333336,-998.3254042446266
3.2435,-998.3255905091416
3.245166666666667,-998.3256743281734
3.2468333333333335,-998.3256463884961
3.2485,-998.3255253165613
3.250166666666667,-998.3253297388206
3.2518333333333334,-998.3250596552738
3.2535000000000003,-998.3247243791468
3.2551666666666668,-998.3243192538266
3.2568333333333337,-998.3238116830232
3.2585,-998.3231830402851
3.2601666666666667,-998.3224333256122
3.2618333333333336,-998.3215904786817
3.2635,-998.32076160159
3.2651833333333333,-998.3200910493359
3.2668500000000003,-998.3197371467575
3.2685166666666667,-998.3198395922407
3.2701833333333337,-998.3204449519145
3.27185,-998.3214973464243
3.2735166666666666,-998.3228384509323
3.2751833333333336,-998.3242261215692
3.27685,-998.3253995880137
3.278516666666667,-998.326135332848
3.2801833333333335,-998.3262796878471
3.2818500000000004,-998.3258093699468
3.283516666666667,-998.3247988849528
3.2851833333333333,-998.3234298407675
3.2868500000000003,-998.321921098196
3.2885166666666668,-998.3205101444947
3.2901833333333337,-998.3193692743403
3.29185,-998.3186009332159
3.2935166666666666,-998.3182470306374
3.2952000000000004,-998.3182889401533
3.296866666666667,-998.318670782409
3.2985333333333333,-998.3193320214373
3.3002000000000002,-998.3201795249805
3.3018666666666667,-998.3211294740071
3.3035333333333337,-998.3220933928723
3.3052,-998.3229781493186
3.3068666666666666,-998.3236952677014
3.3085333333333335,-998.3241795554404
3.3102,-998.3243891030198
3.311866666666667,-998.3243192538266
3.3135333333333334,-998.3239839776996
3.3152000000000004,-998.3234205275418
3.316866666666667,-998.3226754694817
3.3185333333333333,-998.3218093394869
3.3202000000000003,-998.3208687036861
3.3218666666666667,-998.3199094414338
3.3235333333333337,-998.3189874320846
3.325216666666667,-998.3181678682184
3.3268833333333334,-998.3175438820932
3.3285500000000003,-998.3171992927404
3.330216666666667,-998.3172086059661
3.3318833333333333,-998.3176044180606
3.3335500000000002,-998.3183634459592
3.3352166666666667,-998.319378587566
3.3368833333333336,-998.3204961746561
3.33855,-998.3215113162629
3.3402166666666666,-998.3222517177101
3.3418833333333335,-998.3225637107727
3.34355,-998.3223960727092
3.345216666666667,-998.3217581167453
3.3468833333333334,-998.3207662582029
3.3485500000000004,-998.3195741653068
3.350216666666667,-998.3183774157978
3.3518833333333333,-998.3173529609653
3.353566666666667,-998.3166311859696
3.3552333333333335,-998.3162959098427
3.3569,-998.3163797288744
3.358566666666667,-998.3168640166134
3.3602333333333334,-998.3176928937052
3.3619000000000003,-998.3187592580537
3.363566666666667,-998.3199327244981
3.3652333333333333,-998.3210689380397
3.3669000000000002,-998.3220328569049
3.3685666666666667,-998.3227266922233
3.3702333333333336,-998.3230992212533
3.3719,-998.3231551006079
3.373566666666667,-998.3229315831899
3.3752333333333335,-998.3225171446439
3.3769,-998.3220049172277
3.378566666666667,-998.3214787199728
3.3802333333333334,-998.3210084020724
3.3819166666666667,-998.3206219032037
3.3835833333333336,-998.3203052535282
3.38525,-998.3200305133686
3.386916666666667,-998.3197697430476
3.3885833333333335,-998.3195043161137
3.39025,-998.3192575156313
3.391916666666667,-998.3190759077291
3.3935833333333334,-998.3190014019232
3.3952500000000003,-998.3190665945034
3.396916666666667,-998.3192761420828
3.3985833333333333,-998.3195788219197
3.40025,-998.3199047848209
3.4019166666666667,-998.3201702117548
3.4035833333333336,-998.3202819704638
3.40525,-998.3201795249805
3.406916666666667,-998.3198209657892
3.4085833333333335,-998.3192016362767
3.41025,-998.3183587893463
3.411916666666667,-998.3173576175782
3.4136,-998.3163098796813
3.4152666666666667,-998.3153459608161
3.4169333333333336,-998.3146055593689
3.4186,-998.314228373726
3.420266666666667,-998.3142982229191
3.4219333333333335,-998.3148523598513
3.4236,-998.315834905168
3.425266666666667,-998.3171108170958
3.4269333333333334,-998.318484517894
3.4286000000000003,-998.3197511165961
3.430266666666667,-998.3207103788484
3.4319333333333333,-998.3212412327161
3.4336,-998.3212971120706
3.4352666666666667,-998.3209152698148
3.4369333333333336,-998.3202121212707
3.4386,-998.3193506478888
3.440266666666667,-998.3184891745069
3.4419500000000003,-998.3177720561241
3.4436166666666668,-998.3172737985465
3.4452833333333337,-998.3169990583867
3.44695,-998.316915239355
3.4486166666666667,-998.3169618054837
3.4502833333333336,-998.3170875340314
3.45195,-998.3172598287077
3.453616666666667,-998.3174693762871
3.4552833333333335,-998.3177115201566
3.45695,-998.3179909169291
3.458616666666667,-998.3182935967661
3.4602833333333334,-998.3185869633772
3.4619500000000003,-998.3188430770854
3.463616666666667,-998.3190246849875
3.4652833333333337,-998.3191085040193
3.46695,-998.319080564342
3.4686166666666667,-998.3189222395042
3.4702833333333336,-998.3186474993446
3.471966666666667,-998.3182563438631
3.4736333333333334,-998.3177627428984
3.4753000000000003,-998.3171853229018
3.4769666666666668,-998.3165473669379
3.4786333333333337,-998.3159187241997
3.4803,-998.3153739004933
3.4819666666666667,-998.3150293111405
3.4836333333333336,-998.3149827450118
3.4853,-998.3153040513001
3.486966666666667,-998.3159978866186
3.4886333333333335,-998.3170037149996
3.4903,-998.3181632116056
3.491966666666667,-998.3192901119214
3.4936333333333334,-998.3201702117548
3.4953000000000003,-998.3206312164294
3.496966666666667,-998.3205706804621
3.49865,-998.3199932604656
3.500316666666667,-998.3189967453103
3.5019833333333334,-998.3177673995112
3.5036500000000004,-998.3165101140348
3.505316666666667,-998.3154344364607
3.5069833333333333,-998.3146707519492
3.5086500000000003,-998.3143075361448
3.5103166666666668,-998.3143494456608
3.5119833333333337,-998.3147452577551
3.51365,-998.315425123235
3.5153166666666666,-998.3162865966169
3.5169833333333336,-998.3172225758047
3.51865,-998.3181399285412
3.520316666666667,-998.3189594924072
3.5219833333333335,-998.3196207314355
3.52365,-998.3200817361102
3.525316666666667,-998.3203238799797
3.5269833333333334,-998.3203331932054
3.5286500000000003,-998.3201189890132
3.5303333333333335,-998.3197092070802
3.532,-998.3191411003094
3.533666666666667,-998.3184519216038
3.5353333333333334,-998.3176882370923
3.5370000000000004,-998.3168686732263
3.538666666666667,-998.3160304829087
3.5403333333333333,-998.315234202107
3.5420000000000003,-998.3145683064658
3.5436666666666667,-998.3141492113072
3.5453333333333337,-998.3140747055011
3.547,-998.3144099816282
3.5486666666666666,-998.3151457264624
3.5503333333333336,-998.3161934643593
3.552,-998.3173948704812
3.553666666666667,-998.3185683369258
3.5553333333333335,-998.3195229425652
3.5570000000000004,-998.3201189890132
3.558666666666667,-998.3202493741737
3.56035,-998.319900128208
3.562016666666667,-998.3191085040193
3.5636833333333335,-998.3179955735421
3.56535,-998.3167150050014
3.567016666666667,-998.3154530629122
3.5686833333333334,-998.3143727287252
3.5703500000000004,-998.3136276706651
3.572016666666667,-998.3133017077638
3.5736833333333333,-998.3134274363115
3.5753500000000003,-998.313967603405
3.5770166666666667,-998.3148244201741
3.5786833333333337,-998.3158581882324
3.58035,-998.316915239355
3.5820166666666666,-998.317851218543
3.5836833333333336,-998.3185636803129
3.58535,-998.3189734622459
3.587016666666667,-998.3190665945034
3.5887000000000002,-998.318857046924
3.5903666666666667,-998.3184006988622
3.5920333333333336,-998.3177860259627
3.5937,-998.3170875340314
3.595366666666667,-998.316393698713
3.5970333333333335,-998.3157510861362
3.5987,-998.3151922925912
3.600366666666667,-998.3147173180779
3.6020333333333334,-998.3143354758222
3.6037000000000003,-998.3140560790496
3.605366666666667,-998.3139117240505
3.6070333333333333,-998.3139396637278
3.6087000000000002,-998.31415386792
3.6103666666666667,-998.3145589932401
3.6120333333333337,-998.315127100011
3.6137,-998.315797652265
3.615366666666667,-998.316505457422
3.6170333333333335,-998.3171620398374
3.618716666666667,-998.3176928937052
3.6203833333333333,-998.3180235132194
3.62205,-998.3180933624125
3.6237166666666667,-998.3178698449944
3.6253833333333336,-998.3173669308039
3.62705,-998.3166079029053
3.628716666666667,-998.3156719237173
3.6303833333333335,-998.3146660953363
3.63205,-998.3137347727612
3.633716666666667,-998.3130549072814
3.6353833333333334,-998.3127755105089
3.6370500000000003,-998.3129990279269
3.638716666666667,-998.313744085987
3.6403833333333333,-998.3149128958187
3.6420500000000002,-998.3163285061328
3.6437166666666667,-998.3177487730596
3.6453833333333336,-998.3189362093428
3.64705,-998.3197045504673
3.6487333333333334,-998.3199420377239
3.6504000000000003,-998.3196486711128
3.652066666666667,-998.3189175828913
3.6537333333333337,-998.3179117545103
3.6554,-998.3168174504847
3.6570666666666667,-998.3158023088779
3.6587333333333336,-998.3149920582375
3.6604,-998.3144425779183
3.662066666666667,-998.3141492113072
3.6637333333333335,-998.3140700488882
3.6654,-998.3141631811458
3.667066666666667,-998.3143866985638
3.6687333333333334,-998.3147173180779
3.6704000000000003,-998.3151457264624
3.672066666666667,-998.3156532972658
3.6737333333333333,-998.3161981209722
3.6754000000000002,-998.3167243182271
3.6770833333333335,-998.3171573832245
3.67875,-998.3174134969327
3.680416666666667,-998.317436779997
3.6820833333333334,-998.3171899795146
3.6837500000000003,-998.3166824087112
3.685416666666667,-998.3159513204898
3.6870833333333337,-998.3150712206565
3.68875,-998.3141305848557
3.6904166666666667,-998.3132085755063
3.6920833333333336,-998.3123936682532
3.69375,-998.3117696821279
3.695416666666667,-998.3114250927752
3.6970833333333335,-998.3114530324524
3.69875,-998.3119186937399
3.700416666666667,-998.3128220766376
3.7020833333333334,-998.3140933319527
3.7037500000000003,-998.3155881046856
3.705416666666667,-998.3171061604829
3.7071,-998.3184193253137
3.708766666666667,-998.3193366780501
3.7104333333333335,-998.3197278335317
3.7121000000000004,-998.3195462256296
3.713766666666667,-998.3188477336982
3.7154333333333334,-998.317776712737
3.7171000000000003,-998.3165240838734
3.7187666666666668,-998.3152854248486
3.7204333333333337,-998.314228373726
3.7221,-998.3134646892145
3.7237666666666667,-998.3130502506685
3.7254333333333336,-998.3129757448626
3.7271,-998.3132039188935
3.728766666666667,-998.3136835500196
3.7304333333333335,-998.3143541022737
3.7321,-998.3151410698496
3.733766666666667,-998.3159792601671
3.73545,-998.3167801975817
3.7371166666666666,-998.3174600630614
3.7387833333333336,-998.3179350375747
3.74045,-998.3181538983798
3.742116666666667,-998.3180840491867
3.7437833333333335,-998.3177394598339
3.7454500000000004,-998.3171853229018
3.747116666666667,-998.316505457422
3.7487833333333334,-998.3157883390392
3.7504500000000003,-998.3151084735595
3.7521166666666668,-998.3145217403371
3.7537833333333337,-998.3140607356625
3.75545,-998.3137347727612
3.7571166666666667,-998.3135624780848
3.7587833333333336,-998.3135717913106
3.76045,-998.3137906521157
3.762116666666667,-998.3142376869517
3.7637833333333335,-998.3148896127543
3.76545,-998.3156952067817
3.7671333333333337,-998.3165566801637
3.7688,-998.3173715874168
3.7704666666666666,-998.3180141999936
3.7721333333333336,-998.3183820724107
3.7738,-998.318410012088
3.775466666666667,-998.3180654227352
3.7771333333333335,-998.3173809006425
3.7788000000000004,-998.3164449214546
3.780466666666667,-998.3153739004933
3.7821333333333333,-998.3143168493706
3.7838000000000003,-998.3134041532471
3.7854666666666668,-998.3127475708317
3.7871333333333337,-998.3124355777691
3.7888,-998.3125240534137
3.7904666666666667,-998.3130083411527
3.7921333333333336,-998.3138372182444
3.793816666666667,-998.3148802995286
3.7954833333333333,-998.3159652903284
3.7971500000000002,-998.3169198959679
3.7988166666666667,-998.3175718217705
3.8004833333333337,-998.3178186222528
3.80215,-998.3176183878992
3.803816666666667,-998.3170130282253
3.8054833333333336,-998.3160910188761
3.80715,-998.3149967148504
3.808816666666667,-998.3138698145347
3.8104833333333334,-998.312845359702
3.8121500000000004,-998.3120164826103
3.813816666666667,-998.3114157795494
3.8154833333333333,-998.311057220358
3.8171500000000003,-998.3109268351975
3.8188166666666667,-998.3110153108421
3.8204833333333337,-998.311317990679
3.82215,-998.3118209048695
3.8238333333333334,-998.3125054269622
3.8255000000000003,-998.3133203342153
3.827166666666667,-998.3141864642101
3.8288333333333333,-998.3150153413019
3.8305000000000002,-998.3156998633946
3.8321666666666667,-998.3161655246821
3.8338333333333336,-998.3163424759714
3.8355,-998.3162120908108
3.837166666666667,-998.3157790258134
3.8388333333333335,-998.3150851904951
3.8405,-998.3142004340488
3.842166666666667,-998.313222545345
3.8438333333333334,-998.3122353434154
3.8455000000000004,-998.3113273039047
3.847166666666667,-998.3105915590704
3.8488333333333333,-998.3101072713314
3.8505000000000003,-998.3099303200421
3.8521666666666667,-998.3100979581056
3.85385,-998.3106008722962
3.855516666666667,-998.311387839872
3.8571833333333334,-998.3123471021244
3.8588500000000003,-998.3133482738925
3.860516666666667,-998.3142423435646
3.8621833333333333,-998.3148896127543
3.8638500000000002,-998.315196949204
3.8655166666666667,-998.315127100011
3.8671833333333336,-998.3146940350135
3.86885,-998.3139815732436
3.870516666666667,-998.3131014734101
3.8721833333333335,-998.3121701508352
3.87385,-998.3112947076146
3.875516666666667,-998.3105636193932
3.8771833333333334,-998.3100234522997
3.8788500000000004,-998.3097161158499
3.880516666666667,-998.3096602364953
3.8821833333333333,-998.309860470849
3.883866666666667,-998.3102981924593
3.8855333333333335,-998.3109268351975
3.8872,-998.3116718932575
3.888866666666667,-998.3124402343819
3.8905333333333334,-998.3131294130875
3.8922000000000003,-998.3136416405038
3.893866666666667,-998.3138977542119
3.8955333333333337,-998.3138605013089
3.8972,-998.313520568569
3.8988666666666667,-998.3129105522823
3.9005333333333336,-998.3120956450291
3.9022,-998.3111503526154
3.903866666666667,-998.3101678072987
3.9055333333333335,-998.3092225148852
3.9072,-998.3083796679547
3.908866666666667,-998.3076998024749
3.9105333333333334,-998.307248111026
3.9122000000000003,-998.3070897861883
3.9138833333333336,-998.3072760507033
3.91555,-998.3078395008612
3.917216666666667,-998.3087521969848
3.9188833333333335,-998.3099256634292
3.92055,-998.3112108885829
3.922216666666667,-998.3124216079304
3.9238833333333334,-998.3133669003441
3.9255500000000003,-998.3139024108248
3.927216666666667,-998.313930350502
3.9288833333333337,-998.313446062763
3.93055,-998.312510083575
3.9322166666666667,-998.3112760811631
3.9338833333333336,-998.3099163502035
3.93555,-998.3086218118242
3.937216666666667,-998.3075601040887
3.9388833333333335,-998.306838329093
3.94055,-998.3065216794175
3.9422333333333337,-998.3066054984492
3.9439,-998.3070432200595
3.9455666666666667,-998.3077370553779
3.9472333333333336,-998.3085892155341
3.9489,-998.3094693153676
3.950566666666667,-998.3102562829434
3.9522333333333335,-998.3108476727786
3.9539,-998.3111550092283
3.955566666666667,-998.3111363827768
3.9572333333333334,-998.3107871368112
3.9589000000000003,-998.3101445242344
3.960566666666667,-998.3092877074654
3.9622333333333337,-998.3083051621487
3.9639,-998.3072946771548
3.9655666666666667,-998.306354041354
3.9672333333333336,-998.3055577605523
3.9689,-998.3049570574914
3.9705833333333334,-998.3046078115258
3.9722500000000003,-998.3045333057197
3.9739166666666668,-998.3047521665248
3.9755833333333337,-998.3052783637797
3.97725,-998.3060746445815
3.9789166666666667,-998.3070897861883
3.9805833333333336,-998.3082259997298
3.98225,-998.30937618311
3.983916666666667,-998.310419264394
3.9855833333333335,-998.3112574547116
3.9872500000000004,-998.3118115916437
3.988916666666667,-998.3120397656746
3.9905833333333334,-998.3119280069657
3.9922500000000003,-998.3114902853554
3.9939166666666663,-998.3107638537468
3.9955833333333333,-998.3097999348817
3.99725,-998.3086730345658
3.9989166666666662,-998.3074902548955
