min,µS/cm
0.0,-998.444832395038
0.0016666666666667052,-998.4443387940732
0.0033333333333334103,-998.4433935016596
0.004999999999999893,-998.4415308565095
0.006666666666666599,-998.4384481787861
0.008333333333333304,-998.4342851668756
0.010000000000000009,-998.4296751201291
0.011666666666666714,-998.425572644186
0.01333333333333342,-998.4229649409758
0.014999999999999902,-998.4225784421072
0.016666666666666607,-998.4246692612882
0.018333333333333313,-998.4290138811008
0.020000000000000018,-998.4349370926782
0.021666666666666723,-998.4415308565095
0.023349999999999982,-998.447817283891
0.025016666666666687,-998.4529535278924
0.026683333333333392,-998.4563528552914
0.028350000000000097,-998.4577684656055
0.03001666666666658,-998.4572562381892
0.031683333333333286,-998.4551514491695
0.03334999999999999,-998.45196166935
0.035016666666666696,-998.4482689753399
0.0366833333333334,-998.444646130523
0.038350000000000106,-998.4416007057026
0.04001666666666659,-998.4395145431345
0.041683333333333294,-998.438639099914
0.04335,-998.4390721649113
0.045016666666666705,-998.4407392323207
0.04668333333333341,-998.4434167847239
0.04834999999999989,-998.4467509195426
0.0500166666666666,-998.4503271982309
0.0516833333333333,-998.4536939293396
0.05336666666666656,-998.4564553007747
0.05503333333333327,-998.4583039760861
0.05669999999999997,-998.4590816304362
0.05836666666666668,-998.4587789505994
0.06003333333333338,-998.4575216651231
0.06170000000000009,-998.455547261264
0.06336666666666657,-998.4531491056332
0.06503333333333328,-998.4506159082291
0.06669999999999998,-998.4482177525983
0.06836666666666669,-998.4461688429333
0.07003333333333339,-998.4446181908457
0.0717000000000001,-998.4436542719806
0.07336666666666658,-998.4433283090793
0.07503333333333329,-998.4436216756905
0.07669999999999999,-998.4444598660081
0.0783666666666667,-998.4456985250329
0.0800333333333334,-998.447109478734
0.08171666666666666,-998.4483481377588
0.08338333333333336,-998.4487765461433
0.08505000000000007,-998.4470396295409
0.08671666666666655,-998.4401059329697
0.08838333333333326,-998.4213304698567
0.09004999999999996,-998.3771671533478
0.09171666666666667,-998.2819161369847
0.09338333333333337,-998.090194071685
0.09505000000000008,-997.727085369512
0.09671666666666678,-997.0765798339046
0.09838333333333327,-995.9694840926535
0.10004999999999997,-994.1727952073202
0.10171666666666668,-991.3828414824711
0.10338333333333338,-987.2244861848766
0.10505000000000009,-981.2583732331443
0.10671666666666657,-972.9973696977819
0.10838333333333328,-961.933178343779
0.11006666666666676,-947.5735160278033
0.11173333333333324,-929.4891873977563
0.11339999999999995,-907.3671842493895
0.11506666666666665,-881.0642272611448
0.11673333333333336,-850.6534019720989
0.11840000000000006,-816.4574954735383
0.12006666666666677,-779.0639301664494
0.12173333333333325,-739.3179138839794
0.12339999999999995,-698.2923721421009
0.12506666666666666,-657.235901177505
0.12673333333333336,-617.5023506477021
0.12840000000000007,-580.4680150842611
0.13006666666666677,-547.443907962853
0.13173333333333326,-519.5912208965008
0.13339999999999996,-497.847930760052
0.13506666666666667,-482.87341393664167
0.13673333333333337,-475.01605957514425
0.13840000000000008,-474.30629398408644
0.14008333333333334,-480.47432232670224
0.14175000000000004,-492.988829730539
0.14341666666666675,-511.11045317310396
0.14508333333333323,-533.9531463263338
0.14674999999999994,-560.5466852712196
0.14841666666666664,-589.8950391401979
0.15008333333333335,-621.0270713181361
0.15175000000000005,-653.0374105335387
0.15341666666666676,-685.1168212877199
0.15508333333333346,-716.5721108748447
0.15674999999999994,-746.8365648513831
0.15841666666666665,-775.4720890780316
0.16008333333333336,-802.1646136428064
0.16175000000000006,-826.7142254983606
0.16341666666666677,-849.0215711523879
0.16508333333333325,-869.0719589912668
0.16674999999999995,-886.9183859261304
0.16841666666666666,-902.6648201526444
0.17009999999999992,-916.4505549317461
0.17176666666666662,-928.4365833403713
0.17343333333333333,-938.7942920153934
0.17510000000000003,-947.696669468515
0.17676666666666674,-955.3117635451778
0.17843333333333322,-961.7973076933051
0.18009999999999993,-967.2970329259043
0.18176666666666663,-971.9389215912386
0.18343333333333334,-975.8363575562073
0.18510000000000004,-979.0910645290702
0.18676666666666675,-981.7963563752344
0.18843333333333345,-984.038785558212
0.19009999999999994,-985.8981897057491
0.19176666666666664,-987.4465227999941
0.19343333333333335,-988.7463231518615
0.19510000000000005,-989.8494747420071
0.19676666666666676,-990.7968160653472
0.19843333333333324,-991.6186616716993
0.20011666666666672,-992.3362643422262
0.20178333333333343,-992.963840716036
0.2034499999999999,-993.5108250908138
0.2051166666666666,-993.9840487176479
0.20678333333333332,-994.3894580911796
0.20845000000000002,-994.7333116991135
0.21011666666666673,-995.0227341591486
0.21178333333333343,-995.2657162189789
0.21344999999999992,-995.4707282574245
0.21511666666666662,-995.6461102681449
0.21678333333333333,-995.7994199338366
0.21845000000000003,-995.9369157422041
0.22011666666666674,-996.0632263664451
0.22178333333333344,-996.1813273821871
0.22344999999999993,-996.2926716526471
0.22511666666666663,-996.3975525444362
0.22678333333333334,-996.49554164917
0.2284666666666666,-996.5859311616914
0.2301333333333333,-996.6681064091009
0.2318,-996.7418066210773
0.2334666666666667,-996.8072646282648
0.23513333333333342,-996.8651696093684
0.2367999999999999,-996.916583272124
0.2384666666666666,-996.9627815284593
0.2401333333333333,-997.0050868564309
0.24180000000000001,-997.0446773790962
0.24346666666666672,-997.0824937322561
0.24513333333333343,-997.11915058881
0.24680000000000013,-997.1549226889177
0.2484666666666666,-997.1898193458047
0.2501333333333333,-997.2236589515692
0.2518,-997.2561574528255
0.25346666666666673,-997.2870354528013
0.25515,-997.3160740906914
0.2568166666666667,-997.3431755776253
0.2584833333333334,-997.3683864797318
0.2601500000000001,-997.3918651218488
0.2618166666666666,-997.41384433462
0.2634833333333333,-997.4346081714307
0.26515,-997.4544127459891
0.2668166666666667,-997.4734582926488
0.2684833333333334,-997.4918845097963
0.2701499999999999,-997.5097565900114
0.2718166666666668,-997.5271117861975
0.2734833333333333,-997.5439826946445
0.27515,-997.5604019116425
0.2768166666666667,-997.5764439429978
0.2784833333333334,-997.5921646680647
0.2801500000000001,-997.6076246228105
0.2818166666666666,-997.6228517469125
0.2834833333333333,-997.6378274139194
0.28515,-997.6525004010892
0.2868166666666667,-997.6667868893904
0.2885,-997.6806030597913
0.2901666666666667,-997.6938790630986
0.2918333333333334,-997.7065590199579
0.2935000000000001,-997.7186336171435
0.2951666666666666,-997.7301354509453
0.2968333333333333,-997.741120400718
0.2985,-997.751686255332
0.3001666666666667,-997.7619261470446
0.3018333333333334,-997.7719425213393
0.3034999999999999,-997.7817959141832
0.3051666666666668,-997.7915375483183
0.3068333333333333,-997.8012093332602
0.3085,-997.8108298954604
0.3101666666666667,-997.8204178613705
0.3118333333333334,-997.8299825442164
0.3135000000000001,-997.8394960043205
0.3151666666666666,-997.848916332167
0.3168500000000001,-997.8581690219502
0.3185166666666668,-997.8671795678638
0.32018333333333326,-997.8758734641019
0.32184999999999997,-997.8841994879228
0.3235166666666667,-997.892143669488
0.3251833333333334,-997.8997060087974
0.3268500000000001,-997.9069330719798
0.32851666666666657,-997.9138714251638
0.3301833333333333,-997.9205955741558
0.33185,-997.9271707115356
0.3335166666666667,-997.9336666864965
0.3351833333333334,-997.9401254085545
0.3368500000000001,-997.946565504161
0.3385166666666668,-997.9529776600901
0.3401833333333333,-997.9593479065035
0.34185,-997.9656622735623
0.3435166666666667,-997.9719207612667
0.3451833333333334,-997.9781466526808
0.34686666666666666,-997.9843446044179
0.34853333333333336,-997.9905146164775
0.35020000000000007,-997.996619435957
0.35186666666666677,-998.0025985268888
0.35353333333333326,-998.0083866966927
0.35519999999999996,-998.0139187527885
0.35686666666666667,-998.0191527856603
0.35853333333333337,-998.0240887953081
0.3602000000000001,-998.028722125119
0.36186666666666656,-998.0330714015444
0.3635333333333335,-998.0371692208746
0.36519999999999997,-998.041038866174
0.3668666666666667,-998.0447129337325
0.3685333333333334,-998.0482286764534
0.3702000000000001,-998.0516233472393
0.3718666666666668,-998.0549388556066
0.3735333333333333,-998.0582497073609
0.37521666666666675,-998.0616350649211
0.37688333333333346,-998.065188060545
0.37854999999999994,-998.068997169877
0.38021666666666665,-998.07309964582
0.38188333333333335,-998.0774768619227
0.38355000000000006,-998.0820449991534
0.38521666666666676,-998.0866690157385
0.38688333333333325,-998.0911905868404
0.38854999999999995,-998.0954560442341
0.39021666666666666,-998.0993350027592
0.39188333333333336,-998.1027622698354
0.39355000000000007,-998.1057192190111
0.39521666666666655,-998.1082384465766
0.3968833333333335,-998.1103991149507
0.39854999999999996,-998.1123083262296
0.40021666666666667,-998.1140731825093
0.40188333333333337,-998.1158194123375
0.4035500000000001,-998.1176587744233
0.40523333333333333,-998.119684401024
0.40690000000000004,-998.1219428582684
0.40856666666666674,-998.1244713990598
0.41023333333333345,-998.1272513969462
0.41189999999999993,-998.1302409424121
0.41356666666666664,-998.13337949949
0.41523333333333334,-998.1365599660838
0.41690000000000005,-998.1396798967103
0.41856666666666675,-998.1426321892732
0.42023333333333324,-998.1453283681279
0.42189999999999994,-998.1477311803716
0.42356666666666665,-998.1498406260041
0.42523333333333335,-998.1517032711541
0.42690000000000006,-998.1533936216279
0.42856666666666676,-998.1550001530699
0.43023333333333347,-998.156597371286
0.43189999999999995,-998.1582504688567
0.43356666666666666,-998.1599734156206
0.43525000000000014,-998.161752241739
0.4369166666666666,-998.1635496943088
0.4385833333333333,-998.1653005807499
0.44025000000000003,-998.1669629915464
0.44191666666666674,-998.1685276134724
0.44358333333333344,-998.1700316994311
0.4452499999999999,-998.1715497552285
0.44691666666666663,-998.173170256509
0.44858333333333333,-998.1749583958532
0.45025000000000004,-998.1769374563252
0.45191666666666674,-998.1790794982478
0.4535833333333332,-998.1812960459764
0.45525000000000015,-998.1834846540278
0.45691666666666664,-998.1855242504671
0.45858333333333334,-998.1873030765854
0.46025000000000005,-998.1887605964154
0.46191666666666675,-998.1898688702797
0.4636,-998.1906511812427
0.4652666666666667,-998.1911727218848
0.4669333333333334,-998.1915312810762
0.4686000000000001,-998.1918246476873
0.4702666666666666,-998.1921366407499
0.4719333333333333,-998.1925557359087
0.4736,-998.1931378125181
0.4752666666666667,-998.1939480631584
0.47693333333333343,-998.1950190841197
0.4785999999999999,-998.1963788150792
0.4802666666666666,-998.1980179428114
0.4819333333333333,-998.1998805879615
0.48360000000000003,-998.2018736182721
0.48526666666666673,-998.2038806184213
0.4869333333333332,-998.2057898297002
0.48860000000000015,-998.2075034632383
0.49026666666666663,-998.208970296294
0.49193333333333333,-998.2101670458029
0.4936166666666668,-998.2111216514423
0.4952833333333333,-998.2118667095024
0.49695,-998.2124487861117
0.4986166666666667,-998.2129330738508
0.5002833333333332,-998.2133614822353
0.5019500000000001,-998.2137759207812
0.5036166666666666,-998.2141950159399
0.5052833333333333,-998.214642050776
0.50695,-998.2151170252893
0.5086166666666667,-998.2156385659313
0.5102833333333334,-998.2162439256051
0.5119499999999999,-998.216993640278
0.5136166666666668,-998.2179342760788
0.5152833333333333,-998.2191170557492
0.51695,-998.2205419792889
0.5186166666666667,-998.2221717937953
0.5202833333333332,-998.223936650075
0.5219500000000001,-998.2257108195805
0.5236333333333334,-998.227368573764
0.5252999999999999,-998.228788840691
0.5269666666666668,-998.229873831491
0.5286333333333333,-998.2305816366479
0.5303,-998.2309215693879
0.5319666666666667,-998.2309495090651
0.5336333333333334,-998.2307772143887
0.5353000000000001,-998.2305350705192
0.5369666666666666,-998.2303441493913
0.5386333333333335,-998.2303255229398
0.5403,-998.2305676668093
0.5419666666666667,-998.2311311169673
0.5436333333333334,-998.2320670961552
0.5452999999999999,-998.2333756043731
0.5469833333333334,-998.2350333585567
0.5486500000000001,-998.2369658529
0.5503166666666666,-998.2390473588551
0.5519833333333335,-998.2411242081976
0.55365,-998.2430427327022
0.5553166666666667,-998.2446492641441
0.5569833333333334,-998.2458506702659
0.5586499999999999,-998.2466050415517
0.5603166666666668,-998.2469449742915
0.5619833333333333,-998.2469496309045
0.56365,-998.2467587097766
0.5653166666666667,-998.2465258791328
0.5669833333333334,-998.2464001505851
0.5686500000000001,-998.2465072526813
0.5703166666666666,-998.2469216912272
0.5719833333333335,-998.2476527794486
0.57365,-998.2486679210555
0.5753166666666667,-998.2498832970159
0.5769833333333334,-998.2512290581368
0.5786499999999999,-998.2526353552252
0.5803166666666668,-998.2540649353779
0.5820000000000001,-998.2554945155306
0.5836666666666666,-998.2569287522961
0.5853333333333335,-998.2583629890617
0.587,-998.2597879126015
0.5886666666666667,-998.2611848964641
0.5903333333333334,-998.2625073745206
0.5920000000000001,-998.2637041240296
0.5936666666666668,-998.2647239222492
0.5953333333333333,-998.2655248596639
0.597,-998.2660976230475
0.5986666666666667,-998.2664561822388
0.6003333333333334,-998.2666424467538
0.6020000000000001,-998.2667029827212
0.6036666666666666,-998.2666936694955
0.6053333333333335,-998.2666657298182
0.607,-998.2666657298182
0.6086666666666667,-998.2667588620758
0.6103500000000002,-998.2670196323968
0.6120166666666667,-998.2675504862646
0.6136833333333334,-998.2684352427109
0.6153500000000001,-998.2697390943159
0.6170166666666665,-998.2714480712411
0.6186833333333335,-998.2734830110676
0.62035,-998.2756809323447
0.6220166666666667,-998.2778322874931
0.6236833333333334,-998.2797368421591
0.6253500000000001,-998.2812129884405
0.6270166666666668,-998.2821489676285
0.6286833333333333,-998.2825168400456
0.6303500000000002,-998.2823724850465
0.6320166666666667,-998.2818369745657
0.6336833333333334,-998.2811012297315
0.6353500000000001,-998.2803608282843
0.6370166666666666,-998.2798066913522
0.6386833333333335,-998.2795924871599
0.6403666666666668,-998.2797973781264
0.6420333333333332,-998.2804399907033
0.6437000000000002,-998.281492385213
0.6453666666666666,-998.282875399237
0.6470333333333333,-998.2845005571304
0.6487,-998.2862607567973
0.6503666666666665,-998.2880442395285
0.6520333333333335,-998.2897485598409
0.6537,-998.2912992119283
0.6553666666666667,-998.2926496296622
0.6570333333333334,-998.2937765299779
0.6587000000000001,-998.2946845694886
0.6603666666666668,-998.2953923746456
0.6620333333333333,-998.295937198352
0.6637000000000002,-998.2963469802851
0.6653666666666667,-998.2966682865734
0.6670333333333334,-998.2969337135073
0.6687000000000001,-998.2971618875382
0.6703833333333333,-998.2973621218919
0.67205,-998.297543729794
0.6737166666666667,-998.2977020546317
0.6753833333333332,-998.2978743493081
0.6770500000000002,-998.2980978667262
0.6787166666666666,-998.2984517693046
0.6803833333333333,-998.2990059062369
0.68205,-998.2998254701029
0.6837166666666668,-998.3009197741286
0.6853833333333335,-998.3022608786366
0.6870499999999999,-998.3037696212082
0.6887166666666669,-998.3053156166828
0.6903833333333333,-998.306763823287
0.69205,-998.3079791992474
0.6937166666666668,-998.308854642468
0.6953833333333332,-998.3093296169812
0.6970500000000002,-998.3093994661743
0.6987333333333334,-998.3091247260147
0.7003999999999999,-998.3086078419856
0.7020666666666668,-998.307997825699
0.7037333333333333,-998.307434375541
0.7054,-998.3070478766724
0.7070666666666667,-998.3069454311891
0.7087333333333332,-998.3071829184457
0.7104000000000001,-998.3078069045711
0.7120666666666666,-998.3088127329521
0.7137333333333333,-998.3101957469761
0.7154,-998.3118907540627
0.7170666666666667,-998.3138092785672
0.7187333333333334,-998.3158023088779
0.7203999999999999,-998.317697550318
0.7220666666666669,-998.3193366780501
0.7237333333333333,-998.320575337075
0.7254,-998.321357648038
0.7270666666666667,-998.3216929241651
0.72875,-998.321655671262
0.7304166666666667,-998.3213809311023
0.7320833333333334,-998.3210084020724
0.7337499999999999,-998.3206824391712
0.7354166666666668,-998.320500831269
0.7370833333333333,-998.3205054878819
0.73875,-998.3207010656226
0.7404166666666667,-998.3210363417496
0.7420833333333332,-998.321469406747
0.7437500000000001,-998.3219630077118
0.7454166666666666,-998.3225031748053
0.7470833333333333,-998.323108534479
0.74875,-998.323820996249
0.7504166666666667,-998.3246638431795
0.7520833333333334,-998.3256603583347
0.7537499999999999,-998.3267872586506
0.7554166666666668,-998.3279933213852
0.7570833333333333,-998.3291807576684
0.7587666666666666,-998.3302610918555
0.7604333333333335,-998.3311318784631
0.7621,-998.3317186116855
0.7637666666666667,-998.3319886952322
0.7654333333333334,-998.3319421291035
0.7670999999999999,-998.3316161662021
0.7687666666666668,-998.331099282173
0.7704333333333333,-998.3304846092735
0.7721,-998.3298745929868
0.7737666666666667,-998.3293483957319
0.7754333333333334,-998.3289944931535
0.7771000000000001,-998.3288734212186
0.7787666666666666,-998.3290457158951
0.7804333333333335,-998.3295532866985
0.7821,-998.3304147600803
0.7837666666666667,-998.3316021963635
0.7854333333333334,-998.3330457463549
0.7871166666666667,-998.334610368281
0.7887833333333334,-998.3361563637555
0.7904500000000001,-998.3375347211667
0.7921166666666666,-998.3386150553537
0.7937833333333335,-998.339313547285
0.79545,-998.3395929440575
0.7971166666666667,-998.3394858419614
0.7987833333333334,-998.3390714034155
0.8004499999999999,-998.3384800135802
0.8021166666666668,-998.3378699972936
0.8037833333333333,-998.3373996793932
0.80545,-998.337185475201
0.8071166666666667,-998.3372692942327
0.8087833333333334,-998.3376557931014
0.8104500000000001,-998.3382751226138
0.8121166666666666,-998.3390620901897
0.8137833333333335,-998.3399468466359
0.81545,-998.3408828258239
0.8171333333333333,-998.3418281182376
0.8188000000000002,-998.3427547841998
0.8204666666666667,-998.3436395406461
0.8221333333333334,-998.3444544478992
0.8238000000000001,-998.3451762228949
0.8254666666666666,-998.3457862391815
0.8271333333333335,-998.3462565570819
0.8288,-998.3465825199833
0.8304666666666667,-998.3467594712724
0.8321333333333334,-998.3467967241754
0.8337999999999999,-998.3467082485308
0.8354666666666668,-998.3465080141772
0.8371333333333333,-998.3462099909532
0.8388,-998.3458234920845
0.8404666666666667,-998.3453718006357
0.8421333333333334,-998.3448875128967
0.8438166666666667,-998.3444497912864
0.8454833333333334,-998.3441517680624
0.8471500000000001,-998.3441145151593
0.8488166666666668,-998.3444451346735
0.8504833333333333,-998.3451995059593
0.8521500000000002,-998.3463636591781
0.8538166666666667,-998.3478491186853
0.8554833333333334,-998.3495115294818
0.8571500000000001,-998.3511599704395
0.8588166666666666,-998.3526128336566
0.8604833333333335,-998.353721107521
0.86215,-998.3543730333236
0.8638166666666667,-998.3545453279999
0.8654833333333334,-998.3542705878402
0.8671500000000001,-998.3536559149408
0.8688166666666668,-998.3528503209133
0.8704833333333333,-998.3520214438215
0.8721500000000002,-998.3513089820516
0.8738166666666667,-998.3508246943126
0.8754833333333334,-998.3506244599589
0.8771666666666669,-998.3507222488294
0.8788333333333334,-998.3510994344722
0.8805000000000001,-998.3517234205975
0.8821666666666668,-998.3525476410764
0.8838333333333332,-998.3535069033287
0.8855000000000002,-998.3545453279999
0.8871666666666667,-998.3555744394453
0.8888333333333334,-998.356519731859
0.8905000000000001,-998.3573160126607
0.8921666666666666,-998.3579260289473
0.8938333333333335,-998.3583311542675
0.8955,-998.3585453584598
0.8971666666666667,-998.3585965812014
0.8988333333333334,-998.3585267320083
0.9005000000000001,-998.3583777203962
0.9021666666666668,-998.3581821426554
0.9038333333333333,-998.3579586252374
0.9055166666666667,-998.3577071681422
0.9071833333333335,-998.3574091449182
0.9088499999999999,-998.3570645555654
0.9105166666666669,-998.3566780566968
0.9121833333333333,-998.3563055276667
0.91385,-998.3560354441199
0.9155166666666668,-998.3559795647654
0.9171833333333332,-998.3562543049251
0.9188500000000002,-998.3569202005663
0.9205166666666666,-998.3579632818503
0.9221833333333334,-998.3592997297455
0.9238500000000001,-998.3607805326399
0.9255166666666668,-998.3622101127926
0.9271833333333335,-998.3633975490757
0.92885,-998.3641984864903
0.9305166666666667,-998.3645244493915
0.9321833333333334,-998.3643754377795
0.9338666666666666,-998.363835270686
0.9355333333333333,-998.3630436464972
0.9372,-998.3621588900509
0.9388666666666667,-998.3613393261849
0.9405333333333334,-998.3607106834467
0.9421999999999999,-998.3603521242553
0.9438666666666669,-998.3603055581266
0.9455333333333333,-998.3605849548991
0.9472,-998.3611670315084
0.9488666666666667,-998.3620191916647
0.9505333333333332,-998.3630715861744
0.9522000000000002,-998.3642357393933
0.9538666666666666,-998.365404549225
0.9555333333333333,-998.366447630509
0.9572,-998.367267194375
0.9588666666666668,-998.3677980482428
0.9605333333333335,-998.3680215656608
0.9621999999999999,-998.3679843127578
0.9638833333333334,-998.3677654519527
0.9655500000000001,-998.3674674287287
0.9672166666666666,-998.3671833753433
0.9688833333333335,-998.3669877976025
0.97055,-998.3668993219579
0.9722166666666667,-998.3668946653451
0.9738833333333334,-998.3669132917965
0.9755499999999999,-998.3668853521193
0.9772166666666668,-998.3667596235716
0.9788833333333333,-998.3665128230892
0.98055,-998.366186860188
0.9822166666666667,-998.365888836964
0.9838833333333332,-998.3657351687391
0.9855500000000001,-998.3658422708352
0.9872166666666666,-998.3662706792197
0.9888833333333333,-998.367006424054
0.99055,-998.3679749995321
0.9922166666666667,-998.3690413638806
0.9939,-998.3700658187131
0.9955666666666667,-998.3709040090306
0.9972333333333334,-998.3714581459627
0.9989,-998.3716537237035
1.0005666666666666,-998.371490742253
1.0022333333333333,-998.3710064545139
1.0039,-998.3703033059697
1.0055666666666667,-998.3695023685551
1.0072333333333334,-998.3687340274307
1.0089000000000001,-998.3681007280798
1.0105666666666666,-998.367681632921
1.0122333333333333,-998.3675186514703
1.0139,-998.3676397234051
1.0155666666666667,-998.3680588185639
1.0172333333333334,-998.3687573104951
1.0189000000000001,-998.3696839764573
1.0205666666666666,-998.3707689672573
1.0222333333333333,-998.371895867573
1.0239166666666668,-998.3729482620829
1.0255833333333333,-998.3738190486905
1.02725,-998.3744244083643
1.0289166666666667,-998.3747177749755
1.0305833333333334,-998.3746944919111
1.0322500000000001,-998.3743731856226
1.0339166666666668,-998.3738190486905
1.0355833333333333,-998.3731019303077
1.03725,-998.3723289325704
1.0389166666666667,-998.3716025009619
1.0405833333333334,-998.3710064545139
1.0422500000000001,-998.3706106424195
1.0439166666666668,-998.3704383477431
1.0455833333333333,-998.3704942270977
1.04725,-998.3707689672573
1.0489166666666667,-998.3712253153191
1.0505833333333334,-998.3718260183799
1.0522666666666667,-998.372533823537
1.0539333333333334,-998.3732975080485
1.0556,-998.3740705057858
1.0572666666666668,-998.3747969373943
1.0589333333333333,-998.3754255801325
1.0606,-998.3758958980329
1.0622666666666667,-998.3761752948054
1.0639333333333334,-998.3762311741599
1.0656,-998.3760728493221
1.0672666666666668,-998.3757282599694
1.0689333333333333,-998.3752532854561
1.0706,-998.374699148524
1.0722666666666667,-998.3741310417531
1.0739333333333334,-998.3735908746596
1.0756000000000001,-998.3731159001463
1.0772666666666668,-998.372720088052
1.0789333333333333,-998.3724267214408
1.0806166666666668,-998.3722637399902
1.0822833333333335,-998.3722777098288
1.08395,-998.3725198536983
1.0856166666666667,-998.3730274245017
1.0872833333333334,-998.3738097354648
1.08895,-998.3748155638458
1.0906166666666668,-998.3759564340003
1.0922833333333335,-998.3771112739934
1.09395,-998.3781496986645
1.0956166666666667,-998.378950636079
1.0972833333333334,-998.3794302672052
1.09895,-998.3795559957529
1.1006166666666668,-998.3793511047863
1.1022833333333333,-998.3788854434988
1.10395,-998.3782661139863
1.1056166666666667,-998.3775909051195
1.1072833333333334,-998.3769576057684
1.10895,-998.3764267519007
1.1106166666666668,-998.3760169699676
1.1123,-998.375742229808
1.1139666666666668,-998.3756118446476
1.1156333333333335,-998.3756351277119
1.1173,-998.3758307054526
1.1189666666666667,-998.3762078910955
1.1206333333333334,-998.3767527148019
1.1223,-998.3774279236688
1.1239666666666668,-998.3781543552774
1.1256333333333335,-998.3788575038216
1.1273,-998.3794442370438
1.1289666666666667,-998.3798447057511
1.1306333333333334,-998.3800216570404
1.1323,-998.3799704342987
1.1339666666666668,-998.3797189772034
1.1356333333333335,-998.3793185084962
1.1373,-998.3788342207572
1.1389833333333335,-998.3783080235023
1.1406500000000002,-998.3777725130216
1.1423166666666666,-998.3772463157667
1.1439833333333334,-998.376748058189
1.14565,-998.3763056799659
1.1473166666666668,-998.3759564340003
1.1489833333333335,-998.3757748260981
1.15065,-998.3758260488397
1.1523166666666667,-998.3761659815797
1.1539833333333334,-998.3768039375435
1.15565,-998.3777166336671
1.1573166666666668,-998.3788388773701
1.1589833333333335,-998.3800495967176
1.16065,-998.3812184065492
1.1623166666666667,-998.3822009518659
1.1639833333333334,-998.3828761607328
1.16565,-998.3831788405697
1.1673166666666668,-998.383095021538
1.1689833333333335,-998.3826852396049
1.1706666666666667,-998.382051940254
1.1723333333333334,-998.3813208520326
1.1740000000000002,-998.3805897638111
1.1756666666666666,-998.3799331813957
1.1773333333333333,-998.3793837010764
1.179,-998.378950636079
1.1806666666666668,-998.3786432996293
1.1823333333333335,-998.3784989446301
1.1840000000000002,-998.378545510759
1.1856666666666666,-998.3788109376928
1.1873333333333334,-998.3792998820447
1.189,-998.3799657776858
1.1906666666666668,-998.3807294621973
1.1923333333333335,-998.381493146709
1.194,-998.3821497291243
1.1956666666666667,-998.382610733799
1.1973333333333334,-998.3828249379912
1.1990166666666666,-998.3827830284754
1.2006833333333333,-998.3825129449286
1.20235,-998.3820752233183
1.2040166666666667,-998.3815443694506
1.2056833333333334,-998.3810042023571
1.2073500000000001,-998.3805245712309
1.2090166666666666,-998.3801427289751
1.2106833333333333,-998.3798726454283
1.21235,-998.3797003507519
1.2140166666666667,-998.3796165317202
1.2156833333333334,-998.3796025618816
1.2173500000000002,-998.3796770676876
1.2190166666666666,-998.3798633322026
1.2206833333333333,-998.3801799818781
1.22235,-998.380631673327
1.2240166666666668,-998.3811997800977
1.2256833333333335,-998.3818470492874
1.2273500000000002,-998.3825129449286
1.2290333333333334,-998.3831369310539
1.2307000000000001,-998.3836398452444
1.2323666666666668,-998.38395649492
1.2340333333333333,-998.3840356573388
1.2357,-998.3838680192753
1.2373666666666667,-998.383472207181
1.2390333333333334,-998.3829134136358
1.2407000000000001,-998.3822614878334
1.2423666666666666,-998.3815862789664
1.2440333333333333,-998.3809576362282
1.2457,-998.3804314389733
1.2473666666666667,-998.3800775363949
1.2490333333333334,-998.3799611210729
1.2507000000000001,-998.380147385588
1.2523666666666666,-998.3806596130042
1.2540333333333333,-998.3814978033218
1.2557,-998.3825781375089
1.2573666666666667,-998.3837935134693
1.25905,-998.384999576204
1.2607166666666667,-998.386042657488
1.2623833333333334,-998.3868063419995
1.2640500000000001,-998.387202154094
1.2657166666666668,-998.3872068107069
1.2673833333333333,-998.3868435949026
1.26905,-998.3861823558743
1.2707166666666667,-998.3853301957181
1.2723833333333334,-998.384403529756
1.2740500000000001,-998.3835001468582
1.2757166666666668,-998.3826992094437
1.2773833333333333,-998.3820286571896
1.27905,-998.3815024599347
1.2807166666666667,-998.3811345875175
1.2823833333333334,-998.3809483230025
1.2840500000000001,-998.3809762626797
1.2857166666666666,-998.3812510028395
1.2874,-998.3817725434815
1.2890666666666668,-998.3825036317029
1.2907333333333333,-998.3833790749234
1.2924,-998.3842964276598
1.2940666666666667,-998.3851625576547
1.2957333333333334,-998.3858750194246
1.2974,-998.3863686203894
1.2990666666666668,-998.3865967944201
1.3007333333333333,-998.3865502282914
1.3024,-998.3862382352288
1.3040666666666667,-998.3857166945868
1.3057333333333334,-998.3850601121713
1.3074000000000001,-998.3843476504014
1.3090666666666668,-998.3836677849217
1.3107333333333333,-998.3830717384736
1.3124,-998.3826014205732
1.3140666666666667,-998.382275457672
1.3157333333333334,-998.3821078196084
1.3174166666666667,-998.3821404158986
1.3190833333333334,-998.3824011862196
1.32075,-998.3829273834745
1.3224166666666668,-998.3837236642762
1.3240833333333335,-998.3847434624959
1.32575,-998.3859029591018
1.3274166666666667,-998.3870857387722
1.3290833333333334,-998.388133476669
1.33075,-998.3889157876321
1.3324166666666668,-998.3893162563394
1.3340833333333333,-998.3892696902105
1.33575,-998.3887760892458
1.3374166666666667,-998.3878913327995
1.3390833333333334,-998.3867271795807
1.34075,-998.3854326412014
1.3424166666666668,-998.3841474160478
1.3440833333333333,-998.3830251723449
1.34575,-998.38215904235
1.3474333333333335,-998.3816188752565
1.3491,-998.3814326107415
1.3507666666666667,-998.3815955921922
1.3524333333333334,-998.3820798799312
1.3541,-998.3828156247655
1.3557666666666668,-998.3837050378247
1.3574333333333335,-998.3846456736255
1.3591,-998.3855164602331
1.3607666666666667,-998.3862382352288
1.3624333333333334,-998.3867458060322
1.3641,-998.3870019197403
1.3657666666666668,-998.3870019197403
1.3674333333333335,-998.3867690890966
1.3691,-998.3863593071636
1.3707666666666667,-998.3858377665215
1.3724333333333334,-998.385297599428
1.3741,-998.3848039984632
1.3757833333333334,-998.3844081863689
1.37745,-998.3841241329834
1.3791166666666668,-998.3839378684685
1.3807833333333335,-998.3838214531465
1.38245,-998.3837702304049
1.3841166666666667,-998.3837981700822
1.3857833333333334,-998.3839471816942
1.38745,-998.3842824578212
1.3891166666666668,-998.3848459079791
1.3907833333333335,-998.3856654718452
1.39245,-998.3866992399035
1.3941166666666667,-998.387872706348
1.3957833333333334,-998.3890508294055
1.39745,-998.3900939106895
1.3991166666666668,-998.3908669084268
1.4007833333333335,-998.3912627205212
1.40245,-998.3912114977795
1.4041166666666667,-998.3907132402019
1.4058000000000002,-998.3898098573042
1.4074666666666666,-998.3885991379566
1.4091333333333333,-998.3872068107069
1.4108,-998.3857912003928
1.4124666666666668,-998.3845013186263
1.4141333333333335,-998.383472207181
1.4158000000000002,-998.3828109681526
1.4174666666666667,-998.3825967639604
1.4191333333333334,-998.3828575342814
1.4208,-998.383579309277
1.4224666666666668,-998.3846875831414
1.4241333333333335,-998.386042657488
1.4258000000000002,-998.3874815508665
1.4274666666666667,-998.388808685536
1.4291333333333334,-998.3898471102071
1.4308,-998.3904524698809
1.4324833333333333,-998.3905456021384
1.43415,-998.3901218503668
1.4358166666666667,-998.3892370939204
1.4374833333333334,-998.3880170613471
1.4391500000000002,-998.3866340473232
1.4408166666666666,-998.385260346525
1.4424833333333333,-998.384063597016
1.44415,-998.3831648707311
1.4458166666666667,-998.3826293602505
1.4474833333333335,-998.3824803486385
1.4491500000000002,-998.3826759263792
1.4508166666666666,-998.3831602141182
1.4524833333333333,-998.3838587060495
1.45415,-998.3847062095929
1.4558166666666668,-998.3856328755551
1.4574833333333335,-998.3865921378073
1.4591500000000002,-998.3875234603823
1.4608166666666667,-998.3883849337643
1.4624833333333334,-998.3891346484372
1.4641666666666668,-998.389740008111
1.4658333333333333,-998.3901730731084
1.4675,-998.390410560365
1.4691666666666667,-998.3904524698809
1.4708333333333334,-998.3902894884303
1.4725000000000001,-998.3899495556904
1.4741666666666668,-998.3894652679513
1.4758333333333333,-998.388883191342
1.4775,-998.388245235378
1.4791666666666667,-998.3875886529627
1.4808333333333334,-998.3869600102245
1.4825000000000002,-998.3864012166795
1.4841666666666666,-998.3859821215207
1.4858333333333333,-998.3857725739413
1.4875,-998.3858284532957
1.4891666666666667,-998.3861730426486
1.4908333333333335,-998.3867970287738
1.4925000000000002,-998.3876259058657
1.4941833333333334,-998.3885572284407
1.4958500000000001,-998.3894652679513
1.4975166666666668,-998.3902056693985
1.4991833333333333,-998.3906573608474
1.50085,-998.3907318666534
1.5025166666666667,-998.3904059037521
1.5041833333333334,-998.389702755208
1.5058500000000001,-998.3887062400527
1.5075166666666668,-998.3875467434467
1.5091833333333333,-998.3863639637765
1.51085,-998.385297599428
1.5125166666666667,-998.3844594091105
1.5141833333333334,-998.383919242017
1.5158500000000001,-998.3837143510505
1.5175166666666668,-998.3838540494366
1.5191833333333333,-998.3843103974984
1.52085,-998.3850228592684
1.5225333333333335,-998.3859076157147
1.5242,-998.3868715345799
1.5258666666666667,-998.3878168269935
1.5275333333333334,-998.3886550173111
1.5292000000000001,-998.3893255695651
1.5308666666666668,-998.3897819176269
1.5325333333333333,-998.3900147482706
1.5342,-998.390038031335
1.5358666666666667,-998.3898843631101
1.5375333333333334,-998.3896049663376
1.5392000000000001,-998.389251063759
1.5408666666666668,-998.388883191342
1.5425333333333333,-998.388543258602
1.5442,-998.3882545486038
1.5458666666666667,-998.3880077481214
1.5475333333333334,-998.3877749174776
1.5492000000000001,-998.3875234603823
1.5508666666666668,-998.387239406997
1.55255,-998.3869553536116
1.5542166666666668,-998.3867364928064
1.5558833333333335,-998.3866666436134
1.55755,-998.3868156552253
1.5592166666666667,-998.3872114673197
1.5608833333333334,-998.3878354534451
1.56255,-998.3886084511823
1.5642166666666668,-998.3894187018226
1.5658833333333335,-998.3901404768183
1.56755,-998.390671330686
1.5692166666666667,-998.3909088179427
1.5708833333333334,-998.3908063724595
1.5725500000000001,-998.3903546810105
1.5742166666666668,-998.389590996499
1.5758833333333333,-998.3886084511823
1.57755,-998.3875141471566
1.5792166666666667,-998.3864431261953
1.5808833333333334,-998.385521116846
1.5825666666666667,-998.3848459079791
1.5842333333333334,-998.384515288465
1.5859,-998.3845665112066
1.5875666666666668,-998.3850182026555
1.5892333333333335,-998.3858237966829
1.5909,-998.3868901610314
1.5925666666666667,-998.3880775973146
1.5942333333333334,-998.3892324373076
1.5959,-998.3902010127856
1.5975666666666668,-998.3908529385882
1.5992333333333335,-998.3910997390706
1.6009,-998.3909134745555
1.6025666666666667,-998.390336054559
1.6042333333333334,-998.3894559547256
1.6059,-998.3884221866673
1.6075666666666668,-998.3873837619961
1.6092333333333335,-998.3864990055498
1.6109,-998.3858610495859
1.6125833333333335,-998.3855024903945
1.6142500000000002,-998.3854000449113
1.6159166666666667,-998.3854745507173
1.6175833333333334,-998.3856515020066
1.61925,-998.3858657061988
1.6209166666666668,-998.3860938802296
1.6225833333333335,-998.3863499939378
1.62425,-998.3866573303876
1.6259166666666667,-998.3870438292562
1.6275833333333334,-998.3875327736081
1.62925,-998.3881101936047
1.6309166666666668,-998.3887481495685
1.6325833333333335,-998.3893814489196
1.63425,-998.3899355858517
1.6359166666666667,-998.3903267413333
1.6375833333333334,-998.3904897227839
1.63925,-998.390373307462
1.6409333333333334,-998.3899774953676
1.6426,-998.389330226178
1.6442666666666668,-998.3884827226346
1.6459333333333335,-998.3875141471566
1.6476000000000002,-998.3865129753884
1.6492666666666667,-998.3855863094262
1.6509333333333334,-998.3848552212048
1.6526,-998.3844361260461
1.6542666666666668,-998.3844454392719
1.6559333333333335,-998.3849343836238
1.6576000000000002,-998.3858843326503
1.6592666666666667,-998.3871928408682
1.6609333333333334,-998.3886876136012
1.6626,-998.3901358202054
1.6642666666666668,-998.3913139432628
1.6659333333333335,-998.3920357182585
1.6676,-998.3921940430962
1.6692833333333335,-998.3917796045504
1.6709500000000002,-998.3908715650397
1.6726166666666666,-998.3896375626277
1.6742833333333333,-998.388282488281
1.67595,-998.3870205461918
1.6776166666666668,-998.3860286876494
1.6792833333333335,-998.3854186713628
1.6809500000000002,-998.3852324068478
1.6826166666666666,-998.3854372978143
1.6842833333333334,-998.3859541818434
1.68595,-998.386680613452
1.6876166666666668,-998.3875141471566
1.6892833333333335,-998.3883709639257
1.6909500000000002,-998.3891765579531
1.6926166666666667,-998.3898843631101
1.6942833333333334,-998.3904617831066
1.69595,-998.390894848104
1.6976166666666668,-998.391192871328
1.6992833333333335,-998.3913558527787
1.7009666666666667,-998.3914024189074
1.7026333333333334,-998.3913511961658
1.7043000000000001,-998.391230124231
1.7059666666666669,-998.3910624861676
1.7076333333333333,-998.3908762216525
1.7093,-998.390671330686
1.7109666666666667,-998.3904431566551
1.7126333333333335,-998.3901451334311
1.7143000000000002,-998.3897446647238
1.7159666666666666,-998.3892044976303
1.7176333333333333,-998.388543258602
1.7193,-998.3878307968322
1.7209666666666668,-998.3871928408682
1.7226333333333335,-998.3867644324837
1.7243000000000002,-998.3866573303876
1.7259666666666666,-998.3869367271601
1.7276500000000001,-998.3875793397369
1.7293166666666668,-998.3885013490861
1.7309833333333333,-998.3895630568218
1.73265,-998.3905875116543
1.7343166666666667,-998.3914070755203
1.7359833333333334,-998.3918867066465
1.7376500000000001,-998.3919472426138
1.7393166666666668,-998.391570056971
1.7409833333333333,-998.3908203422981
1.74265,-998.3898005440784
1.7443166666666667,-998.3886503606982
1.7459833333333334,-998.3875141471566
1.7476500000000001,-998.3865129753884
1.7493166666666669,-998.3857399776512
1.7509833333333333,-998.3852743163636
1.75265,-998.3851625576547
1.7543166666666667,-998.3854140147499
1.7559833333333335,-998.3860147178108
1.7576500000000002,-998.3869181007086
1.7593333333333334,-998.3880403444115
1.7610000000000001,-998.3892650335977
1.7626666666666668,-998.3904617831066
1.7643333333333333,-998.3915141776165
1.766,-998.3923058018053
1.7676666666666667,-998.3927807763185
1.7693333333333334,-998.3928971916404
1.7710000000000001,-998.3926643609966
1.7726666666666668,-998.3921381637417
1.7743333333333333,-998.3914024189074
1.776,-998.3905595719771
1.7776666666666667,-998.3897260382723
1.7793333333333334,-998.3889856368252
1.7810000000000001,-998.3883895903772
1.7826666666666668,-998.3879425555411
1.7843333333333333,-998.387611936027
1.786,-998.3873697921575
1.7876833333333335,-998.3872114673197
1.78935,-998.3871695578039
1.7910166666666667,-998.3872906297386
1.7926833333333334,-998.3876212492528
1.7943500000000001,-998.3881893560235
1.7960166666666668,-998.3889576971479
1.7976833333333335,-998.3898424535943
1.79935,-998.3907178968147
1.8010166666666667,-998.3914303585847
1.8026833333333334,-998.3918587669692
1.8043500000000001,-998.3918960198722
1.8060166666666668,-998.3915048643908
1.8076833333333335,-998.3907132402019
1.80935,-998.3896049663376
1.8110166666666667,-998.3883104279583
1.8126833333333334,-998.3869879499017
1.8143500000000001,-998.3858051702314
1.8160166666666668,-998.3849064439465
1.8177,-998.384403529756
1.8193666666666668,-998.3843476504014
1.8210333333333335,-998.384738805883
1.8227,-998.3855304300718
1.8243666666666667,-998.386643360549
1.8260333333333334,-998.3879425555411
1.8277,-998.3892883166621
1.8293666666666668,-998.3905130058483
1.8310333333333335,-998.3914582982619
1.8327,-998.3920124351941
1.8343666666666667,-998.3921102240645
1.8360333333333334,-998.3917516648731
1.8377000000000001,-998.3910205766517
1.8393666666666668,-998.390038031335
1.8410333333333335,-998.3889623537608
1.8427,-998.3879518687669
1.8443666666666667,-998.3871416181266
1.8460333333333334,-998.3866107642589
1.8477166666666667,-998.386382590228
1.8493833333333334,-998.3864058732923
1.85105,-998.3865967944201
1.8527166666666668,-998.3868575647413
1.8543833333333335,-998.3871043652236
1.8560500000000002,-998.3873092561901
1.8577166666666667,-998.3874768942536
1.8593833333333334,-998.38764918893
1.86105,-998.387872706348
1.8627166666666668,-998.3881753861849
1.8643833333333335,-998.3885711982794
1.86605,-998.389027546341
1.8677166666666667,-998.3894885510157
1.8693833333333334,-998.3898936763359
1.87105,-998.3901684164955
1.8727166666666668,-998.3902522355272
1.8743833333333335,-998.3900939106895
1.8760666666666668,-998.3896794721436
1.8777333333333335,-998.3890322029539
1.8794000000000002,-998.3882126390879
1.8810666666666667,-998.3872906297386
1.8827333333333334,-998.3863639637765
1.8844,-998.3855350866846
1.8860666666666668,-998.3848971307208
1.8877333333333335,-998.3845432281422
1.8894000000000002,-998.3845571979808
1.8910666666666667,-998.3849809497525
1.8927333333333334,-998.3858098268443
1.8944,-998.3869832932888
1.8960666666666668,-998.3883709639257
1.8977333333333335,-998.3898052006913
1.8994000000000002,-998.3910904258448
1.9010666666666667,-998.3920496880971
1.9027333333333334,-998.3925339758362
1.9044,-998.3924780964817
1.9060833333333334,-998.3918773934207
1.90775,-998.3908343121367
1.9094166666666668,-998.38951183408
1.9110833333333335,-998.3881288200562
1.9127500000000002,-998.3868994742571
1.9144166666666667,-998.3859914347464
1.9160833333333334,-998.3854978337816
1.91775,-998.3854326412014
1.9194166666666668,-998.3857260078125
1.9210833333333335,-998.3862708315189
1.9227500000000002,-998.3869506969987
1.9244166666666667,-998.3876678153815
1.9260833333333334,-998.3883383676356
1.92775,-998.3889251008578
1.9294166666666668,-998.3894000753711
1.9310833333333335,-998.3897632911753
1.9327500000000002,-998.3900054350448
1.9344166666666667,-998.3901311635925
1.9361000000000002,-998.3901404768183
1.9377666666666669,-998.390038031335
1.9394333333333333,-998.3898284837557
1.9411,-998.3895211473058
1.9427666666666668,-998.3891393050501
1.9444333333333335,-998.3887062400527
1.9461000000000002,-998.3882498919909
1.9477666666666669,-998.3877888873162
1.9494333333333334,-998.3873185694158
1.9511,-998.3868435949026
1.9527666666666668,-998.3863639637765
1.9544333333333335,-998.3859262421662
1.9561000000000002,-998.3856002792648
1.9577666666666667,-998.3854885205559
1.9594333333333334,-998.3856747850709
1.9611,-998.3862102955516
1.9627666666666668,-998.3870764255463
1.96445,-998.3881940126364
1.9661166666666667,-998.3894140452097
1.9677833333333334,-998.3905595719771
1.9694500000000001,-998.3914582982619
1.9711166666666669,-998.3919565558396
1.9727833333333333,-998.3919518992267
1.97445,-998.3914257019718
1.9761166666666667,-998.3904524698809
1.9777833333333334,-998.3891625881145
1.9794500000000002,-998.3877376645746
1.9811166666666669,-998.3863686203894
1.9827833333333333,-998.3852184370091
1.98445,-998.384403529756
1.9861166666666668,-998.3839844345972
1.9877833333333335,-998.3839751213715
1.9894500000000002,-998.3843523070143
1.9911166666666669,-998.3850647687842
1.9927833333333334,-998.3860193744237
1.9944666666666668,-998.3871043652236
1.9961333333333335,-998.3882033258622
1.9978,-998.389181214566
1.9994666666666667,-998.3899309292389
2.001133333333333,-998.3903639942363
2.0028,-998.3904431566551
2.0044666666666666,-998.3901823863341
2.0061333333333335,-998.3896515324664
2.0078,-998.3889437273093
2.009466666666667,-998.3881893560235
2.01115,-998.387500177318
2.0128166666666667,-998.3869600102245
2.0144833333333336,-998.3865828245815
2.01615,-998.3863546505507
2.0178166666666666,-998.3862102955516
2.0194833333333335,-998.3860845670039
2.02115,-998.3859448686177
2.022816666666667,-998.3857958570056
2.0244833333333334,-998.3856934115224
2.02615,-998.385707381361
2.027816666666667,-998.3859122723276
2.0294833333333333,-998.3863453373249
2.0311500000000002,-998.3869832932888
2.0328166666666667,-998.3877656042519
2.0344833333333336,-998.3885758548922
2.03615,-998.3892836600493
2.0378166666666666,-998.3897726044012
2.0394833333333335,-998.3899402424646
2.04115,-998.3897353514981
2.042816666666667,-998.3891672447273
2.0444833333333334,-998.3883057713454
2.04615,-998.3872626900613
2.047816666666667,-998.3861776992615
2.0494833333333333,-998.3851904973319
2.0511500000000003,-998.3844081863689
2.0528166666666667,-998.3838866457268
2.0545,-998.3836724415346
2.056166666666667,-998.3837609171792
2.0578333333333334,-998.3841520726606
2.0595,-998.3847993418503
2.061166666666667,-998.3856561586194
2.0628333333333333,-998.3866340473232
2.0645000000000002,-998.3876352190914
2.0661666666666667,-998.3885386019891
2.0678333333333336,-998.3892231240818
2.0695,-998.3895956531119
2.0711666666666666,-998.3896049663376
2.0728333333333335,-998.3892743468234
2.0745,-998.3886876136012
2.076166666666667,-998.387984465057
2.0778333333333334,-998.3873045995772
2.0795,-998.3867690890966
2.081166666666667,-998.3864617526468
2.08285,-998.386382590228
2.0845166666666666,-998.3864803790983
2.0861833333333335,-998.3866526737747
2.08785,-998.3868109986124
2.089516666666667,-998.3868901610314
2.0911833333333334,-998.3868855044185
2.0928500000000003,-998.3868622213541
2.094516666666667,-998.3868901610314
2.0961833333333333,-998.3870531424819
2.09785,-998.3873930752219
2.0995166666666667,-998.3879006460253
2.1011833333333336,-998.3885199755376
2.102866666666667,-998.389143961663
2.1045333333333334,-998.3896468758535
2.1062000000000003,-998.389926272626
2.1078666666666668,-998.3899029895616
2.1095333333333333,-998.3895723700475
2.1112,-998.3889809802123
2.1128666666666667,-998.3882219523136
2.1145333333333336,-998.387388418609
2.1162,-998.3865735113558
2.1178666666666666,-998.3858284532957
2.1195333333333335,-998.385185840719
2.1212,-998.3846689566899
2.122866666666667,-998.3843243673371
2.1245333333333334,-998.384217265241
2.1262000000000003,-998.3844128429818
2.127866666666667,-998.384962323301
2.1295333333333333,-998.3858517363601
2.1312,-998.3870112329661
2.1328666666666667,-998.3882918015067
2.1345333333333336,-998.3895164906929
2.1362,-998.3905130058483
2.1378666666666666,-998.3911276787478
2.1395333333333335,-998.3912860035856
2.1412166666666668,-998.3909926369745
2.1428833333333333,-998.3903267413333
2.14455,-998.3894187018226
2.1462166666666667,-998.3884361565059
2.1478833333333336,-998.3875188037695
2.14955,-998.3867784023223
2.1512166666666666,-998.3862615182932
2.1528833333333335,-998.3859728082949
2.15455,-998.3858843326503
2.156216666666667,-998.3859541818434
2.1578833333333334,-998.3861637294228
2.1595500000000003,-998.3864850357112
2.161216666666667,-998.3868994742571
2.1628833333333333,-998.3873697921575
2.16455,-998.3878354534451
2.1662166666666667,-998.388245235378
2.1678833333333336,-998.3885479152149
2.16955,-998.3887108966655
2.1712333333333333,-998.3887108966655
2.1729000000000003,-998.388543258602
2.1745666666666668,-998.3882359221523
2.1762333333333332,-998.3878214836064
2.1779,-998.3873604789318
2.1795666666666667,-998.3868901610314
2.1812333333333336,-998.3864617526468
2.1829,-998.3860845670039
2.184566666666667,-998.3857632607155
2.1862333333333335,-998.3854792073301
2.1879,-998.3852277502349
2.189566666666667,-998.3850228592684
2.1912333333333334,-998.3849064439465
2.1929000000000003,-998.3849343836238
2.1945666666666668,-998.3851718708804
2.1962333333333333,-998.3856654718452
2.1979,-998.3864058732923
2.1995666666666667,-998.3873371958674
2.20125,-998.3883476808613
2.202916666666667,-998.3893022865008
2.2045833333333333,-998.3900426879479
2.2062500000000003,-998.3904431566551
2.2079166666666667,-998.3904338434294
2.2095833333333332,-998.3900194048836
2.21125,-998.3892743468234
2.2129166666666666,-998.3883150845712
2.2145833333333336,-998.3872952863514
2.21625,-998.386340680712
2.217916666666667,-998.3855490565232
2.2195833333333335,-998.3849762931396
2.22125,-998.3846363603997
2.222916666666667,-998.3845478847551
2.2245833333333334,-998.3847108662058
2.2262500000000003,-998.3851206481387
2.2279166666666668,-998.385744634264
2.2296,-998.3865455716785
2.231266666666667,-998.3874396413506
2.2329333333333334,-998.3883290544098
2.2346,-998.3891020521471
2.236266666666667,-998.3896748155307
2.2379333333333333,-998.3899728387547
2.2396000000000003,-998.3899681821418
2.2412666666666667,-998.3896794721436
2.2429333333333332,-998.3891579315016
2.2446,-998.3884873792475
2.2462666666666666,-998.3877562910261
2.2479333333333336,-998.3870531424819
2.2496,-998.3864338129696
2.251266666666667,-998.3859215855533
2.2529333333333335,-998.3855071470074
2.2546,-998.3851765274933
2.256266666666667,-998.3849204137852
2.25795,-998.3847620889474
2.2596166666666666,-998.3847527757216
2.2612833333333335,-998.3849483534624
2.26295,-998.3853814184598
2.264616666666667,-998.3860519707138
2.2662833333333334,-998.3868994742571
2.26795,-998.3878168269935
2.269616666666667,-998.3886643305368
2.2712833333333333,-998.3893162563394
2.2729500000000002,-998.3896701589179
2.2746166666666667,-998.3896841287565
2.2762833333333337,-998.3893767923067
2.27795,-998.3888133421489
2.2796166666666666,-998.3881101936047
2.2812833333333336,-998.3873744487704
2.28295,-998.386717866355
2.284616666666667,-998.386196325713
2.2862833333333334,-998.3858284532957
2.28795,-998.3856049358777
2.2896333333333336,-998.3854885205559
2.2913,-998.3854698941044
2.2929666666666666,-998.3855537131361
2.2946333333333335,-998.3857539474898
2.2963,-998.3860892236168
2.297966666666667,-998.3865502282914
2.2996333333333334,-998.387090395385
2.3013,-998.3876398757043
2.302966666666667,-998.3881055369918
2.3046333333333333,-998.3883895903772
2.3063000000000002,-998.388431499893
2.3079666666666667,-998.3882126390879
2.3096333333333336,-998.3877516344132
2.3113,-998.3871090218365
2.3129666666666666,-998.3863872468409
2.3146500000000003,-998.3856840982967
2.316316666666667,-998.3850787386228
2.3179833333333333,-998.3846270471739
2.31965,-998.3843523070143
2.3213166666666667,-998.3842405483053
2.3229833333333336,-998.3842871144341
2.32465,-998.3844733789491
2.3263166666666666,-998.3848086550761
2.3279833333333335,-998.385297599428
2.32965,-998.3859215855533
2.331316666666667,-998.3866713002262
2.3329833333333334,-998.3874862074794
2.33465,-998.3882964581196
2.336316666666667,-998.3890089198895
2.3379833333333333,-998.3895397737574
2.3396500000000002,-998.3898191705299
2.3413166666666667,-998.3898098573042
2.343,-998.3895071774672
2.34465,-998.3889530405351
2.3463166666666666,-998.3882126390879
2.3480000000000003,-998.3873697921575
2.349666666666667,-998.3865129753884
2.3513333333333333,-998.3857027247482
2.353,-998.3849949195911
2.3546666666666667,-998.3844174995946
2.3563333333333336,-998.3839984044358
2.358,-998.3837748870178
2.3596666666666666,-998.383802826695
2.3613333333333335,-998.3841287895963
2.363,-998.3847807153988
2.364666666666667,-998.3857399776512
2.3663333333333334,-998.3869227573215
2.3680000000000003,-998.3881940126364
2.369666666666667,-998.3893814489196
2.3713333333333333,-998.3903220847204
2.373,-998.3908669084268
2.3746666666666667,-998.390932101007
2.37635,-998.3905083492355
2.378016666666667,-998.3896608456921
2.3796833333333334,-998.3885292887634
2.3813500000000003,-998.3872813165128
2.383016666666667,-998.386079910391
2.3846833333333333,-998.3850601121713
2.38635,-998.3843103974984
2.3880166666666667,-998.3838540494366
2.3896833333333336,-998.3836864113732
2.39135,-998.3837795436307
2.3930166666666666,-998.3841055065319
2.3946833333333335,-998.384622390561
2.39635,-998.3852789729765
2.398016666666667,-998.3860100611979
2.3996833333333334,-998.3867271795807
2.4013500000000003,-998.3873278826416
2.403016666666667,-998.3877283513489
2.4046833333333333,-998.3878633931223
2.406366666666667,-998.3877143815102
2.4080333333333335,-998.3873045995772
2.4097,-998.3867038965163
2.411366666666667,-998.386005404585
2.4130333333333334,-998.3853208824924
2.4147000000000003,-998.384738805883
2.4163666666666668,-998.3843336805628
2.4180333333333333,-998.3841241329834
2.4197,-998.3841101631448
2.4213666666666667,-998.3842312350796
2.4230333333333336,-998.384440782659
2.4247,-998.3846922397543
2.426366666666667,-998.3849762931396
2.4280333333333335,-998.3853115692666
2.4297,-998.3857306644254
2.431366666666667,-998.386266174906
2.4330333333333334,-998.3869087874829
2.4347000000000003,-998.3876165926399
2.4363833333333336,-998.3883150845712
2.43805,-998.3889157876321
2.439716666666667,-998.3893209129523
2.4413833333333335,-998.3894699245642
2.44305,-998.3893348827909
2.444716666666667,-998.3889344140836
2.4463833333333334,-998.3883057713454
2.4480500000000003,-998.3875281169952
2.4497166666666668,-998.3866666436134
2.4513833333333332,-998.3857865437799
2.45305,-998.384925070398
2.4547166666666667,-998.3841148197577
2.4563833333333336,-998.3833977013749
2.45805,-998.382834251217
2.459716666666667,-998.3825036317029
2.4613833333333335,-998.3824896618643
2.46305,-998.3828389078299
2.4647333333333337,-998.3835560262127
2.4664,-998.3845665112066
2.4680666666666666,-998.3857260078125
2.4697333333333336,-998.3868529081284
2.4714,-998.3877469778004
2.473066666666667,-998.3882592052166
2.4747333333333335,-998.3882964581196
2.4764,-998.3878540798966
2.478066666666667,-998.3870112329661
2.4797333333333333,-998.3859262421662
2.4814000000000003,-998.384776058786
2.4830666666666668,-998.3837469473406
2.4847333333333332,-998.3829646363776
2.4864,-998.3825036317029
2.4880666666666666,-998.3823453068651
2.4897333333333336,-998.3824477523484
2.4914,-998.3827411189595
2.493066666666667,-998.3831648707311
2.4947500000000002,-998.3836910679861
2.4964166666666667,-998.3843057408856
2.4980833333333337,-998.384999576204
2.49975,-998.385744634264
2.5014166666666666,-998.3864850357112
2.5030833333333335,-998.3871555879653
2.50475,-998.3876724719944
2.506416666666667,-998.3879751518313
2.5080833333333334,-998.3880263745729
2.50975,-998.3878261402193
2.511416666666667,-998.387425671512
2.5130833333333333,-998.3868855044185
2.5147500000000003,-998.3862894579704
2.5164166666666667,-998.3856980681353
2.5180833333333337,-998.3851579010418
2.51975,-998.3846689566899
2.5214166666666666,-998.3842265784667
2.5231000000000003,-998.3838214531465
2.524766666666667,-998.3834675505681
2.5264333333333333,-998.3832347199243
2.5281000000000002,-998.3831928104084
2.5297666666666667,-998.3834209844392
2.5314333333333336,-998.3839611515328
2.5331,-998.3847900286246
2.5347666666666666,-998.3858098268443
2.5364333333333335,-998.3868622213541
2.5381,-998.3877656042519
2.539766666666667,-998.3883476808613
2.5414333333333334,-998.3884827226346
2.5431,-998.3881427898948
2.544766666666667,-998.3873744487704
2.5464333333333333,-998.3863080844219
2.5481000000000003,-998.3851066783001
2.5497666666666667,-998.38395649492
2.5514333333333337,-998.3829879194419
2.553116666666667,-998.3822847708977
2.5547833333333334,-998.3818656757389
2.5564500000000003,-998.381712007514
2.558116666666667,-998.3818004831587
2.5597833333333333,-998.3821124762213
2.5614500000000002,-998.3826386734762
2.5631166666666667,-998.3833604484719
2.5647833333333336,-998.3842405483053
2.56645,-998.3852044671705
2.5681166666666666,-998.3861544161971
2.5697833333333335,-998.3869879499017
2.57145,-998.3876072794142
2.573116666666667,-998.3879518687669
2.5747833333333334,-998.3879984348956
2.57645,-998.3877656042519
2.578116666666667,-998.3873092561901
2.5797833333333333,-998.3867085531292
2.5814500000000002,-998.3860612839395
2.5831333333333335,-998.3854605808787
2.5848,-998.384962323301
2.586466666666667,-998.3845851376581
2.5881333333333334,-998.3843103974984
2.5898000000000003,-998.3840961933062
2.591466666666667,-998.3839099287911
2.5931333333333333,-998.3837562605663
2.5948,-998.3836677849217
2.5964666666666667,-998.3837143510505
2.5981333333333336,-998.3839518383071
2.5998,-998.3844128429818
2.6014666666666666,-998.3850647687842
2.6031333333333335,-998.3858377665215
2.6048,-998.3866107642589
2.6064833333333333,-998.3872533768356
2.60815,-998.3876585021558
2.6098166666666667,-998.3877423211875
2.6114833333333336,-998.3874722376407
2.61315,-998.3868808478056
2.614816666666667,-998.3860286876494
2.6164833333333335,-998.3850135460426
2.61815,-998.3839425250814
2.619816666666667,-998.3829041004101
2.6214833333333334,-998.3819727778351
2.6231500000000003,-998.3812137499364
2.624816666666667,-998.3806875526815
2.6264833333333333,-998.3804500654248
2.62815,-998.3805618241339
2.6298166666666667,-998.3810507684858
2.6314833333333336,-998.381898272029
2.63315,-998.383020515732
2.6348166666666666,-998.3842731445955
2.6364833333333335,-998.3854698941044
2.63815,-998.3864291563567
2.639816666666667,-998.3870112329661
2.6415,-998.3871509313524
2.6431666666666667,-998.3868622213541
2.6448333333333336,-998.3862335786159
2.6465,-998.3854047015242
2.648166666666667,-998.3845478847551
2.6498333333333335,-998.3837981700822
2.6515,-998.3832580029887
2.653166666666667,-998.3829366967003
2.6548333333333334,-998.3827923417011
2.6565000000000003,-998.3827364623467
2.658166666666667,-998.3826992094437
2.6598333333333333,-998.382647986702
2.6615,-998.3826060771861
2.6631666666666667,-998.3826247036376
2.6648333333333336,-998.3827690586368
2.6665,-998.3830857083123
2.6681666666666666,-998.3835699960513
2.6698333333333335,-998.3841706991122
2.6715166666666668,-998.384813311689
2.6731833333333332,-998.3853907316856
2.67485,-998.3858051702314
2.6765166666666667,-998.3859728082949
2.6781833333333336,-998.385856392973
2.67985,-998.3854512676529
2.681516666666667,-998.3848179683018
2.6831833333333335,-998.3840310007259
2.68485,-998.3831788405697
2.686516666666667,-998.3823406502522
2.6881833333333334,-998.3815583392892
2.6898500000000003,-998.3808738171965
2.691516666666667,-998.3803289934901
2.6931833333333333,-998.3799704342987
2.69485,-998.3798773020412
2.6965166666666667,-998.380110132685
2.6981833333333336,-998.3807108357458
2.699866666666667,-998.3816561281595
2.7015333333333333,-998.3828528776685
2.7032000000000003,-998.384138102822
2.7048666666666668,-998.3853162258795
2.7065333333333337,-998.3861776992615
2.7082,-998.3865781679687
2.7098666666666666,-998.3864477828082
2.7115333333333336,-998.3858098268443
2.7132,-998.3847807153988
2.714866666666667,-998.3835280865354
2.7165333333333335,-998.3822521746076
2.7182,-998.3811206176789
2.719866666666667,-998.3802544876842
2.7215333333333334,-998.3797096639777
2.7232000000000003,-998.3794861465597
2.7248666666666668,-998.37955133914
2.7265333333333333,-998.3798679888155
2.7282,-998.3803941860704
2.7298833333333334,-998.3810926780017
2.73155,-998.3819168984805
2.733216666666667,-998.3828156247655
2.7348833333333333,-998.3837143510505
2.7365500000000003,-998.3845339149165
2.7382166666666667,-998.3851904973319
2.7398833333333337,-998.3856235623293
2.74155,-998.3858005136185
2.7432166666666666,-998.3857166945868
2.7448833333333336,-998.3854186713628
2.74655,-998.3849669799139
2.748216666666667,-998.3844268128204
2.7498833333333335,-998.3838633626624
2.75155,-998.3833138823431
2.753216666666667,-998.3827830284754
2.7548833333333334,-998.3822568312205
2.7565500000000003,-998.3817073509011
2.7582166666666668,-998.3811345875175
2.7599,-998.3805618241339
2.761566666666667,-998.380072879782
2.7632333333333334,-998.3797888263966
2.7649,-998.3798167660739
2.766566666666667,-998.3802312046197
2.7682333333333333,-998.3810274854214
2.7699000000000003,-998.3820938497698
2.7715666666666667,-998.3832673162144
2.7732333333333337,-998.3843290239499
2.7749,-998.3850927084615
2.7765666666666666,-998.3854279845885
2.7782333333333336,-998.3852789729765
2.7799,-998.3846829265285
2.781566666666667,-998.3837469473406
2.7832333333333334,-998.3826340168633
2.7849,-998.3815024599347
2.786566666666667,-998.3804873183278
2.7882333333333333,-998.3796910375262
2.7899166666666666,-998.3791648402713
2.7915833333333335,-998.3789226964018
2.79325,-998.3789599493048
2.794916666666667,-998.3792719423674
2.7965833333333334,-998.3798307359125
2.7982500000000003,-998.3806037336498
2.799916666666667,-998.3815443694506
2.8015833333333333,-998.3825595110574
2.8032500000000002,-998.3835234299225
2.8049166666666667,-998.3843150541113
2.8065833333333337,-998.3848226249147
2.80825,-998.3849856063654
2.8099166666666666,-998.3847946852375
2.8115833333333335,-998.3843150541113
2.81325,-998.3836351886315
2.814916666666667,-998.3828947871843
2.8165833333333334,-998.3822009518659
2.8182666666666667,-998.3816421583209
2.8199333333333336,-998.3812510028395
2.8216,-998.3809902325185
2.8232666666666666,-998.3807946547777
2.8249333333333335,-998.3805897638111
2.8266,-998.380333650103
2.828266666666667,-998.3800402834919
2.8299333333333334,-998.3797795131709
2.8316000000000003,-998.3796491280103
2.833266666666667,-998.3797422602678
2.8349333333333333,-998.380110132685
2.8366000000000002,-998.3807480886489
2.8382666666666667,-998.3815816223536
2.8399333333333336,-998.3824896618643
2.8416,-998.3833325087946
2.8432666666666666,-998.38395649492
2.8449333333333335,-998.3842591747568
2.846616666666667,-998.3841660424994
2.8482833333333333,-998.3836817547603
2.84995,-998.3828435644427
2.8516166666666667,-998.38175391703
2.8532833333333336,-998.3805292278438
2.85495,-998.3793045386576
2.8566166666666666,-998.3782102346319
2.8582833333333335,-998.3773441046371
2.85995,-998.3768085941564
2.861616666666667,-998.3766735523831
2.8632833333333334,-998.3769669189942
2.8649500000000003,-998.377684037377
2.866616666666667,-998.3787457451125
2.8682833333333333,-998.3800263136533
2.8699500000000002,-998.3813441350969
2.8716166666666667,-998.3825129449286
2.8732833333333336,-998.3833651050847
2.87495,-998.3837935134693
2.8766333333333334,-998.3837469473406
2.8783000000000003,-998.3832673162144
2.879966666666667,-998.3824430957354
2.8816333333333333,-998.3814279541286
2.8833,-998.3803895294575
2.8849666666666667,-998.3794814899468
2.8866333333333336,-998.3788202509186
2.8883,-998.3784384086628
2.889966666666667,-998.3783266499538
2.8916333333333335,-998.3784104689855
2.8933,-998.3786107033392
2.894966666666667,-998.3788668170473
2.8966333333333334,-998.3791508704327
2.8983000000000003,-998.3794814899468
2.899966666666667,-998.3798726454283
2.90165,-998.3803615897803
2.903316666666667,-998.3809343531639
2.9049833333333335,-998.3815490260635
2.90665,-998.3821357592857
2.908316666666667,-998.3826014205732
2.9099833333333334,-998.3828761607328
2.9116500000000003,-998.3828994437972
2.9133166666666668,-998.3826572999277
2.9149833333333333,-998.38215904235
2.91665,-998.3814372673544
2.9183166666666667,-998.3805525109082
2.9199833333333336,-998.3795653089786
2.92165,-998.3785315409202
2.923316666666667,-998.3775117427006
2.9249833333333335,-998.376561793674
2.92665,-998.3757748260981
2.928316666666667,-998.3752625986818
2.9299833333333334,-998.3751322135214
2.9316500000000003,-998.3754768028741
2.933316666666667,-998.3763243064174
2.9349833333333333,-998.377609531571
2.936666666666667,-998.3791834667228
2.9383333333333335,-998.3808319076807
2.94,-998.3823173671879
2.941666666666667,-998.3834442675037
2.9433333333333334,-998.3840729102418
2.9450000000000003,-998.3841427594349
2.9466666666666668,-998.383695724599
2.9483333333333337,-998.382834251217
2.95,-998.3817306339656
2.9516666666666667,-998.3805664807468
2.9533333333333336,-998.3795280560756
2.955,-998.3787364318868
2.956666666666667,-998.3782661139863
2.9583333333333335,-998.3781171023744
2.96,-998.3782474875348
2.961666666666667,-998.3786013901134
2.9633333333333334,-998.3791136175297
2.9650166666666666,-998.3797422602678
2.9666833333333336,-998.380445408812
2.96835,-998.3811718404205
2.970016666666667,-998.3818749889647
2.9716833333333335,-998.38249897509
2.97335,-998.3829925760548
2.975016666666667,-998.3833325087946
2.9766833333333333,-998.3834954902453
2.9783500000000003,-998.383472207181
2.9800166666666668,-998.3832766294402
2.9816833333333337,-998.3829180702487
2.98335,-998.3824244692839
2.9850166666666667,-998.3818237662231
2.9866833333333336,-998.3811392441304
2.98835,-998.3803895294575
2.990016666666667,-998.3795792788172
2.9916833333333335,-998.3787224620481
2.9933666666666667,-998.377870301892
2.9950333333333337,-998.377087990929
2.9967,-998.3764966010938
2.9983666666666666,-998.3762125477084
3.0000333333333336,-998.3763429328689
3.0017,-998.3769250094783
3.003366666666667,-998.3779215246336
3.0050333333333334,-998.3792207196258
3.0067,-998.3806409865527
3.008366666666667,-998.3819820910609
3.0100333333333333,-998.3830484554093
3.0117000000000003,-998.3836817547603
3.0133666666666667,-998.3837935134693
3.0150333333333337,-998.3833883881491
3.0167,-998.382536227993
3.0183666666666666,-998.3813860446128
3.0200333333333336,-998.3800915062335
3.0217,-998.3788295641443
3.023366666666667,-998.3777352601186
3.0250500000000002,-998.3769110396397
3.0267166666666667,-998.3764220952878
3.0283833333333336,-998.3763103365787
3.03005,-998.3765897333514
3.0317166666666666,-998.3772463157667
3.0333833333333335,-998.3782242044705
3.03505,-998.379434923818
3.036716666666667,-998.3807248055845
3.0383833333333334,-998.381935524932
3.0400500000000004,-998.3828994437972
3.041716666666667,-998.3834908336324
3.0433833333333333,-998.3836491584701
3.0450500000000003,-998.3833837315362
3.0467166666666667,-998.3827876850883
3.0483833333333337,-998.3819820910609
3.05005,-998.3811206176789
3.0517166666666666,-998.3803243368773
3.0534000000000003,-998.3796724110747
3.055066666666667,-998.3791974365614
3.0567333333333333,-998.3788807868859
3.0584000000000002,-998.3786619260808
3.0600666666666667,-998.378503601243
3.0617333333333336,-998.3783685594697
3.0634,-998.3782847404378
3.0650666666666666,-998.3783033668894
3.0667333333333335,-998.3784989446301
3.0684,-998.3789273530147
3.070066666666667,-998.3796025618816
3.0717333333333334,-998.3804686918763
3.0734000000000004,-998.3814186409029
3.075066666666667,-998.3823080539621
3.0767333333333333,-998.3829925760548
3.0784000000000002,-998.3833464786333
3.0800666666666667,-998.3833045691174
3.0817333333333337,-998.3828435644427
3.083416666666667,-998.3820240005767
3.0850833333333334,-998.3809343531639
3.0867500000000003,-998.3797096639777
3.088416666666667,-998.3784710049529
3.0900833333333333,-998.3773347914114
3.09175,-998.3764127820621
3.0934166666666667,-998.3757841393239
3.0950833333333336,-998.37551871239
3.09675,-998.375667724002
3.0984166666666666,-998.3762404873856
3.1000833333333335,-998.3772137194766
3.10175,-998.3784942880172
3.103416666666667,-998.3799424946214
3.1050833333333334,-998.3813813879999
3.1067500000000003,-998.3826247036376
3.108416666666667,-998.3835141166968
3.1100833333333333,-998.3839471816942
3.111766666666667,-998.383877332501
3.1134333333333335,-998.3833371654075
3.1151,-998.3824291258968
3.116766666666667,-998.3812975689682
3.1184333333333334,-998.3801194459107
3.1201000000000003,-998.3790391117237
3.121766666666667,-998.3781822949546
3.1234333333333333,-998.377609531571
3.1251,-998.3773254781856
3.1267666666666667,-998.3772835686697
3.1284333333333336,-998.3774092972174
3.1301,-998.3776374712482
3.131766666666667,-998.3779354944722
3.1334333333333335,-998.3782893970507
3.1351,-998.3787178054353
3.136766666666667,-998.3792207196258
3.1384333333333334,-998.3797934830095
3.1401000000000003,-998.3803895294575
3.1417833333333336,-998.3809483230025
3.14345,-998.3813953578385
3.145116666666667,-998.3816654413853
3.1467833333333335,-998.3817026942883
3.14845,-998.3814838334832
3.150116666666667,-998.3810181721957
3.1517833333333334,-998.380333650103
3.1534500000000003,-998.3795001163983
3.155116666666667,-998.3785874202748
3.1567833333333333,-998.3776747241512
3.15845,-998.3768365338337
3.1601166666666667,-998.3761287286767
3.1617833333333336,-998.3756211578733
3.16345,-998.3753790140038
3.165116666666667,-998.3754488631969
3.1667833333333335,-998.3758726149686
3.16845,-998.3766456127058
3.170116666666667,-998.3777073204413
3.1718,-998.3789413228533
3.1734666666666667,-998.3801986083296
3.1751333333333336,-998.3813208520326
3.1768,-998.3821543857372
3.178466666666667,-998.3826014205732
3.1801333333333335,-998.3826247036376
3.1818,-998.3822568312205
3.183466666666667,-998.3816002488051
3.1851333333333334,-998.3807760283262
3.1868000000000003,-998.37992386817
3.188466666666667,-998.3791508704327
3.1901333333333333,-998.3785268843073
3.1918,-998.3780891626972
3.1934666666666667,-998.3778283923762
3.1951333333333336,-998.3777119770542
3.1968,-998.3777306035057
3.1984833333333333,-998.3778889283435
3.2001500000000003,-998.3781962647932
3.2018166666666668,-998.3786805525323
3.2034833333333337,-998.3793231651091
3.20515,-998.3800682231691
3.2068166666666666,-998.3808272510678
3.2084833333333336,-998.3814838334832
3.21015,-998.3819401815449
3.211816666666667,-998.3821311026728
3.2134833333333335,-998.3820472836411
3.21515,-998.3817073509011
3.216816666666667,-998.3811764970334
3.2184833333333334,-998.380519914618
3.2201500000000003,-998.3798074528481
3.2218166666666668,-998.3790810212396
3.2234833333333337,-998.3783778726954
3.22515,-998.3777166336671
3.2268166666666667,-998.3771159306062
3.2284833333333336,-998.3765990465771
3.230166666666667,-998.3762218609342
3.2318333333333333,-998.3760355964191
3.2335000000000003,-998.3761147588381
3.2351666666666667,-998.3764826312552
3.2368333333333337,-998.3771392136706
3.2385,-998.3780146568911
3.2401666666666666,-998.3790018588206
3.2418333333333336,-998.3799657776858
3.2435,-998.3807853415519
3.245166666666667,-998.3813441350969
3.2468333333333335,-998.3815816223536
3.2485,-998.3814978033218
3.250166666666667,-998.381115961066
3.2518333333333334,-998.3805245712309
3.2535000000000003,-998.3798074528481
3.2551666666666668,-998.3790623947881
3.2568333333333337,-998.3783639028568
3.2585,-998.3777725130216
3.2601833333333334,-998.377306851734
3.2618500000000004,-998.3769855454457
3.263516666666667,-998.3768085941564
3.2651833333333333,-998.3768039375435
3.2668500000000003,-998.3769902020586
3.2685166666666667,-998.3773720443144
3.2701833333333337,-998.3779168680207
3.27185,-998.3785687938233
3.2735166666666666,-998.3792533159159
3.2751833333333336,-998.3798726454283
3.27685,-998.3803522765545
3.278516666666667,-998.3806270167141
3.2801833333333335,-998.3806596130042
3.2818500000000004,-998.3804407521991
3.283516666666667,-998.3799983739759
3.2851833333333333,-998.3793930143022
3.2868500000000003,-998.3787038355966
3.2885333333333335,-998.3780006870525
3.2902,-998.3773627310886
3.291866666666667,-998.3768132507693
3.2935333333333334,-998.3763708725462
3.2952000000000004,-998.376040253032
3.296866666666667,-998.3758307054526
3.2985333333333333,-998.3757748260981
3.3002000000000002,-998.3759191810973
3.3018666666666667,-998.3763103365787
3.3035333333333337,-998.3769669189942
3.3052,-998.3778563320534
3.3068666666666666,-998.378913383176
3.3085333333333335,-998.3800263136533
3.3102,-998.3810600817116
3.311866666666667,-998.3818796455776
3.3135333333333334,-998.3823825597681
3.3152000000000004,-998.3825129449286
3.316866666666667,-998.3822661444462
3.31855,-998.3817026942883
3.320216666666667,-998.3809110700995
3.3218833333333335,-998.3800030305888
3.32355,-998.3790810212396
3.325216666666667,-998.3782335176962
3.3268833333333334,-998.3775070860877
3.3285500000000003,-998.3769250094783
3.330216666666667,-998.3765105709324
3.3318833333333333,-998.3762870535144
3.3335500000000002,-998.3762730836758
3.3352166666666667,-998.3765012577066
3.3368833333333336,-998.3769669189942
3.33855,-998.3776374712482
3.3402166666666666,-998.3784430652756
3.3418833333333335,-998.3792952254319
3.34355,-998.3800915062335
3.345216666666667,-998.3807248055845
3.3469,-998.3811252742918
3.3485666666666667,-998.3812416896137
3.3502333333333336,-998.381078708163
3.3519,-998.3806735828429
3.353566666666667,-998.3800961628464
3.3552333333333335,-998.3794442370438
3.3569,-998.3787876546285
3.358566666666667,-998.3781916081804
3.3602333333333334,-998.3776933506027
3.3619000000000003,-998.3773115083469
3.363566666666667,-998.377046081413
3.3652333333333333,-998.3769156962526
3.3669000000000002,-998.3769296660912
3.3685666666666667,-998.3771066173805
3.3702333333333336,-998.3774465501203
3.3719,-998.3779354944722
3.373566666666667,-998.378545510759
3.3752333333333335,-998.3792253762387
3.376916666666667,-998.3799145549442
3.3785833333333337,-998.3805385410695
3.38025,-998.3810321420343
3.3819166666666667,-998.3813441350969
3.3835833333333336,-998.3814419239673
3.38525,-998.3813161954197
3.386916666666667,-998.3809762626797
3.3885833333333335,-998.380445408812
3.39025,-998.3797562301064
3.391916666666667,-998.3789646059176
3.3935833333333334,-998.3781031325358
3.3952500000000003,-998.3772323459281
3.396916666666667,-998.3764220952878
3.3985833333333333,-998.3757515430337
3.40025,-998.3753091648106
3.4019166666666667,-998.3751787796501
3.4035833333333336,-998.3754209235196
3.40525,-998.3760216265805
3.4069333333333334,-998.3769296660912
3.4086000000000003,-998.3780146568911
3.410266666666667,-998.3791369005941
3.4119333333333337,-998.3801241025236
3.4136,-998.3808365642935
3.4152666666666667,-998.3811718404205
3.4169333333333336,-998.3810926780017
3.4186,-998.3806223601013
3.420266666666667,-998.3798353925254
3.4219333333333335,-998.3788668170473
3.4236,-998.3778609886663
3.425266666666667,-998.3769669189942
3.4269333333333334,-998.3762870535144
3.4286000000000003,-998.37589124142
3.430266666666667,-998.3757981091625
3.4319333333333333,-998.3759843736775
3.4336,-998.3763988122234
3.4352833333333335,-998.3769948586714
3.43695,-998.3777073204413
3.438616666666667,-998.3784710049529
3.4402833333333334,-998.3792160630129
3.4419500000000003,-998.3798819586541
3.4436166666666668,-998.3804034992961
3.4452833333333337,-998.3807154923587
3.44695,-998.380780684939
3.4486166666666667,-998.3805711373597
3.4502833333333336,-998.3801054760721
3.45195,-998.3794256105923
3.453616666666667,-998.378615359952
3.4552833333333335,-998.3777771696344
3.45695,-998.3770227983487
3.458616666666667,-998.3764314085136
3.4602833333333334,-998.3760449096449
3.4619500000000003,-998.3758493319041
3.463616666666667,-998.3758120790011
3.4653,-998.3759052112587
3.466966666666667,-998.3761101022252
3.4686333333333335,-998.3764453783522
3.4703000000000004,-998.3769250094783
3.471966666666667,-998.3775583088293
3.4736333333333334,-998.3783266499538
3.4753000000000003,-998.3791834667228
3.4769666666666668,-998.3800402834919
3.4786333333333337,-998.3807993113905
3.4803,-998.3813534483227
3.4819666666666667,-998.3816188752565
3.4836333333333336,-998.3815629959021
3.4853,-998.381190466872
3.486966666666667,-998.3805385410695
3.4886333333333335,-998.3796770676876
3.4903166666666667,-998.3786991789838
3.4919833333333337,-998.3776933506027
3.49365,-998.3767434015762
3.4953166666666666,-998.3759145244844
3.4969833333333336,-998.3752625986818
3.49865,-998.3748388469102
3.500316666666667,-998.3746805220725
3.5019833333333334,-998.3748109072329
3.5036500000000004,-998.3752113759402
3.505316666666667,-998.3758353620655
3.5069833333333333,-998.3765990465771
3.5086500000000003,-998.3773953273787
3.5103166666666668,-998.378131072213
3.5119833333333337,-998.3787178054353
3.51365,-998.3790996476911
3.5153166666666666,-998.379248659303
3.5169833333333336,-998.3791648402713
3.51865,-998.3788901001117
3.520316666666667,-998.3784523785014
3.5219833333333335,-998.3779122114079
3.5236666666666667,-998.3773208215728
3.5253333333333337,-998.3767247751247
3.527,-998.3761613249668
3.5286666666666666,-998.3756490975505
3.5303333333333335,-998.3752160325531
3.532,-998.374885413039
3.533666666666667,-998.3746851786854
3.5353333333333334,-998.3746758654596
3.5370000000000004,-998.3749040394905
3.538666666666667,-998.3753976404553
3.5403333333333333,-998.3761473551282
3.5420000000000003,-998.3771019607676
3.5436666666666667,-998.3781822949546
3.5453333333333337,-998.3792719423674
3.547,-998.3802544876842
3.5486666666666666,-998.3810181721957
3.5503333333333336,-998.3814884900961
3.552,-998.3816142186437
3.5536833333333333,-998.3814046710643
3.5553500000000002,-998.3808971002609
3.5570166666666667,-998.3801660120395
3.5586833333333336,-998.379290568819
3.56035,-998.3783732160825
3.562016666666667,-998.3774931162491
3.5636833333333335,-998.3767247751247
3.56535,-998.3761426985153
3.567016666666667,-998.3758074223882
3.5686833333333334,-998.3757608562595
3.5703500000000004,-998.3760123133547
3.572016666666667,-998.3765338539968
3.5736833333333333,-998.3772556289924
3.5753500000000003,-998.3780705362457
3.5770166666666667,-998.3788714736602
3.5786833333333337,-998.3795420259142
3.58035,-998.379993717363
3.5820333333333334,-998.380184638491
3.5837000000000003,-998.3800868496206
3.585366666666667,-998.3797236338163
3.5870333333333333,-998.3791369005941
3.5887000000000002,-998.3783964991469
3.5903666666666667,-998.3775815918938
3.5920333333333336,-998.3767713412534
3.5937,-998.376040253032
3.595366666666667,-998.3754581764226
3.5970333333333335,-998.3750530511024
3.5987,-998.3748574733617
3.600366666666667,-998.3748900696519
3.6020333333333334,-998.3751415267471
3.6037000000000003,-998.3756211578733
3.605366666666667,-998.3762917101272
3.6070333333333333,-998.3771159306062
3.6087000000000002,-998.378019313504
3.6103666666666667,-998.3789320096275
3.6120333333333337,-998.3797608867193
3.613716666666667,-998.3804360955862
3.6153833333333334,-998.380892443648
3.6170500000000003,-998.3810973346145
3.618716666666667,-998.3810414552601
3.6203833333333333,-998.3807434320361
3.62205,-998.3802498310713
3.6237166666666667,-998.3796025618816
3.6253833333333336,-998.3788528472087
3.62705,-998.3780519097941
3.628716666666667,-998.3772416591538
3.6303833333333335,-998.3764733180294
3.63205,-998.3757981091625
3.633716666666667,-998.3752905383591
3.6353833333333334,-998.3750297680381
3.6370500000000003,-998.3750623643282
3.638716666666667,-998.3754302367454
3.6404,-998.3761101022252
3.642066666666667,-998.3770553946388
3.6437333333333335,-998.3781450420516
3.6454,-998.379248659303
3.647066666666667,-998.3802172347811
3.6487333333333334,-998.3809017568738
3.6504000000000003,-998.3812090933235
3.652066666666667,-998.3810880213888
3.6537333333333337,-998.3805618241339
3.6554,-998.3796910375262
3.6570666666666667,-998.3786013901134
3.6587333333333336,-998.3774186104431
3.6604,-998.3762684270629
3.662066666666667,-998.3752532854561
3.6637333333333335,-998.3744476914287
3.6654,-998.3739028677223
3.667066666666667,-998.3736560672398
3.6687333333333334,-998.3737398862717
3.6704166666666667,-998.3741682946562
3.6720833333333336,-998.374922665942
3.67375,-998.3759331509359
3.675416666666667,-998.3771019607676
3.6770833333333335,-998.3783033668894
3.67875,-998.3794069841408
3.680416666666667,-998.3802917405872
3.6820833333333334,-998.3808831304223
3.6837500000000003,-998.3811439007433
3.685416666666667,-998.3810647383244
3.6870833333333337,-998.3806968659072
3.68875,-998.3801008194592
3.6904166666666667,-998.3793604180121
3.6920833333333336,-998.3785641372104
3.69375,-998.3777911394731
3.695416666666667,-998.377087990929
3.6970833333333335,-998.3764966010938
3.69875,-998.3760495662577
3.7004333333333337,-998.3757655128724
3.7021,-998.3756630673892
3.7037666666666667,-998.3757701694852
3.7054333333333336,-998.3760961323865
3.7071,-998.3766316428672
3.708766666666667,-998.3773347914114
3.7104333333333335,-998.3781264156001
3.7121000000000004,-998.3789226964018
3.713766666666667,-998.3796118751073
3.7154333333333334,-998.3801054760721
3.7171000000000003,-998.3803383067159
3.7187666666666668,-998.3802731141357
3.7204333333333337,-998.3799098983313
3.7221,-998.3792719423674
3.7237666666666667,-998.378429095437
3.7254333333333336,-998.3774651765718
3.7271,-998.3764919444809
3.728766666666667,-998.3755885615831
3.7304500000000003,-998.3748341902973
3.7321166666666667,-998.374284709978
3.7337833333333337,-998.3739820301412
3.73545,-998.3739727169154
3.7371166666666666,-998.3742893665909
3.7387833333333336,-998.3749412923935
3.74045,-998.3758865848072
3.742116666666667,-998.3770414248002
3.7437833333333335,-998.3782707705992
3.7454500000000004,-998.3794023275279
3.747116666666667,-998.3802870839743
3.7487833333333334,-998.3807993113905
3.7504500000000003,-998.3808831304223
3.7521166666666668,-998.3805385410695
3.7537833333333337,-998.3798447057511
3.75545,-998.3789040699503
3.7571166666666667,-998.3778609886663
3.7587833333333336,-998.3768598168981
3.760466666666667,-998.3760216265805
3.7621333333333333,-998.3754488631969
3.7638000000000003,-998.3751741230373
3.7654666666666667,-998.375183436263
3.7671333333333337,-998.3754209235196
3.7688,-998.3758074223882
3.7704666666666666,-998.3762544572243
3.7721333333333336,-998.3767061486732
3.7738,-998.377125243832
3.775466666666667,-998.3775117427006
3.7771333333333335,-998.377870301892
3.7788000000000004,-998.3782288610834
3.780466666666667,-998.378615359952
3.7821333333333333,-998.379025141885
3.7838000000000003,-998.379434923818
3.7854666666666668,-998.3797934830095
3.78715,-998.3800123438147
3.788816666666667,-998.3800216570404
3.7904833333333334,-998.3797701999451
3.7921500000000004,-998.3792346894644
3.793816666666667,-998.3784477218885
3.7954833333333333,-998.377460519959
3.7971500000000002,-998.3763522460947
3.7988166666666667,-998.3752346590046
3.8004833333333337,-998.3742241740107
3.80215,-998.3734558328863
3.803816666666667,-998.3730646774047
3.8054833333333336,-998.3731484964364
3.80715,-998.3737491994974
3.808816666666667,-998.37480625062
3.8104833333333334,-998.3761939212569
3.8121500000000004,-998.3777073204413
3.813816666666667,-998.3791182741426
3.8154833333333333,-998.3802079215553
3.817166666666667,-998.380817937842
3.8188333333333335,-998.3808598473579
3.8205,-998.3803429633288
3.822166666666667,-998.3793604180121
3.8238333333333334,-998.3780751928585
3.8255000000000003,-998.3766782089959
3.827166666666667,-998.375365044165
3.8288333333333333,-998.3743033364295
3.8305000000000002,-998.3736095011111
3.8321666666666667,-998.3733347609515
3.8338333333333336,-998.3734930857893
3.8355,-998.3740379094957
3.837166666666667,-998.3748993828776
3.8388333333333335,-998.375965747226
3.8405,-998.3771112739934
3.842166666666667,-998.3782195478576
3.8438333333333334,-998.379174153497
3.8455000000000004,-998.3799098983313
3.847166666666667,-998.3803848728446
3.84885,-998.3805897638111
3.850516666666667,-998.3805618241339
3.8521833333333335,-998.3803289934901
3.85385,-998.3799378380086
3.855516666666667,-998.3794256105923
3.8571833333333334,-998.3788295641443
3.8588500000000003,-998.3781916081804
3.860516666666667,-998.3775443389907
3.8621833333333333,-998.3769250094783
3.8638500000000002,-998.3763662159333
3.8655166666666667,-998.3758772715814
3.8671833333333336,-998.3754768028741
3.86885,-998.3751880928759
3.870516666666667,-998.3750483944896
3.8721833333333335,-998.3750949606183
3.87385,-998.375365044165
3.875516666666667,-998.3758679583557
3.8772,-998.376561793674
3.8788666666666667,-998.3773627310886
3.8805333333333336,-998.3781636685031
3.8822,-998.3788528472087
3.883866666666667,-998.3793231651091
3.8855333333333335,-998.3794954597854
3.8872,-998.3793185084962
3.888866666666667,-998.3787969678542
3.8905333333333334,-998.3779587775366
3.8922000000000003,-998.3768877565753
3.893866666666667,-998.3757003202921
3.8955333333333337,-998.3745268538476
3.8972,-998.3734977424022
3.8988666666666667,-998.3727387145035
3.9005333333333336,-998.3723196193447
3.9022,-998.3722963362803
3.903866666666667,-998.3726642086974
3.9055333333333335,-998.3733813270802
3.907216666666667,-998.3743685290098
3.9088833333333337,-998.37551871239
3.91055,-998.3766921788346
3.9122166666666667,-998.377758543183
3.9138833333333336,-998.378615359952
3.91555,-998.3791927799485
3.917216666666667,-998.3794908031725
3.9188833333333335,-998.3795420259142
3.92055,-998.3794023275279
3.922216666666667,-998.3791462138198
3.9238833333333334,-998.3788342207572
3.9255500000000003,-998.3785129144687
3.927216666666667,-998.3782195478576
3.9288833333333337,-998.3779541209237
3.93055,-998.3777026638285
3.9322166666666667,-998.3774325802817
3.9338833333333336,-998.3771159306062
3.935566666666667,-998.3767620280277
3.9372333333333334,-998.3763941556106
3.9389000000000003,-998.3760868191607
3.9405666666666668,-998.3759098678715
3.9422333333333337,-998.3759378075488
3.9439,-998.3762125477084
3.9455666666666667,-998.3767247751247
3.9472333333333336,-998.377423267056
3.9489,-998.3782148912447
3.950566666666667,-998.3789832323691
3.9522333333333335,-998.3795979052687
3.9539,-998.3799424946214
3.955566666666667,-998.3799471512343
3.9572333333333334,-998.3795746222044
3.9589000000000003,-998.3788528472087
3.960566666666667,-998.3778423622148
3.9622333333333337,-998.3766502693187
3.9639,-998.375406953681
3.9655833333333335,-998.3742334872364
3.9672500000000004,-998.3732742249841
3.968916666666667,-998.372640925633
3.9705833333333334,-998.3724220648279
3.9722500000000003,-998.3726735219232
3.9739166666666668,-998.3733813270802
3.9755833333333337,-998.374475631106
3.97725,-998.3758353620655
3.9789166666666667,-998.377269598831
3.9805833333333336,-998.3785827636619
3.98225,-998.3795699655915
3.983916666666667,-998.3800775363949
3.9855833333333335,-998.3800263136533
3.9872500000000004,-998.3794256105923
3.988916666666667,-998.3783778726954
3.9905833333333334,-998.3770600512516
3.9922500000000003,-998.3756863504535
3.9939166666666672,-998.3744663178802
3.9956000000000005,-998.3735629349824
3.9972666666666674,-998.3730693340176
3.9989333333333335,-998.3730041414374
