min,µS/cm
0.0,-994.0614881897632
0.0016666666666667052,-994.0613252083125
0.0033333333333334103,-994.0604590783178
0.004999999999999893,-994.0583403194595
0.006666666666666599,-994.0546941915782
0.008333333333333304,-994.0498792538651
0.010000000000000009,-994.0449153045402
0.011666666666666714,-994.0411574179499
0.01333333333333342,-994.0398209700546
0.014999999999999902,-994.0416137660116
0.016683333333333383,-994.0465358058208
0.01835000000000009,-994.0539491335181
0.02001666666666657,-994.062764101691
0.021683333333333277,-994.0717746476046
0.023349999999999982,-994.0799609730393
0.025016666666666687,-994.086689778644
0.026683333333333392,-994.0917608300651
0.028350000000000097,-994.0953371087533
0.03001666666666658,-994.0977538908355
0.031683333333333286,-994.0993697355033
0.03334999999999999,-994.1004081601744
0.035016666666666696,-994.1009483272679
0.0366833333333334,-994.1008924479135
0.038350000000000106,-994.099714324856
0.04001666666666659,-994.094606020532
0.041683333333333294,-994.0735627869486
0.04335,-993.9965517232179
0.045016666666666705,-993.7555347540209
0.046699999999999964,-993.1064541419532
0.04836666666666667,-991.5761095432454
0.050033333333333374,-988.3651514483454
0.05170000000000008,-982.290162230977
0.05336666666666656,-971.8172722364857
0.05503333333333327,-955.228666288419
0.05669999999999997,-930.9275033562107
0.05836666666666668,-897.8410441884031
0.06003333333333338,-855.8395788333563
0.06170000000000009,-806.0662871254917
0.06336666666666657,-751.0766064520351
0.06503333333333328,-694.718449700027
0.06669999999999998,-641.7386469625582
0.06836666666666669,-597.1665450358607
0.07003333333333339,-565.582327808059
0.0717000000000001,-550.4119165942128
0.07336666666666658,-553.3879951356854
0.07503333333333329,-574.2812671578868
0.07671666666666677,-610.946361259998
0.07838333333333325,-659.6629930006634
0.08004999999999995,-715.6988609189629
0.08171666666666666,-773.9849997563218
0.08338333333333336,-829.784037000399
0.08505000000000007,-879.2444415759502
0.08671666666666678,-919.7664451411769
0.08838333333333326,-950.1457079081543
0.09004999999999996,-970.5015229855205
0.09171666666666667,-982.0307656107614
0.09338333333333337,-986.6506238405829
0.09505000000000008,-986.602614161839
0.09671666666666656,-984.0838243179413
0.09838333333333327,-980.9561637141537
0.10004999999999997,-978.5628323343409
0.10171666666666668,-977.6601991512161
0.10338333333333338,-978.4535462867718
0.10506666666666664,-980.7106717399837
0.10673333333333335,-983.9195390157026
0.10840000000000005,-987.4554402136501
0.11006666666666676,-990.7282986635008
0.11173333333333324,-993.2898129305289
0.11339999999999995,-994.8910125507466
0.11506666666666665,-995.4909984932705
0.11673333333333336,-995.2258230164767
0.11840000000000006,-994.3514508168919
0.12006666666666677,-993.1762800520175
0.12175000000000002,-991.9974259063589
0.12341666666666673,-991.0513465251081
0.12508333333333344,-990.4847159006096
0.12674999999999992,-990.3467125214388
0.12841666666666662,-990.5998320274986
0.13008333333333333,-991.1437290679402
0.13175000000000003,-991.8452990203375
0.13341666666666674,-992.5685455056692
0.13508333333333322,-993.1990182926874
0.13674999999999993,-993.6596364684681
0.13841666666666663,-993.9168631070837
0.14008333333333334,-993.9779904642971
0.14175000000000004,-993.8818919443906
0.14341666666666675,-993.6860580899222
0.14508333333333345,-993.4529899589032
0.14674999999999994,-993.2384225508378
0.14841666666666664,-993.0830826019323
0.15008333333333335,-993.0086513017344
0.15175000000000005,-993.0178667386145
0.15341666666666676,-993.0978440647469
0.15508333333333324,-993.2254911368832
0.15674999999999994,-993.3735853961546
0.15841666666666665,-993.5164130262641
0.16008333333333336,-993.6339738749126
0.16175000000000006,-993.7143842660423
0.16343333333333332,-993.7544031970922
0.16510000000000002,-993.7583054386816
0.16676666666666673,-993.7356836133337
0.16843333333333343,-993.6987101071043
0.17009999999999992,-993.6595060833075
0.17176666666666662,-993.6280180670451
0.17343333333333333,-993.6107094369878
0.17510000000000003,-993.6101227037656
0.17676666666666674,-993.6252799786745
0.17843333333333344,-993.6525537602848
0.18009999999999993,-993.6868729971753
0.18176666666666663,-993.7228732713139
0.18343333333333334,-993.7558793433736
0.18510000000000004,-993.7825477653101
0.18676666666666675,-993.8011742168112
0.18843333333333323,-993.8116422825547
0.19009999999999994,-993.8151719951142
0.19176666666666664,-993.8138495170576
0.1934499999999999,-993.8101335399831
0.1951166666666666,-993.8064035930701
0.1967833333333333,-993.8045642309843
0.19845000000000002,-993.8058028900092
0.20011666666666672,-993.8105060690132
0.20178333333333343,-993.8183384918693
0.20345000000000013,-993.8284014322927
0.2051166666666666,-993.8395260804517
0.20678333333333332,-993.8505203434502
0.20845000000000002,-993.8604249590358
0.21011666666666673,-993.8686904468893
0.21178333333333343,-993.875200391689
0.2134666666666667,-993.8801876240783
0.2151333333333334,-993.8840991788935
0.2168000000000001,-993.8873867475835
0.2184666666666666,-993.8904135459524
0.2201333333333333,-993.893375151741
0.2218,-993.8963367575296
0.2234666666666667,-993.8992797368668
0.2251333333333334,-993.9021901199138
0.2267999999999999,-993.9050911897351
0.2284666666666666,-993.9080248558465
0.2301333333333333,-993.9110423409898
0.2318,-993.9141715848418
0.2334666666666667,-993.9173753345001
0.23513333333333342,-993.9205790841582
0.23680000000000012,-993.923685044946
0.2384666666666666,-993.9266140544445
0.2401333333333333,-993.9293567994281
0.24180000000000001,-993.9319877857025
0.24346666666666672,-993.9346280852028
0.24513333333333343,-993.9373754867992
0.2467999999999999,-993.9402393037175
0.2484666666666666,-993.9431124338615
0.2501333333333333,-993.9457992994905
0.2518166666666666,-993.9480763831865
0.2534833333333333,-993.9497713902731
0.25515,-993.9508470678473
0.2568166666666667,-993.9514058613923
0.2584833333333334,-993.9516666317134
0.2601499999999999,-993.9518901491314
0.2618166666666668,-993.9522999310644
0.2634833333333333,-993.9530356758987
0.26515,-993.9541206666986
0.2668166666666667,-993.9555036807226
0.2684833333333334,-993.9570869291001
0.2701500000000001,-993.9588005626382
0.2718166666666666,-993.9606306114982
0.2734833333333333,-993.9625957021316
0.27515,-993.9647144609897
0.2768166666666667,-993.9669682616214
0.2784833333333334,-993.9692546585432
0.2801499999999999,-993.971424640143
0.2818333333333334,-993.9733059117447
0.2835000000000001,-993.9747401485103
0.28516666666666657,-993.9756668144723
0.2868333333333333,-993.9761324757599
0.2885,-993.9763187402749
0.2901666666666667,-993.9764817217256
0.2918333333333334,-993.9768682205942
0.2935000000000001,-993.9776645013959
0.2951666666666668,-993.9789124736465
0.2968333333333333,-993.9805376315398
0.2985,-993.9823723370127
0.3001666666666667,-993.9842303255499
0.3018333333333334,-993.9859812119911
0.3035000000000001,-993.9875784302072
0.3051666666666666,-993.9890406066501
0.3068333333333333,-993.9904282772869
0.3085,-993.9917600685692
0.3101666666666667,-993.9930173540455
0.31184999999999996,-993.9941442543613
0.31351666666666667,-993.9950476372592
0.31518333333333337,-993.9956762799973
0.3168500000000001,-993.9960348391887
0.31851666666666656,-993.996207133865
0.3201833333333335,-993.9963514888642
0.32184999999999997,-993.9966308856367
0.3235166666666667,-993.9971710527302
0.3251833333333334,-993.9980092430478
0.3268500000000001,-993.9990942338477
0.3285166666666668,-994.0002863267438
0.3301833333333333,-994.0014271968982
0.33185,-994.0023818025377
0.3335166666666667,-994.0030942643076
0.3351833333333334,-994.0035785520466
0.3368500000000001,-994.0039045149479
0.3385166666666666,-994.0041559720431
0.3401833333333333,-994.0044074291384
0.34186666666666676,-994.0046914825238
0.34353333333333325,-994.0049848491349
0.34519999999999995,-994.0052549326817
0.34686666666666666,-994.0054784500996
0.34853333333333336,-994.005687997679
0.35020000000000007,-994.0059580812258
0.35186666666666655,-994.0063864896103
0.3535333333333335,-994.0070477286387
0.35519999999999996,-994.0079464549236
0.35686666666666667,-994.0090081626591
0.35853333333333337,-994.010093153459
0.3602000000000001,-994.0110244760341
0.3618666666666668,-994.0116764018367
0.36353333333333326,-994.0120023647379
0.36519999999999997,-994.0120954969955
0.3668666666666667,-994.012114123447
0.3685333333333334,-994.0122398519945
0.37021666666666664,-994.0126077244117
0.37188333333333334,-994.0132549936013
0.37355000000000005,-994.014125780209
0.37521666666666675,-994.0151176387515
0.37688333333333324,-994.016142093584
0.37854999999999994,-994.0171572351908
0.38021666666666665,-994.0182003164749
0.38188333333333335,-994.0193039337263
0.38355000000000006,-994.0204774001709
0.38521666666666676,-994.0216601798412
0.38688333333333347,-994.0227218875767
0.38854999999999995,-994.0234855720882
0.39021666666666666,-994.023755655635
0.39188333333333336,-994.0234064096694
0.39355000000000007,-994.0224285209656
0.39521666666666677,-994.0209849709743
0.39688333333333325,-994.0193784395323
0.39856666666666674,-994.017972142444
0.40023333333333344,-994.0170920426106
0.4018999999999999,-994.0169337177728
0.40356666666666663,-994.017525107608
0.40523333333333333,-994.0187358269555
0.40690000000000004,-994.0203563282361
0.40856666666666674,-994.0221724072575
0.4102333333333332,-994.0240117693431
0.41190000000000015,-994.0257719690101
0.41356666666666664,-994.0274110967421
0.41523333333333334,-994.0288732731849
0.41690000000000005,-994.0300886491453
0.41856666666666675,-994.0309687489788
0.42023333333333346,-994.0313925007505
0.42189999999999994,-994.0312807420414
0.42356666666666665,-994.0306427860776
0.42523333333333335,-994.0295857349548
0.4269166666666666,-994.0283377627043
0.4285833333333333,-994.0271642962597
0.43025,-994.0263307625551
0.4319166666666667,-994.0260094562667
0.43358333333333343,-994.026260913362
0.4352499999999999,-994.0270152846477
0.4369166666666666,-994.0281328717377
0.4385833333333333,-994.0294646630201
0.44025000000000003,-994.0309035563986
0.44191666666666674,-994.0324262688088
0.4435833333333332,-994.0340421134764
0.44525000000000015,-994.0357324639501
0.44691666666666663,-994.0374274710367
0.44858333333333333,-994.0389594966728
0.45025000000000004,-994.0401376197301
0.45191666666666674,-994.0407476360168
0.45358333333333345,-994.0406777868237
0.45524999999999993,-994.0399234155379
0.45691666666666664,-994.0386428469972
0.4586000000000001,-994.0371061647484
0.4602666666666666,-994.0356439883055
0.4619333333333333,-994.0345589975057
0.4636,-994.034060739928
0.4652666666666667,-994.0342190647657
0.4669333333333334,-994.0349687794386
0.4685999999999999,-994.0361608723347
0.4702666666666666,-994.0376370186161
0.4719333333333333,-994.0392714897354
0.4736,-994.0409944364992
0.4752666666666667,-994.042754636166
0.47693333333333343,-994.0444915527685
0.47860000000000014,-994.0460748011461
0.4802666666666666,-994.0473693395254
0.4819333333333333,-994.0482308129074
0.48360000000000003,-994.048580058873
0.48526666666666673,-994.0484450170995
0.48693333333333344,-994.0479607293605
0.4886166666666667,-994.0473367432353
0.4902833333333334,-994.046787262916
0.49195,-994.0464706132404
0.4936166666666667,-994.046451986789
0.4952833333333333,-994.0466941306585
0.49695,-994.0470620030757
0.4986166666666667,-994.047383309364
0.5002833333333333,-994.0475136945246
0.50195,-994.047420562267
0.5036166666666667,-994.0471923882361
0.5052833333333333,-994.0470154369469
0.50695,-994.0470806295272
0.5086166666666667,-994.0475276643632
0.5102833333333333,-994.0483658546807
0.51195,-994.0494927549965
0.5136166666666667,-994.0507407272471
0.5152833333333333,-994.0519654164333
0.5169666666666667,-994.0530876601362
0.5186333333333334,-994.0541353980332
0.5203,-994.0551645094786
0.5219666666666667,-994.0562355304398
0.5236333333333334,-994.0573391476913
0.5253,-994.0583868855882
0.5269666666666667,-994.0592390457444
0.5286333333333334,-994.0597373033221
0.5303,-994.0597652429993
0.5319666666666667,-994.0593088949375
0.5336333333333334,-994.0584753612329
0.5353,-994.0574648762389
0.5369666666666667,-994.0565382102768
0.5386333333333334,-994.0559142241515
0.5403,-994.0557139897978
0.5419666666666667,-994.0559561336673
0.5436333333333334,-994.0565521801154
0.5453,-994.0573577741428
0.5469833333333334,-994.0582797834921
0.54865,-994.0592762986474
0.5503166666666667,-994.0603892291246
0.5519833333333334,-994.0616558278267
0.55365,-994.0630574683021
0.5553166666666667,-994.0644917050677
0.5569833333333334,-994.0657815868341
0.55865,-994.0667129094091
0.5603166666666667,-994.0671087215036
0.5619833333333334,-994.0668805474727
0.56365,-994.0660749534453
0.5653166666666667,-994.0648688907106
0.5669833333333334,-994.0635417560411
0.56865,-994.0623869160481
0.5703166666666667,-994.061646514601
0.5719833333333334,-994.0614416236344
0.57365,-994.0617489600842
0.5753166666666667,-994.0624567652412
0.5770000000000001,-994.0634206841064
0.5786666666666667,-994.0645243013578
0.5803333333333334,-994.0657257074796
0.5820000000000001,-994.0669969627945
0.5836666666666667,-994.0683008143997
0.5853333333333334,-994.0695301601987
0.5870000000000001,-994.070526675354
0.5886666666666667,-994.0711040953505
0.5903333333333334,-994.0711180651891
0.5920000000000001,-994.0705080489025
0.5936666666666667,-994.069367178748
0.5953333333333334,-994.0679329419825
0.597,-994.0665266448941
0.5986666666666667,-994.0654695937715
0.6003333333333334,-994.0649899626453
0.602,-994.0651808837732
0.6036666666666667,-994.0659864778006
0.60535,-994.0672111669868
0.6070166666666666,-994.0686128074623
0.6086833333333334,-994.0699539119704
0.6103500000000001,-994.071085468899
0.6120166666666667,-994.0719329724424
0.6136833333333334,-994.0725010792131
0.6153500000000001,-994.0728316987272
0.6170166666666667,-994.072952770662
0.6186833333333334,-994.0728689516302
0.6203500000000001,-994.0725523019547
0.6220166666666667,-994.0719935084097
0.6236833333333334,-994.0712437937368
0.6253500000000001,-994.0704195732578
0.6270166666666667,-994.0696884850364
0.6286833333333334,-994.069222823749
0.6303500000000001,-994.06914366133
0.6320166666666667,-994.0694603110056
0.6336833333333334,-994.0700982669695
0.6353666666666667,-994.0708945477711
0.6370333333333333,-994.0716675455085
0.6387,-994.072282218408
0.6403666666666668,-994.072692000341
0.6420333333333333,-994.0729434574363
0.6437,-994.0731343785642
0.6453666666666666,-994.073367209208
0.6470333333333333,-994.0737071419478
0.6487,-994.0741355503324
0.6503666666666666,-994.0745779285554
0.6520333333333334,-994.0749597708112
0.6537000000000001,-994.0752438241966
0.6553666666666667,-994.0754719982275
0.6570333333333334,-994.0757607082257
0.6587000000000001,-994.076198429836
0.6603666666666667,-994.0768131027356
0.6620333333333334,-994.0775348777313
0.6637166666666667,-994.0782007733724
0.6653833333333333,-994.0786198685312
0.66705,-994.078624525144
0.6687166666666667,-994.0781495506308
0.6703833333333333,-994.0772415111201
0.67205,-994.0760773579013
0.6737166666666667,-994.0748899216181
0.6753833333333333,-994.0739120329143
0.67705,-994.073288046789
0.6787166666666667,-994.073064529371
0.6803833333333333,-994.0731530050157
0.68205,-994.0733998054981
0.6837166666666668,-994.0736559192062
0.6853833333333333,-994.0738375271083
0.68705,-994.0739911953332
0.6887166666666668,-994.0742379958156
0.6903833333333333,-994.0747129703288
0.69205,-994.0754626850018
0.6937333333333333,-994.0764359170927
0.6954,-994.0774510586995
0.6970666666666667,-994.0782659659527
0.6987333333333333,-994.078661778047
0.7004,-994.0785034532094
0.7020666666666667,-994.0778235877295
0.7037333333333333,-994.0767898196713
0.7054,-994.0756442929039
0.7070666666666667,-994.0746244946843
0.7087333333333333,-994.0738980630757
0.7104,-994.0735348472714
0.7120666666666667,-994.0734975943684
0.7137333333333333,-994.0736978287221
0.7154,-994.0740377614619
0.7170833333333334,-994.0744754830722
0.71875,-994.0750296200043
0.7204166666666667,-994.0757560516129
0.7220833333333334,-994.0766734043493
0.72375,-994.0777164856333
0.7254166666666667,-994.0787316272401
0.7270833333333334,-994.0794906551389
0.72875,-994.0797747085243
0.7304166666666667,-994.0794627154615
0.7320833333333334,-994.0785686457896
0.73375,-994.0772554809587
0.7354166666666667,-994.0757653648386
0.7370833333333334,-994.0743637243633
0.73875,-994.0732461372731
0.7404166666666667,-994.0725290188904
0.7420833333333333,-994.0721983993762
0.74375,-994.0721751163119
0.7454166666666667,-994.0723427543753
0.7470833333333333,-994.0726174945349
0.74875,-994.0729807103393
0.7504166666666667,-994.0734463716268
0.7521,-994.0740470746877
0.7537666666666667,-994.0747641930705
0.7554333333333334,-994.0755325341948
0.7571,-994.0762170562875
0.7587666666666667,-994.076650121285
0.7604333333333334,-994.0767013440266
0.7621,-994.0763195017709
0.7637666666666667,-994.0755837569366
0.7654333333333334,-994.0746757174259
0.7671,-994.0738282138825
0.7687666666666667,-994.0732228542088
0.7704333333333334,-994.0729760537264
0.7721,-994.073064529371
0.7737666666666667,-994.0733718658208
0.7754333333333334,-994.0737397382379
0.7771166666666667,-994.0740284482362
0.7787666666666667,-994.0741681466225
0.7804500000000001,-994.0741960862997
0.7821166666666667,-994.074186773074
0.7837833333333334,-994.0742053995255
0.7854500000000001,-994.0742705921057
0.7871166666666667,-994.074331128073
0.7887833333333334,-994.0743031883958
0.79045,-994.0741169238809
0.7921166666666667,-994.0737490514637
0.7937833333333334,-994.0732787335633
0.79545,-994.0728456685658
0.7971166666666667,-994.0726081813092
0.7987833333333334,-994.0726966569539
0.80045,-994.0731343785642
0.8021333333333334,-994.0738514969469
0.8037833333333334,-994.0746850306516
0.80545,-994.0754347453245
0.8071333333333334,-994.0759423161279
0.8087833333333334,-994.0761518637073
0.81045,-994.0761146108043
0.8121333333333334,-994.075974912418
0.8138000000000001,-994.0758724669348
0.8154666666666667,-994.0759097198378
0.8171333333333334,-994.0761192674172
0.8188000000000001,-994.0764359170927
0.8204666666666667,-994.0767432535424
0.8221333333333334,-994.0769341746703
0.8238000000000001,-994.076948144509
0.8254666666666667,-994.0768270725742
0.8271333333333334,-994.0766640911236
0.8288000000000001,-994.0765895853176
0.8304666666666667,-994.0766873741879
0.8321333333333334,-994.0769574577347
0.8338,-994.077320673539
0.8354666666666667,-994.0776140401501
0.8371333333333334,-994.0777071724076
0.8388,-994.0775302211184
0.8404833333333334,-994.0771297524111
0.8421500000000001,-994.0766408080592
0.8438166666666667,-994.0762403393519
0.8454833333333334,-994.0760727012885
0.8471500000000001,-994.0761891166103
0.8488166666666667,-994.0765709588661
0.8504833333333334,-994.0771111259596
0.8521500000000001,-994.0776838893432
0.8538166666666667,-994.0782240564367
0.8554833333333334,-994.0787595669175
0.8571500000000001,-994.0793928662684
0.8588166666666667,-994.0802450264247
0.8604833333333334,-994.0813812399662
0.8621500000000001,-994.0827549407644
0.8638166666666667,-994.0842124605944
0.8654833333333334,-994.0855116555865
0.8671500000000001,-994.0864243517101
0.8688166666666667,-994.0867735976757
0.8705,-994.0865221405804
0.8721666666666668,-994.0857770825204
0.8738333333333334,-994.0847526276879
0.8755000000000001,-994.083704889791
0.8771666666666668,-994.0828620428605
0.8788333333333334,-994.0823498154442
0.8805000000000001,-994.0821775207679
0.8821666666666667,-994.0822706530254
0.8838333333333334,-994.0825221101206
0.8855000000000001,-994.0828713560862
0.8871666666666667,-994.0832951078579
0.8888333333333334,-994.0838166484999
0.8905000000000001,-994.0844639176896
0.8921666666666667,-994.085195005911
0.8938333333333334,-994.0859354073582
0.8955000000000001,-994.0865267971933
0.8971666666666667,-994.0868155071917
0.89885,-994.0866711521925
0.9005166666666667,-994.0860751057445
0.9021833333333333,-994.0851111868793
0.90385,-994.0839935997892
0.9055166666666667,-994.0829644883438
0.9071833333333333,-994.0822427133481
0.90885,-994.0819446901241
0.9105166666666668,-994.0820517922202
0.9121833333333333,-994.0824615741533
0.91385,-994.0830110544725
0.9155166666666668,-994.0835745046304
0.9171833333333334,-994.0840913886595
0.9188500000000001,-994.0845756763986
0.9205166666666668,-994.0850599641376
0.9221833333333334,-994.0855768481669
0.9238500000000001,-994.0860844189702
0.9255166666666668,-994.0864988575161
0.9271833333333334,-994.0866990918697
0.9288500000000001,-994.0865687067093
0.9305333333333333,-994.0860611359059
0.9322,-994.085232258814
0.9338666666666667,-994.0842404002716
0.9355333333333333,-994.083290451245
0.9372,-994.0825966159266
0.9388666666666667,-994.0823032493155
0.9405333333333333,-994.0824476043147
0.9422,-994.0829831147953
0.9438666666666667,-994.0837793955969
0.9455333333333333,-994.0847060615591
0.9472,-994.0856746370372
0.9488666666666667,-994.0866432125152
0.9505333333333333,-994.0875931615418
0.9522,-994.0885151708911
0.9538666666666668,-994.0893533612086
0.9555333333333333,-994.0900239134627
0.9572,-994.0904476652343
0.9588833333333334,-994.0905547673304
0.96055,-994.0903545329768
0.9622166666666667,-994.0899400944309
0.9638833333333334,-994.0894558066918
0.96555,-994.0890599945975
0.9672166666666667,-994.0888644168567
0.9688833333333334,-994.0889156395983
0.97055,-994.0891624400807
0.9722166666666667,-994.0894790897563
0.9738833333333334,-994.0897072637871
0.97555,-994.0897072637871
0.9772166666666667,-994.0894325236275
0.9788833333333333,-994.0889528925013
0.98055,-994.0884313518593
0.9822166666666667,-994.0880634794422
0.9838833333333333,-994.0879889736361
0.98555,-994.0882404307314
0.9872333333333334,-994.0887293750833
0.9889,-994.0892928252413
0.9905666666666667,-994.089786426206
0.9922333333333334,-994.0901310155588
0.9939,-994.0903778160412
0.9955666666666667,-994.0906339297493
0.9972333333333334,-994.0910343984566
0.9989,-994.0916630411947
1.0005666666666666,-994.0925012315123
1.0022333333333333,-994.0934372107002
1.0039,-994.0942800576306
1.0055666666666667,-994.0948295379499
1.0072333333333334,-994.0949412966589
1.0089000000000001,-994.0945827374675
1.0105666666666666,-994.093893558762
1.0122333333333333,-994.0930926213474
1.0139,-994.0924267257063
1.0155833333333333,-994.0920681665149
1.01725,-994.0920728231278
1.0189166666666667,-994.0923755029646
1.0205833333333334,-994.0928411642521
1.02225,-994.0933254519912
1.0239166666666668,-994.0937585169886
1.0255833333333333,-994.0941450158573
1.02725,-994.0945734242417
1.0289166666666667,-994.0951182479482
1.0305833333333334,-994.0957981134279
1.0322500000000001,-994.0965338582622
1.0339166666666668,-994.0971811274519
1.0355833333333333,-994.0975676263206
1.03725,-994.0975769395463
1.0389166666666667,-994.0971950972905
1.0405833333333334,-994.0965245450365
1.0422500000000001,-994.0957422340734
1.0439166666666668,-994.0950577119808
1.0455833333333333,-994.0946246469834
1.0472666666666668,-994.0944849485971
1.0489333333333333,-994.0945873940803
1.0506,-994.0947922850469
1.0522666666666667,-994.0949552664975
1.0539333333333334,-994.0949971760134
1.0556,-994.0949506098847
1.0572666666666668,-994.0949319834332
1.0589333333333333,-994.0950530553679
1.0606,-994.0953743616564
1.0622666666666667,-994.095835366331
1.0639333333333334,-994.0962870577798
1.0656,-994.0965198884236
1.0672666666666668,-994.0963615635859
1.0689333333333333,-994.0957422340734
1.0706,-994.094713122628
1.0722666666666667,-994.0934511805389
1.0739333333333334,-994.0921706119982
1.0756000000000001,-994.0910856211982
1.0772833333333334,-994.0903359065253
1.07895,-994.0899820039468
1.0806166666666668,-994.0899820039468
1.0822833333333335,-994.0902520874936
1.08395,-994.0906991223296
1.0856166666666667,-994.0912579158746
1.0872833333333334,-994.0919098416771
1.08895,-994.0926595563501
1.0906166666666668,-994.093483776829
1.0922833333333335,-994.0943359369851
1.09395,-994.0951042781096
1.0956166666666667,-994.0956630716546
1.0972833333333334,-994.0958959022984
1.09895,-994.0957655171378
1.1006166666666668,-994.0953277955275
1.1022833333333333,-994.094713122628
1.10395,-994.0941124195671
1.1056333333333335,-994.0937026376341
1.1073,-994.0936095053765
1.1089666666666667,-994.0938609624718
1.1106333333333334,-994.0943964729526
1.1123,-994.0950716818194
1.1139666666666668,-994.0957282642348
1.1156333333333335,-994.0962637747155
1.1173,-994.0966689000356
1.1189666666666667,-994.096990206324
1.1206333333333334,-994.0973208258382
1.1223,-994.0977212945454
1.1239666666666668,-994.098186955833
1.1256333333333335,-994.0986433038947
1.1273,-994.0989832366346
1.1289666666666667,-994.0991229350209
1.1306333333333334,-994.0990484292149
1.1323,-994.0988528514741
1.1339833333333333,-994.0986852134106
1.13565,-994.0986945266363
1.1373166666666668,-994.098969266796
1.1389833333333335,-994.099495464051
1.1406500000000002,-994.1001660163049
1.1423166666666666,-994.100799315656
1.1439833333333334,-994.1012230674277
1.14565,-994.1013301695237
1.1473166666666668,-994.1011252785572
1.1489833333333335,-994.1007154966243
1.15065,-994.1002684617882
1.1523166666666667,-994.0999471554998
1.1539833333333334,-994.0998400534037
1.15565,-994.0999611253384
1.1573166666666668,-994.1002218956595
1.1589833333333335,-994.1005245754964
1.16065,-994.1007853458174
1.1623166666666667,-994.1010181764611
1.1639833333333334,-994.1013301695237
1.1656666666666666,-994.1018330837143
1.1673333333333333,-994.1025967682258
1.169,-994.1035886267682
1.1706666666666667,-994.1046503345038
1.1723333333333334,-994.1055630306273
1.1740000000000002,-994.1060938844952
1.1756666666666666,-994.1061078543338
1.1773333333333333,-994.1055770004659
1.179,-994.1046177382137
1.1806666666666668,-994.1034442717691
1.1823333333333335,-994.1022940883889
1.1840000000000002,-994.1013627658139
1.1856666666666666,-994.1007760325916
1.1873333333333334,-994.1005525151736
1.189,-994.1006409908182
1.1906666666666668,-994.1009716103324
1.1923333333333335,-994.1014884943615
1.1940166666666667,-994.1021869862928
1.1956833333333334,-994.1030857125777
1.1973500000000001,-994.1041753599906
1.1990166666666666,-994.1053767661124
1.2006833333333333,-994.1065362627182
1.20235,-994.1074349890032
1.2040166666666667,-994.107854084162
1.2056833333333334,-994.107630566744
1.2073500000000001,-994.1067364970719
1.2090166666666666,-994.1052976036934
1.2106833333333333,-994.1035793135425
1.21235,-994.1018982762945
1.2140166666666667,-994.1005432019479
1.2156833333333334,-994.0997003550174
1.2173500000000002,-994.0994116450191
1.2190166666666666,-994.0996072227599
1.2206833333333333,-994.100124106789
1.22235,-994.100799315656
1.2240333333333333,-994.101507120813
1.2257,-994.10218232968
1.2273666666666667,-994.1028063158052
1.2290333333333334,-994.1033883924146
1.2307000000000001,-994.1039099330567
1.2323666666666668,-994.1043104017639
1.2340333333333333,-994.1044966662789
1.2357,-994.1043523112797
1.2373666666666667,-994.1038261140249
1.2390333333333334,-994.1029506708044
1.2407000000000001,-994.1018703366173
1.2423666666666666,-994.1007806892045
1.2440333333333333,-994.0998773063067
1.2457,-994.0992766032458
1.2473666666666667,-994.0990251461506
1.2490333333333334,-994.099081025505
1.2507000000000001,-994.0993604222775
1.2523833333333334,-994.0997795174363
1.25405,-994.1003010580783
1.2557166666666668,-994.1009250442036
1.2573833333333333,-994.1016840721022
1.25905,-994.1025967682258
1.2607166666666667,-994.1036305362841
1.2623833333333334,-994.1046969006326
1.2640500000000001,-994.1056468496591
1.2657166666666668,-994.1063174019131
1.2673833333333333,-994.1066061119114
1.26905,-994.1065036664281
1.2707166666666667,-994.1061264807853
1.2723833333333334,-994.1056421930463
1.2740500000000001,-994.1052324111132
1.2757166666666668,-994.1050042370823
1.2773833333333333,-994.1049669841793
1.27905,-994.105050803211
1.2807166666666667,-994.1051346222429
1.2824,-994.1051392788557
1.2840666666666667,-994.1050368333724
1.2857333333333334,-994.1049017915991
1.2874,-994.1048598820832
1.2890666666666668,-994.1050368333724
1.2907333333333333,-994.1054978380471
1.2924,-994.1062009865913
1.2940666666666667,-994.1070065806186
1.2957333333333334,-994.1077330122272
1.2974,-994.1081847036761
1.2990666666666668,-994.108263866095
1.3007333333333333,-994.107965842871
1.3024,-994.1074117059388
1.3040666666666667,-994.1067504669105
1.3057333333333334,-994.1061451072368
1.3074000000000001,-994.1056794459492
1.3090833333333334,-994.1053441698222
1.31075,-994.1050414899853
1.3124166666666668,-994.1046130816007
1.3140833333333335,-994.1039471859597
1.31575,-994.1030065501589
1.3174166666666667,-994.101879649843
1.3190833333333334,-994.1007294664629
1.32075,-994.0997515777591
1.3224166666666668,-994.099081025505
1.3240833333333335,-994.0987690324424
1.32575,-994.098783002281
1.3274166666666667,-994.0990391159892
1.3290833333333334,-994.0994628677607
1.33075,-994.1000076914672
1.3324166666666668,-994.1006968701727
1.3340833333333333,-994.1015676567804
1.33575,-994.102624707903
1.3374166666666667,-994.1038121441862
1.3390833333333334,-994.1049762974051
1.3407666666666667,-994.1059029633673
1.3424333333333334,-994.1063732812677
1.3441,-994.1062289262685
1.3457666666666668,-994.1054559285312
1.3474333333333335,-994.1041986430549
1.3491,-994.1026945570962
1.3507666666666667,-994.1012416938792
1.3524333333333334,-994.1000728840474
1.3541,-994.0993138561488
1.3557666666666668,-994.0989739234088
1.3574333333333335,-994.0989832366346
1.3591,-994.0992393503427
1.3607666666666667,-994.0996910417916
1.3624333333333334,-994.1003383109813
1.3641,-994.1011904711374
1.3657666666666668,-994.1022614920988
1.3674333333333335,-994.1034628982206
1.3691,-994.104645677891
1.3707833333333335,-994.1055909703045
1.3724500000000002,-994.1060799146566
1.3741166666666667,-994.1059588427217
1.3757833333333334,-994.1052091280488
1.37745,-994.1039564991854
1.3791166666666668,-994.1024524132267
1.3807833333333335,-994.1009948933968
1.38245,-994.0998586798552
1.3841166666666667,-994.0992067540526
1.3857833333333334,-994.0990670556664
1.38745,-994.0993604222775
1.3891166666666668,-994.0999192158225
1.3907833333333335,-994.1006083945281
1.39245,-994.1013627658139
1.3941166666666667,-994.1021776730671
1.3957833333333334,-994.1030810559648
1.39745,-994.1040775711201
1.3991166666666668,-994.1050927127269
1.4008,-994.105986782399
1.4024666666666668,-994.10658748546
1.4041333333333335,-994.1067458102976
1.4058000000000002,-994.1063919077192
1.4074666666666666,-994.1055676872402
1.4091333333333333,-994.1044407869244
1.4108,-994.1032533506412
1.4124666666666668,-994.1022521788731
1.4141333333333335,-994.1016049096834
1.4158000000000002,-994.1013720790396
1.4174666666666667,-994.10146986791
1.4191333333333334,-994.1017539212954
1.4208,-994.102065914358
1.4224666666666668,-994.1023127148404
1.4241333333333335,-994.1025036359683
1.4258000000000002,-994.1027224967735
1.4274666666666667,-994.1030531162876
1.4291500000000001,-994.1035560304781
1.4308166666666666,-994.1041986430549
1.4324833333333333,-994.1048831651476
1.43415,-994.1054698983698
1.4358166666666667,-994.1058238009483
1.4374833333333334,-994.1058796803029
1.4391500000000002,-994.1056794459492
1.4408166666666666,-994.1053395132093
1.4424833333333333,-994.1050368333724
1.44415,-994.1049204180506
1.4458166666666667,-994.1050601164368
1.4474833333333335,-994.1054233322411
1.4491500000000002,-994.1058936501415
1.4508166666666666,-994.1063034320745
1.4524833333333333,-994.1065176362667
1.45415,-994.1064803833638
1.4558166666666668,-994.1062428961071
1.4574833333333335,-994.1059215898188
1.4591666666666667,-994.1056654761106
1.4608333333333334,-994.105572343853
1.4625000000000001,-994.1056608194978
1.4641666666666668,-994.1058843369158
1.4658333333333333,-994.1061544204625
1.4675,-994.106396564332
1.4691666666666667,-994.1066154251372
1.4708333333333334,-994.1068575690067
1.4725000000000001,-994.1071928451337
1.4741666666666668,-994.1076631630341
1.4758333333333333,-994.1082545528692
1.4775,-994.108859912543
1.4791666666666667,-994.1093488568949
1.4808333333333334,-994.1095490912486
1.4825000000000002,-994.1093581701207
1.4841666666666666,-994.1087388406082
1.4858333333333333,-994.1077795783559
1.4875166666666668,-994.1066480214273
1.4891833333333333,-994.1055676872402
1.49085,-994.1047015572454
1.4925166666666667,-994.1041474203133
1.4941833333333334,-994.1038819933793
1.4958500000000001,-994.1038121441862
1.4975166666666668,-994.1038400838635
1.4991833333333333,-994.1039145896696
1.50085,-994.1040589446686
1.5025166666666667,-994.1043476546669
1.5041833333333334,-994.1048412556316
1.5058500000000001,-994.1055444041758
1.5075166666666668,-994.1063686246548
1.5091833333333333,-994.1071555922307
1.51085,-994.1076957593242
1.5125166666666667,-994.1077888915818
1.5141833333333334,-994.1073465133586
1.5158500000000001,-994.1064012209449
1.5175333333333334,-994.1051206524043
1.5192,-994.1037655780575
1.5208666666666668,-994.1026060814515
1.5225333333333335,-994.1018330837143
1.5242,-994.1015304038774
1.5258666666666667,-994.101656132425
1.5275333333333334,-994.102103167261
1.5292000000000001,-994.1027364666121
1.5308666666666668,-994.1034582416078
1.5325333333333333,-994.1041986430549
1.5342,-994.104906448212
1.5358666666666667,-994.1055304343372
1.5375333333333334,-994.105986782399
1.5392000000000001,-994.1061777035269
1.5408666666666668,-994.106024035302
1.5425333333333333,-994.1054745549827
1.5442,-994.1045572022463
1.5458666666666667,-994.1033883924146
1.54755,-994.1021590466155
1.5492166666666667,-994.1010926822671
1.5508833333333334,-994.1003569374328
1.55255,-994.1000402877573
1.5542166666666668,-994.1001054803376
1.5558833333333335,-994.1004267866259
1.55755,-994.1008319119461
1.5592166666666667,-994.1011811579117
1.5608833333333334,-994.101432615007
1.56255,-994.1016468191992
1.5642166666666668,-994.1019541556491
1.5658833333333335,-994.1024756962911
1.56755,-994.1032533506412
1.5692166666666667,-994.1042079562807
1.5708833333333334,-994.1051485920815
1.5725500000000001,-994.1058470840128
1.5742166666666668,-994.1061078543338
1.5759,-994.1058563972385
1.5775666666666668,-994.105167218533
1.5792333333333335,-994.1042079562807
1.5809,-994.1031974712868
1.5825666666666667,-994.1023173714533
1.5842333333333334,-994.1016794154893
1.5859,-994.1012975732336
1.5875666666666668,-994.1011113087186
1.5892333333333335,-994.101022833074
1.5909,-994.1009622971067
1.5925666666666667,-994.1009157309778
1.5942333333333334,-994.100943670655
1.5959,-994.1011252785572
1.5975666666666668,-994.1015117774259
1.5992333333333335,-994.1020612577452
1.6009166666666668,-994.1026433343545
1.6025666666666667,-994.1030484596747
1.6042500000000002,-994.1031089956421
1.6059166666666667,-994.1027364666121
1.6075833333333334,-994.1020007217778
1.60925,-994.1010926822671
1.6109166666666668,-994.1002544919496
1.6125833333333335,-994.0997003550174
1.6142500000000002,-994.0995420301797
1.6159166666666667,-994.0997515777591
1.6175833333333334,-994.1001892993693
1.61925,-994.1006270209796
1.6209166666666668,-994.1008551950105
1.6225833333333335,-994.1007434363015
1.62425,-994.1003243411427
1.6259166666666667,-994.099756234372
1.6275833333333334,-994.0992533201814
1.62925,-994.0990065196991
1.6309166666666668,-994.0991089651823
1.6325833333333335,-994.0995047772767
1.6342666666666668,-994.1000589142088
1.6359333333333335,-994.1006037379152
1.6376000000000002,-994.1010321462998
1.6392666666666666,-994.1013487959752
1.6409333333333334,-994.1016514758121
1.6426,-994.1020798841967
1.6442666666666668,-994.1027364666121
1.6459333333333335,-994.1036212230583
1.6476000000000002,-994.1046270514395
1.6492666666666667,-994.1055630306273
1.6509333333333334,-994.1062196130428
1.6526,-994.1064571002994
1.6542666666666668,-994.1062289262685
1.6559333333333335,-994.1056189099819
1.6576000000000002,-994.1047993461158
1.6592666666666667,-994.1039518425725
1.6609333333333334,-994.1032533506412
1.6626,-994.102778376128
1.6642666666666668,-994.1025502020971
1.66595,-994.1024989793555
1.6676166666666667,-994.1025781417743
1.6692833333333335,-994.1027644062893
1.6709500000000002,-994.1030950258034
1.6726166666666666,-994.103635192897
1.6742833333333333,-994.1044081906343
1.67595,-994.1053674528866
1.6776166666666668,-994.1063686246548
1.6792833333333335,-994.1071928451337
1.6809500000000002,-994.1076212535182
1.6826166666666666,-994.1075188080349
1.6842833333333334,-994.1068715388453
1.68595,-994.1057958612711
1.6876166666666668,-994.1045199493433
1.6892833333333335,-994.1032859469314
1.6909500000000002,-994.1023034016147
1.6926166666666667,-994.1016933853281
1.6943000000000001,-994.1014884943615
1.6959666666666668,-994.1016328493606
1.6976333333333333,-994.1020240048422
1.6993,-994.1025734851614
1.7009666666666667,-994.1032114411254
1.7026333333333334,-994.1039145896696
1.7043000000000001,-994.104645677891
1.7059666666666669,-994.1053441698222
1.7076333333333333,-994.1059029633673
1.7093,-994.1062009865913
1.7109666666666667,-994.1061311373982
1.7126333333333335,-994.1056561628849
1.7143000000000002,-994.1048319424059
1.7159666666666666,-994.1038168007991
1.7176333333333333,-994.1028109724181
1.7193,-994.1020053783907
1.7209666666666668,-994.101507120813
1.72265,-994.1013348261366
1.7243166666666667,-994.1014093319426
1.7259833333333334,-994.1015909398448
1.7276500000000001,-994.1017492646826
1.7293166666666668,-994.101805144037
1.7309833333333333,-994.1017818609727
1.73265,-994.1017585779083
1.7343166666666667,-994.1018330837143
1.7359833333333334,-994.1020612577452
1.7376500000000001,-994.1024244735495
1.7393166666666668,-994.1028389120953
1.7409833333333333,-994.1031695316095
1.74265,-994.1032906035442
1.7443166666666667,-994.103146248545
1.7459833333333334,-994.1027690629022
1.7476500000000001,-994.1023034016147
1.7493166666666669,-994.1019262159717
1.7509833333333333,-994.101767891134
1.7526666666666668,-994.1018889630687
1.7543333333333335,-994.1022428656473
1.756,-994.1027131835477
1.7576666666666667,-994.1031741882224
1.7593333333333334,-994.1035467172524
1.7610000000000001,-994.1038168007991
1.7626666666666668,-994.1040310049914
1.7643333333333333,-994.1042452091837
1.766,-994.1044873530532
1.7676666666666667,-994.1047248403098
1.7693333333333334,-994.1048831651476
1.7710000000000001,-994.1048412556316
1.7726666666666668,-994.104492009666
1.7743333333333333,-994.1038074875734
1.776,-994.1028621951597
1.7776666666666667,-994.1018470535529
1.7793333333333334,-994.1009995500096
1.7810000000000001,-994.1005292321092
1.7826833333333334,-994.100538545335
1.78435,-994.100985580171
1.7860166666666668,-994.101698041941
1.7876833333333335,-994.1024291301624
1.78935,-994.10292738774
1.7910166666666667,-994.1030484596747
1.7926833333333334,-994.1027550930636
1.7943500000000001,-994.1021637032284
1.7960166666666668,-994.1014558980714
1.7976833333333335,-994.1008458817847
1.79935,-994.1004733527548
1.8010166666666667,-994.1003848771101
1.8026833333333334,-994.1005199188835
1.8043500000000001,-994.1007574061401
1.8060166666666668,-994.1009948933968
1.8076833333333335,-994.1011904711374
1.80935,-994.1013720790396
1.8110166666666667,-994.1016049096834
1.8127,-994.101958812262
1.8143666666666667,-994.1024337867752
1.8160333333333334,-994.1029692972559
1.8177,-994.103411675479
1.8193666666666668,-994.1036025966068
1.8210333333333335,-994.1033977056404
1.8227,-994.1027644062893
1.8243666666666667,-994.1017818609727
1.8260333333333334,-994.1006270209796
1.8277,-994.0995140905025
1.8293666666666668,-994.0986293340561
1.8310333333333335,-994.0980938235755
1.8327,-994.0979354987377
1.8343666666666667,-994.0980984801884
1.8360333333333334,-994.0985082621213
1.8377000000000001,-994.0991089651823
1.8393666666666668,-994.0998726496938
1.84105,-994.1007900024302
1.8427166666666668,-994.1018470535529
1.8443833333333335,-994.102964640643
1.8460500000000002,-994.1040263483785
1.8477166666666667,-994.1048552254703
1.8493833333333334,-994.1052743206291
1.85105,-994.105167218533
1.8527166666666668,-994.1045059795047
1.8543833333333335,-994.1034163320919
1.8560500000000002,-994.1021217937125
1.8577166666666667,-994.1008784780748
1.8593833333333334,-994.0999285290483
1.86105,-994.0994069884063
1.8627166666666668,-994.099341795826
1.8643833333333335,-994.0996584455015
1.86605,-994.1002358654981
1.8677166666666667,-994.1009390140422
1.8694000000000002,-994.1016747588765
1.8710666666666667,-994.102363937582
1.8727333333333334,-994.1029413575786
1.8744,-994.1033511395116
1.8760666666666668,-994.1035187775751
1.8777333333333335,-994.1033651093502
1.8794000000000002,-994.1028249422567
1.8810666666666667,-994.1018936196816
1.8827333333333334,-994.1006270209796
1.8844,-994.0991881276011
1.8860666666666668,-994.0977911437386
1.8877333333333335,-994.0966595868099
1.8894000000000002,-994.0959378118142
1.8910666666666667,-994.0956910113318
1.8927333333333334,-994.0958493361696
1.8944,-994.0962684313283
1.8960666666666668,-994.0967620322931
1.89775,-994.0971857840648
1.8994166666666668,-994.0974884639016
1.9010833333333335,-994.0976933548682
1.9027500000000002,-994.0978842759961
1.9044166666666669,-994.098112450027
1.9060833333333334,-994.0984011600252
1.90775,-994.0986991832492
1.9094166666666668,-994.0989133874415
1.9110833333333335,-994.0989552969573
1.9127500000000002,-994.0987690324424
1.9144166666666667,-994.0983639071222
1.9160833333333334,-994.0978330532545
1.91775,-994.097288229548
1.9194166666666668,-994.0968598211635
1.9210833333333335,-994.0966083640683
1.9227500000000002,-994.0965385148751
1.9244166666666667,-994.0965617979396
1.9260833333333334,-994.096543171488
1.92775,-994.096356906973
1.9294333333333333,-994.09594712504
1.9311,-994.0953697050435
1.9327666666666667,-994.094750375531
1.9344333333333334,-994.0942334915019
1.9361000000000002,-994.0939214984393
1.9377666666666669,-994.0938330227946
1.9394333333333333,-994.0939214984393
1.9411,-994.0940937931156
1.9427666666666668,-994.0942893708564
1.9444333333333335,-994.0944802919843
1.9461000000000002,-994.0947084660152
1.9477666666666669,-994.0950577119808
1.9494333333333334,-994.0955792526228
1.9511,-994.0962777445541
1.9527666666666668,-994.0970740253558
1.9544333333333335,-994.0978237400287
1.9561000000000002,-994.0983452806707
1.9577666666666667,-994.0984803224441
1.9594500000000001,-994.0981636727686
1.9611166666666668,-994.0974465543858
1.9627833333333333,-994.0965152318107
1.96445,-994.0956071923001
1.9661166666666667,-994.0949412966589
1.9677833333333334,-994.0946572432736
1.9694500000000001,-994.0947596887568
1.9711166666666669,-994.0951694706898
1.9727833333333333,-994.0957282642348
1.97445,-994.0963243106829
1.9761166666666667,-994.0968877608408
1.9777833333333334,-994.0974465543858
1.9794500000000002,-994.0980426008339
1.9811166666666669,-994.098708496475
1.9827833333333333,-994.0994209582449
1.98445,-994.1000821972732
1.9861166666666668,-994.1005432019479
1.9878,-994.1006642738826
1.9894666666666667,-994.1003383109813
1.9911333333333334,-994.0995839396955
1.9928000000000001,-994.0985268885729
1.9944666666666668,-994.0973906750313
1.9961333333333335,-994.0964174429404
1.9978,-994.095793456815
1.9994666666666667,-994.0956025356872
2.001133333333333,-994.0958027700408
2.0028,-994.0962777445541
2.0044666666666666,-994.0968877608408
2.0061333333333335,-994.0975489998691
2.0078,-994.0982428351874
2.009466666666667,-994.0989925498603
2.0111333333333334,-994.0997981438878
2.0128,-994.100613051141
2.014466666666667,-994.1013255129109
2.0161333333333333,-994.1017818609727
2.0178166666666666,-994.1018377403271
2.0194833333333335,-994.1014000187168
2.02115,-994.1004780093676
2.022816666666667,-994.0992160672783
2.0244833333333334,-994.0978377098673
2.02615,-994.0966083640683
2.027816666666667,-994.0957655171378
2.0294833333333333,-994.0954442108495
2.0311500000000002,-994.0956537584289
2.0328166666666667,-994.0962777445541
2.0344833333333336,-994.0971485311618
2.03615,-994.0981217632527
2.0378166666666666,-994.0991136217951
2.0394833333333335,-994.1001287634019
2.04115,-994.1011765012988
2.042816666666667,-994.1022428656473
2.0444833333333334,-994.1032393808026
2.04615,-994.1040170351528
2.0478333333333336,-994.1043895641828
2.0495,-994.1042032996678
2.0511666666666666,-994.1033883924146
2.0528333333333335,-994.1020240048422
2.0545,-994.100315027917
2.056166666666667,-994.0985408584115
2.0578333333333334,-994.0969762364854
2.0595,-994.0958213964923
2.061166666666667,-994.095164814077
2.0628333333333333,-994.094973892949
2.0645000000000002,-994.0951415310126
2.0661666666666667,-994.0955280298812
2.0678333333333336,-994.0960356006846
2.0695,-994.0965897376168
2.0711666666666666,-994.0971718142262
2.0728333333333335,-994.0977678606741
2.0745,-994.0983219976064
2.0761833333333333,-994.0987597192167
2.07785,-994.0989599535702
2.0795166666666667,-994.0988062853454
2.0811833333333336,-994.0982661182518
2.08285,-994.0973953316442
2.0845166666666666,-994.0963848466503
2.0861833333333335,-994.0954674939138
2.08785,-994.094866790853
2.089516666666667,-994.0947177792409
2.0911833333333334,-994.0950297723035
2.0928500000000003,-994.095686354719
2.094516666666667,-994.0964779789077
2.0961833333333333,-994.0971671576133
2.09785,-994.0975583130949
2.0995166666666667,-994.0975676263206
2.1011833333333336,-994.097250976645
2.10285,-994.0967527190674
2.1045166666666666,-994.0962684313283
2.1062000000000003,-994.0959517816528
2.1078666666666668,-994.0958586493954
2.1095333333333333,-994.0959564382657
2.1112,-994.0961566726194
2.1128666666666667,-994.0963708768116
2.1145333333333336,-994.0965850810039
2.1162,-994.0968318814863
2.1178666666666666,-994.0971671576133
2.1195333333333335,-994.0976095358365
2.1212,-994.0981217632527
2.122866666666667,-994.098596737766
2.1245333333333334,-994.0989133874415
2.1262000000000003,-994.0989413271187
2.127866666666667,-994.0986200208304
2.1295333333333333,-994.0979727516407
2.1312,-994.0971066216459
2.1328666666666667,-994.0961799556837
2.1345333333333336,-994.0953464219791
2.136216666666667,-994.0947038094023
2.1378833333333334,-994.0942707444049
2.1395500000000003,-994.0939913476324
2.1412166666666668,-994.0937864566658
2.1428833333333333,-994.0936234752152
2.14455,-994.0935396561835
2.1462166666666667,-994.093632788441
2.1478833333333336,-994.0940239439225
2.14955,-994.0947736585954
2.1512166666666666,-994.0958213964923
2.1528833333333335,-994.0969762364854
2.15455,-994.0979820648664
2.156216666666667,-994.0985548282501
2.1578833333333334,-994.0984989488956
2.1595500000000003,-994.0977585474484
2.161216666666667,-994.0964546958434
2.1628833333333333,-994.0948341945627
2.164566666666667,-994.0931997234436
2.1662333333333335,-994.0918073961939
2.1679,-994.0908295074901
2.169566666666667,-994.0902986536223
2.1712333333333333,-994.0901775816875
2.1729000000000003,-994.0903778160412
2.1745666666666668,-994.0908295074901
2.1762333333333332,-994.0914907465184
2.1779,-994.0923522199002
2.1795666666666667,-994.0933720181199
2.1812333333333336,-994.0944570089199
2.1829,-994.0954302410108
2.184566666666667,-994.0960775102005
2.1862333333333335,-994.0961799556837
2.1879,-994.0955978790744
2.189566666666667,-994.0943499068237
2.1912333333333334,-994.092622303447
2.1929166666666666,-994.0907177487811
2.1945833333333336,-994.0889715189528
2.19625,-994.087658354122
2.197916666666667,-994.0868993262234
2.1995833333333334,-994.0866758088054
2.20125,-994.0868434468689
2.202916666666667,-994.0871833796087
2.2045833333333333,-994.0875233123486
2.2062500000000003,-994.0877654562181
2.2079166666666667,-994.0879424075074
2.2095833333333332,-994.0881472984739
2.21125,-994.0884918878266
2.2129166666666666,-994.0890227416945
2.2145833333333336,-994.0896839807227
2.21625,-994.0903359065253
2.217916666666667,-994.0907969112
2.2195833333333335,-994.0909133265218
2.22125,-994.0906385863622
2.2229333333333336,-994.0900425399142
2.2246,-994.0892835120155
2.2262666666666666,-994.0885524237941
2.2279333333333335,-994.0880029434747
2.2296,-994.0876862937993
2.231266666666667,-994.0875605652517
2.2329333333333334,-994.0875000292842
2.2346,-994.0873929271881
2.236266666666667,-994.087174066383
2.2379333333333333,-994.086876043159
2.2396000000000003,-994.0866059596123
2.2412666666666667,-994.0864802310646
2.2429333333333332,-994.0865826765479
2.2446,-994.0868946696105
2.2462666666666666,-994.0873277346079
2.2479333333333336,-994.0877282033151
2.2496,-994.087956377346
2.251266666666667,-994.0879377508945
2.2529333333333335,-994.087695607025
2.2546166666666667,-994.0873417044465
2.2562833333333336,-994.087025054771
2.25795,-994.086876043159
2.2596166666666666,-994.086950548965
2.2612833333333335,-994.0871926928345
2.26295,-994.0874674329941
2.264616666666667,-994.087621101219
2.2662833333333334,-994.0875279689616
2.26795,-994.0871694097701
2.269616666666667,-994.0865873331608
2.2712833333333333,-994.085907467681
2.2729500000000002,-994.0852508852655
2.2746166666666667,-994.0847200313978
2.2762833333333337,-994.0843661288193
2.27795,-994.0841845209171
2.2796166666666666,-994.084151924627
2.2812833333333336,-994.0842450568845
2.282966666666667,-994.0844825441411
2.2846333333333333,-994.0849016392999
2.2863,-994.0855442518766
2.2879666666666667,-994.0863964120329
2.2896333333333336,-994.0873836139624
2.2913,-994.0883521894405
2.2929666666666666,-994.0891019041134
2.2946333333333335,-994.089451150079
2.2963,-994.0893114516928
2.297966666666667,-994.0887107486318
2.2996333333333334,-994.0878073657341
2.3013,-994.0868481034818
2.302966666666667,-994.0860611359059
2.3046333333333333,-994.0856234142956
2.3063000000000002,-994.085567534941
2.3079666666666667,-994.0858283052621
2.30965,-994.0862660268723
2.311316666666667,-994.086727031547
2.3129833333333334,-994.0871228436414
2.3146500000000003,-994.0874255234783
2.316316666666667,-994.0876769805735
2.3179833333333333,-994.0879098112173
2.31965,-994.0881240154096
2.3213166666666667,-994.08825440057
2.3229833333333336,-994.0881938646027
2.32465,-994.0878399620242
2.3263166666666666,-994.0871228436414
2.3279833333333335,-994.0860890755831
2.32965,-994.0848876694613
2.331316666666667,-994.083742142694
2.3329833333333334,-994.0828713560862
2.33465,-994.0824196646374
2.336316666666667,-994.0824103514117
2.3379833333333333,-994.0827363143129
2.3396666666666666,-994.0832345718906
2.3413333333333335,-994.083742142694
2.343,-994.0841752076914
2.344666666666667,-994.0845570499471
2.3463333333333334,-994.0849761451059
2.3480000000000003,-994.0855256254251
2.349666666666667,-994.0862194607436
2.3513333333333333,-994.0869691754165
2.353,-994.0876071313804
2.3546666666666667,-994.0879377508945
2.3563333333333336,-994.0878027091212
2.358,-994.0871507833186
2.3596666666666666,-994.0860751057445
2.3613333333333335,-994.0848131636552
2.363,-994.0836443538236
2.364666666666667,-994.0828341031832
2.3663333333333334,-994.0825360799593
2.3680000000000003,-994.0827502841515
2.3696833333333336,-994.0833556438253
2.37135,-994.0841472680141
2.373016666666667,-994.08493423559
2.3746833333333335,-994.0856141010698
2.37635,-994.0861728946148
2.378016666666667,-994.0866758088054
2.3796833333333334,-994.0871880362216
2.3813500000000003,-994.0877468297666
2.383016666666667,-994.0883009666989
2.3846833333333333,-994.0887154052447
2.38635,-994.0888411337924
2.3880166666666667,-994.0885477671812
2.3896833333333336,-994.0878306487984
2.39135,-994.0868108505788
2.3930166666666666,-994.0857258597788
2.3946833333333335,-994.0848317901067
2.39635,-994.0843242193033
2.398016666666667,-994.084263683336
2.3997,-994.0845756763986
2.4013666666666666,-994.0850553075247
2.4030333333333336,-994.0854511196192
2.4047,-994.0855628783281
2.406366666666667,-994.0852974513942
2.4080333333333335,-994.0847060615591
2.4097,-994.0839237505961
2.411366666666667,-994.0831367830202
2.4130333333333334,-994.0824802006048
2.4147000000000003,-994.0820145393172
2.4163666666666668,-994.0817165160933
2.4180333333333333,-994.0815302515782
2.4197,-994.0813905531919
2.4213666666666667,-994.0812834510958
2.4230333333333336,-994.0812368849671
2.4247,-994.0813160473859
2.426366666666667,-994.0815628478683
2.4280333333333335,-994.0819819430271
2.4297166666666667,-994.0824988270563
2.4313833333333332,-994.082992428021
2.43305,-994.0832811380193
2.4347166666666666,-994.0832206020519
2.4363833333333336,-994.0827363143129
2.43805,-994.0818794975438
2.439716666666667,-994.0807991633568
2.4413833333333335,-994.0797141725569
2.44305,-994.0788201028848
2.444716666666667,-994.0782426828882
2.4463833333333334,-994.0780098522446
2.4480500000000003,-994.0780610749862
2.4497166666666668,-994.0783032188557
2.4513833333333332,-994.0786571214342
2.45305,-994.0790994996573
2.4547166666666667,-994.0796256969122
2.4563833333333336,-994.0802450264247
2.458066666666667,-994.0809295485172
2.4597333333333333,-994.0815861309327
2.4614000000000003,-994.0820890451232
2.4630666666666667,-994.0822985927026
2.4647333333333337,-994.0821123281876
2.4664,-994.0815069685138
2.4680666666666666,-994.0805570194873
2.4697333333333336,-994.0794301191714
2.4714,-994.0783125320814
2.473066666666667,-994.0773672396678
2.4747333333333335,-994.0766966874137
2.4764,-994.0763055319322
2.478066666666667,-994.0761332372558
2.4797333333333333,-994.0760959843528
2.4814000000000003,-994.076161176933
2.4830666666666668,-994.0763474414481
2.4847333333333332,-994.0767246270909
2.486416666666667,-994.0773392999905
2.4880833333333334,-994.078177490308
2.48975,-994.079113469496
2.491416666666667,-994.0799563164263
2.4930833333333333,-994.0804871702942
2.4947500000000002,-994.0805197665843
2.4964166666666667,-994.0799842561037
2.4980833333333337,-994.0789272049809
2.49975,-994.077506938054
2.5014166666666666,-994.0759330029022
2.5030833333333335,-994.0744242603306
2.50475,-994.0731390351771
2.506416666666667,-994.0721611464733
2.5080833333333334,-994.0714859376063
2.50975,-994.0710668424475
2.511416666666667,-994.070861951481
2.5130833333333333,-994.070899204384
2.5147500000000003,-994.0712577635754
2.5164166666666667,-994.0720121348612
2.5181,-994.0731809446929
2.519766666666667,-994.0746477777486
2.5214333333333334,-994.0761844599974
2.5231000000000003,-994.0775022814411
2.524766666666667,-994.0783265019201
2.5264333333333333,-994.0784987965965
2.5281000000000002,-994.0780145088574
2.5297666666666667,-994.0770366201536
2.5314333333333336,-994.0758259008061
2.5331,-994.0746664042001
2.5347666666666666,-994.0737769911409
2.5364333333333335,-994.0732740769504
2.5381,-994.0731297219513
2.539766666666667,-994.0732275108217
2.5414333333333334,-994.073404462111
2.5431,-994.0735395038843
2.544766666666667,-994.073586070013
2.5464333333333333,-994.073586070013
2.5481166666666666,-994.0736326361418
2.5497833333333335,-994.0737956175924
2.55145,-994.074070357752
2.553116666666667,-994.074373037589
2.5547833333333334,-994.0745779285554
2.5564500000000003,-994.074554645491
2.558116666666667,-994.0742659354928
2.5597833333333333,-994.0737490514637
2.5614500000000002,-994.0731576616286
2.5631166666666667,-994.0726687172767
2.5647833333333336,-994.0724358866329
2.56645,-994.0725150490517
2.5681166666666666,-994.0728736082431
2.5697833333333335,-994.0733765224337
2.57145,-994.0738514969469
2.573116666666667,-994.0741541767838
2.5747833333333334,-994.074224025977
2.5764666666666667,-994.0740982974294
2.5781333333333336,-994.0738794366242
2.5798,-994.0736838588834
2.5814666666666666,-994.0735953832387
2.5831333333333335,-994.0736233229161
2.5848,-994.0737071419478
2.586466666666667,-994.0737443948508
2.5881333333333334,-994.0736745456577
2.5898000000000003,-994.0735162208199
2.591466666666667,-994.0733904922723
2.5931333333333333,-994.0734603414654
2.5948,-994.073846840334
2.5964666666666667,-994.0745825851683
2.5981333333333336,-994.0755744437108
2.5998,-994.076612868382
2.6014666666666666,-994.0774510586995
2.6031333333333335,-994.0778654972454
2.6048,-994.0777351120848
2.6064833333333333,-994.0770692164438
2.60815,-994.0759981954824
2.6098166666666667,-994.0747409100061
2.6114833333333336,-994.0735301906585
2.61315,-994.0725569585676
2.614816666666667,-994.0719283158295
2.6164833333333335,-994.0716628888956
2.61815,-994.071723424863
2.619816666666667,-994.0720680142157
2.6214833333333334,-994.0726780305024
2.6231500000000003,-994.0735441604971
2.624816666666667,-994.07463380791
2.6264833333333333,-994.0758584970962
2.62815,-994.0770505899923
2.6298166666666667,-994.0779958824058
2.6314833333333336,-994.0785034532094
2.63315,-994.0784336040161
2.6348166666666666,-994.0777630517622
2.6365000000000003,-994.0765988985434
2.6381666666666668,-994.0751413787134
2.6398333333333333,-994.0736419493676
2.6415,-994.0723241279238
2.6431666666666667,-994.07134623922
2.6448333333333336,-994.0707734758364
2.6465,-994.0705825547085
2.648166666666667,-994.0707269097077
2.6498333333333335,-994.0711366916406
2.6515,-994.0717886174432
2.653166666666667,-994.0726640606638
2.6548333333333334,-994.0737257683993
2.6565000000000003,-994.0748852650053
2.658166666666667,-994.075974912418
2.6598333333333333,-994.0767758498325
2.6615,-994.0770645598309
2.6631666666666667,-994.0766734043493
2.66485,-994.0755465040335
2.666516666666667,-994.0737863043666
2.6681833333333334,-994.071644262444
2.6698500000000003,-994.0694509977798
2.6715166666666668,-994.0675464431139
2.6731833333333332,-994.0661820555414
2.67485,-994.0654649371586
2.6765166666666667,-994.0653811181269
2.6781833333333336,-994.0657955566727
2.67985,-994.0665452713457
2.681516666666667,-994.0674812505335
2.6831833333333335,-994.0685150185919
2.68485,-994.0695813829403
2.686516666666667,-994.0706291208372
2.6881833333333334,-994.0715790698638
2.6898500000000003,-994.0723241279238
2.691516666666667,-994.072729253244
2.6931833333333333,-994.0726780305024
2.694866666666667,-994.0721052671187
2.6965333333333334,-994.0710668424475
2.6982,-994.0697536776167
2.699866666666667,-994.0684498260116
2.7015333333333333,-994.0674346844048
2.7032000000000003,-994.0669271136014
2.7048666666666668,-994.0669829929559
2.7065333333333337,-994.0675138468238
2.7082,-994.0683054710125
2.7098666666666666,-994.0691017518142
2.7115333333333336,-994.0696884850364
2.7132,-994.0699539119704
2.714866666666667,-994.069925972293
2.7165333333333335,-994.0697210813266
2.7182,-994.0694929072957
2.719866666666667,-994.0693625221352
2.7215333333333334,-994.069367178748
2.7232000000000003,-994.0694509977798
2.7248833333333335,-994.0695115337472
2.72655,-994.0694556543926
2.728216666666667,-994.0692740464906
2.7298833333333334,-994.0690458724597
2.73155,-994.0688922042348
2.733216666666667,-994.0689341137506
2.7348833333333333,-994.0692135105231
2.7365500000000003,-994.0696884850364
2.7382166666666667,-994.0702193389043
2.7398833333333337,-994.0706244642244
2.74155,-994.0707455361592
2.7432166666666666,-994.0705127055154
2.7448833333333336,-994.0699585685833
2.74655,-994.0692181671361
2.748216666666667,-994.068473109076
2.7498833333333335,-994.067877062628
2.75155,-994.0675091902109
2.7532333333333336,-994.0673648352117
2.7549,-994.0673788050503
2.7565666666666666,-994.0674672806949
2.7582333333333335,-994.0675836960169
2.7599,-994.0677466774674
2.761566666666667,-994.0680307308529
2.7632333333333334,-994.0685103619791
2.7649,-994.0692041972974
2.766566666666667,-994.0700703272922
2.7682333333333333,-994.0709737101901
2.7699000000000003,-994.0717327380887
2.7715666666666667,-994.0721751163119
2.7732333333333337,-994.0721937427634
2.7749,-994.0717839608303
2.7765666666666666,-994.0710575292218
2.7782333333333336,-994.0701681161626
2.7799,-994.069297329555
2.7815833333333333,-994.0685708979464
2.7832500000000002,-994.0680586705301
2.7849166666666667,-994.0677699605319
2.7865833333333336,-994.0676954547258
2.78825,-994.0678211832735
2.7899166666666666,-994.0681797424648
2.7915833333333335,-994.0688037285902
2.79325,-994.0697164247138
2.794916666666667,-994.0708712647067
2.7965833333333334,-994.0721332067959
2.7982500000000003,-994.0732927034019
2.799916666666667,-994.0741262371066
2.8015833333333333,-994.0744428867821
2.8032500000000002,-994.0741681466225
2.8049166666666667,-994.073362552595
2.8065833333333337,-994.0722170258277
2.80825,-994.0709830234158
2.8099166666666666,-994.0699073458416
2.8116000000000003,-994.0691390047172
2.813266666666667,-994.0687199095584
2.8149333333333333,-994.0686034942365
2.8166,-994.0686826566554
2.8182666666666667,-994.0688689211704
2.8199333333333336,-994.0691296914914
2.8216,-994.0695022205215
2.8232666666666666,-994.0700610140665
2.8249333333333335,-994.0708479816424
2.8266,-994.0718165571204
2.828266666666667,-994.0728177288886
2.8299333333333334,-994.0736326361418
2.8316000000000003,-994.0740191350104
2.833266666666667,-994.073809587431
2.8349333333333333,-994.0729574272749
2.8366000000000002,-994.0715744132509
2.8382666666666667,-994.0699073458416
2.8399333333333336,-994.0682589048838
2.841616666666667,-994.0669178003757
2.8432833333333334,-994.0660609836067
2.8449500000000003,-994.0657257074796
2.846616666666667,-994.0658095265114
2.8482833333333333,-994.0661354894127
2.84995,-994.0665452713457
2.8516166666666667,-994.0669271136014
2.8532833333333336,-994.0672670463414
2.85495,-994.0675930092426
2.8566166666666666,-994.0679096589181
2.8582833333333335,-994.0681797424648
2.85995,-994.0683287540769
2.861616666666667,-994.0682589048838
2.8632833333333334,-994.0678910324666
2.8649500000000003,-994.0672065103739
2.866616666666667,-994.0662751877989
2.8682833333333333,-994.0652181366762
2.8699500000000002,-994.0641843686179
2.8716333333333335,-994.0633042687845
2.8733,-994.0626616562078
2.874966666666667,-994.0622565308876
2.8766333333333334,-994.0620423266953
2.8783000000000003,-994.0619212547606
2.879966666666667,-994.0618374357288
2.8816333333333333,-994.0617675865357
2.8833,-994.0617443034713
2.8849666666666667,-994.0618188092773
2.8866333333333336,-994.0620050737923
2.8883,-994.0622937837906
2.889966666666667,-994.0626011202403
2.8916333333333335,-994.0628386074969
2.8933,-994.0629177699159
2.894966666666667,-994.062801354594
2.8966333333333334,-994.0625405842729
2.8983000000000003,-994.0622518742747
2.8999833333333336,-994.0620795795983
2.90165,-994.0621308023399
2.903316666666667,-994.0624195123382
2.9049833333333335,-994.0628712037872
2.90665,-994.0633368650746
2.908316666666667,-994.0636674845888
2.9099833333333334,-994.0637419903948
2.9116500000000003,-994.0635417560411
2.9133166666666668,-994.0631552571725
2.9149833333333333,-994.0627221921751
2.91665,-994.0623869160481
2.9183166666666667,-994.0622285912103
2.9199833333333336,-994.0622379044361
2.92165,-994.0623263800807
2.923316666666667,-994.0623869160481
2.9249833333333335,-994.0623450065322
2.92665,-994.0622099647588
2.928316666666667,-994.0620656097597
2.93,-994.0620330134695
2.9316666666666666,-994.0621959949202
2.9333333333333336,-994.0625638673373
2.935,-994.0630574683021
2.936666666666667,-994.0635370994282
2.9383333333333335,-994.0638397792651
2.94,-994.0638258094265
2.941666666666667,-994.0634393105579
2.9433333333333334,-994.0627315054008
2.9450000000000003,-994.0618560621803
2.9466666666666668,-994.0610132152499
2.9483333333333337,-994.0603938857374
2.95,-994.0601051757392
2.9516666666666667,-994.0601610550937
2.9533333333333336,-994.0604637349306
2.955,-994.0608688602507
2.956666666666667,-994.0612646723451
2.9583333333333335,-994.0616185749236
2.9600166666666667,-994.0619817907279
2.9616833333333337,-994.062428825564
2.96335,-994.0629969323347
2.9650166666666666,-994.0636628279759
2.9666833333333336,-994.0643100971655
2.96835,-994.064775758453
2.970016666666667,-994.0648828605492
2.9716833333333335,-994.0645103315192
2.97335,-994.0636628279759
2.975016666666667,-994.0624707350798
2.9766833333333333,-994.0611715400877
2.9783500000000003,-994.0600213567075
2.9800166666666668,-994.0592297325187
2.9816833333333337,-994.0588991130045
2.98335,-994.0590062151007
2.9850166666666667,-994.0594579065496
2.9866833333333336,-994.0601377720293
2.988366666666667,-994.0609619925083
2.9900333333333333,-994.061907284922
2.9917000000000002,-994.0629829624961
2.9933666666666667,-994.0641890252308
2.9950333333333337,-994.0654416540942
2.9967,-994.0665685544101
2.9983666666666666,-994.0673415521474
