min,µS/cm
0.0,-994.7159611595404
0.0016666666666667052,-994.7164221642149
0.0033333333333334103,-994.7160403219592
0.004999999999999893,-994.714182333422
0.006683333333333374,-994.7105268923149
0.00835000000000008,-994.7053953049264
0.010016666666666563,-994.6998213393147
0.011683333333333268,-994.6952112925683
0.013349999999999973,-994.6929016125821
0.015016666666666678,-994.6937723991898
0.016683333333333383,-994.6979866338419
0.01835000000000009,-994.7050041494449
0.02001666666666657,-994.7137539250375
0.021683333333333277,-994.7229693619175
0.023349999999999982,-994.7314863068664
0.025016666666666687,-994.7384851960179
0.026683333333333392,-994.7435795305034
0.028350000000000097,-994.7467646537101
0.03001666666666658,-994.7482920227332
0.031683333333333286,-994.7485388232155
0.03334999999999999,-994.7478822408001
0.035016666666666696,-994.7466296119367
0.036699999999999955,-994.745013767269
0.03836666666666666,-994.7431557787318
0.040033333333333365,-994.7407669363267
0.04170000000000007,-994.7354583976489
0.043366666666666775,-994.7166410250201
0.04503333333333326,-994.6491620478449
0.046699999999999964,-994.4386272665294
0.04836666666666667,-993.8719361060633
0.050033333333333374,-992.5346034544216
0.05170000000000008,-989.7203142706865
0.05336666666666656,-984.3660197147941
0.05503333333333327,-975.0578976120138
0.05669999999999997,-960.1505663991676
0.05836666666666668,-938.0180532755414
0.06003333333333338,-907.4151753016819
0.06170000000000009,-867.884527364692
0.06336666666666657,-820.113392928668
0.06505000000000005,-766.1387514165317
0.06671666666666676,-709.3210009435755
0.06838333333333324,-654.0550201451662
0.07004999999999995,-605.2476682724653
0.07171666666666665,-567.6465763559781
0.07338333333333336,-545.1426378195838
0.07505000000000006,-540.1775429678045
0.07671666666666677,-553.368004296612
0.07838333333333325,-583.4140398462368
0.08004999999999995,-627.3022995457529
0.08171666666666666,-680.7590418871301
0.08338333333333336,-738.8644622354137
0.08505000000000007,-796.7173311844083
0.08671666666666678,-850.0394135946591
0.08838333333333326,-895.6300285158819
0.09004999999999996,-931.6161512078793
0.09171666666666667,-957.4835006880962
0.09338333333333337,-973.9126316150243
0.09506666666666663,-982.4731578037483
0.09673333333333334,-985.2454722790259
0.09840000000000004,-984.4392822051603
0.10006666666666675,-982.0673107086063
0.10173333333333323,-979.7126199024323
0.10339999999999994,-978.4074225362425
0.10506666666666664,-978.6205044848009
0.10673333333333335,-980.3340076377308
0.10840000000000005,-983.179347116118
0.11006666666666676,-986.5983766441226
0.11173333333333324,-989.9983140593387
0.11339999999999995,-992.8762405146268
0.11506666666666665,-994.898947419086
0.11673333333333336,-995.9341869670591
0.11840000000000006,-996.0384485293358
0.12006666666666677,-995.412702204386
0.12173333333333325,-994.3406754146985
0.12341666666666673,-993.124265686201
0.12508333333333344,-992.028178177787
0.12674999999999992,-991.2417181726739
0.12841666666666662,-990.8611890817346
0.13008333333333333,-990.8918342510666
0.13175000000000003,-991.2652526941454
0.13341666666666674,-991.8660628571482
0.13508333333333322,-992.5614488276474
0.13674999999999993,-993.2278008168693
0.13841666666666663,-993.7704312586088
0.14008333333333334,-994.1343129585191
0.14175000000000004,-994.3057601313599
0.14341666666666675,-994.3065610687745
0.14508333333333345,-994.1831002916131
0.14674999999999994,-993.9933153772696
0.14841666666666664,-993.7943243392717
0.15008333333333335,-993.6326048307272
0.15175000000000005,-993.538066276134
0.15341666666666676,-993.5221453167136
0.15510000000000002,-993.5795287571752
0.15676666666666672,-993.69248421569
0.15843333333333343,-993.8364480593411
0.1600999999999999,-993.9857483813473
0.16176666666666661,-994.1183919990987
0.16343333333333332,-994.2192216376864
0.16510000000000002,-994.2813222269906
0.16676666666666673,-994.3056204329737
0.16843333333333343,-994.2992129336574
0.17009999999999992,-994.2729263539766
0.17176666666666662,-994.2387142191822
0.17343333333333333,-994.2073333050158
0.17510000000000003,-994.1867324496558
0.17676666666666674,-994.1812423030758
0.17843333333333344,-994.1915334175302
0.18009999999999993,-994.2152448902909
0.18176666666666663,-994.2480227883198
0.1834500000000001,-994.2846470485836
0.1851166666666666,-994.3201676915959
0.1867833333333333,-994.3506824757674
0.18845,-994.3738258417574
0.1901166666666667,-994.3888806711831
0.19178333333333342,-994.3965827088787
0.1934499999999999,-994.3987061243498
0.1951166666666666,-994.3975605975825
0.1967833333333333,-994.3955396275946
0.19845000000000002,-994.3946781542128
0.20011666666666672,-994.396387131138
0.20178333333333343,-994.4013045143342
0.20345000000000013,-994.4093232017054
0.2051166666666666,-994.419749357933
0.20678333333333332,-994.4315119620559
0.20845000000000002,-994.4434701439195
0.21011666666666673,-994.4546180751429
0.2118,-994.4642619204076
0.2134666666666667,-994.4720943432637
0.2151333333333334,-994.4781758796788
0.2168000000000001,-994.4828231793283
0.2184666666666666,-994.4865158733384
0.2201333333333333,-994.4897568758995
0.2218,-994.4929606255577
0.2234666666666667,-994.4964111756982
0.2251333333333334,-994.5002156284173
0.2267999999999999,-994.5043274175862
0.2284666666666666,-994.50862547127
0.2301333333333333,-994.5129374947925
0.2318,-994.5171191331544
0.2334666666666667,-994.5210493144211
0.23513333333333342,-994.5246349063351
0.23680000000000012,-994.527810716316
0.2384666666666666,-994.5305394914609
0.2401333333333333,-994.5328398582213
0.2418166666666668,-994.5347676959516
0.24348333333333327,-994.5364487331996
0.24514999999999998,-994.5380506080287
0.24681666666666668,-994.5397316452767
0.2484833333333334,-994.5416361999427
0.2501500000000001,-994.543824807994
0.2518166666666666,-994.5462974694308
0.2534833333333333,-994.548975021834
0.25515,-994.5517457064948
0.2568166666666667,-994.554460511801
0.2584833333333334,-994.5570076790439
0.2601499999999999,-994.5593033891913
0.2618166666666668,-994.5613383290178
0.2634833333333333,-994.5631497514263
0.26515,-994.5648075056098
0.2668166666666667,-994.5663721275359
0.26849999999999996,-994.5678762134946
0.27016666666666667,-994.5693151068731
0.27183333333333337,-994.5706655246069
0.2735000000000001,-994.5719181534704
0.2751666666666668,-994.5730823066891
0.27683333333333326,-994.5742185202307
0.27849999999999997,-994.5754245829654
0.2801666666666667,-994.5767936271508
0.2818333333333334,-994.5783955019798
0.2835000000000001,-994.5802348640656
0.28516666666666657,-994.5822744605049
0.2868333333333333,-994.5844304722661
0.2885,-994.5865957972532
0.2901666666666667,-994.5886773032083
0.2918333333333334,-994.5906097975516
0.2935000000000001,-994.5923420575411
0.2951666666666668,-994.5938740831772
0.2968333333333333,-994.5952151876852
0.2985,-994.5963933107427
0.3001666666666667,-994.5974317354138
0.30184999999999995,-994.5983304616988
0.30351666666666666,-994.5990801763717
0.30518333333333336,-994.5996808794325
0.30685000000000007,-994.6001232576557
0.3085166666666668,-994.6004585337827
0.31018333333333326,-994.6007705268454
0.31184999999999996,-994.601157025714
0.31351666666666667,-994.6017158192591
0.31518333333333337,-994.6024934736092
0.3168500000000001,-994.6035039586031
0.31851666666666656,-994.6047007081121
0.3201833333333335,-994.6060231861686
0.32184999999999997,-994.6074015435797
0.3235166666666667,-994.6087892142166
0.3251833333333334,-994.6101675716276
0.3268500000000001,-994.6115179893615
0.3285166666666668,-994.6128451240309
0.33020000000000005,-994.6141163793458
0.33186666666666675,-994.6153084722418
0.33353333333333346,-994.6163794932032
0.33519999999999994,-994.6172921893267
0.33686666666666665,-994.6180232775481
0.33853333333333335,-994.6185634446417
0.34020000000000006,-994.6189452868974
0.34186666666666676,-994.6192246836699
0.34353333333333325,-994.6194761407652
0.34519999999999995,-994.6197648507635
0.34686666666666666,-994.6201047835034
0.34853333333333336,-994.6204866257592
0.35020000000000007,-994.6208591547892
0.35186666666666655,-994.6211711478518
0.3535333333333335,-994.6213806954312
0.35519999999999996,-994.621501767366
0.35686666666666667,-994.6215902430106
0.35855000000000015,-994.6217299413969
0.36021666666666663,-994.6220046815565
0.36188333333333333,-994.6224656862312
0.36355000000000004,-994.6230989855821
0.36521666666666674,-994.6238673267065
0.36688333333333345,-994.6246775773469
0.36854999999999993,-994.6254598883099
0.37021666666666664,-994.6261257839511
0.37188333333333334,-994.6266426679803
0.37355000000000005,-994.6270105403974
0.37521666666666675,-994.6272945937827
0.37688333333333324,-994.6275600207166
0.37854999999999994,-994.6278813270051
0.38021666666666665,-994.628291108938
0.38188333333333335,-994.628775396677
0.38355000000000006,-994.6292876240934
0.38521666666666676,-994.6297625986067
0.38688333333333347,-994.630158410701
0.3885666666666667,-994.6304704037636
0.39023333333333343,-994.6307451439234
0.39190000000000014,-994.6310711068246
0.3935666666666666,-994.6315367681121
0.3952333333333333,-994.6322119769791
0.39690000000000003,-994.6331293297154
0.39856666666666674,-994.6342422601927
0.40023333333333344,-994.6354762626046
0.4018999999999999,-994.6367056084036
0.40356666666666663,-994.6378185388809
0.40523333333333333,-994.6387265783915
0.40690000000000004,-994.639378504194
0.40856666666666674,-994.6397696596755
0.4102333333333332,-994.6399140146747
0.41190000000000015,-994.6398488220945
0.41356666666666664,-994.6396206480636
0.41523333333333334,-994.6392714020978
0.41690000000000005,-994.6388616201649
0.4185833333333333,-994.638447181619
0.42025,-994.6381165621049
0.4219166666666667,-994.6379768637186
0.4235833333333334,-994.6380979356534
0.42525000000000013,-994.6385263440378
0.4269166666666666,-994.6392248359691
0.4285833333333333,-994.6401002791897
0.43025,-994.641022288539
0.4319166666666667,-994.6418511656308
0.43358333333333343,-994.642479808369
0.4352499999999999,-994.6428616506247
0.4369166666666666,-994.6430060056239
0.4385833333333333,-994.6429780659466
0.44025000000000003,-994.6428663072376
0.44191666666666674,-994.6427452353029
0.4435833333333332,-994.6426707294968
0.44525000000000015,-994.6426660728839
0.44691666666666663,-994.6427312654642
0.4485999999999999,-994.6428383675603
0.4502666666666668,-994.6429827225595
0.4519333333333333,-994.6431689870744
0.4536,-994.6434390706213
0.4552666666666667,-994.6438628223929
0.4569333333333334,-994.6444868085182
0.4586000000000001,-994.6453436252872
0.4602666666666666,-994.6463867065713
0.4619333333333333,-994.6475229201128
0.4636,-994.6486218807514
0.4652666666666667,-994.6495578599394
0.4669333333333334,-994.6502377254191
0.4685999999999999,-994.6506335375135
0.4702666666666666,-994.6507732358998
0.4719333333333333,-994.6507313263838
0.4736,-994.6505916279976
0.4752666666666667,-994.6504146767084
0.47695,-994.6502423820319
0.4786166666666667,-994.6500840571942
0.4802833333333334,-994.6499536720337
0.4819500000000001,-994.6498419133247
0.4836166666666668,-994.6497720641315
0.4852833333333333,-994.6497767207444
0.48695,-994.6499117625178
0.4886166666666667,-994.6502377254191
0.4902833333333334,-994.6507918623513
0.49195,-994.6515602034757
0.4936166666666667,-994.6524868694379
0.4952833333333333,-994.6534740713674
0.49695,-994.6543960807167
0.4986166666666667,-994.6551551086154
0.5002833333333333,-994.6556952757089
0.50195,-994.6560212386102
0.5036166666666667,-994.6561702502222
0.5052833333333333,-994.6561981898994
0.5069666666666667,-994.6561655936093
0.5086333333333334,-994.656100401029
0.5103,-994.6560165819973
0.5119666666666667,-994.6559048232883
0.5136333333333334,-994.6557558116763
0.5153,-994.6555742037741
0.5169666666666667,-994.6553972524849
0.5186333333333334,-994.6552715239372
0.5203,-994.6552528974858
0.5219666666666667,-994.6553786260333
0.5236333333333334,-994.6556347397415
0.5253,-994.6559793290943
0.5269666666666667,-994.6563332316728
0.5286333333333334,-994.6566219416711
0.5303,-994.6567895797345
0.5319666666666667,-994.6568221760247
0.5336333333333334,-994.6567616400573
0.5353,-994.6567057607028
0.5369833333333334,-994.6567523268316
0.5386500000000001,-994.6569805008625
0.5403166666666667,-994.6574135658599
0.5419833333333334,-994.6580002990821
0.5436500000000001,-994.6586382550461
0.5453166666666667,-994.6592063618168
0.5469833333333334,-994.6595975172984
0.54865,-994.6597651553618
0.5503166666666667,-994.6597372156846
0.5519833333333334,-994.6596068305241
0.55365,-994.6594671321378
0.5553166666666667,-994.6594159093962
0.5569833333333334,-994.6594950718151
0.55865,-994.6597092760073
0.5603333333333333,-994.6600398955215
0.562,-994.6604403642287
0.5636666666666666,-994.6608641160004
0.5653333333333334,-994.6612878677721
0.5670000000000001,-994.6616929930922
0.5686666666666667,-994.662074835348
0.5703333333333334,-994.6624194247007
0.5720000000000001,-994.6626988214732
0.5736666666666667,-994.662857146311
0.5753333333333334,-994.6628431764724
0.5770000000000001,-994.6626056892158
0.5786666666666667,-994.6621307147025
0.5803333333333334,-994.6614555058355
0.5820000000000001,-994.6606685382596
0.5836666666666667,-994.6598955405224
0.5853333333333334,-994.6592575845584
0.5870000000000001,-994.6588338327869
0.5886666666666667,-994.6586475682718
0.5903333333333334,-994.6586708513362
0.5920000000000001,-994.6588431460126
0.5936833333333333,-994.6591178861722
0.59535,-994.6594578189121
0.5970166666666666,-994.6598443177808
0.5986833333333333,-994.6602960092297
0.60035,-994.6608315197103
0.6020166666666666,-994.6614461926098
0.6036833333333333,-994.6621260580896
0.60535,-994.6628338632466
0.6070166666666666,-994.6634997588878
0.6086833333333334,-994.6640725222715
0.6103500000000001,-994.6644916174303
0.6120166666666667,-994.6647523877513
0.6136833333333334,-994.6648967427503
0.6153500000000001,-994.6649898750079
0.6170166666666667,-994.6651156035555
0.6186833333333334,-994.6653158379091
0.6203500000000001,-994.6655859214559
0.6220166666666667,-994.6658606616155
0.6237,-994.6660515827434
0.6253666666666667,-994.6660795224207
0.6270333333333333,-994.6659165409701
0.6287,-994.6655905780688
0.6303666666666667,-994.6651947659744
0.6320333333333333,-994.6648501766216
0.6337,-994.6646732253323
0.6353666666666667,-994.6647430745255
0.6370333333333333,-994.6650876638782
0.6387,-994.6656837103263
0.6403666666666668,-994.6664520514507
0.6420333333333333,-994.6672809285425
0.6437,-994.6680399564411
0.6453666666666666,-994.6686313462764
0.6470333333333333,-994.6689945620806
0.6487,-994.669129603854
0.6503666666666666,-994.6690644112737
0.6520333333333334,-994.6688502070815
0.6537166666666667,-994.6685428706317
0.6553833333333333,-994.6681843114403
0.65705,-994.6678117824102
0.6587166666666667,-994.667448566606
0.6603833333333333,-994.6671365735434
0.66205,-994.6669223693511
0.6637166666666667,-994.6668664899966
0.6653833333333333,-994.6669968751571
0.66705,-994.6673042116068
0.6687166666666667,-994.6677326199914
0.6703833333333333,-994.6682029378918
0.67205,-994.6686220330506
0.6737166666666667,-994.6689200562746
0.6753833333333333,-994.6690411282093
0.67705,-994.6689712790162
0.6787166666666667,-994.6687291351467
0.6803833333333333,-994.6683659193425
0.68205,-994.6679281977322
0.6837333333333334,-994.6674765062833
0.6854,-994.6670294714472
0.6870666666666667,-994.6665917498369
0.6887333333333334,-994.666144715001
0.6904,-994.6656557706491
0.6920666666666667,-994.6651295733941
0.6937333333333333,-994.664612689365
0.6954,-994.6641749677547
0.6970666666666667,-994.6639095408208
0.6987333333333333,-994.6638676313049
0.7004,-994.6640445825942
0.7020666666666667,-994.6643891719469
0.7037333333333333,-994.6648129237186
0.7054,-994.6652273622645
0.7070666666666667,-994.6655579817786
0.7087333333333333,-994.6657628727452
0.7104,-994.6658373785511
0.7120833333333334,-994.6657954690353
0.71375,-994.6656697404877
0.7154166666666667,-994.6655207288757
0.7170833333333334,-994.6654043135537
0.71875,-994.6653670606507
0.7204166666666667,-994.6654322532311
0.7220833333333334,-994.6655719516173
0.72375,-994.6657489029066
0.7254166666666667,-994.6659072277444
0.7270833333333334,-994.6660329562919
0.72875,-994.6661354017751
0.7304166666666667,-994.6662331906456
0.7320833333333334,-994.666326322903
0.73375,-994.6663915154834
0.7354166666666667,-994.6663961720963
0.7370833333333334,-994.6662844133872
0.73875,-994.6660562393563
0.7404333333333334,-994.6657395896808
0.7421,-994.6654089701667
0.7437666666666667,-994.6651481998456
0.7454333333333334,-994.6650410977495
0.7471,-994.6651202601684
0.7487666666666667,-994.6653856871022
0.7504333333333334,-994.6658140954868
0.7521,-994.6663496059674
0.7537666666666667,-994.6669223693511
0.7554333333333334,-994.6674578798318
0.7571,-994.6678862882163
0.7587666666666667,-994.6681703416017
0.7604333333333334,-994.6682867569235
0.7621,-994.6682541606334
0.7637666666666667,-994.6681004924086
0.7654333333333334,-994.6678443787004
0.7671,-994.667523072412
0.7687666666666667,-994.6671551999949
0.7704333333333334,-994.6667873275777
0.7721166666666667,-994.666479991128
0.7737833333333334,-994.666326322903
0.7754500000000001,-994.6664147985477
0.7771166666666667,-994.6667873275777
0.7787833333333334,-994.6674392533803
0.7804500000000001,-994.6682821003106
0.7821166666666667,-994.6692134228857
0.7837833333333334,-994.6701028359449
0.7854500000000001,-994.6708711770693
0.7871166666666667,-994.6714579102916
0.7887833333333334,-994.6718723488375
0.79045,-994.6721610588357
0.7921166666666667,-994.6723845762538
0.7937833333333334,-994.6726174068975
0.79545,-994.6729107735086
0.7971166666666667,-994.6732833025387
0.7987833333333334,-994.6736977410845
0.8004666666666667,-994.6741028664047
0.8021333333333334,-994.6744148594673
0.8038000000000001,-994.6746011239824
0.8054666666666667,-994.6746756297883
0.8071333333333334,-994.6747082260786
0.8088000000000001,-994.674801358336
0.8104666666666667,-994.6750388455927
0.8121333333333334,-994.6754439709129
0.8138000000000001,-994.6760120776836
0.8154666666666667,-994.6766733167119
0.8171333333333334,-994.6773531821916
0.8188000000000001,-994.6779864815427
0.8204666666666667,-994.6785359618619
0.8221333333333334,-994.6789876533109
0.8238000000000001,-994.6793648389538
0.8254666666666667,-994.6797001150808
0.8271333333333334,-994.6800167647563
0.8288000000000001,-994.6803147879804
0.8304833333333334,-994.6805802149142
0.8321500000000001,-994.6807897624936
0.8338166666666668,-994.6808968645897
0.8354833333333334,-994.6808968645897
0.8371500000000001,-994.6807990757194
0.8388166666666667,-994.6806500641073
0.8404833333333334,-994.6805243355597
0.8421500000000001,-994.6804684562052
0.8438166666666667,-994.6804870826567
0.8454833333333334,-994.6805615884628
0.8471500000000001,-994.6806360942687
0.8488166666666667,-994.6806593773331
0.8504833333333334,-994.6806128112044
0.8521500000000001,-994.6805243355597
0.8538166666666667,-994.6804637995923
0.8554833333333334,-994.6804963958824
0.8571666666666667,-994.6806826603975
0.8588333333333333,-994.6810225931373
0.8605,-994.6814789411991
0.8621666666666667,-994.681967885551
0.8638333333333333,-994.6824009505484
0.8655,-994.6826989737724
0.8671666666666668,-994.6827967626429
0.8688333333333333,-994.6826803473209
0.8705,-994.6823823240969
0.8721666666666668,-994.6819818553896
0.8738333333333334,-994.6815813866824
0.8755000000000001,-994.6812554237811
0.8771666666666668,-994.6810691592661
0.8788333333333334,-994.6810179365244
0.8805000000000001,-994.6810924423305
0.8821666666666667,-994.6812507671682
0.8838333333333334,-994.681483597812
0.8855000000000001,-994.6817955908747
0.8871666666666667,-994.6822146860334
0.88885,-994.6827641663527
0.8905166666666667,-994.6834347186067
0.8921833333333333,-994.6841890898925
0.89385,-994.6849481177912
0.8955166666666667,-994.6856279832709
0.8971833333333333,-994.6861541805258
0.89885,-994.6864754868143
0.9005166666666667,-994.6865779322975
0.9021833333333333,-994.6864894566529
0.90385,-994.6862705958478
0.9055166666666667,-994.6859818858495
0.9071833333333333,-994.6856698927869
0.90885,-994.6853485864984
0.9105166666666668,-994.68499468392
0.9121833333333333,-994.6845755887612
0.91385,-994.6840680179578
0.9155166666666668,-994.6834812847355
0.9171833333333334,-994.6828852382874
0.9188666666666667,-994.6823916373227
0.9205333333333334,-994.6821122405502
0.9222,-994.6821262103888
0.9238666666666667,-994.68245217329
0.9255333333333334,-994.683015623448
0.9272,-994.6837094587663
0.9288666666666667,-994.6844032940847
0.9305333333333333,-994.6849760574685
0.9322,-994.6853672129499
0.9338666666666667,-994.6855627906907
0.9355333333333333,-994.6856047002066
0.9372,-994.6855627906907
0.9388666666666667,-994.6854975981105
0.9405333333333333,-994.6854556885946
0.9422,-994.6854324055303
0.9438666666666667,-994.6854184356915
0.9455333333333333,-994.6853672129499
0.9472166666666667,-994.6852601108538
0.9488833333333334,-994.6851064426289
0.95055,-994.6849760574685
0.9522166666666667,-994.6849620876299
0.9538833333333334,-994.6851530087577
0.95555,-994.6856000435937
0.9572166666666667,-994.6862659392349
0.9588833333333334,-994.6870482501979
0.96055,-994.6877979648708
0.9622166666666667,-994.6883940113189
0.9638833333333334,-994.6887432572845
0.96555,-994.6888457027678
0.9672166666666667,-994.6887525705102
0.9688833333333334,-994.688538366318
0.97055,-994.6882822526098
0.9722166666666667,-994.6880121690631
0.9738833333333334,-994.6877281156777
0.97555,-994.6873928395507
0.9772333333333334,-994.6869784010048
0.9789,-994.68648480004
0.9805666666666667,-994.6859399763337
0.9822333333333334,-994.6854230923044
0.9839,-994.6850365934358
0.9855666666666667,-994.6848596421465
0.9872333333333334,-994.6849341479525
0.9889,-994.6852321711766
0.9905666666666667,-994.6856698927869
0.9922333333333334,-994.6861308974615
0.9939,-994.6865034264915
0.9955666666666667,-994.6867222872967
0.9972333333333334,-994.6867967931026
0.9989,-994.6867921364898
1.0005666666666666,-994.6868154195541
1.0022333333333333,-994.6869504613276
1.0039,-994.6872531411644
1.0055666666666667,-994.687718802452
1.00725,-994.6883055356742
1.0089166666666667,-994.6889248651867
1.0105833333333334,-994.6894883153445
1.01225,-994.6899353501806
1.0139166666666668,-994.6902473432432
1.0155833333333333,-994.690442920984
1.01725,-994.6905872759831
1.0189166666666667,-994.6907316309822
1.0205833333333334,-994.690927208723
1.02225,-994.6911740092054
1.0239166666666668,-994.6914254663006
1.0255833333333333,-994.6916024175899
1.02725,-994.6916257006543
1.0289166666666667,-994.6914440927521
1.0305833333333334,-994.6910669071093
1.0322500000000001,-994.6905593363059
1.0339166666666668,-994.6900098559865
1.0356,-994.6895022851832
1.0372666666666668,-994.6890971598631
1.0389333333333335,-994.6888037932519
1.0406,-994.688612872124
1.0422666666666667,-994.6884871435764
1.0439333333333334,-994.6883986679318
1.0456,-994.6883334753514
1.0472666666666668,-994.6882915658356
1.0489333333333333,-994.6882915658356
1.0506,-994.6883427885772
1.0522666666666667,-994.6884545472863
1.0539333333333334,-994.6886175287369
1.0556,-994.6888084498647
1.0572666666666668,-994.688985401154
1.0589333333333333,-994.689101816476
1.0606,-994.6891297561532
1.0622666666666667,-994.6890878466373
1.0639333333333334,-994.6890040276055
1.0656166666666667,-994.6889434916382
1.0672833333333334,-994.688948148251
1.06895,-994.6890366238956
1.0706166666666668,-994.6891949487334
1.0722833333333335,-994.6893719000227
1.07395,-994.6895022851832
1.0756166666666667,-994.6895395380861
1.0772833333333334,-994.689469688893
1.07895,-994.6893160206681
1.0806166666666668,-994.6891390693789
1.0822833333333335,-994.6890040276055
1.08395,-994.6889621180896
1.0856166666666667,-994.6890319672827
1.0872833333333334,-994.6892228884107
1.08895,-994.6895255682475
1.0906166666666668,-994.6899120671162
1.0922833333333335,-994.6903591019523
1.0939666666666668,-994.6908433896913
1.0956333333333335,-994.6913649303333
1.0973,-994.6919144106525
1.0989666666666666,-994.6925058004878
1.1006333333333334,-994.6931204733872
1.1023,-994.6937491161254
1.1039666666666668,-994.6943498191863
1.1056333333333335,-994.6948713598283
1.1073,-994.6952438888584
1.1089666666666667,-994.6954348099862
1.1106333333333334,-994.6954348099862
1.1123,-994.6952671719228
1.1139666666666668,-994.6949877751503
1.1156333333333335,-994.6946385291845
1.1173,-994.694252030316
1.1189666666666667,-994.6938422483829
1.1206333333333334,-994.6933998701597
1.1223,-994.6929248956465
1.1239833333333333,-994.6924359512946
1.12565,-994.691970290007
1.1273166666666667,-994.6915931043642
1.1289833333333334,-994.6913789001719
1.1306500000000002,-994.6913789001719
1.1323166666666666,-994.6915977609771
1.1339833333333333,-994.6920215127487
1.13565,-994.6925896195195
1.1373166666666668,-994.6932229188704
1.1389833333333335,-994.6938236219314
1.1406500000000002,-994.6943218795091
1.1423166666666666,-994.6946524990232
1.1439833333333334,-994.6947828841837
1.14565,-994.6947037217649
1.1473333333333333,-994.6944196683794
1.149,-994.6939540070919
1.1506666666666667,-994.6933253643538
1.1523333333333334,-994.6925896195195
1.1540000000000001,-994.6917979953307
1.1556666666666666,-994.6910249975933
1.1573333333333333,-994.6903637585651
1.159,-994.6898980972776
1.1606666666666667,-994.6896885496982
1.1623333333333334,-994.6897630555042
1.1640000000000001,-994.690107644857
1.1656666666666666,-994.6906757516277
1.1673333333333333,-994.6914068398492
1.169,-994.6922403735538
1.1706666666666667,-994.6931018469357
1.1723333333333334,-994.6939214108017
1.1740000000000002,-994.6946431857974
1.1756666666666666,-994.6952345756326
1.1773333333333333,-994.6956769538557
1.179,-994.6959703204669
1.1806666666666668,-994.6961193320789
1.18235,-994.6961333019175
1.1840166666666667,-994.6960075733699
1.1856833333333334,-994.695742146436
1.1873500000000001,-994.6953603041802
1.1890166666666668,-994.6949132693442
1.1906833333333333,-994.6944848609597
1.19235,-994.6941542414455
1.1940166666666667,-994.6939679769305
1.1956833333333334,-994.6939307240275
1.1973500000000001,-994.693991259995
1.1990166666666666,-994.6941076753168
1.2006833333333333,-994.6942427170902
1.20235,-994.6943824154764
1.2040166666666667,-994.6945593667657
1.2056833333333334,-994.6948154804738
1.2073500000000001,-994.6951973227297
1.2090166666666666,-994.6957328332103
1.2106833333333333,-994.6963940722385
1.2123666666666668,-994.697120503847
1.2140333333333333,-994.6978236523912
1.2157,-994.6983917591621
1.2173666666666667,-994.6987363485148
1.2190333333333334,-994.6987922278693
1.2207000000000001,-994.6985547406126
1.2223666666666668,-994.6980704528736
1.2240333333333333,-994.6974511233612
1.2257,-994.6967898843329
1.2273666666666667,-994.6961752114335
1.2290333333333334,-994.6956350443398
1.2307000000000001,-994.6951647264394
1.2323666666666668,-994.6947456312807
1.2340333333333333,-994.6943917287022
1.2357,-994.6941216451554
1.2373666666666667,-994.6939866033821
1.2390333333333334,-994.6940471393494
1.2407166666666667,-994.6943405059606
1.2423833333333334,-994.6948620466026
1.24405,-994.6955651951467
1.2457166666666668,-994.696375445787
1.2473833333333333,-994.6971903530402
1.24905,-994.697907471423
1.2507166666666667,-994.6984476385165
1.2523833333333334,-994.6987596315792
1.25405,-994.6988574204496
1.2557166666666668,-994.6987968844821
1.2573833333333333,-994.6986804691603
1.25905,-994.6985826802899
1.2607166666666667,-994.698540770774
1.2623833333333334,-994.6985500839997
1.2640500000000001,-994.6985500839997
1.2657166666666668,-994.6984988612581
1.2673833333333333,-994.6983731327106
1.26905,-994.698205494647
1.2707166666666667,-994.6980657962607
1.2724,-994.6980285433577
1.2740666666666667,-994.6981403020668
1.2757333333333334,-994.6983964157749
1.2774,-994.6987503183534
1.2790666666666668,-994.6991275039964
1.2807333333333335,-994.6994441536718
1.2824,-994.6996490446384
1.2840666666666667,-994.6997282070572
1.2857333333333334,-994.6997235504443
1.2874,-994.6996909541542
1.2890666666666668,-994.6996909541542
1.2907333333333333,-994.6997608033473
1.2924,-994.6998911885079
1.2940666666666667,-994.7000215736683
1.2957333333333334,-994.7000634831842
1.2974,-994.6999330980237
1.2990666666666668,-994.6996024785096
1.30075,-994.6991135341577
1.3024166666666668,-994.6985966501285
1.3040833333333335,-994.6982287777114
1.30575,-994.6981542719054
1.3074166666666667,-994.6984569517423
1.3090833333333334,-994.6991135341577
1.31075,-994.7000215736683
1.3124166666666668,-994.7010320586622
1.3140833333333335,-994.7019959775274
1.31575,-994.7027922583292
1.3174166666666667,-994.7033650217128
1.3190833333333334,-994.7037142676784
1.32075,-994.7038632792904
1.3224166666666668,-994.7038632792904
1.3240833333333335,-994.7037515205815
1.32575,-994.7035559428407
1.3274166666666667,-994.7032718894553
1.3291000000000002,-994.7028760773609
1.3307666666666667,-994.7023591933317
1.3324333333333334,-994.7017352072064
1.3341,-994.7010786247911
1.3357666666666668,-994.7005012047945
1.3374333333333335,-994.700110049313
1.3391,-994.6999843207653
1.3407666666666667,-994.7001286757645
1.3424333333333334,-994.7004779217301
1.3441,-994.700929613179
1.3457666666666668,-994.7013673347893
1.3474333333333335,-994.7017072675292
1.3491,-994.7019400981729
1.3507666666666667,-994.7020797965592
1.3524333333333334,-994.7021822420425
1.3541,-994.7022986573644
1.3557666666666668,-994.7024383557506
1.3574333333333335,-994.7026059938141
1.3591166666666668,-994.7027736318777
1.3607833333333335,-994.7029040170381
1.3624500000000002,-994.7029598963926
1.3641166666666666,-994.7029226434896
1.3657833333333333,-994.7028015715549
1.36745,-994.7026618731686
1.3691166666666668,-994.7025640842983
1.3707833333333335,-994.7025640842983
1.3724500000000002,-994.7026804996201
1.3741166666666667,-994.702871420748
1.3757833333333334,-994.7030623418759
1.37745,-994.7031554741334
1.3791166666666668,-994.7031042513918
1.3807833333333335,-994.702908673651
1.38245,-994.7026153070399
1.3841166666666667,-994.7023172838159
1.3857833333333334,-994.7020937663979
1.38745,-994.7019820076888
1.3891333333333333,-994.7020006341403
1.3908,-994.702126362688
1.3924666666666667,-994.7023219404288
1.3941333333333334,-994.702536144621
1.3958000000000002,-994.7027363789746
1.3974666666666666,-994.7028900471995
1.3991333333333333,-994.7030111191343
1.4008,-994.7031135646175
1.4024666666666668,-994.7032253233265
1.4041333333333335,-994.7033463952613
1.4058000000000002,-994.7034488407445
1.4074666666666666,-994.7034907502604
1.4091333333333333,-994.7034069312286
1.4108,-994.703169443972
1.4124666666666668,-994.7028108847807
1.4141333333333335,-994.7024430123635
1.4158000000000002,-994.7022194949454
1.4174666666666667,-994.7022986573644
1.4191500000000001,-994.7027736318777
1.4208166666666668,-994.7036490750982
1.4224833333333333,-994.704813228317
1.42415,-994.7060891402448
1.4258166666666667,-994.7072672633022
1.4274833333333334,-994.7081566763615
1.4291500000000001,-994.7086363074876
1.4308166666666666,-994.708659590552
1.4324833333333333,-994.7082777482962
1.43415,-994.7075932262035
1.4358166666666667,-994.7067364094345
1.4374833333333334,-994.7058237133109
1.4391500000000002,-994.7049389568646
1.4408166666666666,-994.7041240496114
1.4424833333333333,-994.7033789915514
1.44415,-994.7027130959102
1.4458333333333333,-994.7021543023652
1.4475,-994.7017678034965
1.4491666666666667,-994.7016374183361
1.4508333333333334,-994.7018097130125
1.4525000000000001,-994.7022893441386
1.4541666666666668,-994.7030111191343
1.4558333333333333,-994.7038632792904
1.4575,-994.7047154394467
1.4591666666666667,-994.705451184281
1.4608333333333334,-994.7059960079873
1.4625000000000001,-994.7063266275014
1.4641666666666668,-994.7064709825006
1.4658333333333333,-994.7064709825006
1.4675,-994.706377850243
1.4691666666666667,-994.7062195254053
1.4708333333333334,-994.7060192910517
1.4725000000000001,-994.7057678339564
1.4741666666666668,-994.705451184281
1.47585,-994.7050646854123
1.4775166666666668,-994.7046409336406
1.4791833333333333,-994.7042358083205
1.48085,-994.7039331284835
1.4825166666666667,-994.7038167131617
1.4841833333333334,-994.7039424417093
1.4858500000000001,-994.7043056575136
1.4875166666666668,-994.7048458246071
1.4891833333333333,-994.7054698107324
1.49085,-994.7060518873418
1.4925166666666667,-994.7064896089521
1.4941833333333334,-994.7067131263701
1.4958500000000001,-994.7067038131444
1.4975166666666668,-994.7064663258877
1.4991833333333333,-994.7060565439547
1.50085,-994.7055303466998
1.5025166666666667,-994.7049529267032
1.5041833333333334,-994.7043848199324
1.5058500000000001,-994.7038819057419
1.5075333333333334,-994.7035000634862
1.5092,-994.7032905159068
1.5108666666666668,-994.7032951725197
1.5125333333333335,-994.703546629615
1.5142,-994.7040495438055
1.5158666666666667,-994.7047526923496
1.5175333333333334,-994.7055815694414
1.5192,-994.7064337295976
1.5208666666666668,-994.707202070722
1.5225333333333335,-994.7077701774928
1.5242,-994.7080728573296
1.5258666666666667,-994.708096140394
1.5275333333333334,-994.7078865928147
1.5292000000000001,-994.7075326902361
1.5308666666666668,-994.7071275649159
1.5325333333333333,-994.7067457226602
1.5342,-994.7064290729847
1.5358833333333335,-994.706196242341
1.53755,-994.7060379175032
1.5392166666666667,-994.70593547202
1.5408833333333334,-994.7058702794396
1.54255,-994.705819056698
1.5442166666666668,-994.7057631773436
1.5458833333333335,-994.7056840149246
1.54755,-994.705558286377
1.5492166666666667,-994.705372021862
1.5508833333333334,-994.7051298779925
1.55255,-994.7048458246071
1.5542166666666668,-994.7045478013831
1.5558833333333335,-994.7042684046106
1.55755,-994.7040635136441
1.5592166666666667,-994.7039703813865
1.5608833333333334,-994.704030917354
1.56255,-994.704254434772
1.5642166666666668,-994.704626963802
1.5659,-994.7050926250895
1.5675666666666668,-994.7055769128285
1.5692333333333335,-994.7060006646002
1.5709000000000002,-994.7063033444371
1.5725666666666667,-994.7064709825006
1.5742333333333334,-994.706531518468
1.5759,-994.7065454883066
1.5775666666666668,-994.7065687713709
1.5792333333333335,-994.7066246507254
1.5809,-994.7067084697572
1.5825666666666667,-994.706792288789
1.5842333333333334,-994.7068435115306
1.5859,-994.7068574813692
1.5875666666666668,-994.7068435115306
1.5892333333333335,-994.706829541692
1.5909,-994.7068621379821
1.5925666666666667,-994.7069832099169
1.5942500000000002,-994.7072206971735
1.5959166666666667,-994.7075606299134
1.5975833333333334,-994.7079704118464
1.59925,-994.7083848503923
1.6009166666666668,-994.7087480661966
1.6025833333333335,-994.7089995232918
1.6042500000000002,-994.7091112820009
1.6059166666666667,-994.7090973121622
1.6075833333333334,-994.7089902100661
1.60925,-994.7088365418412
1.6109166666666668,-994.7086549339391
1.6125833333333335,-994.7084500429726
1.6142500000000002,-994.7082078991031
1.6159166666666667,-994.7079238457177
1.6175833333333334,-994.7076211658807
1.61925,-994.7073277992696
1.6209166666666668,-994.7071089384644
1.6225833333333335,-994.7070297760456
1.6242666666666667,-994.7071461913674
1.6259333333333335,-994.7074721542688
1.6276000000000002,-994.7079890382979
1.6292666666666666,-994.7086363074876
1.6309333333333333,-994.7093394560317
1.6326,-994.7100239781244
1.6342666666666668,-994.7106060547338
1.6359333333333335,-994.7110298065054
1.6376000000000002,-994.7112812636007
1.6392666666666666,-994.7113650826325
1.6409333333333334,-994.7113324863424
1.6426,-994.7112207276333
1.6442666666666668,-994.7110624027956
1.6459333333333335,-994.7108668250548
1.6476000000000002,-994.7106153679596
1.6492666666666667,-994.7103080315097
1.6509333333333334,-994.7099541289313
1.6526,-994.7096095395785
1.6542833333333333,-994.7093487692574
1.65595,-994.7092463237742
1.6576166666666667,-994.7093580824833
1.6592833333333334,-994.7096933586103
1.6609500000000001,-994.7102148992523
1.6626166666666669,-994.7108668250548
1.6642833333333333,-994.7115839434376
1.66595,-994.7122964052076
1.6676166666666667,-994.7129390177843
1.6692833333333335,-994.7134791848778
1.6709500000000002,-994.7139029366494
1.6726166666666666,-994.7142288995507
1.6742833333333333,-994.714480356646
1.67595,-994.7146899042253
1.6776166666666668,-994.7148575422889
1.6792833333333335,-994.714969300998
1.6809500000000002,-994.7149925840623
1.6826333333333334,-994.7148947951919
1.6843000000000001,-994.7146899042253
1.6859666666666668,-994.7144384471301
1.6876333333333333,-994.7142475260023
1.6893,-994.7142288995507
1.6909666666666667,-994.7144524169687
1.6926333333333334,-994.7149087650305
1.6943000000000001,-994.715528094543
1.6959666666666668,-994.7161893335713
1.6976333333333333,-994.7167807234064
1.6993,-994.7172091317909
1.7009666666666667,-994.717432649209
1.7026333333333334,-994.7174605888862
1.7043000000000001,-994.7173395169514
1.7059666666666669,-994.7171346259848
1.7076333333333333,-994.716906451954
1.7093,-994.7166922477618
1.7109666666666667,-994.716496670021
1.71265,-994.7163057488931
1.7143166666666667,-994.7160682616365
1.7159833333333334,-994.7157702384125
1.7176500000000001,-994.7154303056725
1.7193166666666668,-994.7151043427713
1.7209833333333333,-994.7148808253532
1.72265,-994.7148249459988
1.7243166666666667,-994.7149413613206
1.7259833333333334,-994.7151648787386
1.7276500000000001,-994.7153883961566
1.7293166666666668,-994.7154954982528
1.7309833333333333,-994.7153930527695
1.73265,-994.7150670898683
1.7343166666666667,-994.7145595190649
1.7359833333333334,-994.7139588160039
1.7376500000000001,-994.7133487997173
1.7393333333333334,-994.7128132892367
1.741,-994.712389537465
1.7426666666666668,-994.7121101406925
1.7443333333333335,-994.7119564724676
1.746,-994.7118959365002
1.7476666666666667,-994.7118866232745
1.7493333333333334,-994.7118866232745
1.7510000000000001,-994.7118866232745
1.7526666666666668,-994.7118912798874
1.7543333333333335,-994.7118959365002
1.756,-994.7118866232745
1.7576666666666667,-994.7118167740814
1.7593333333333334,-994.7116351661792
1.7610000000000001,-994.7112998900521
1.7626666666666668,-994.7108109457002
1.7643333333333333,-994.7102148992523
1.766,-994.7096141961914
1.7676666666666667,-994.7091299084524
1.7693333333333334,-994.7088598249055
1.7710166666666667,-994.7088691381314
1.7726833333333334,-994.7091531915167
1.77435,-994.7096700755459
1.7760166666666668,-994.7103220013483
1.7776833333333335,-994.7110018668282
1.77935,-994.7116025698891
1.7810166666666667,-994.7120449481123
1.7826833333333334,-994.7123196882719
1.78435,-994.7124547300452
1.7860166666666668,-994.7125338924642
1.7876833333333335,-994.7126316813345
1.78935,-994.7127993193981
1.7910166666666667,-994.713027493429
1.7926833333333334,-994.7132789505242
1.7943500000000001,-994.7134838414906
1.7960166666666668,-994.7136095700383
1.7976833333333335,-994.7136607927799
1.79935,-994.7137166721344
1.8010333333333335,-994.7138703403593
1.8027000000000002,-994.714214929712
1.8043666666666667,-994.71477837987
1.8060333333333334,-994.7155327511558
1.8077,-994.7163988811506
1.8093666666666668,-994.7172836375969
1.8110333333333335,-994.7180752617857
1.8127,-994.7186945912981
1.8143666666666667,-994.7190997166182
1.8160333333333334,-994.7192906377461
1.8177,-994.7193232340362
1.8193666666666668,-994.7192626980689
1.8210333333333335,-994.7191742224243
1.8227,-994.7190904033924
1.8243666666666667,-994.718997271135
1.8260333333333334,-994.7188575727487
1.8277,-994.7186293987179
1.8293833333333334,-994.7182894659779
1.83105,-994.7178796840449
1.8327166666666668,-994.7174745587248
1.8343833333333335,-994.7171625656621
1.8360500000000002,-994.7170042408244
1.8377166666666667,-994.717018210663
1.8393833333333334,-994.7171718788879
1.84105,-994.7174093661446
1.8427166666666668,-994.7176654798527
1.8443833333333335,-994.7178843406577
1.8460500000000002,-994.7180519787213
1.8477166666666667,-994.7181730506561
1.8493833333333334,-994.7182848093651
1.85105,-994.7184291643642
1.8527166666666668,-994.7186340553308
1.8543833333333335,-994.7188948256518
1.8560500000000002,-994.7191928488758
1.8577166666666667,-994.719481558874
1.8594000000000002,-994.7197004196792
1.8610666666666666,-994.7198075217752
1.8627333333333334,-994.7198121783881
1.8644,-994.7197656122594
1.8660666666666668,-994.7197516424208
1.8677333333333335,-994.7198354614525
1.8694000000000002,-994.7200636354834
1.8710666666666667,-994.7204128814491
1.8727333333333334,-994.7208366332208
1.8744,-994.7212557283794
1.8760666666666668,-994.7215956611194
1.8777333333333335,-994.7218098653117
1.8794000000000002,-994.7219029975691
1.8810666666666667,-994.721907654182
1.8827333333333334,-994.7218797145048
1.8844,-994.7218750578919
1.8860666666666668,-994.7219402504721
1.8877333333333335,-994.722093918697
1.8894166666666667,-994.722322092728
1.8910833333333334,-994.7225688932103
1.8927500000000002,-994.722764470951
1.8944166666666669,-994.72284363337
1.8960833333333333,-994.722764470951
1.89775,-994.7225223270815
1.8994166666666668,-994.7221404848258
1.9010833333333335,-994.7216608536996
1.9027500000000002,-994.721125343219
1.9044166666666669,-994.7205712062868
1.9060833333333334,-994.7200217259675
1.90775,-994.7195048419384
1.9094166666666668,-994.7190671203281
1.9110833333333335,-994.7187458140397
1.9127500000000002,-994.7185781759762
1.9144166666666667,-994.718582832589
1.9160833333333334,-994.718736500814
1.9177666666666668,-994.7190019277479
1.9194333333333333,-994.719332547262
1.9211,-994.7196771366148
1.9227666666666667,-994.720003099516
1.9244333333333334,-994.7202778396756
1.9261000000000001,-994.7204920438679
1.9277666666666669,-994.72064105548
1.9294333333333333,-994.7207155612859
1.9311,-994.7207202178988
1.9327666666666667,-994.7206503687057
1.9344333333333334,-994.7205106703194
1.9361000000000002,-994.7203057793529
1.9377666666666669,-994.7200356958061
1.9394333333333333,-994.7197283593564
1.9411,-994.7194210229067
1.9427666666666668,-994.7191742224243
1.9444333333333335,-994.7190671203281
1.9461000000000002,-994.7191602525857
1.9477833333333334,-994.7194722456483
1.9494500000000001,-994.7199798164517
1.9511166666666668,-994.7206177724156
1.9527833333333335,-994.7212976378953
1.95445,-994.7219355938593
1.9561166666666667,-994.7224711043399
1.9577833333333334,-994.7228622598215
1.9594500000000001,-994.7231137169167
1.9611166666666668,-994.7232254756257
1.9627833333333333,-994.723211505787
1.96445,-994.7230950904652
1.9661166666666667,-994.722880886273
1.9677833333333334,-994.7225968328876
1.9694500000000001,-994.7222662133734
1.9711166666666669,-994.7219169674078
1.9727833333333333,-994.7216003177323
1.97445,-994.7213628304756
1.9761166666666667,-994.7212696982181
1.9778,-994.7213674870885
1.9794666666666667,-994.7216608536996
1.9811333333333334,-994.7221265149872
1.9828000000000001,-994.7227039349837
1.9844666666666668,-994.7233092946575
1.9861333333333335,-994.7238634315896
1.9878,-994.7243197796514
1.9894666666666667,-994.7246643690041
1.9911333333333334,-994.7249251393251
1.9928000000000001,-994.7251346869045
1.9944666666666668,-994.7253302646453
1.9961333333333335,-994.7255165291604
1.9978,-994.7256701973852
1.9994666666666667,-994.7257772994814
2.001133333333333,-994.7258192089972
2.0028,-994.7257772994814
2.0044666666666666,-994.7256841672238
2.0061333333333335,-994.7255817217406
2.007816666666667,-994.7255398122247
2.0094833333333333,-994.7256236312564
2.01115,-994.7258611185131
2.0128166666666667,-994.7262243343174
2.0144833333333336,-994.7266434294761
2.01615,-994.7270252717319
2.0178166666666666,-994.7272674156014
2.0194833333333335,-994.727318638343
2.02115,-994.7271929097955
2.0228333333333333,-994.7269647357646
2.0245,-994.7267319051208
2.0261666666666667,-994.7265782368959
2.0278333333333336,-994.7265409839929
2.0295,-994.7266015199602
2.0311666666666666,-994.7267179352822
2.0328333333333335,-994.7268110675396
2.0345,-994.726834350604
2.036166666666667,-994.7267645014109
2.0378333333333334,-994.7266248030246
2.0395000000000003,-994.7264664781869
2.041166666666667,-994.7263640327036
2.0428333333333333,-994.7263593760907
2.0445,-994.7264525083483
2.0461666666666667,-994.7266248030246
2.0478333333333336,-994.7268250373783
2.0495,-994.7270159585062
2.0511666666666666,-994.727169626731
2.0528333333333335,-994.7273000118915
2.0545,-994.7274583367293
2.056166666666667,-994.7277004805989
2.0578333333333334,-994.7280869794674
2.0595,-994.7286178333352
2.061166666666667,-994.7292464760734
2.0628333333333333,-994.7298658055859
2.0645166666666666,-994.7303640631635
2.0661833333333335,-994.7306574297746
2.06785,-994.7307086525162
2.069516666666667,-994.7305456710656
2.0711833333333334,-994.7302616176802
2.0728500000000003,-994.7299449680047
2.074516666666667,-994.7296795410708
2.0761833333333333,-994.7294886199429
2.07785,-994.7293442649437
2.0795166666666667,-994.7292092231704
2.0811833333333336,-994.7290415851069
2.08285,-994.7288227243017
2.0845166666666666,-994.7285759238193
2.0861833333333335,-994.7283663762399
2.08785,-994.728291870434
2.089516666666667,-994.728440882046
2.0911833333333334,-994.7288646338176
2.0928500000000003,-994.7295305294588
2.0945333333333336,-994.7303594065506
2.0962,-994.7311929402553
2.0978666666666665,-994.7318774623479
2.0995333333333335,-994.7322919008938
2.1012,-994.7323850331513
2.102866666666667,-994.7321894554105
2.1045333333333334,-994.7318029565419
2.1062000000000003,-994.7313559217059
2.1078666666666668,-994.73094148316
2.1095333333333333,-994.7306248334845
2.1112,-994.7304152859051
2.1128666666666667,-994.7302895573574
2.11455,-994.7302057383257
2.116216666666667,-994.7301312325197
2.1178833333333333,-994.7300660399394
2.1195500000000003,-994.7300334436493
2.1212166666666668,-994.7300846663909
2.1228833333333332,-994.7302476478416
2.12455,-994.7305270446141
2.1262166666666666,-994.7308995736441
2.1278833333333336,-994.7312953857385
2.12955,-994.7316306618656
2.131216666666667,-994.7318262396063
2.1328833333333335,-994.731840209445
2.13455,-994.7316958544458
2.136216666666667,-994.7314537105763
2.1378833333333334,-994.731202253481
2.1395500000000003,-994.7310020191273
2.1412166666666668,-994.7308856038055
2.1428833333333333,-994.730825067838
2.14455,-994.730755218645
2.1462166666666667,-994.730606207033
2.1478833333333336,-994.730340780099
2.14955,-994.7299589378433
2.1512166666666666,-994.7295305294588
2.1528833333333335,-994.7291533438159
2.1545666666666667,-994.7289111999464
2.1562333333333332,-994.7288739470433
2.1579,-994.7290508983326
2.1595666666666666,-994.7294187707498
2.1612333333333336,-994.7298937452631
2.1629,-994.7303873462279
2.164566666666667,-994.7308110979994
2.1662333333333335,-994.7311044646107
2.1679,-994.7312674460612
2.169566666666667,-994.7313372952544
2.1712333333333333,-994.7313745481574
2.1729000000000003,-994.7314164576733
2.1745666666666668,-994.7314769936406
2.1762333333333332,-994.7315235597694
2.1779,-994.731500276705
2.1795833333333334,-994.7313605783188
2.1812333333333336,-994.7311044646107
2.182916666666667,-994.7307738450965
2.1845833333333333,-994.730457195421
2.1862500000000002,-994.730233678003
2.1879166666666667,-994.730159172197
2.1895833333333337,-994.7302383346158
2.19125,-994.730419942518
2.1929166666666666,-994.7306481165489
2.1945833333333336,-994.7308483509025
2.19625,-994.7309740794501
2.197916666666667,-994.7310066757402
2.1995833333333334,-994.7309647662244
2.20125,-994.7308809471926
2.202916666666667,-994.7307971281608
2.2045833333333333,-994.7307319355806
2.2062500000000003,-994.7306853694519
2.2079166666666667,-994.7306248334845
2.2095833333333332,-994.7304897917111
2.211266666666667,-994.730233678003
2.2129333333333334,-994.729819239457
2.2146,-994.7292883855893
2.216266666666667,-994.7287249354314
2.2179333333333333,-994.7282499609181
2.2196000000000002,-994.7279612509199
2.2212666666666667,-994.7279146847911
2.2229333333333336,-994.728100949306
2.2246,-994.7284641651104
2.2262666666666666,-994.7289205131722
2.2279333333333335,-994.7293815178468
2.2296,-994.7297726733283
2.231266666666667,-994.7300706965523
2.2329333333333334,-994.7302755875188
2.2346,-994.7304059726794
2.236266666666667,-994.7304804784853
2.2379333333333333,-994.7305223880012
2.2396000000000003,-994.7305177313883
2.2412666666666667,-994.7304665086467
2.24295,-994.7303361234862
2.244616666666667,-994.7301172626811
2.2462833333333334,-994.7298238960699
2.24795,-994.7295025897815
2.249616666666667,-994.7292045665575
2.2512833333333333,-994.7289717359138
2.2529500000000002,-994.7288180676888
2.2546166666666667,-994.728701652367
2.2562833333333336,-994.7285619539807
2.25795,-994.7283477497884
2.2596166666666666,-994.7280171302743
2.2612833333333335,-994.7275933785027
2.26295,-994.7271370304409
2.264616666666667,-994.7267551881852
2.2662833333333334,-994.7265409839929
2.26795,-994.7265596104444
2.269616666666667,-994.7268390072169
2.2713,-994.7273605478589
2.2729666666666666,-994.7280543831773
2.2746333333333335,-994.7288180676888
2.2763,-994.7295444992974
2.277966666666667,-994.7301312325197
2.2796333333333334,-994.7305223880012
2.2813000000000003,-994.7307039959034
2.282966666666667,-994.7307086525162
2.2846333333333333,-994.7305689541299
2.2863,-994.7303268102604
2.2879666666666667,-994.7299961907463
2.2896333333333336,-994.7295817522004
2.2913,-994.7290928078485
2.2929666666666666,-994.7285666105936
2.2946333333333335,-994.7280683530159
2.2963,-994.7276911673731
2.297966666666667,-994.727509559471
2.2996333333333334,-994.7275607822125
2.3013166666666667,-994.727840178985
2.3029833333333336,-994.7282825572082
2.30465,-994.728813411076
2.3063166666666666,-994.7293256384922
2.3079833333333335,-994.7297261071996
2.30965,-994.7299635944562
2.311316666666667,-994.7300194738107
2.3129833333333334,-994.7299170283275
2.3146500000000003,-994.7297214505867
2.316316666666667,-994.7294979331687
2.3179833333333333,-994.7292930422021
2.31965,-994.7291254041386
2.3213166666666667,-994.7289810491395
2.3229833333333336,-994.7288180676888
2.32465,-994.7286131767223
2.3263166666666666,-994.7283617196271
2.3280000000000003,-994.7280869794674
2.3296666666666668,-994.7278308657593
2.3313333333333333,-994.7276259747928
2.333,-994.7274862764066
2.3346666666666667,-994.727393144149
2.3363333333333336,-994.7273326081817
2.338,-994.7272767288272
2.3396666666666666,-994.7272301626984
2.3413333333333335,-994.7271975664083
2.343,-994.7271929097955
2.344666666666667,-994.7272255060856
2.3463333333333334,-994.7273046685044
2.3480000000000003,-994.7274164272134
2.349666666666667,-994.7275421557611
2.3513333333333333,-994.72765391447
2.353,-994.7277144504375
2.3546666666666667,-994.727695823986
2.3563333333333336,-994.727579408664
2.358,-994.727393144149
2.3596833333333334,-994.7271975664083
2.3613500000000003,-994.7270858076993
2.3630166666666668,-994.7271277172151
2.3646833333333332,-994.7273698610846
2.36635,-994.727770329792
2.3680166666666667,-994.7282499609181
2.3696833333333336,-994.7287109655928
2.37135,-994.7290555549455
2.373016666666667,-994.7292418194605
2.3746833333333335,-994.7292697591378
2.37635,-994.7291719702674
2.378016666666667,-994.7289903623653
2.3796833333333334,-994.7287528751086
2.3813500000000003,-994.7284688217233
2.383016666666667,-994.728138202209
2.3846833333333333,-994.7277796430177
2.38635,-994.7274071139876
2.3880166666666667,-994.7270625246349
2.3897,-994.726797097701
2.391366666666667,-994.7266620559276
2.3930333333333333,-994.7266899956049
2.3947000000000003,-994.7268948865714
2.3963666666666668,-994.7272348193113
2.3980333333333332,-994.7276446012443
2.3997,-994.7280217868872
2.4013666666666666,-994.728291870434
2.4030333333333336,-994.7283943159173
2.4047,-994.7283384365627
2.406366666666667,-994.728180111725
2.4080333333333335,-994.7280217868872
2.4097,-994.727956594307
2.411366666666667,-994.7280404133387
2.4130333333333334,-994.7282825572082
2.4147000000000003,-994.7286504296254
2.4163666666666668,-994.7290928078485
2.41805,-994.7295491559103
2.419716666666667,-994.7299729076819
2.4213833333333334,-994.7303314668733
2.42305,-994.7305922371944
2.424716666666667,-994.730755218645
2.4263833333333333,-994.7308110979994
2.4280500000000003,-994.7307598752578
2.4297166666666667,-994.7306015504201
2.4313833333333332,-994.7303361234862
2.43305,-994.7299635944562
2.4347166666666666,-994.7294886199429
2.4363833333333336,-994.7289531094623
2.43805,-994.7284175989817
2.439716666666667,-994.7279845339842
2.4413833333333335,-994.7277563599533
2.44305,-994.7277936128563
2.444716666666667,-994.7281149191447
2.4463833333333334,-994.7286830259155
2.4480666666666666,-994.7294001442983
2.4497333333333335,-994.7301638288099
2.4514,-994.7308576641283
2.453066666666667,-994.7313978312218
2.4547333333333334,-994.7317470771874
2.4564,-994.7318960887994
2.458066666666667,-994.7318960887994
2.4597333333333333,-994.731798299929
2.4614000000000003,-994.7316586015428
2.4630666666666667,-994.7315095899307
2.4647333333333337,-994.7313605783188
2.4664,-994.7311882836424
2.4680666666666666,-994.7309554529986
2.4697333333333336,-994.7306620863875
2.4714,-994.7303361234862
2.473066666666667,-994.7300520701008
2.4747333333333335,-994.7298658055859
2.4764,-994.729819239457
2.4780833333333336,-994.729898401876
2.47975,-994.7300567267137
2.4814166666666666,-994.7302197081643
2.4830833333333335,-994.7303128404218
2.48475,-994.7303128404218
2.486416666666667,-994.7302103949386
2.4880833333333334,-994.7300520701008
2.48975,-994.7298704621987
2.491416666666667,-994.7297074807481
2.4930833333333333,-994.7295538125231
2.4947500000000002,-994.7293908310726
2.4964166666666667,-994.729185940106
2.4980833333333337,-994.7289018867207
2.49975,-994.7285340143035
2.5014166666666666,-994.7281102625318
2.5030833333333335,-994.7276865107602
2.50475,-994.7273419214074
2.5064333333333333,-994.7271370304409
2.5081,-994.7271090907636
2.5097666666666667,-994.7272301626984
2.5114333333333336,-994.7274257404392
2.5131,-994.7275933785027
2.5147666666666666,-994.72765391447
2.5164333333333335,-994.7275700954383
2.5181,-994.7273652044718
2.519766666666667,-994.7271044341508
2.5214333333333334,-994.7268855733456
2.5231000000000003,-994.7267645014109
2.524766666666667,-994.726759844798
2.5264333333333333,-994.7268576336684
2.5281000000000002,-994.7270113018933
2.5297666666666667,-994.7271789399568
2.5314333333333336,-994.7273279515688
2.5331,-994.7274629933422
2.5347666666666666,-994.7275933785027
2.5364500000000003,-994.7277656731791
2.538116666666667,-994.7280124736615
2.5397833333333333,-994.7283337799498
2.54145,-994.7287156222056
2.5431166666666667,-994.7291021210742
2.5447833333333336,-994.7294234273627
2.54645,-994.7296283183292
2.5481166666666666,-994.7296888542966
2.5497833333333335,-994.7296469447807
2.55145,-994.7295910654261
2.553116666666667,-994.7296236617163
2.5547833333333334,-994.7298238960699
2.5564500000000003,-994.7301917684871
2.558116666666667,-994.7306667430004
2.5597833333333333,-994.7311230910622
2.5614500000000002,-994.7314211142861
2.5631333333333335,-994.7314490539634
2.5648,-994.7311743138038
2.566466666666667,-994.7306294900974
2.5681333333333334,-994.729935654779
2.5698000000000003,-994.7292185363962
2.571466666666667,-994.7285852370451
2.5731333333333333,-994.7281056059189
2.5748,-994.727770329792
2.5764666666666667,-994.7275421557611
2.5781333333333336,-994.7273419214074
2.5798,-994.7270997775379
2.5814666666666666,-994.7267877844753
2.5831333333333335,-994.7264199120581
2.5848,-994.7260706660925
2.586466666666667,-994.7258518052873
2.5881333333333334,-994.7258518052873
2.5898000000000003,-994.7260986057697
2.591466666666667,-994.726573580283
2.5931333333333333,-994.7271789399568
2.594816666666667,-994.7277889562434
2.5964833333333335,-994.728291870434
2.59815,-994.7286131767223
2.599816666666667,-994.7287482184958
2.6014833333333334,-994.7287528751086
2.6031500000000003,-994.728701652367
2.604816666666667,-994.7286597428512
2.6064833333333333,-994.728664399464
2.60815,-994.7287342486571
2.6098166666666667,-994.7288646338176
2.6114833333333336,-994.7290276152683
2.61315,-994.7292185363962
2.614816666666667,-994.729446710427
2.6164833333333335,-994.7297354204253
2.6181666666666668,-994.7301079494554
2.6198333333333337,-994.7305689541299
2.6215,-994.7310858381592
2.6231666666666666,-994.7315887523497
2.6248333333333336,-994.7320078475084
2.6265,-994.7322779310551
2.628166666666667,-994.7323664066998
2.6298333333333335,-994.7322919008938
2.6315,-994.7321102929917
2.633166666666667,-994.731910058638
2.6348333333333334,-994.7317517338003
2.6365000000000003,-994.7316632581557
2.6381666666666668,-994.7316213486398
2.6398333333333333,-994.7315701258982
2.6415,-994.7314304275119
2.6431666666666667,-994.7311370609008
2.6448333333333336,-994.7306667430004
2.6465,-994.7300520701008
2.648166666666667,-994.729376861234
2.6498333333333335,-994.7287528751086
2.6515166666666667,-994.7282965270468
2.6531833333333337,-994.7280869794674
2.65485,-994.7281568286606
2.6565166666666666,-994.728478134949
2.6581833333333336,-994.7289763925266
2.65985,-994.7295398426845
2.661516666666667,-994.730042756875
2.6631833333333335,-994.7303966594536
2.66485,-994.7305456710656
2.666516666666667,-994.7304991049368
2.6681833333333334,-994.7302849007446
2.6698500000000003,-994.7299496246176
2.6715166666666668,-994.7295444992974
2.6731833333333332,-994.7291067776871
2.67485,-994.728664399464
2.6765166666666667,-994.7282359910795
2.6781833333333336,-994.7278588054365
2.679866666666667,-994.727579408664
2.6815333333333333,-994.7274490235036
2.6832000000000003,-994.7275049028581
2.6848666666666667,-994.7277423901147
2.6865333333333337,-994.7281335455962
2.6882,-994.7286131767223
2.6898666666666666,-994.7291067776871
2.6915333333333336,-994.7295305294588
2.6932,-994.7298378659085
2.694866666666667,-994.730005503972
2.6965333333333334,-994.7300613833265
2.6982,-994.7300474134879
2.699866666666667,-994.7300101605849
2.7015333333333333,-994.7299682510691
2.7032000000000003,-994.7299170283275
2.7048666666666668,-994.7298238960699
2.7065333333333337,-994.7296516013936
2.7082,-994.7293582347824
2.7098666666666666,-994.7289531094623
2.7115500000000003,-994.7284688217233
2.713216666666667,-994.7279798773714
2.7148833333333333,-994.7275468123739
2.7165500000000002,-994.7272161928598
2.7182166666666667,-994.7269833622161
2.7198833333333337,-994.7268157241525
2.72155,-994.7266713691533
2.7232166666666666,-994.7265083877028
2.7248833333333335,-994.7263314364135
2.72655,-994.72616379835
2.728216666666667,-994.7260566962539
2.7298833333333334,-994.7260660094796
2.73155,-994.7262243343174
2.733216666666667,-994.7265316707671
2.7348833333333333,-994.7269554225388
2.7365500000000003,-994.7274257404392
2.7382166666666667,-994.7278494922108
2.7398833333333337,-994.7281335455962
2.741566666666667,-994.7282127080151
2.7432333333333334,-994.7280730096288
2.7449000000000003,-994.7277517033405
2.746566666666667,-994.7273232949559
2.7482333333333333,-994.7268622902812
2.7499000000000002,-994.7264292252838
2.7515666666666667,-994.7260566962539
2.7532333333333336,-994.7257493598041
2.7549,-994.7255118725475
2.7565666666666666,-994.7253488910968
2.7582333333333335,-994.7252930117423
2.7599,-994.725376830774
2.761566666666667,-994.7256236312564
2.7632333333333334,-994.7260473830281
2.7649,-994.7266294596375
2.766566666666667,-994.7273232949559
2.7682333333333333,-994.7280683530159
2.7699000000000003,-994.7287901280116
2.7715833333333335,-994.729414114137
2.77325,-994.7298797754245
2.774916666666667,-994.7301684854227
2.7765833333333334,-994.7302942139703
2.7782500000000003,-994.7303081838089
2.779916666666667,-994.7302523044544
2.7815833333333333,-994.7301498589712
2.7832500000000002,-994.7299868775206
2.7849166666666667,-994.7297307638124
2.7865833333333336,-994.7293489215566
2.78825,-994.728850663979
2.7899166666666666,-994.7282779005953
2.7915833333333335,-994.7277051372117
2.79325,-994.7272255060856
2.794916666666667,-994.7268948865714
2.7965833333333334,-994.7267365617337
2.7982500000000003,-994.726722591895
2.7999333333333336,-994.7268110675396
2.8016,-994.7269554225388
2.803266666666667,-994.7271137473765
2.8049333333333335,-994.7272441325371
2.8066,-994.7273419214074
2.808266666666667,-994.7274071139876
2.8099333333333334,-994.7274443668907
2.8116000000000003,-994.727472306568
2.813266666666667,-994.7274769631808
2.8149333333333333,-994.7274443668907
2.8166,-994.7273465780203
2.8182666666666667,-994.7271510002795
2.8199333333333336,-994.7268390072169
2.8216,-994.7264431951226
2.8232666666666666,-994.7260287565766
2.8249333333333335,-994.7256888238367
2.8266,-994.7255072159346
2.828266666666667,-994.7255258423861
2.82995,-994.7257400465784
2.8316166666666667,-994.7261079189955
2.8332833333333336,-994.7265642670573
2.83495,-994.727057868022
2.836616666666667,-994.7275561255997
2.8382833333333335,-994.7280357567258
2.83995,-994.7285014180134
2.841616666666667,-994.7289391396237
2.8432833333333334,-994.7293163252665
2.8449500000000003,-994.7295864088132
2.846616666666667,-994.729674884458
2.8482833333333333,-994.729521216233
2.84995,-994.7290928078485
2.8516166666666667,-994.7283803460786
2.8532833333333336,-994.7274397102778
2.85495,-994.7263919723808
2.8566166666666666,-994.7253954572255
2.8582833333333335,-994.7246084896497
2.8599666666666668,-994.7241428283621
2.8616333333333333,-994.7240217564274
2.8633,-994.7241800812651
2.8649666666666667,-994.7244967309407
2.8666333333333336,-994.7248320070677
2.8683,-994.7250881207758
2.869966666666667,-994.7252185059363
2.8716333333333335,-994.7252464456136
2.8733,-994.7252185059363
2.874966666666667,-994.7251952228719
2.8766333333333334,-994.7252045360976
2.8783000000000003,-994.7252511022265
2.879966666666667,-994.7253116381938
2.8816333333333333,-994.7253395778711
2.8833,-994.725269728678
2.8849666666666667,-994.7250508678728
2.8866333333333336,-994.724669025617
2.8883,-994.7241567982007
2.8899833333333333,-994.7236026612686
2.8916500000000003,-994.723104403691
2.8933166666666668,-994.7227225614351
2.8949833333333337,-994.7224804175656
2.89665,-994.7223407191794
2.8983166666666667,-994.722242930309
2.8999833333333336,-994.7221358282129
2.90165,-994.7220007864395
2.903316666666667,-994.7218610880533
2.9049833333333335,-994.7217679557957
2.90665,-994.7217679557957
2.908316666666667,-994.7218843711177
2.9099833333333334,-994.7220892620842
2.9116500000000003,-994.7223546890181
2.9133166666666668,-994.7226154593391
2.9149833333333333,-994.7228389767571
2.916666666666667,-994.7229833317562
2.9183333333333334,-994.7230438677236
2.92,-994.7230392111107
2.921666666666667,-994.7230066148205
2.9233333333333333,-994.7229786751433
2.9250000000000003,-994.7229740185304
2.9266666666666667,-994.722987988369
2.9283333333333337,-994.7229740185304
2.93,-994.722880886273
2.9316666666666666,-994.7226666820807
2.9333333333333336,-994.722322092728
2.935,-994.7218936843434
2.936666666666667,-994.7214559627331
2.9383333333333335,-994.7211020601546
2.94,-994.7209064824139
2.9416833333333336,-994.7209111390267
2.9433333333333334,-994.7210927469289
2.9450000000000003,-994.7214047399915
2.9466833333333335,-994.7217632991828
2.94835,-994.7220846054713
2.950016666666667,-994.7223034662765
2.9516833333333334,-994.7223686588567
2.95335,-994.7222708699862
2.955016666666667,-994.7220240695038
2.9566833333333333,-994.7216608536996
2.9583500000000003,-994.7212231320893
2.9600166666666667,-994.7207388443503
2.9616833333333337,-994.7202359301598
2.96335,-994.7197190461306
2.9650166666666666,-994.7192114753273
2.9666833333333336,-994.7187458140397
2.96835,-994.7183779416225
2.970016666666667,-994.7181544242046
2.9716833333333335,-994.7181125146886
2.97335,-994.7182335866235
2.975016666666667,-994.7184710738801
2.9766833333333333,-994.7187411574268
2.9783666666666666,-994.7189646748449
2.9800333333333335,-994.7190997166182
2.9817,-994.7191369695213
2.983366666666667,-994.7191043732311
2.9850333333333334,-994.7190484938766
2.9867000000000004,-994.7190065843607
2.988366666666667,-994.7189926145221
2.9900333333333333,-994.7190019277479
2.9917000000000002,-994.718997271135
2.9933666666666667,-994.7189507050063
2.9950333333333337,-994.7188529161358
2.9967,-994.7186945912981
2.9983666666666666,-994.7185222966217
