min,µS/cm
0.0,-998.4181593164886
0.0016666666666667052,-998.4169392839153
0.0033333333333334103,-998.4156447455359
0.004999999999999893,-998.4138985157077
0.006666666666666599,-998.4113746315294
0.008333333333333304,-998.4080451533235
0.010000000000000009,-998.404296579959
0.011666666666666714,-998.4008599996571
0.01333333333333342,-998.3985689461225
0.014999999999999902,-998.3981219112865
0.016666666666666607,-998.3998821109533
0.018333333333333313,-998.4037796959299
0.02001666666666657,-998.4093257218643
0.021666666666666723,-998.4157425344064
0.023349999999999982,-998.4221453771098
0.025016666666666687,-998.4276960596571
0.026683333333333392,-998.4317659393101
0.028350000000000097,-998.4340243965546
0.03001666666666658,-998.4344388351004
0.031683333333333286,-998.4332700252688
0.03334999999999999,-998.4309417188311
0.035016666666666696,-998.4279707998168
0.0366833333333334,-998.4248648390289
0.038350000000000106,-998.4220336184009
0.04001666666666659,-998.4197379082533
0.041683333333333294,-998.4181174069728
0.04335,-998.4171674579462
0.045016666666666705,-998.4167856156904
0.04668333333333341,-998.4168182119805
0.04834999999999989,-998.417097608753
0.0500166666666666,-998.4175073906861
0.05170000000000008,-998.4179637387479
0.05336666666666656,-998.4184759661641
0.05503333333333327,-998.4190906390637
0.05669999999999997,-998.4198822632525
0.05836666666666668,-998.4209206879236
0.06003333333333338,-998.4222291961415
0.06170000000000009,-998.4237612217776
0.06336666666666657,-998.4254096627353
0.06503333333333328,-998.4270115375645
0.06669999999999998,-998.4283805817498
0.06836666666666669,-998.429344500615
0.07003333333333339,-998.4297729089994
0.0717000000000001,-998.4295913010974
0.07336666666666658,-998.4288089901343
0.07503333333333329,-998.4274911686906
0.07669999999999999,-998.4257915049911
0.0783666666666667,-998.423891606938
0.0800333333333334,-998.4220056787236
0.08171666666666666,-998.4203339547014
0.08338333333333336,-998.4190161332576
0.08505000000000007,-998.4181313768114
0.08671666666666655,-998.4176796853625
0.08838333333333326,-998.417581896492
0.09004999999999996,-998.4177262514912
0.09171666666666667,-998.4179870218122
0.09338333333333337,-998.4182850450362
0.09505000000000008,-998.4185877248732
0.09671666666666678,-998.4189136877744
0.09838333333333327,-998.4192769035786
0.10004999999999997,-998.4196587458345
0.10171666666666668,-998.4198310405109
0.10338333333333338,-998.4191698014826
0.10505000000000009,-998.4161988824682
0.10671666666666657,-998.4078169792926
0.10838333333333328,-998.3879798084441
0.11004999999999998,-998.3456092878923
0.11173333333333324,-998.2615155159782
0.11339999999999995,-998.1042710124069
0.11506666666666665,-997.8249208060209
0.11673333333333336,-997.3508869285466
0.11840000000000006,-996.5794584697948
0.12006666666666677,-995.3716029391492
0.12173333333333325,-993.5471420146279
0.12339999999999995,-990.8823301041882
0.12506666666666666,-987.1112327031378
0.12673333333333336,-981.9317380813563
0.12840000000000007,-975.0168169732284
0.13006666666666677,-966.0304435370632
0.13173333333333326,-954.6469202985274
0.13339999999999996,-940.5729970618025
0.13506666666666667,-923.5714240575077
0.13673333333333337,-903.484896246104
0.13840000000000008,-880.257822983087
0.14008333333333334,-853.9540743706534
0.14175000000000004,-824.7688928734366
0.14341666666666675,-793.0344812539566
0.14508333333333323,-759.2186894077895
0.14674999999999994,-723.9163158107159
0.14841666666666664,-687.8327814339813
0.15008333333333335,-651.7602971995996
0.15175000000000005,-616.5471675882801
0.15341666666666676,-583.0616366970639
0.15508333333333346,-552.1523023732716
0.15674999999999994,-524.6078411697447
0.15841666666666665,-501.1189777874942
0.16008333333333336,-482.24573977396165
0.16175000000000006,-468.39261449332935
0.16341666666666677,-459.7935688029014
0.16508333333333325,-456.5076532105485
0.16674999999999995,-458.42511135080133
0.16841666666666666,-465.28278871685404
0.17009999999999992,-476.6873179360699
0.17176666666666662,-492.14391526400294
0.17343333333333333,-511.0882131900118
0.17510000000000003,-532.9183212169065
0.17676666666666674,-557.0243860394808
0.17843333333333322,-582.813341441943
0.18009999999999993,-609.7273531415161
0.18176666666666663,-637.2554463507865
0.18343333333333334,-664.9391868454121
0.18510000000000004,-692.3740453516943
0.18676666666666675,-719.208494163681
0.18843333333333345,-745.1423214493051
0.19009999999999994,-769.9251457908773
0.19176666666666664,-793.3555081455761
0.19343333333333335,-815.2803875577079
0.19510000000000005,-835.5947215275814
0.19676666666666676,-854.2402232318373
0.19845000000000002,-871.2029973376556
0.20011666666666672,-886.5094794363293
0.20178333333333343,-900.2207736020073
0.2034499999999999,-912.4256069364145
0.2051166666666666,-923.2324366100283
0.20678333333333332,-932.7614125482559
0.20845000000000002,-941.1369035677691
0.21011666666666673,-948.4811410999304
0.21178333333333343,-954.9095346382397
0.21344999999999992,-960.527654253192
0.21511666666666662,-965.4293586339007
0.21678333333333333,-969.6957100972979
0.21845000000000003,-973.3951375695854
0.22011666666666674,-976.5856903868661
0.22178333333333344,-979.3189405367332
0.22344999999999993,-981.6444250669538
0.2251333333333334,-983.6124959325476
0.2268000000000001,-985.2748322232044
0.2284666666666666,-986.6829267640984
0.2301333333333333,-987.8854644428405
0.2318,-988.9255235851396
0.2334666666666667,-989.8384106298156
0.23513333333333342,-990.6506356739675
0.2367999999999999,-991.3800987374876
0.2384666666666666,-992.0373703316028
0.2401333333333333,-992.6276751759591
0.24180000000000001,-993.1531366860276
0.24346666666666672,-993.6149050451885
0.24513333333333343,-994.0147823626245
0.24680000000000013,-994.3562331583147
0.2484666666666666,-994.6446870428719
0.2501333333333333,-994.8872686339948
0.2518,-995.0921502872799
0.25346666666666673,-995.2676999360638
0.25513333333333343,-995.4216708407838
0.2567999999999999,-995.5605776028524
0.2584833333333334,-995.6892817261113
0.2601500000000001,-995.8109357374772
0.2618166666666666,-995.9270902890372
0.2634833333333333,-996.0380666870801
0.26515,-996.1433527041894
0.2668166666666667,-996.2420542706931
0.2684833333333334,-996.3332959433707
0.2701499999999999,-996.4165003022256
0.2718166666666668,-996.4915369620973
0.2734833333333333,-996.5587644821773
0.27515,-996.6189605168155
0.2768166666666667,-996.6731728039091
0.2784833333333334,-996.7225794665155
0.2801500000000001,-996.7683260314019
0.2818166666666666,-996.811395043885
0.2834833333333333,-996.8525036223477
0.28515,-996.8921174280774
0.2868333333333333,-996.9304227255892
0.2885,-996.9674148582702
0.2901666666666667,-997.002954127734
0.2918333333333334,-997.0368542694658
0.2935000000000001,-997.0689569586277
0.2951666666666666,-997.0991970026396
0.2968333333333333,-997.127625624243
0.2985,-997.1544058048885
0.3001666666666667,-997.1798122847359
0.3018333333333334,-997.2041384303961
0.3034999999999999,-997.2276869217063
0.3051666666666668,-997.2506766194714
0.3068333333333333,-997.273233252239
0.3085,-997.2953754464609
0.3101666666666667,-997.3170380095565
0.3118333333333334,-997.3381045262041
0.3135000000000001,-997.3584352980174
0.3151666666666666,-997.3779418493518
0.3168500000000001,-997.3965683008528
0.3185166666666668,-997.4143332789719
0.32018333333333326,-997.4312926630636
0.32184999999999997,-997.4475442419981
0.3235166666666667,-997.4631904612589
0.3251833333333334,-997.4783197964906
0.3268500000000001,-997.4930160667249
0.32851666666666657,-997.5073304947034
0.3301833333333333,-997.5212956767162
0.33185,-997.5349162693764
0.3335166666666667,-997.548178302845
0.3351833333333334,-997.5610491808322
0.3368500000000001,-997.5735056202735
0.3385166666666668,-997.5855383079431
0.3401833333333333,-997.5971844967441
0.34185,-997.6085186924824
0.3435166666666667,-997.619661967093
0.3451833333333334,-997.6307353925102
0.34686666666666666,-997.6418507274435
0.34853333333333336,-997.6530638512471
0.35020000000000007,-997.664374763921
0.35186666666666677,-997.6757322427238
0.35353333333333326,-997.6870384987849
0.35519999999999996,-997.6981771167825
0.35686666666666667,-997.7090083983303
0.35853333333333337,-997.7194066148808
0.3602000000000001,-997.7292693209505
0.36186666666666656,-997.7385406371851
0.3635333333333335,-997.7472159069717
0.36519999999999997,-997.7553277266004
0.3668666666666667,-997.7629738849415
0.3685333333333334,-997.7702847671557
0.3702000000000001,-997.7773814451775
0.3718666666666668,-997.7843803343291
0.3735333333333333,-997.791360597029
0.37521666666666675,-997.7983548295676
0.37688333333333346,-997.8053630319449
0.37854999999999994,-997.8123852041608
0.38021666666666665,-997.8194399726667
0.38188333333333335,-997.8265785602046
0.38355000000000006,-997.8338661593543
0.38521666666666676,-997.8413679626963
0.38688333333333325,-997.8491165665207
0.38854999999999995,-997.8570607480859
0.39021666666666666,-997.8650934052956
0.39188333333333336,-997.8730608699252
0.39355000000000007,-997.8807722208467
0.39521666666666655,-997.8880644766093
0.3968833333333335,-997.8948258785041
0.39854999999999996,-997.9010005471766
0.40021666666666667,-997.9065977958527
0.40188333333333337,-997.9116967869511
0.4035500000000001,-997.9164185924067
0.40523333333333333,-997.9208982539926
0.40690000000000004,-997.9252801267082
0.40856666666666674,-997.9296713126496
0.41023333333333345,-997.934169600687
0.41189999999999993,-997.9388401834009
0.41356666666666664,-997.9436970306298
0.41523333333333334,-997.9487168593093
0.41690000000000005,-997.953843790085
0.41856666666666675,-997.9589753774735
0.42023333333333324,-997.9640091759917
0.42189999999999994,-997.9688660232205
0.42356666666666665,-997.9734946964185
0.42523333333333335,-997.9779045088113
0.42690000000000006,-997.9821466831407
0.42856666666666676,-997.9863050384383
0.43023333333333347,-997.9904727069617
0.43189999999999995,-997.9947288511296
0.43358333333333343,-997.9991246936838
0.43525000000000014,-998.0036509213986
0.4369166666666666,-998.0082609681451
0.4385833333333333,-998.012857045053
0.44025000000000003,-998.0173413632518
0.44191666666666674,-998.0216021640326
0.44358333333333344,-998.0255695982024
0.4452499999999999,-998.029206412858
0.44691666666666663,-998.0325126079994
0.44858333333333333,-998.0355300931426
0.45025000000000004,-998.038314747642
0.45191666666666674,-998.0409364206907
0.4535833333333332,-998.0434416784176
0.45525000000000015,-998.0458631171127
0.45691666666666664,-998.0482147066147
0.45858333333333334,-998.0505104167622
0.46025000000000005,-998.0527549041681
0.46191666666666675,-998.0550040481868
0.46358333333333346,-998.0573323546245
0.4652666666666667,-998.0598376123513
0.4669333333333334,-998.0626222668507
0.4686000000000001,-998.0657515107029
0.4702666666666666,-998.0692300005207
0.4719333333333333,-998.0729692606595
0.4736,-998.0768249361203
0.4752666666666667,-998.0806154190007
0.47693333333333343,-998.0841684146245
0.4785999999999999,-998.0873349113797
0.4802666666666666,-998.0900310902344
0.4819333333333333,-998.0922336681244
0.48360000000000003,-998.0939892111784
0.48526666666666673,-998.0953722252024
0.4869333333333332,-998.096503782131
0.48860000000000015,-998.0974956406734
0.49026666666666663,-998.0984781859901
0.49193333333333333,-998.0995631767901
0.4936166666666668,-998.1008297754921
0.4952833333333333,-998.1023431746765
0.49695,-998.1041220007949
0.4986166666666667,-998.1061522840085
0.5002833333333332,-998.1084014280273
0.5019500000000001,-998.1108135534967
0.5036166666666666,-998.1133281244493
0.5052833333333333,-998.1158892615307
0.50695,-998.1184597118378
0.5086166666666667,-998.1210161923063
0.5102833333333334,-998.1235354198718
0.5119499999999999,-998.1260034246957
0.5136166666666668,-998.1283922671007
0.5152833333333333,-998.1306879772482
0.51695,-998.132857958848
0.5186333333333335,-998.1348928986746
0.5203,-998.1367741702761
0.5219666666666667,-998.1385017736528
0.5236333333333334,-998.140066395579
0.5252999999999999,-998.1414726926672
0.5269666666666668,-998.1427346347565
0.5286333333333333,-998.143870848298
0.5303,-998.1449232428079
0.5319666666666667,-998.145924414576
0.5336333333333334,-998.1469023032798
0.5353000000000001,-998.1478848485965
0.5369666666666666,-998.1488627373003
0.5386333333333335,-998.1498219995526
0.5403,-998.1507253824503
0.5419666666666667,-998.1515542595422
0.5436333333333334,-998.1523132874408
0.5452999999999999,-998.1530583455009
0.5469666666666668,-998.1539011924312
0.5486333333333333,-998.1549629001669
0.5503,-998.1563645406422
0.5519833333333335,-998.1581806196637
0.55365,-998.1604018240051
0.5553166666666667,-998.1629303647964
0.5569833333333334,-998.165593947361
0.5586499999999999,-998.1681690542811
0.5603166666666668,-998.170446137977
0.5619833333333333,-998.1722529037727
0.56365,-998.1735008760232
0.5653166666666667,-998.1741853981158
0.5669833333333334,-998.1743856324695
0.5686500000000001,-998.1742319642447
0.5703166666666666,-998.1738780616661
0.5719833333333335,-998.1734915627975
0.57365,-998.1731981961863
0.5753166666666667,-998.1731143771545
0.5769833333333334,-998.1733052982825
0.5786499999999999,-998.1737988992472
0.5803166666666668,-998.1745718969845
0.5820000000000001,-998.1755777253655
0.5836666666666666,-998.176755848423
0.5853333333333335,-998.1780503868023
0.587,-998.1794380574391
0.5886666666666667,-998.1809048904948
0.5903333333333334,-998.182464855808
0.5920000000000001,-998.184108640153
0.5936666666666668,-998.1858036472396
0.5953333333333333,-998.1874986543262
0.597,-998.1891191556068
0.5986666666666667,-998.1905906452754
0.6003333333333334,-998.1918712138161
0.6020000000000001,-998.1929375781644
0.6036666666666666,-998.1937990515464
0.6053333333333335,-998.1944742604134
0.607,-998.1949958010554
0.6086666666666667,-998.1953962697626
0.6103333333333334,-998.1957036062124
0.6120166666666667,-998.1959550633077
0.6136833333333334,-998.1961972071772
0.6153500000000001,-998.1964719473368
0.6170166666666665,-998.1968211933024
0.6186833333333335,-998.197249601687
0.62035,-998.1977432026517
0.6220166666666667,-998.1982414602294
0.6236833333333334,-998.1986745252268
0.6253500000000001,-998.1989911749023
0.6270166666666668,-998.1991820960302
0.6286833333333333,-998.1993124811906
0.6303500000000002,-998.1994987457057
0.6320166666666667,-998.199899214413
0.6336833333333334,-998.200644272473
0.6353500000000001,-998.2018084256919
0.6370166666666666,-998.203368391005
0.6386833333333335,-998.2052124097037
0.6403666666666668,-998.2071635304984
0.6420333333333332,-998.2090215190356
0.6437000000000002,-998.2106047674132
0.6453666666666666,-998.2117875470834
0.6470333333333333,-998.2125000088533
0.6487,-998.2127607791743
0.6503666666666665,-998.2126397072396
0.6520333333333335,-998.212253208371
0.6537,-998.2117409809547
0.6553666666666667,-998.2112240969255
0.6570333333333334,-998.2108003451539
0.6587000000000001,-998.2105209483814
0.6603666666666668,-998.2103998764467
0.6620333333333333,-998.2104371293497
0.6637000000000002,-998.2106327070904
0.6653666666666667,-998.210981953056
0.6670333333333334,-998.2115174635367
0.6687166666666668,-998.2122811480483
0.6703833333333333,-998.2133102594937
0.67205,-998.2146234243245
0.6737166666666667,-998.2162159859279
0.6753833333333332,-998.2180227517234
0.6770500000000002,-998.2199366196152
0.6787166666666666,-998.2218132346039
0.6803833333333333,-998.2235128983034
0.68205,-998.2249005689401
0.6837166666666668,-998.2258877708697
0.6853833333333335,-998.2264419078019
0.6870499999999999,-998.2266002326396
0.6887166666666669,-998.2264465644148
0.6903833333333333,-998.226101975062
0.69205,-998.2257015063547
0.6937166666666668,-998.2253848566792
0.6953833333333332,-998.2252544715187
0.6970500000000002,-998.2253848566792
0.6987166666666667,-998.2258086084508
0.7003999999999999,-998.2265024437693
0.7020666666666668,-998.2274104832799
0.7037333333333333,-998.228416311661
0.7054,-998.2294081702034
0.7070666666666667,-998.2302743001982
0.7087333333333332,-998.2309448524522
0.7104000000000001,-998.2314058571269
0.7120666666666666,-998.2317131935766
0.7137333333333333,-998.231959994059
0.7154,-998.2322533606701
0.7170666666666667,-998.2326910822804
0.7187333333333334,-998.2333383514701
0.7203999999999999,-998.234199824852
0.7220666666666669,-998.2352429061361
0.7237333333333333,-998.2363791196776
0.7254,-998.2375199898321
0.7270666666666667,-998.238567727729
0.72875,-998.2394617974011
0.7304166666666667,-998.2401789157839
0.7320833333333334,-998.2407237394902
0.7337499999999999,-998.2411242081976
0.7354166666666668,-998.2414175748087
0.7370833333333333,-998.2416271223881
0.73875,-998.2417668207743
0.7404166666666667,-998.2418320133546
0.7420833333333332,-998.2418227001289
0.7437500000000001,-998.2417249112584
0.7454166666666666,-998.2415619298077
0.7470833333333333,-998.2413803219057
0.74875,-998.241254593358
0.7504166666666667,-998.2412965028739
0.7520833333333334,-998.2416084959366
0.7537499999999999,-998.2422790481905
0.7554166666666668,-998.2433500691519
0.7570833333333333,-998.2447982757561
0.7587666666666666,-998.2465398489715
0.7604333333333335,-998.2484444036374
0.7621,-998.2503536149162
0.7637666666666667,-998.2521045013574
0.7654333333333334,-998.2535527079616
0.7670999999999999,-998.2546051024714
0.7687666666666668,-998.2552290885966
0.7704333333333333,-998.2554526060146
0.7721,-998.2553594737572
0.7737666666666667,-998.255066107146
0.7754333333333334,-998.2546889215031
0.7771000000000001,-998.2543443321504
0.7787666666666666,-998.2541254713452
0.7804333333333335,-998.2540882184422
0.7821,-998.2542698263443
0.7837666666666667,-998.2546702950516
0.7854333333333334,-998.255257028274
0.7871166666666667,-998.2559741466566
0.7887833333333334,-998.2567378311683
0.7904500000000001,-998.257492202454
0.7921166666666666,-998.258204664224
0.7937833333333335,-998.2588752164779
0.79545,-998.2595550819577
0.7971166666666667,-998.2603001400178
0.7987833333333334,-998.261152300174
0.8004499999999999,-998.2621255322649
0.8021166666666668,-998.2631825833876
0.8037833333333333,-998.2642536043488
0.8054666666666666,-998.2652640893428
0.8071333333333335,-998.2661255627247
0.8088,-998.2667821451402
0.8104666666666667,-998.2672105535246
0.8121333333333334,-998.2674387275555
0.8138000000000001,-998.2675132333616
0.8154666666666668,-998.2675085767487
0.8171333333333333,-998.2675039201358
0.8188000000000002,-998.2675504862646
0.8204666666666667,-998.267680871425
0.8221333333333334,-998.2678997322301
0.8238000000000001,-998.2681698157769
0.8254666666666666,-998.2684398993238
0.8271333333333335,-998.2686587601288
0.8288,-998.2687891452894
0.8304666666666667,-998.2688263981923
0.8321333333333334,-998.2688263981923
0.8337999999999999,-998.2688729643211
0.8354666666666668,-998.2690918251262
0.8371333333333333,-998.2695993959296
0.8388,-998.2704934656017
0.8404666666666667,-998.2718066304325
0.8421333333333334,-998.2734923242933
0.8438000000000001,-998.2754341318623
0.8454666666666666,-998.2774737283017
0.8471500000000001,-998.2794108792577
0.8488166666666668,-998.2810686334414
0.8504833333333333,-998.2823072924662
0.8521500000000002,-998.2830476939133
0.8538166666666667,-998.2832758679442
0.8554833333333334,-998.2830523505262
0.8571500000000001,-998.2824795871426
0.8588166666666666,-998.2816972761796
0.8604833333333335,-998.2808637424748
0.86215,-998.2801419674792
0.8638166666666667,-998.2796483665144
0.8654833333333334,-998.2794714152252
0.8671500000000001,-998.2796157702243
0.8688166666666668,-998.2800441786088
0.8704833333333333,-998.2806774779599
0.8721500000000002,-998.2814132227942
0.8738166666666667,-998.2821862205315
0.8755,-998.2829592182687
0.8771666666666669,-998.2837554990704
0.8788333333333334,-998.2846076592266
0.8805000000000001,-998.285562264866
0.8821666666666668,-998.2866332858273
0.8838333333333332,-998.2877974390461
0.8855000000000002,-998.2889895319422
0.8871666666666667,-998.2901350587094
0.8888333333333334,-998.2911315738647
0.8905000000000001,-998.2919138848279
0.8921666666666666,-998.2924354254699
0.8938333333333335,-998.2927008524038
0.8955,-998.2927520751454
0.8971833333333332,-998.292654286275
0.8988500000000001,-998.2925006180501
0.9005166666666666,-998.2923748895025
0.9021833333333333,-998.2923422932123
0.90385,-998.2924354254699
0.9055166666666667,-998.2926496296622
0.9071833333333335,-998.292952309499
0.9088499999999999,-998.2932736157874
0.9105166666666669,-998.2935576691727
0.9121833333333333,-998.2937579035264
0.91385,-998.2938789754612
0.9155166666666668,-998.2939627944929
0.9171833333333332,-998.2941024928792
0.9188500000000002,-998.2943958594904
0.9205166666666666,-998.2949406831967
0.9221833333333334,-998.295792843353
0.9238500000000001,-998.2969476833459
0.9255166666666668,-998.2983539804343
0.9271833333333335,-998.299895319296
0.92885,-998.3014366581577
0.9305166666666667,-998.3028476118589
0.9321833333333334,-998.3039977952391
0.9338500000000001,-998.3048173591052
0.9355333333333333,-998.305269050554
0.9372,-998.3053714960373
0.9388666666666667,-998.3051712616837
0.9405333333333334,-998.3047381966862
0.9421999999999999,-998.304151463464
0.9438666666666669,-998.3034948810486
0.9455333333333333,-998.3028569250847
0.9472,-998.3023167579911
0.9488666666666667,-998.3019442289611
0.9505333333333332,-998.3017812475105
0.9522000000000002,-998.3018557533164
0.9538666666666666,-998.3021584331534
0.9555333333333333,-998.3026706605697
0.9572,-998.3033644958881
0.9588666666666668,-998.3042073428185
0.9605333333333335,-998.3051712616837
0.9621999999999999,-998.3062469392578
0.9638833333333334,-998.3074017792509
0.9655500000000001,-998.308593872147
0.9672166666666666,-998.3097533687529
0.9688833333333335,-998.3108150764884
0.97055,-998.311690519709
0.9722166666666667,-998.3123098492214
0.9738833333333334,-998.3126311555098
0.9755499999999999,-998.3126404687356
0.9772166666666668,-998.3123657285759
0.9788833333333333,-998.3118721276111
0.98055,-998.3112667679374
0.9822166666666667,-998.3106567516506
0.9838833333333332,-998.3101678072987
0.9855500000000001,-998.3098837539134
0.9872166666666666,-998.3098511576233
0.9888833333333333,-998.3100513919769
0.99055,-998.3104332342327
0.9922166666666667,-998.3109082087459
0.9939,-998.3113971530978
0.9955666666666667,-998.3118441879338
0.9972333333333334,-998.3122353434154
0.9989,-998.3126078724454
1.0005666666666666,-998.3130269676042
1.0022333333333333,-998.3135624780848
1.0039,-998.3142609700161
1.0055666666666667,-998.3151224433981
1.0072333333333334,-998.3161096453276
1.0089000000000001,-998.317138756773
1.0105666666666666,-998.3181213020897
1.0122333333333333,-998.318968805633
1.0139,-998.3196160748226
1.0155666666666667,-998.3200118869171
1.0172333333333334,-998.3201562419162
1.0189000000000001,-998.320053796433
1.0205833333333334,-998.3197464599832
1.02225,-998.31930408176
1.0239166666666668,-998.3187965109566
1.0255833333333333,-998.318298253379
1.02725,-998.3178791582202
1.0289166666666667,-998.3175811349962
1.0305833333333334,-998.3174088403198
1.0322500000000001,-998.3173529609653
1.0339166666666668,-998.3173809006425
1.0355833333333333,-998.3174600630614
1.03725,-998.3175857916091
1.0389166666666667,-998.3177813693499
1.0405833333333334,-998.3180933624125
1.0422500000000001,-998.3185683369258
1.0439166666666668,-998.3192575156313
1.0455833333333333,-998.3201655551419
1.04725,-998.3212691723934
1.0489166666666667,-998.3225171446439
1.0505833333333334,-998.3238163396361
1.0522500000000001,-998.3250643118866
1.0539333333333334,-998.3261539592995
1.0556,-998.3269735231655
1.0572666666666668,-998.3274438410659
1.0589333333333333,-998.3275416299364
1.0606,-998.3272762030025
1.0622666666666667,-998.3267267226831
1.0639333333333334,-998.3260049476875
1.0656,-998.3252412631759
1.0672666666666668,-998.3245707109219
1.0689333333333333,-998.3240864231828
1.0706,-998.3238489359262
1.0722666666666667,-998.3238489359262
1.0739333333333334,-998.3240352004412
1.0756000000000001,-998.3243239104395
1.0772666666666668,-998.3246498733408
1.0789333333333333,-998.3249711796292
1.0806,-998.3252971425304
1.0822833333333335,-998.3256696715605
1.08395,-998.3261306762352
1.0856166666666667,-998.3267080962316
1.0872833333333334,-998.3274019315501
1.08895,-998.3281749292873
1.0906166666666668,-998.3289618968632
1.0922833333333335,-998.3296883284718
1.09395,-998.3302936881456
1.0956166666666667,-998.3307314097559
1.0972833333333334,-998.3309782102383
1.09895,-998.3310527160443
1.1006166666666668,-998.3309968366898
1.1022833333333333,-998.3308571383035
1.10395,-998.3306801870142
1.1056166666666667,-998.3305125489508
1.1072833333333334,-998.3303681939516
1.1089666666666667,-998.3302471220169
1.1106333333333334,-998.330130706695
1.1123,-998.3300003215345
1.1139666666666668,-998.3298373400838
1.1156333333333335,-998.329641762343
1.1173,-998.3294508412151
1.1189666666666667,-998.3293204560547
1.1206333333333334,-998.3293204560547
1.1223,-998.329534660247
1.1239666666666668,-998.3300375744375
1.1256333333333335,-998.3308711081421
1.1273,-998.3320352613609
1.1289666666666667,-998.3334648415137
1.1306333333333334,-998.3350527465041
1.1323,-998.3366546213332
1.1339666666666668,-998.3381028279374
1.1356333333333335,-998.3392576679305
1.1373,-998.3400166958291
1.1389666666666667,-998.3403286888918
1.1406500000000002,-998.3401983037312
1.1423166666666666,-998.3396953895407
1.1439833333333334,-998.3389223918034
1.14565,-998.3380003824541
1.1473166666666668,-998.3370457768148
1.1489833333333335,-998.336174990207
1.15065,-998.3354625284371
1.1523166666666667,-998.3349642708595
1.1539833333333334,-998.3346941873127
1.15565,-998.3346289947325
1.1573166666666668,-998.33472212699
1.1589833333333335,-998.3349363311822
1.16065,-998.3352529808577
1.1623166666666667,-998.3356627627908
1.1639833333333334,-998.3361889600457
1.16565,-998.3368595122997
1.1673166666666668,-998.3376883893915
1.1689833333333335,-998.3386616214824
1.1706666666666667,-998.339718672605
1.1723333333333334,-998.340766410502
1.1740000000000002,-998.3416930764643
1.1756666666666666,-998.3423962250083
1.1773333333333333,-998.3427920371028
1.179,-998.3428525730701
1.1806666666666668,-998.3425871461362
1.1823333333333335,-998.3420609488813
1.1840000000000002,-998.3413764267887
1.1856666666666666,-998.3406499951801
1.1873333333333334,-998.3399887561519
1.189,-998.3394765287355
1.1906666666666668,-998.3391691922858
1.1923333333333335,-998.3390667468026
1.194,-998.3391459092214
1.1956666666666667,-998.3393368303493
1.1973333333333334,-998.3395696609931
1.199,-998.3397745519596
1.2006833333333333,-998.3399235635716
1.20235,-998.3400120392163
1.2040166666666667,-998.3400865450222
1.2056833333333334,-998.3402309000214
1.2073500000000001,-998.3405196100197
1.2090166666666666,-998.3410178675973
1.2106833333333333,-998.3417349859801
1.21235,-998.3426383688778
1.2140166666666667,-998.3436302274204
1.2156833333333334,-998.3446034595112
1.2173500000000002,-998.3454369932159
1.2190166666666666,-998.3460470095025
1.2206833333333333,-998.3463776290167
1.22235,-998.3464381649841
1.2240166666666668,-998.3462658703077
1.2256833333333335,-998.3459305941807
1.2273500000000002,-998.345506842409
1.2290333333333334,-998.3450504943472
1.2307000000000001,-998.3446220859628
1.2323666666666668,-998.3442588701585
1.2340333333333333,-998.3439748167731
1.2357,-998.3437745824194
1.2373666666666667,-998.3436488538719
1.2390333333333334,-998.3435743480658
1.2407000000000001,-998.3435370951628
1.2423666666666666,-998.3435464083885
1.2440333333333333,-998.3436255708074
1.2457,-998.343825805161
1.2473666666666667,-998.3441936775782
1.2490333333333334,-998.344761784349
1.2507000000000001,-998.3455347820862
1.2523666666666666,-998.3464521348227
1.2540333333333333,-998.3474346801394
1.2557,-998.3483706593273
1.2573833333333333,-998.3491390004517
1.25905,-998.3496419146422
1.2607166666666667,-998.3498048960929
1.2623833333333334,-998.349613974965
1.2640500000000001,-998.3490877777101
1.2657166666666668,-998.3483194365857
1.2673833333333333,-998.3474160536879
1.26905,-998.3465080141772
1.2707166666666667,-998.3457070767627
1.2723833333333334,-998.3451156869276
1.2740500000000001,-998.3447850674133
1.2757166666666668,-998.3447291880589
1.2773833333333333,-998.3449014827353
1.27905,-998.3452181324108
1.2807166666666667,-998.3455766916021
1.2823833333333334,-998.3459026545034
1.2840500000000001,-998.3461587682116
1.2857166666666666,-998.3463543459524
1.2873833333333333,-998.346549923693
1.2890666666666668,-998.3468200072399
1.2907333333333333,-998.3472297891728
1.2924,-998.3478165223952
1.2940666666666667,-998.3485755502938
1.2957333333333334,-998.3494416802886
1.2974,-998.3503404065735
1.2990666666666668,-998.3511553138267
1.3007333333333333,-998.3517886131777
1.3024,-998.3521564855948
1.3040666666666667,-998.3522123649494
1.3057333333333334,-998.3519376247898
1.3074000000000001,-998.3513695180189
1.3090666666666668,-998.3505732372173
1.3107333333333333,-998.3496465712551
1.3124,-998.34871524868
1.3140666666666667,-998.3478817149754
1.3157333333333334,-998.3472437590115
1.3174166666666667,-998.3468386336914
1.3190833333333334,-998.3466616824021
1.32075,-998.346666339015
1.3224166666666668,-998.3467827543368
1.3240833333333335,-998.3469597056261
1.32575,-998.3471692532055
1.3274166666666667,-998.3474207103008
1.3290833333333334,-998.3477652996535
1.33075,-998.3482635572311
1.3324166666666668,-998.3489480793238
1.3340833333333333,-998.3498142093187
1.33575,-998.350810724474
1.3374166666666667,-998.3518584623708
1.3390833333333334,-998.3528549775261
1.34075,-998.3536931678437
1.3424166666666668,-998.3542705878402
1.3440833333333333,-998.3545127317097
1.34575,-998.3543870031622
1.3474333333333335,-998.3538980588103
1.3491,-998.3531064346214
1.3507666666666667,-998.3521006062404
1.3524333333333334,-998.3509923323761
1.3541,-998.3499073415761
1.3557666666666668,-998.3489434227109
1.3574333333333335,-998.3481797381994
1.3591,-998.3476581975574
1.3607666666666667,-998.3473601743334
1.3624333333333334,-998.3472437590115
1.3641,-998.3472530722372
1.3657666666666668,-998.3473508611077
1.3674333333333335,-998.3475278123968
1.3691,-998.3478258356209
1.3707666666666667,-998.3482868402956
1.3724333333333334,-998.3489573925496
1.3741,-998.3498561188345
1.3757833333333334,-998.3509411096344
1.37745,-998.3521238893047
1.3791166666666668,-998.3532833859107
1.3807833333333335,-998.3542845576789
1.38245,-998.3550156459003
1.3841166666666667,-998.3553974881561
1.3857833333333334,-998.3554114579947
1.38745,-998.3550808384805
1.3891166666666668,-998.3544754788068
1.3907833333333335,-998.3536931678437
1.39245,-998.3528270378489
1.3941166666666667,-998.3519841909185
1.3957833333333334,-998.3512484460842
1.39745,-998.3506756827005
1.3991166666666668,-998.3502798706062
1.4008,-998.3500423833495
1.4024666666666668,-998.3499259680276
1.4041333333333335,-998.3498840585117
1.4058000000000002,-998.3498887151246
1.4074666666666666,-998.3499259680276
1.4091333333333333,-998.3500330701238
1.4108,-998.3502705573804
1.4124666666666668,-998.3506989657649
1.4141333333333335,-998.3513695180189
1.4158000000000002,-998.3522682443039
1.4174666666666667,-998.353343921878
1.4191333333333334,-998.3544754788068
1.4208,-998.3555371865423
1.4224666666666668,-998.3563986599243
1.4241333333333335,-998.3569527968564
1.4258000000000002,-998.3571483745972
1.4274666666666667,-998.3569900497594
1.4291333333333334,-998.3565243884718
1.4308,-998.355849179605
1.4324666666666668,-998.3550668686419
1.4341333333333335,-998.3542752444531
1.4358166666666667,-998.3535581260703
1.4374833333333334,-998.3529713928481
1.4391500000000002,-998.3525383278507
1.4408166666666666,-998.3522682443039
1.4424833333333333,-998.3521332025305
1.44415,-998.3521006062404
1.4458166666666667,-998.3521332025305
1.4474833333333335,-998.3522170215623
1.4491500000000002,-998.3523660331742
1.4508166666666666,-998.3526128336566
1.4524833333333333,-998.3530039891382
1.45415,-998.3535814091347
1.4558166666666668,-998.354354406872
1.4574833333333335,-998.3552810728341
1.4591500000000002,-998.3562915578281
1.4608166666666667,-998.357264789919
1.4624833333333334,-998.3580703839465
1.4641666666666668,-998.3585872679756
1.4658333333333333,-998.3587455928133
1.4675,-998.3585220753954
1.4691666666666667,-998.357972595076
1.4708333333333334,-998.3571856275001
1.4725000000000001,-998.3562962144409
1.4741666666666668,-998.3554254278333
1.4758333333333333,-998.3546803697733
1.4775,-998.354130889454
1.4791666666666667,-998.3538095831656
1.4808333333333334,-998.3536978244566
1.4825000000000002,-998.3537397339725
1.4841666666666666,-998.3538514926814
1.4858333333333333,-998.3539679080034
1.4875,-998.3540331005836
1.4891666666666667,-998.3540470704222
1.4908333333333335,-998.3540424138093
1.4925000000000002,-998.3540843233252
1.4941833333333334,-998.3542566180016
1.4958500000000001,-998.3546244904188
1.4975166666666668,-998.3552019104153
1.4991833333333333,-998.3559655949268
1.50085,-998.3568456947603
1.5025166666666667,-998.3577444210451
1.5041833333333334,-998.3585500150726
1.5058500000000001,-998.359169344585
1.5075166666666668,-998.3595465302279
1.5091833333333333,-998.359653632324
1.51085,-998.3595139339378
1.5125166666666667,-998.359169344585
1.5141833333333334,-998.358685056846
1.5158500000000001,-998.3581355765267
1.5175166666666668,-998.3575721263688
1.5191833333333333,-998.3570552423396
1.52085,-998.3566082075037
1.5225166666666667,-998.3562403350865
1.5242,-998.3559376552496
1.5258666666666667,-998.3556675717028
1.5275333333333334,-998.3554068013818
1.5292000000000001,-998.3551460310608
1.5308666666666668,-998.3549132004171
1.5325333333333333,-998.354764188805
1.5342,-998.3547828152565
1.5358666666666667,-998.355062212029
1.5375333333333334,-998.3556489452513
1.5392000000000001,-998.3565383583104
1.5408666666666668,-998.3576559454006
1.5425333333333333,-998.3588759779739
1.5442,-998.3600401311927
1.5458666666666667,-998.3610040500579
1.5475333333333334,-998.3616373494089
1.5492000000000001,-998.3618841498912
1.5508666666666668,-998.3617397948922
1.55255,-998.3612508505403
1.5542166666666668,-998.3605104490931
1.5558833333333335,-998.3596396624854
1.55755,-998.3587642192648
1.5592166666666667,-998.3579865649147
1.5608833333333334,-998.3573812052409
1.56255,-998.3569807365336
1.5642166666666668,-998.3567711889542
1.5658833333333335,-998.356705996374
1.56755,-998.3567246228255
1.5692166666666667,-998.3567711889542
1.5708833333333334,-998.3568224116959
1.5725500000000001,-998.3568876042762
1.5742166666666668,-998.3570179894366
1.5758833333333333,-998.3572741031447
1.57755,-998.3577025115293
1.5792166666666667,-998.3583032145903
1.5808833333333334,-998.3590389594245
1.5825666666666667,-998.3598352402262
1.5842333333333334,-998.3605942681248
1.5859,-998.3612135976373
1.5875666666666668,-998.3616233795702
1.5892333333333335,-998.3617630779565
1.5909,-998.361632692796
1.5925666666666667,-998.3612508505403
1.5942333333333334,-998.3606827437694
1.5959,-998.3600075349026
1.5975666666666668,-998.3593230128099
1.5992333333333335,-998.3587223097489
1.6009,-998.3582939013645
1.6025666666666667,-998.3580750405594
1.6042333333333334,-998.3580610707207
1.6059,-998.358196112494
1.6075666666666668,-998.3584010034606
1.6092333333333335,-998.3585779547499
1.6109166666666668,-998.3586664303945
1.6125833333333335,-998.3586291774915
1.6142500000000002,-998.3584987923309
1.6159166666666667,-998.3583358108804
1.6175833333333334,-998.3582380220099
1.61925,-998.3582892447516
1.6209166666666668,-998.3585453584598
1.6225833333333335,-998.3590296461988
1.62425,-998.3596955418399
1.6259166666666667,-998.3604638829643
1.6275833333333334,-998.3612135976373
1.62925,-998.3618236139239
1.6309166666666668,-998.3621775165024
1.6325833333333335,-998.3622101127926
1.63425,-998.3618888065041
1.6359166666666667,-998.3612322240888
1.6375833333333334,-998.3603148713523
1.63925,-998.3592252239395
1.6409166666666668,-998.3580796971722
1.6426,-998.3569947063722
1.6442666666666668,-998.35606804041
1.6459333333333335,-998.3553742050917
1.6476000000000002,-998.3549318268686
1.6492666666666667,-998.3547455623535
1.6509333333333334,-998.3547828152565
1.6526,-998.3550109892874
1.6542666666666668,-998.3553974881561
1.6559333333333335,-998.3559423118625
1.6576000000000002,-998.3566501170195
1.6592666666666667,-998.3575348734657
1.6609333333333334,-998.3585779547499
1.6626,-998.3597327947429
1.6642666666666668,-998.3609016045746
1.6659333333333335,-998.3619586556973
1.6676,-998.3627782195633
1.6692666666666667,-998.3632718205281
1.6709500000000002,-998.3633789226242
1.6726166666666666,-998.3631134956903
1.6742833333333333,-998.3625360756938
1.67595,-998.3617537647308
1.6776166666666668,-998.360887634736
1.6792833333333335,-998.3600541010313
1.6809500000000002,-998.3593509524871
1.6826166666666666,-998.3588433816838
1.6842833333333334,-998.3585500150726
1.68595,-998.3584522262022
1.6876166666666668,-998.358494135718
1.6892833333333335,-998.3586152076529
1.6909500000000002,-998.3587502494262
1.6926166666666667,-998.3588480382966
1.6942833333333334,-998.3588852911996
1.69595,-998.3588759779739
1.6976333333333333,-998.3588573515224
1.6993,-998.3588899478125
1.7009666666666667,-998.3590343028117
1.7026333333333334,-998.3593276694228
1.7043000000000001,-998.3597886740974
1.7059666666666669,-998.3603847205454
1.7076333333333333,-998.3610552727995
1.7093,-998.3617258250536
1.7109666666666667,-998.3623172148887
1.7126333333333335,-998.362754936499
1.7143000000000002,-998.3629877671427
1.7159666666666666,-998.3630017369813
1.7176333333333333,-998.3627828761762
1.7193,-998.3623637810174
1.7209666666666668,-998.3617863610209
1.7226333333333335,-998.3611064955411
1.7243000000000002,-998.3603893771583
1.7259666666666666,-998.359690885227
1.7276333333333334,-998.3590296461988
1.7293166666666668,-998.358424286525
1.7309833333333333,-998.3578561797542
1.73265,-998.3573253258864
1.7343166666666667,-998.3568503513732
1.7359833333333334,-998.3564871355688
1.7376500000000001,-998.3563148408924
1.7393166666666668,-998.3564359128272
1.7409833333333333,-998.3569341704049
1.74265,-998.3578375533027
1.7443166666666667,-998.3591088086176
1.7459833333333334,-998.3606268644149
1.7476500000000001,-998.3622240826312
1.7493166666666669,-998.3636816024612
1.7509833333333333,-998.3648178160026
1.75265,-998.365479055031
1.7543166666666667,-998.3655954703528
1.7559833333333335,-998.3651763751941
1.7576500000000002,-998.364319558425
1.7593333333333334,-998.363164718432
1.7610000000000001,-998.3618655234397
1.7626666666666668,-998.3605849548991
1.7643333333333333,-998.3594440847446
1.766,-998.3585267320083
1.7676666666666667,-998.3578841194314
1.7693333333333334,-998.3575209036271
1.7710000000000001,-998.357413801531
1.7726666666666668,-998.3575162470142
1.7743333333333333,-998.3577723607224
1.776,-998.358126263301
1.7776666666666667,-998.3585546716855
1.7793333333333334,-998.3590436160374
1.7810000000000001,-998.3596024095824
1.7826666666666668,-998.3602310523206
1.7843333333333333,-998.3609295442518
1.786,-998.3616606324732
1.7876666666666667,-998.3623684376303
1.78935,-998.3630063935942
1.7910166666666667,-998.3635139643976
1.7926833333333334,-998.3638632103632
1.7943500000000001,-998.3640308484268
1.7960166666666668,-998.3640122219753
1.7976833333333335,-998.3638073310087
1.79935,-998.3634348019788
1.8010166666666667,-998.3629318877882
1.8026833333333334,-998.3623311847273
1.8043500000000001,-998.3616885721505
1.8060166666666668,-998.3610506161866
1.8076833333333335,-998.3604638829643
1.80935,-998.3599376857094
1.8110166666666667,-998.3594766810347
1.8126833333333334,-998.359057585876
1.8143500000000001,-998.358647803943
1.8160166666666668,-998.3582426786228
1.8177,-998.3578701495928
1.8193666666666668,-998.3575907528203
1.8210333333333335,-998.3575069337885
1.8227,-998.3577211379808
1.8243666666666667,-998.3582939013645
1.8260333333333334,-998.3592345371652
1.8277,-998.3604638829643
1.8293666666666668,-998.3618515536011
1.8310333333333335,-998.363201971335
1.8327,-998.3643428414894
1.8343666666666667,-998.3651158392267
1.8360333333333334,-998.3654138624507
1.8377000000000001,-998.3652229413228
1.8393666666666668,-998.3645849853589
1.8410333333333335,-998.3635931268165
1.8427,-998.3623824074689
1.8443666666666667,-998.3611018389282
1.8460500000000002,-998.3598911195807
1.8477166666666667,-998.3588666647481
1.8493833333333334,-998.3581076368495
1.85105,-998.3576466321748
1.8527166666666668,-998.3574836507241
1.8543833333333335,-998.3575581565302
1.8560500000000002,-998.3578049570126
1.8577166666666667,-998.3581542029782
1.8593833333333334,-998.3585546716855
1.86105,-998.3590017065214
1.8627166666666668,-998.3595046207121
1.8643833333333335,-998.3600913539343
1.86605,-998.3607665628012
1.8677166666666667,-998.3614976510227
1.8693833333333334,-998.3622194260183
1.87105,-998.3628527253693
1.8727166666666668,-998.3633183866568
1.8743833333333335,-998.3635838135907
1.8760666666666668,-998.3636257231066
1.8777333333333335,-998.3634860247204
1.8794000000000002,-998.3632159411736
1.8810666666666667,-998.3628853216594
1.8827333333333334,-998.3625593587582
1.8844,-998.3622799619857
1.8860666666666668,-998.3620843842449
1.8877333333333335,-998.3619726255359
1.8894000000000002,-998.3619353726328
1.8910666666666667,-998.36193071602
1.8927333333333334,-998.3619027763427
1.8944,-998.3617723911823
1.8960666666666668,-998.3614790245712
1.8977333333333335,-998.3610040500579
1.8994000000000002,-998.3603754073197
1.9010666666666667,-998.3596815720013
1.9027333333333334,-998.359057585876
1.9044,-998.358647803943
1.9060833333333334,-998.358573298137
1.90775,-998.3588992610382
1.9094166666666668,-998.3596070661953
1.9110833333333335,-998.3606222078021
1.9127500000000002,-998.3618049874724
1.9144166666666667,-998.3629924237556
1.9160833333333334,-998.364021535201
1.91775,-998.3647619366482
1.9194166666666668,-998.3651298090654
1.9210833333333335,-998.3650878995494
1.9227500000000002,-998.3646548345521
1.9244166666666667,-998.3638958066534
1.9260833333333334,-998.3629179179496
1.92775,-998.3618282705368
1.9294166666666668,-998.3607293098983
1.9310833333333335,-998.3597001984527
1.9327500000000002,-998.358796815555
1.9344166666666667,-998.358051757495
1.9361000000000002,-998.357488307337
1.9377666666666669,-998.3571297481457
1.9394333333333333,-998.357004019598
1.9411,-998.3571437179843
1.9427666666666668,-998.3575721263688
1.9444333333333335,-998.3582985579774
1.9461000000000002,-998.3593043863584
1.9477666666666669,-998.3605290755446
1.9494333333333334,-998.3618794932784
1.9511,-998.3632205977865
1.9527666666666668,-998.3644080340697
1.9544333333333335,-998.3653160735803
1.9561000000000002,-998.3658469274482
1.9577666666666667,-998.3659586861571
1.9594333333333334,-998.3656513497074
1.9611,-998.3649901106791
1.9627666666666668,-998.3640634447169
1.96445,-998.3629970803685
1.9661166666666667,-998.3619167461814
1.9677833333333334,-998.3609481707033
1.9694500000000001,-998.3601984560304
1.9711166666666669,-998.3597421079687
1.9727833333333333,-998.3596070661953
1.97445,-998.3597653910331
1.9761166666666667,-998.3601332634502
1.9777833333333334,-998.3605989247377
1.9794500000000002,-998.3610552727995
1.9811166666666669,-998.3613952055393
1.9827833333333333,-998.3615768134415
1.98445,-998.361595439893
1.9861333333333335,-998.3615069642484
1.9877833333333335,-998.361409175378
1.9894500000000002,-998.3613905489265
1.9911333333333334,-998.3615302473128
1.9928000000000001,-998.3618655234397
1.9944666666666668,-998.3623730942431
1.9961333333333335,-998.3629924237556
1.9978,-998.3636210664937
1.9994666666666667,-998.3641426071358
2.001133333333333,-998.3644639134242
2.0028,-998.3645104795529
2.0044666666666666,-998.364245052619
2.0061333333333335,-998.3636909156869
2.0078,-998.3629039481109
2.009466666666667,-998.3619865953746
2.0111333333333334,-998.3610459595737
2.0128,-998.3601658597403
2.014466666666667,-998.3594114884545
2.0161333333333333,-998.358796815555
2.0178000000000003,-998.3582939013645
2.0194833333333335,-998.3578794628186
2.0211333333333332,-998.3575302168529
2.0228,-998.3572741031447
2.0244833333333334,-998.3571716576615
2.02615,-998.3573113560478
2.027816666666667,-998.3577816739481
2.0294833333333333,-998.3586198642657
2.0311500000000002,-998.3598166137747
2.0328166666666667,-998.3612648203789
2.0344833333333336,-998.362824785692
2.03615,-998.3643102451992
2.0378166666666666,-998.3655442476112
2.0394833333333335,-998.3663777813159
2.04115,-998.3667177140558
2.042816666666667,-998.3665454193793
2.0444833333333334,-998.3659121200284
2.04615,-998.3649109482602
2.047816666666667,-998.3636909156869
2.0494833333333333,-998.3624196603719
2.0511500000000003,-998.3612555071531
2.0528333333333335,-998.3603381544167
2.0545,-998.3597514211945
2.056166666666667,-998.3595279037764
2.0578333333333334,-998.3596350058725
2.0595,-998.3599749386124
2.061166666666667,-998.3604312866742
2.0628333333333333,-998.3608969479617
2.0645000000000002,-998.361297416669
2.0661666666666667,-998.3616233795702
2.0678333333333336,-998.3619074329556
2.0695,-998.3622240826312
2.0711666666666666,-998.3626245513384
2.0728333333333335,-998.3631367787547
2.0745,-998.3637561082671
2.076166666666667,-998.3644266605212
2.0778333333333334,-998.3650739297108
2.0795,-998.3656094401915
2.081166666666667,-998.3659354030927
2.08285,-998.3659819692215
2.0845166666666666,-998.3657165422876
2.0861833333333335,-998.3651670619684
2.08785,-998.3644080340697
2.089516666666667,-998.3635605305263
2.0911833333333334,-998.362754936499
2.0928500000000003,-998.3620890408578
2.094516666666667,-998.3616280361831
2.0961833333333333,-998.3613765790878
2.09785,-998.3612927600561
2.0995166666666667,-998.361297416669
2.1011833333333336,-998.3612927600561
2.10285,-998.3612322240888
2.1045166666666666,-998.3611018389282
2.1061833333333335,-998.3609621405419
2.10785,-998.3609202310261
2.109516666666667,-998.3610925257025
2.1111833333333334,-998.3615675002158
2.1128666666666667,-998.3623637810174
2.1145333333333336,-998.3634022056885
2.1162,-998.3645523890688
2.1178666666666666,-998.3656373798688
2.1195333333333335,-998.3665035098635
2.1212,-998.3670157372798
2.122866666666667,-998.3671135261502
2.1245333333333334,-998.3667922198617
2.1262000000000003,-998.3661170109949
2.127866666666667,-998.3651670619684
2.1295333333333333,-998.364058788104
2.1312,-998.3629225745625
2.1328666666666667,-998.3618794932784
2.1345333333333336,-998.3610413029609
2.1362,-998.36047319619
2.1378666666666666,-998.3602170824819
2.1395333333333335,-998.3602403655464
2.1412166666666668,-998.360477852803
2.1428833333333333,-998.3608410686072
2.14455,-998.3612415373145
2.1462166666666667,-998.3616280361831
2.1478833333333336,-998.3619726255359
2.14955,-998.3622939318243
2.1512166666666666,-998.3626338645641
2.1528833333333335,-998.3630343332715
2.15455,-998.3635279342362
2.156216666666667,-998.3641053542327
2.1578833333333334,-998.3647339969709
2.1595500000000003,-998.3653440132575
2.161216666666667,-998.365851584061
2.1628833333333333,-998.3661915168009
2.16455,-998.3663125887356
2.1662166666666667,-998.3662008300266
2.1678833333333336,-998.3658748671254
2.16955,-998.3653905793864
2.1712333333333333,-998.3648131593898
2.1729000000000003,-998.3642264261675
2.1745666666666668,-998.363686259074
2.1762333333333332,-998.3632252543994
2.1779,-998.3628434121435
2.1795666666666667,-998.3625081360166
2.1812333333333336,-998.3621682032766
2.1829,-998.3617723911823
2.184566666666667,-998.3613067298947
2.1862333333333335,-998.3607851892527
2.1879,-998.3602776184493
2.189566666666667,-998.359877149742
2.1912333333333334,-998.3597048550656
2.1929000000000003,-998.3598585232905
2.1945666666666668,-998.3603893771583
2.1962333333333333,-998.3612927600561
2.1979,-998.362494166178
2.1995833333333334,-998.3638538971375
2.20125,-998.3651996582585
2.202916666666667,-998.366373124703
2.2045833333333333,-998.3672345980849
2.2062500000000003,-998.3677002593724
2.2079166666666667,-998.3677328556626
2.2095833333333332,-998.3673603266326
2.21125,-998.3666478648627
2.2129166666666666,-998.3657118856747
2.2145833333333336,-998.364659491165
2.21625,-998.3635931268165
2.217916666666667,-998.362601268274
2.2195833333333335,-998.3617397948922
2.22125,-998.361036646348
2.222916666666667,-998.3605104490931
2.2245833333333334,-998.3601658597403
2.2262500000000003,-998.359993565064
2.2279166666666668,-998.3599982216768
2.2296,-998.3601984560304
2.231266666666667,-998.3606035813506
2.2329333333333334,-998.3612275674759
2.2346,-998.3620611011805
2.236266666666667,-998.3630669295616
2.2379333333333333,-998.3641752034259
2.2396000000000003,-998.3652788206773
2.2412666666666667,-998.3662753358326
2.2429333333333332,-998.3670669600215
2.2446,-998.367569874212
2.2462666666666666,-998.3677375122754
2.2479333333333336,-998.3675419345346
2.2496,-998.3670017674411
2.251266666666667,-998.366186860188
2.2529333333333335,-998.3651903450327
2.2546,-998.3641426071358
2.256266666666667,-998.363164718432
2.2579333333333333,-998.3623730942431
2.2596166666666666,-998.3618468969883
2.2612833333333335,-998.3616000965059
2.26295,-998.3616000965059
2.264616666666667,-998.3617537647308
2.2662833333333334,-998.3619586556973
2.26795,-998.3621123239221
2.269616666666667,-998.3621635466637
2.2712833333333333,-998.3620890408578
2.2729500000000002,-998.3619446858587
2.2746166666666667,-998.3618096440853
2.2762833333333337,-998.361781704408
2.27795,-998.3619353726328
2.2796166666666666,-998.3622985884372
2.2812833333333336,-998.3628480687564
2.282966666666667,-998.3635139643976
2.2846333333333333,-998.3641984864903
2.2863,-998.3647991895511
2.2879666666666667,-998.3652229413228
2.2896333333333336,-998.3654138624507
2.2913,-998.3653533264833
2.2929666666666666,-998.3650506466464
2.2946333333333335,-998.3645384192301
2.2963,-998.3638771802018
2.297966666666667,-998.3631134956903
2.2996333333333334,-998.3623079016629
2.3013,-998.3614976510227
2.302966666666667,-998.3607060268338
2.3046333333333333,-998.3599469989351
2.3063000000000002,-998.3592391937781
2.3079666666666667,-998.35861055104
2.3096333333333336,-998.3581169500752
2.3113,-998.3578235834641
2.3129666666666666,-998.357790987174
2.3146333333333335,-998.3580750405594
2.3163,-998.3586897134588
2.3179833333333333,-998.3595977529695
2.31965,-998.360738623124
2.3213166666666667,-998.3620191916647
2.3229833333333336,-998.3633230432697
2.32465,-998.3645384192301
2.3263166666666666,-998.3655628740627
2.3279833333333335,-998.3663079321227
2.32965,-998.3667037442171
2.331316666666667,-998.3667223706686
2.3329833333333334,-998.3663591548644
2.33465,-998.365665319546
2.336316666666667,-998.3647386535838
2.3379833333333333,-998.3636955722998
2.3396500000000002,-998.362680430693
2.3413166666666667,-998.3618236139239
2.3429833333333336,-998.3612089410244
2.34465,-998.3608736648973
2.3463166666666666,-998.3607805326399
2.3480000000000003,-998.3608550384458
2.349666666666667,-998.3610087066708
2.3513333333333333,-998.3611670315084
2.353,-998.361297416669
2.3546666666666667,-998.3614184886037
2.3563333333333336,-998.3615628436029
2.358,-998.3617863610209
2.3596666666666666,-998.3621262937608
2.3613333333333335,-998.3625919550483
2.363,-998.3631600618191
2.364666666666667,-998.3637654214929
2.3663333333333334,-998.3643149018121
2.3680000000000003,-998.3647107139066
2.369666666666667,-998.3648736953572
2.3713333333333333,-998.3647759064868
2.373,-998.3644266605212
2.3746833333333335,-998.3638864934276
2.37635,-998.3632345676251
2.378016666666667,-998.3625593587582
2.3796833333333334,-998.3619167461814
2.3813500000000003,-998.3613393261849
2.383016666666667,-998.3608457252201
2.3846833333333333,-998.3604266300613
2.38635,-998.3600587576442
2.3880166666666667,-998.3597421079687
2.3896833333333336,-998.3594720244218
2.39135,-998.3592764466812
2.3930166666666666,-998.3592019408751
2.3946833333333335,-998.3592904165198
2.39635,-998.3595930963567
2.398016666666667,-998.3601425766759
2.3996833333333334,-998.3609248876389
2.4013500000000003,-998.3619074329556
2.403016666666667,-998.3630110502071
2.4046833333333333,-998.3641472637487
2.406366666666667,-998.3652043148713
2.4080333333333335,-998.3660844147047
2.4097,-998.3667130574429
2.411366666666667,-998.3670297071184
2.4130333333333334,-998.3670017674411
2.4147000000000003,-998.3666199251854
2.4163666666666668,-998.3659074634155
2.4180333333333333,-998.3649249180988
2.4197,-998.3637747347186
2.4213666666666667,-998.3625779852097
2.4230333333333336,-998.3614790245712
2.4247,-998.3606035813506
2.426366666666667,-998.360030817967
2.4280333333333335,-998.3597886740974
2.4297,-998.3598352402262
2.431366666666667,-998.3600960105472
2.4330333333333334,-998.3604964792545
2.4347166666666666,-998.3609761103806
2.4363833333333336,-998.3615255906999
2.43805,-998.3621449202122
2.439716666666667,-998.3628480687564
2.4413833333333335,-998.3636210664937
2.44305,-998.3644220039083
2.444716666666667,-998.3651624053555
2.4463833333333334,-998.3657584518035
2.4480500000000003,-998.366112354382
2.4497166666666668,-998.3661775469623
2.4513833333333332,-998.365926089867
2.45305,-998.365404549225
2.4547166666666667,-998.3646874308422
2.4563833333333336,-998.3638771802018
2.45805,-998.3630669295616
2.459716666666667,-998.3623451545659
2.4613833333333335,-998.3617677345694
2.46305,-998.3613532960235
2.4647333333333337,-998.3610785558639
2.4664,-998.3608969479617
2.4680666666666666,-998.3607525929626
2.4697333333333336,-998.360589611512
2.4714,-998.3603893771583
2.473066666666667,-998.360175172966
2.4747333333333335,-998.359993565064
2.4764,-998.3599190592579
2.478066666666667,-998.3600354745798
2.4797333333333333,-998.3603800639326
2.4814000000000003,-998.3609667971549
2.4830666666666668,-998.3617630779565
2.4847333333333332,-998.3626990571445
2.4864,-998.3636816024612
2.4880666666666666,-998.3646129250361
2.4897333333333336,-998.3653998926121
2.4914,-998.3659679993829
2.493066666666667,-998.3662520527682
2.4947500000000002,-998.366224113091
2.4964166666666667,-998.365888836964
2.4980833333333337,-998.365288133903
2.49975,-998.3644918531014
2.5014166666666666,-998.3636070966551
2.5030833333333335,-998.3627456232732
2.50475,-998.3620098784389
2.506416666666667,-998.3614603981197
2.5080833333333334,-998.3611251219926
2.50975,-998.3609667971549
2.511416666666667,-998.3609155744132
2.5130833333333333,-998.360887634736
2.5147500000000003,-998.3608177855428
2.5164166666666667,-998.360696713608
2.5180833333333337,-998.3605570152218
2.51975,-998.3605011358674
2.5214166666666666,-998.3606361776407
2.5231000000000003,-998.3610645860252
2.524766666666667,-998.361818957311
2.5264333333333333,-998.3628666952079
2.5281000000000002,-998.3640774145555
2.5297666666666667,-998.3652927905159
2.5314333333333336,-998.3663032755098
2.5331,-998.3669412314738
2.5347666666666666,-998.3670809298601
2.5364333333333335,-998.3666851177657
2.5381,-998.3658283009966
2.539766666666667,-998.3646408647135
2.5414333333333334,-998.3633323564954
2.5431,-998.3620983540835
2.544766666666667,-998.3611158087668
2.5464333333333333,-998.3604825094159
2.5481000000000003,-998.3602217390948
2.5497666666666667,-998.3602683052236
2.5514333333333337,-998.3605104490931
2.553116666666667,-998.3608317553815
2.5547833333333334,-998.3611158087668
2.5564500000000003,-998.3613113865076
2.558116666666667,-998.3614184886037
2.5597833333333333,-998.3614883377969
2.5614500000000002,-998.3615907832801
2.5631166666666667,-998.3618096440853
2.5647833333333336,-998.3621868297282
2.56645,-998.3627456232732
2.5681166666666666,-998.3634394585916
2.5697833333333335,-998.3641984864903
2.57145,-998.364920261486
2.573116666666667,-998.3654883682567
2.5747833333333334,-998.3658189877708
2.57645,-998.3658562406739
2.5781333333333336,-998.3655815005142
2.5798,-998.3650180503563
2.5814666666666666,-998.3642310827804
2.5831333333333335,-998.3633090734311
2.5848,-998.3623684376303
2.586466666666667,-998.3615162774742
2.5881333333333334,-998.3608410686072
2.5898000000000003,-998.3603893771583
2.591466666666667,-998.3601612031274
2.5931333333333333,-998.3600913539343
2.5948,-998.36010066716
2.5964666666666667,-998.3601099803858
2.5981333333333336,-998.3600587576442
2.5998,-998.3599469989351
2.6014666666666666,-998.3598445534519
2.6031333333333335,-998.359839896839
2.6048,-998.3600401311927
2.606466666666667,-998.3605104490931
2.6081333333333334,-998.3612555071531
2.6098000000000003,-998.3622007995668
2.611466666666667,-998.3632345676251
2.61315,-998.3642031431032
2.614816666666667,-998.3649621710018
2.6164833333333335,-998.365404549225
2.61815,-998.3654743984181
2.619816666666667,-998.3651903450327
2.6214833333333334,-998.364617581649
2.6231500000000003,-998.3638678669761
2.624816666666667,-998.3630483031101
2.6264833333333333,-998.3622566789213
2.62815,-998.36155818699
2.6298166666666667,-998.3609667971549
2.6314833333333336,-998.3604685395771
2.63315,-998.3600261613541
2.6348166666666666,-998.3596070661953
2.6364833333333335,-998.3592112541008
2.63815,-998.3588759779739
2.639816666666667,-998.3586710870073
2.6415,-998.358685056846
2.6431666666666667,-998.3589923932957
2.6448333333333336,-998.3596117228082
2.6465,-998.3605197623189
2.648166666666667,-998.3616140663445
2.6498333333333335,-998.3627642497247
2.6515,-998.3638073310087
2.653166666666667,-998.364617581649
2.6548333333333334,-998.3651158392267
2.6565000000000003,-998.3652788206773
2.658166666666667,-998.3651391222911
2.6598333333333333,-998.3647572800353
2.6615,-998.3642124563289
2.6631666666666667,-998.3635651871392
2.6648333333333336,-998.3628760084337
2.6665,-998.3621868297282
2.6681666666666666,-998.361520934087
2.6698500000000003,-998.3609155744132
2.6715166666666668,-998.3603940337712
2.6731833333333332,-998.3599656253866
2.67485,-998.359616379421
2.6765166666666667,-998.3593369826485
2.6781833333333336,-998.3591181218434
2.67985,-998.3589597970056
2.681516666666667,-998.3588852911996
2.6831833333333335,-998.358945827167
2.68485,-998.3592019408751
2.686516666666667,-998.3597095116785
2.6881833333333334,-998.3604825094159
2.6898500000000003,-998.3614883377969
2.691516666666667,-998.3626431777899
2.6931833333333333,-998.3638306140731
2.69485,-998.3649249180988
2.6965166666666667,-998.3658003613193
2.6981833333333336,-998.3663638114773
2.699866666666667,-998.3665687024437
2.7015333333333333,-998.3664150342189
2.7032000000000003,-998.3659493729314
2.7048666666666668,-998.3652695074516
2.7065333333333337,-998.3644825398757
2.7082,-998.3636909156869
2.7098666666666666,-998.3629644840784
2.7115333333333336,-998.3623172148887
2.7132,-998.3617351382793
2.714866666666667,-998.3611810013471
2.7165333333333335,-998.3606082379634
2.7182,-998.3600261613541
2.719866666666667,-998.3594720244218
2.7215333333333334,-998.3590482726503
2.7232000000000003,-998.358871321361
2.7248666666666668,-998.3590482726503
2.7265333333333333,-998.3596396624854
2.7282,-998.3606268644149
2.7298833333333334,-998.3619074329556
2.73155,-998.3632997602053
2.733216666666667,-998.3645896419717
2.7348833333333333,-998.3655768439013
2.7365500000000003,-998.3661263242207
2.7382166666666667,-998.3661775469623
2.7398833333333337,-998.3657584518035
2.74155,-998.3649714842276
2.7432166666666666,-998.3639563426208
2.7448833333333336,-998.3628806650465
2.74655,-998.3618701800526
2.748216666666667,-998.3610319897351
2.7498833333333335,-998.3604080036098
2.75155,-998.3600075349026
2.753216666666667,-998.3598119571618
2.7548833333333334,-998.3597886740974
2.7565500000000003,-998.3598864629678
2.7582166666666668,-998.3600541010313
2.7599,-998.3602496787721
2.761566666666667,-998.3604266300613
2.7632333333333334,-998.3605709850605
2.7649,-998.360696713608
2.766566666666667,-998.3608457252201
2.7682333333333333,-998.3610645860252
2.7699000000000003,-998.3614184886037
2.7715666666666667,-998.3619214027942
2.7732333333333337,-998.3625779852097
2.7749,-998.3633276998826
2.7765666666666666,-998.3640867277812
2.7782333333333336,-998.3647526234224
2.7799,-998.3652322545486
2.781566666666667,-998.3654464587408
2.7832333333333334,-998.3653812661606
2.7849,-998.3650459900335
2.786566666666667,-998.36450582294
2.78825,-998.3638445839117
2.7899166666666666,-998.3631693750449
2.7915833333333335,-998.3625779852097
2.79325,-998.3621262937608
2.794916666666667,-998.3618422403754
2.7965833333333334,-998.3616839155376
2.7982500000000003,-998.3615768134415
2.799916666666667,-998.3614371150552
2.8015833333333333,-998.361222910863
2.8032500000000002,-998.3609342008647
2.8049166666666667,-998.3606548040922
2.8065833333333337,-998.3605011358674
2.80825,-998.3606082379634
2.8099166666666666,-998.3610692426381
2.8115833333333335,-998.3619120895685
2.81325,-998.3630622729487
2.814916666666667,-998.3643754377795
2.8165833333333334,-998.3656513497074
2.8182666666666667,-998.3667037442171
2.8199333333333336,-998.3673742964712
2.8216,-998.3675838440506
2.8232666666666666,-998.3673277303425
2.8249333333333335,-998.366671147927
2.8266,-998.3657351687391
2.828266666666667,-998.364659491165
2.8299333333333334,-998.3635791569778
2.8316000000000003,-998.362601268274
2.833266666666667,-998.3618049874724
2.8349333333333333,-998.3612322240888
2.8366000000000002,-998.3609016045746
2.8382666666666667,-998.3608038157042
2.8399333333333336,-998.3609248876389
2.8416,-998.3612275674759
2.8432666666666666,-998.3616839155376
2.8449333333333335,-998.3622520223084
2.8466,-998.3628946348852
2.8482833333333333,-998.363574500365
2.84995,-998.3642590224576
2.8516166666666667,-998.3649295747117
2.8532833333333336,-998.3655582174498
2.85495,-998.3661402940593
2.8566166666666666,-998.3666618347013
2.8582833333333335,-998.3670995563116
2.85995,-998.3674301758257
2.861616666666667,-998.3676210969536
2.8632833333333334,-998.3676397234051
2.8649500000000003,-998.3674767419544
2.866616666666667,-998.3671274959888
2.8682833333333333,-998.3666245817983
2.8699500000000002,-998.3660192221245
2.8716333333333335,-998.3653905793864
2.8733,-998.3648085027769
2.874966666666667,-998.3643474981022
2.8766333333333334,-998.3640261918139
2.8783000000000003,-998.3638259574602
2.879966666666667,-998.363686259074
2.8816333333333333,-998.3635186210105
2.8833,-998.3632578506895
2.8849666666666667,-998.3628806650465
2.8866333333333336,-998.3624336302106
2.8883,-998.3620285048904
2.889966666666667,-998.3617956742467
2.8916333333333335,-998.3618515536011
2.8933,-998.3622613355342
2.894966666666667,-998.3630250200457
2.8966333333333334,-998.3640541314911
2.8983000000000003,-998.36521828471
2.899966666666667,-998.3663591548644
2.9016333333333333,-998.3673184171167
2.9033,-998.3679749995321
2.9049666666666667,-998.3682543963046
2.90665,-998.3681333243699
2.908316666666667,-998.3676490366308
2.9099833333333334,-998.3668713822807
2.9116500000000003,-998.3658748671254
2.9133166666666668,-998.364766593261
2.9149833333333333,-998.3636396929452
2.91665,-998.3625826418225
2.9183166666666667,-998.3616652890861
2.9199833333333336,-998.3609248876389
2.92165,-998.3603847205454
2.923316666666667,-998.3600401311927
2.9249833333333335,-998.3598957761935
2.92665,-998.3599749386124
2.928316666666667,-998.3603055581266
2.9299833333333334,-998.3609109178003
2.9316500000000003,-998.3618049874724
2.9333333333333336,-998.3629458576269
2.935,-998.3642590224576
2.936666666666667,-998.3656187534173
2.9383333333333335,-998.3669039785708
2.94,-998.3679656863063
2.941666666666667,-998.3686921179149
2.9433333333333334,-998.3689947977517
2.9450000000000003,-998.3688411295269
2.9466666666666668,-998.3682590529174
2.9483333333333337,-998.3673230737296
2.95,-998.3661635771236
2.9516666666666667,-998.3649249180988
2.9533333333333336,-998.3637654214929
2.955,-998.3628201290792
2.956666666666667,-998.3621868297282
2.9583333333333335,-998.3619167461814
2.96,-998.3619865953746
2.961666666666667,-998.3623079016629
2.96335,-998.3627689063376
2.9650166666666666,-998.3632252543994
2.9666833333333336,-998.3635884702036
2.96835,-998.3638119876216
2.970016666666667,-998.3639284029435
2.9716833333333335,-998.3640075653624
2.97335,-998.3641565769744
2.975016666666667,-998.3644592568113
2.9766833333333333,-998.3649482011632
2.9783500000000003,-998.3656140968044
2.9800166666666668,-998.366373124703
2.9816833333333337,-998.3671088695373
2.98335,-998.3677002593724
2.9850166666666667,-998.3680308788865
2.9866833333333336,-998.3680448487253
2.98835,-998.3677328556626
2.990016666666667,-998.3671321526017
2.9916833333333335,-998.3663312151871
2.9933666666666667,-998.365441802128
2.9950333333333337,-998.3645570456816
2.9967,-998.3637467950414
2.9983666666666666,-998.3630483031101
3.0000333333333336,-998.3624382868235
3.0017,-998.3618841498912
3.003366666666667,-998.3613579526364
3.0050333333333334,-998.360850381833
3.0067,-998.360398690384
3.008366666666667,-998.3600773840957
3.0100333333333333,-998.3599889084511
3.0117000000000003,-998.360212425869
3.0133666666666667,-998.3608038157042
3.0150333333333337,-998.3617537647308
3.0167,-998.362978453917
3.0183666666666666,-998.3643335282636
3.0200500000000003,-998.3656327232559
3.0217,-998.36670840083
3.0233833333333333,-998.3674115493742
3.0250500000000002,-998.3676676630823
3.0267166666666667,-998.3674581155029
3.0283833333333336,-998.3668434426035
3.03005,-998.3659167766413
3.0317166666666666,-998.3648224726155
3.0333833333333335,-998.3637048855255
3.03505,-998.3627037137574
3.036716666666667,-998.3619214027942
3.0383833333333334,-998.3614184886037
3.0400500000000004,-998.3612042844114
3.041716666666667,-998.3612415373145
3.0433833333333333,-998.3614464282809
3.0450500000000003,-998.3617258250536
3.0467166666666667,-998.3619726255359
3.0483833333333337,-998.3621216371479
3.050066666666667,-998.3621402635994
3.0517166666666666,-998.3620564445677
3.0534000000000003,-998.3619446858587
3.055066666666667,-998.3618981197299
3.0567333333333333,-998.3620238482775
3.0584000000000002,-998.3623824074689
3.0600666666666667,-998.3629924237556
3.0617333333333336,-998.3638259574602
3.0634,-998.3647805630997
3.0650666666666666,-998.3657258555133
3.0667333333333335,-998.366522136315
3.0684,-998.3670529901827
3.070066666666667,-998.3672485679235
3.0717333333333334,-998.3671135261502
3.0734000000000004,-998.3666944309914
3.075066666666667,-998.3660844147047
3.0767333333333333,-998.3653766095478
3.0784000000000002,-998.3646548345521
3.0800833333333335,-998.3639749690723
3.0817333333333337,-998.3633463263341
3.083416666666667,-998.3627642497247
3.0850833333333334,-998.362196142954
3.0867500000000003,-998.3616373494089
3.088416666666667,-998.361111152154
3.0900833333333333,-998.3606687739308
3.09175,-998.360398690384
3.0934166666666667,-998.3603847205454
3.0950833333333336,-998.360696713608
3.09675,-998.3613393261849
3.0984166666666666,-998.3622706487599
3.1000833333333335,-998.3633696093984
3.10175,-998.3645104795529
3.103416666666667,-998.365548904224
3.1050833333333334,-998.3663684680902
3.1067500000000003,-998.3668853521193
3.108416666666667,-998.3670576467956
3.1101,-998.3668946653451
3.111766666666667,-998.3664336606704
3.1134333333333335,-998.3657258555133
3.1151,-998.364841099067
3.116766666666667,-998.3638632103632
3.1184333333333334,-998.3628666952079
3.1201000000000003,-998.3619493424716
3.121766666666667,-998.3611856579599
3.1234333333333333,-998.3606454908664
3.1251,-998.3603567808682
3.1267666666666667,-998.360328841191
3.1284333333333336,-998.3605290755446
3.1301,-998.3609248876389
3.131766666666667,-998.3614557415068
3.1334333333333335,-998.362079727632
3.1351,-998.362754936499
3.136766666666667,-998.3634673982689
3.1384333333333334,-998.3641938298774
3.1401166666666667,-998.3648969784216
3.1417833333333336,-998.3655395909983
3.14345,-998.3660611316403
3.145116666666667,-998.3664290040575
3.1467833333333335,-998.3666012987339
3.14845,-998.3665687024437
3.150116666666667,-998.3663358718001
3.1517833333333334,-998.365926089867
3.1534500000000003,-998.3653905793864
3.155116666666667,-998.3647945329383
3.1567833333333333,-998.3642031431032
3.15845,-998.3636816024612
3.1601166666666667,-998.3632857903667
3.1617833333333336,-998.3630343332715
3.16345,-998.3629179179496
3.165116666666667,-998.3628806650465
3.1668000000000003,-998.3628387555307
3.1684666666666668,-998.3627130269831
3.1701333333333337,-998.3624522566621
3.1718,-998.3620611011805
3.1734666666666667,-998.3616140663445
3.1751333333333336,-998.361222910863
3.1768,-998.3610226765094
3.178466666666667,-998.3611158087668
3.1801333333333335,-998.3615395605385
3.1818,-998.3622753053728
3.183466666666667,-998.3632299110122
3.1851333333333334,-998.3642776489091
3.1868000000000003,-998.3652834772902
3.188466666666667,-998.3661263242207
3.1901333333333333,-998.3666990876043
3.1918,-998.3669412314738
3.1934666666666667,-998.3668341293777
3.1951333333333336,-998.3663964077674
3.1968,-998.3656932592232
3.198466666666667,-998.3647945329383
3.2001500000000003,-998.3637933611701
3.2018166666666668,-998.3627689063376
3.2034833333333337,-998.361781704408
3.20515,-998.3609016045746
3.2068166666666666,-998.3601565465145
3.2084833333333336,-998.359579126518
3.21015,-998.3591926276493
3.211816666666667,-998.359020332973
3.2134833333333335,-998.3590855255533
3.21515,-998.3594068318416
3.216816666666667,-998.3600075349026
3.2184833333333334,-998.3608783215102
3.2201500000000003,-998.3619865953746
3.2218166666666668,-998.3632671639152
3.2234833333333337,-998.3646036118104
3.22515,-998.3658608972868
3.2268333333333334,-998.3669086351837
3.2284833333333336,-998.3676257535665
3.230166666666667,-998.3679517164677
3.2318333333333333,-998.3678632408231
3.2335000000000003,-998.3673975795356
3.2351666666666667,-998.366633895024
3.2368333333333337,-998.3656792893846
3.2385,-998.3646781176164
3.2401666666666666,-998.3637654214929
3.2418333333333336,-998.3630669295616
3.2435,-998.3626664608543
3.245166666666667,-998.3625826418225
3.2468333333333335,-998.3627642497247
3.2485,-998.363122808916
3.250166666666667,-998.3635139643976
3.2518333333333334,-998.3638306140731
3.2535000000000003,-998.363984282298
3.2551666666666668,-998.3639563426208
3.25685,-998.363798017783
3.258516666666667,-998.363611753268
3.2601833333333334,-998.3635139643976
3.2618500000000004,-998.3636070966551
3.263516666666667,-998.363947029395
3.2651833333333333,-998.3645291060044
3.2668500000000003,-998.3652927905159
3.2685166666666667,-998.3661263242207
3.2701833333333337,-998.3669086351837
3.27185,-998.3675186514703
3.2735166666666666,-998.367867897436
3.2751833333333336,-998.3678958371132
3.27685,-998.3675791874377
3.278516666666667,-998.3669412314738
3.2801833333333335,-998.3660425051888
3.2818500000000004,-998.3649761408404
3.283516666666667,-998.3638445839117
3.2851833333333333,-998.3627502798861
3.2868666666666666,-998.3617910176338
3.2885333333333335,-998.3610180198965
3.2902,-998.3604499131256
3.291866666666667,-998.3600820407086
3.2935333333333334,-998.3598957761935
3.2952000000000004,-998.3598818063549
3.296866666666667,-998.3600354745798
3.2985333333333333,-998.360398690384
3.3002000000000002,-998.360999393445
3.3018666666666667,-998.3618655234397
3.3035333333333337,-998.3629831105299
3.3052,-998.3642869621349
3.3068666666666666,-998.3656746327717
3.3085333333333335,-998.367006424054
3.3102,-998.368128667757
3.311866666666667,-998.3689063221071
3.3135333333333334,-998.3692415982341
3.3152000000000004,-998.3690832733964
3.3168833333333336,-998.3684499740453
3.31855,-998.3674022361485
3.320216666666667,-998.3660704448661
3.3218833333333335,-998.364617581649
3.32355,-998.3632252543994
3.325216666666667,-998.362079727632
3.3268833333333334,-998.3613206997334
3.3285500000000003,-998.3610180198965
3.330216666666667,-998.3611437484441
3.3318833333333333,-998.3616094097316
3.3335500000000002,-998.3622520223084
3.3352166666666667,-998.3629132613366
3.3368833333333336,-998.3634673982689
3.33855,-998.3638492405246
3.3402166666666666,-998.3640634447169
3.3418833333333335,-998.3641798600388
3.34355,-998.3642869621349
3.345216666666667,-998.364468570037
3.3469,-998.3647805630997
3.3485666666666667,-998.3652136280971
3.3502333333333336,-998.3657165422876
3.3519,-998.3662054866395
3.353566666666667,-998.3665919855082
3.3552333333333335,-998.3667968764746
3.3569,-998.366782906636
3.358566666666667,-998.3665547326051
3.3602333333333334,-998.3661309808335
3.3619000000000003,-998.3655721872884
3.363566666666667,-998.3649249180988
3.3652333333333333,-998.3642264261675
3.3669000000000002,-998.3635232776234
3.3685666666666667,-998.3628527253693
3.3702333333333336,-998.3622287392441
3.3719,-998.3616839155376
3.3735833333333334,-998.361222910863
3.3752333333333335,-998.3608596950587
3.376916666666667,-998.3606128945763
3.3785833333333337,-998.360515105706
3.38025,-998.3606175511892
3.3819166666666667,-998.3609761103806
3.3835833333333336,-998.3616094097316
3.38525,-998.3625127926294
3.386916666666667,-998.3636257231066
3.3885833333333335,-998.3648504122928
3.39025,-998.3660657882532
3.391916666666667,-998.3671507790532
3.3935833333333334,-998.3679796561449
3.3952500000000003,-998.3684592872711
3.396916666666667,-998.3685198232384
3.3985833333333333,-998.3681193545312
3.40025,-998.3672858208265
3.4019166666666667,-998.3660844147047
3.4036,-998.3646315514877
3.405266666666667,-998.3630902126259
3.4069333333333334,-998.3616280361831
3.4086000000000003,-998.3604080036098
3.410266666666667,-998.3595605000666
3.4119333333333337,-998.359132091682
3.4136,-998.3590994953919
3.4152666666666667,-998.3593695789386
3.4169333333333336,-998.3598026439361
3.4186,-998.3602776184493
3.420266666666667,-998.3607013702209
3.4219333333333335,-998.3610459595737
3.4236,-998.361334669572
3.425266666666667,-998.3616187229574
3.4269333333333334,-998.3619400292458
3.4286000000000003,-998.3623358413402
3.430266666666667,-998.3627968460148
3.4319333333333333,-998.3632951035925
3.433616666666667,-998.3637793913315
3.4352666666666667,-998.3641798600388
3.43695,-998.3644313171341
3.438616666666667,-998.3644918531014
3.4402833333333334,-998.3643381848765
3.4419500000000003,-998.363984282298
3.4436166666666668,-998.3634767114946
3.4452833333333337,-998.3628899782723
3.44695,-998.36230324505
3.4486166666666667,-998.3617956742467
3.4502833333333336,-998.3614045187651
3.45195,-998.3611390918312
3.453616666666667,-998.3609435140904
3.4552833333333335,-998.3607525929626
3.4569666666666667,-998.3605011358674
3.458616666666667,-998.3601565465145
3.4603,-998.3597374513557
3.4619666666666666,-998.3593276694228
3.4636333333333336,-998.3590343028117
3.4653,-998.3589784234571
3.466966666666667,-998.3592578202297
3.4686333333333335,-998.3598957761935
3.4703000000000004,-998.360850381833
3.471966666666667,-998.3620191916647
3.4736333333333334,-998.3632531940766
3.4753000000000003,-998.3643940642311
3.4769666666666668,-998.3652974471288
3.4786333333333337,-998.3658608972868
3.4803,-998.3660052522858
3.4819666666666667,-998.3657165422876
3.4836333333333336,-998.3650227069692
3.4853,-998.3640029087495
3.486966666666667,-998.3627875327891
3.4886333333333335,-998.3615255906999
3.4903,-998.3603567808682
3.491966666666667,-998.3594021752288
3.49365,-998.3587269663618
3.4953166666666666,-998.358349780719
3.4969833333333336,-998.3582287087842
3.49865,-998.3582939013645
3.500316666666667,-998.3584801658794
3.5019833333333334,-998.3587409362004
3.5036500000000004,-998.3590668991018
3.505316666666667,-998.3594859942605
3.5069833333333333,-998.3600354745798
3.5086500000000003,-998.360738623124
3.5103166666666668,-998.3615768134415
3.5119833333333337,-998.3624895095651
3.51365,-998.3633696093984
3.5153166666666666,-998.3640913843941
3.5169833333333336,-998.3645523890688
3.51865,-998.3646874308422
3.5203333333333333,-998.3644965097143
3.5219833333333335,-998.364021535201
3.5236666666666667,-998.3633509829469
3.5253333333333337,-998.3626059248869
3.527,-998.3618841498912
3.5286666666666666,-998.3612694769918
3.5303333333333335,-998.3608084723171
3.532,-998.3605057924802
3.533666666666667,-998.360328841191
3.5353333333333334,-998.3602217390948
3.5370000000000004,-998.3601332634502
3.538666666666667,-998.3600121915155
3.5403333333333333,-998.359839896839
3.5420000000000003,-998.3596210360339
3.5436666666666667,-998.3594114884545
3.5453333333333337,-998.3592764466812
3.547016666666667,-998.3592950731327
3.5486666666666666,-998.3595325603893
3.5503500000000003,-998.359993565064
3.552,-998.360659460705
3.5536833333333333,-998.3614557415068
3.5553500000000002,-998.3622939318243
3.5570166666666667,-998.3630808994002
3.5586833333333336,-998.3637281685899
3.56035,-998.364170546813
3.562016666666667,-998.3643614679409
3.5636833333333335,-998.3642776489091
3.56535,-998.3639190897178
3.567016666666667,-998.3633323564954
3.5686833333333334,-998.3625779852097
3.5703500000000004,-998.3617397948922
3.572016666666667,-998.3608922913488
3.5736833333333333,-998.3601239502244
3.5753500000000003,-998.3594859942605
3.5770166666666667,-998.3589923932957
3.5786833333333337,-998.358647803943
3.580366666666667,-998.3584289431378
3.5820166666666666,-998.3583171844289
3.5837000000000003,-998.358312527816
3.585366666666667,-998.3584382563636
3.5870333333333333,-998.3587409362004
3.5887000000000002,-998.3592624768426
3.5903666666666667,-998.3600261613541
3.5920333333333336,-998.3610133632836
3.5937,-998.3621402635994
3.595366666666667,-998.3632811337538
3.5970333333333335,-998.3642869621349
3.5987,-998.3650227069692
3.600366666666667,-998.3653859227735
3.6020333333333334,-998.3653440132575
3.6037000000000003,-998.364920261486
3.605366666666667,-998.3642124563289
3.6070333333333333,-998.3633370131083
3.6087000000000002,-998.3624289735977
3.6103833333333335,-998.3616187229574
3.61205,-998.3609900802193
3.613716666666667,-998.3605942681248
3.6153833333333334,-998.3604266300613
3.6170500000000003,-998.360435943287
3.618716666666667,-998.360552358609
3.6203833333333333,-998.3606827437694
3.62205,-998.3607572495755
3.6237166666666667,-998.3607293098983
3.6253833333333336,-998.3606128945763
3.62705,-998.3604499131256
3.628716666666667,-998.3603381544167
3.6303833333333335,-998.3603614374811
3.63205,-998.3605849548991
3.633716666666667,-998.3610226765094
3.6353833333333334,-998.3616373494089
3.6370500000000003,-998.3623451545659
3.638716666666667,-998.3630483031101
3.6404,-998.3636303797194
3.642066666666667,-998.3640122219753
3.6437333333333335,-998.3641146674585
3.6454,-998.3639190897178
3.647066666666667,-998.3634348019788
3.6487333333333334,-998.3627130269831
3.6504000000000003,-998.3618375837625
3.652066666666667,-998.3608969479617
3.6537333333333337,-998.3599795952252
3.6554,-998.3591600313592
3.6570666666666667,-998.3585127621695
3.6587333333333336,-998.358051757495
3.6604,-998.357786330561
3.662066666666667,-998.3576838850778
3.6637333333333335,-998.3577071681422
3.6654,-998.3578328966898
3.667066666666667,-998.3580657273336
3.6687333333333334,-998.3584289431378
3.6704166666666667,-998.3589644536185
3.6720833333333336,-998.3596955418399
3.67375,-998.3606175511892
3.675416666666667,-998.3616885721505
3.6770833333333335,-998.3628154724663
3.67875,-998.3638818368147
3.680416666666667,-998.3647712498739
3.6820833333333334,-998.365367296322
3.6837500000000003,-998.3655954703528
3.685416666666667,-998.3654324889022
3.6870833333333337,-998.3649016350345
3.68875,-998.3640820711684
3.6904166666666667,-998.3630948692388
3.6920833333333336,-998.3620657577934
3.69375,-998.3611158087668
3.695416666666667,-998.3603428110296
3.6971000000000003,-998.3597886740974
3.69875,-998.3594533979704
3.7004333333333337,-998.359281103294
3.7021,-998.3592252239395
3.7037666666666667,-998.3592298805523
3.7054333333333336,-998.3592904165198
3.7071,-998.3594347715189
3.708766666666667,-998.3597188249042
3.7104333333333335,-998.3601984560304
3.7121000000000004,-998.360887634736
3.713766666666667,-998.3617397948922
3.7154333333333334,-998.3626431777899
3.7171000000000003,-998.3634673982689
3.7187666666666668,-998.3640820711684
3.7204333333333337,-998.3644080340697
3.7221,-998.3644220039083
3.7237666666666667,-998.3641612335873
3.7254333333333336,-998.3637048855255
3.727116666666667,-998.3631554052062
3.728766666666667,-998.3625966116612
3.7304500000000003,-998.3620890408578
3.7321166666666667,-998.3616420060217
3.7337833333333337,-998.3612508505403
3.73545,-998.3608922913488
3.7371166666666666,-998.3605430453832
3.7387833333333336,-998.3601658597403
3.74045,-998.3597421079687
3.742116666666667,-998.359243850391
3.7438000000000002,-998.3586804002331
3.7454500000000004,-998.3580796971722
3.7471333333333336,-998.3575022771756
3.7488,-998.3570459291138
3.750466666666667,-998.3568037852443
3.7521333333333335,-998.3568829476633
3.7538,-998.3573439523379
3.755466666666667,-998.3581914558812
3.7571333333333334,-998.3593649223258
3.7588000000000004,-998.3607293098983
3.760466666666667,-998.3621123239221
3.7621333333333333,-998.3633370131083
3.7638000000000003,-998.3642403960062
3.7654666666666667,-998.3647153705194
3.7671333333333337,-998.3647339969709
3.7688,-998.3643288716507
3.7704666666666666,-998.3635931268165
3.7721333333333336,-998.3626664608543
3.7738,-998.3616746023118
3.775466666666667,-998.3607572495755
3.7771333333333335,-998.3599889084511
3.7788000000000004,-998.3594161450674
3.780466666666667,-998.3590156763602
3.7821333333333333,-998.3587409362004
3.7838000000000003,-998.3585407018469
3.7854666666666668,-998.3583730637833
3.78715,-998.3582380220099
3.7888,-998.3581774860426
3.7904833333333334,-998.3582706183
3.7921500000000004,-998.3586012378142
3.793816666666667,-998.3592391937781
3.7954833333333333,-998.3601844861918
3.7971500000000002,-998.3613672658621
3.7988166666666667,-998.3626431777899
3.8004833333333337,-998.363835270686
3.80215,-998.3647852197125
3.803816666666667,-998.3653719529349
3.8054833333333336,-998.365548904224
3.80715,-998.3653393566447
3.808816666666667,-998.3648131593898
3.8104833333333334,-998.3640774145555
3.8121500000000004,-998.3632345676251
3.813816666666667,-998.3623824074689
3.8154833333333333,-998.3615814700544
3.817166666666667,-998.3608829781231
3.8188333333333335,-998.3603055581266
3.8205,-998.3598352402262
3.822166666666667,-998.3594533979704
3.8238333333333334,-998.3591227784563
3.8255000000000003,-998.3588107853936
3.827166666666667,-998.358494135718
3.8288333333333333,-998.3582007691069
3.8305000000000002,-998.3579772516889
3.8321666666666667,-998.3579074024958
3.8338333333333336,-998.3580610707207
3.8355,-998.3584708526537
3.837166666666667,-998.3591414049077
3.8388500000000003,-998.3600168481283
3.840516666666667,-998.3610087066708
3.8421833333333337,-998.3619959086003
3.84385,-998.3628666952079
3.8455166666666667,-998.3635139643976
3.8471833333333336,-998.3638585537503
3.84885,-998.3638632103632
3.850516666666667,-998.3635419040749
3.8521833333333335,-998.3629551708526
3.85385,-998.3621914863411
3.855516666666667,-998.3613532960235
3.8571833333333334,-998.3605290755446
3.8588500000000003,-998.3597793608717
3.860516666666667,-998.3591553747464
3.8621833333333333,-998.3586617737816
3.8638500000000002,-998.3582892447516
3.8655166666666667,-998.3580191612048
3.8671833333333336,-998.357828240077
3.86885,-998.3576931983035
3.8705333333333334,-998.3576373189491
3.8721833333333335,-998.3576978549164
3.873866666666667,-998.3579446553988
3.875516666666667,-998.3584335997507
3.8772,-998.3591972842622
3.8788666666666667,-998.3602031126433
3.8805333333333336,-998.3613626092492
3.8822,-998.3625267624681
3.883866666666667,-998.3635465606877
3.8855333333333335,-998.364282305522
3.8872,-998.3646548345521
3.888866666666667,-998.3646455213263
3.8905333333333334,-998.3642962753606
3.8922000000000003,-998.3636909156869
3.893866666666667,-998.3629458576269
3.8955333333333337,-998.362154233438
3.8972,-998.3613998621522
3.8988666666666667,-998.3607293098983
3.9005333333333336,-998.360175172966
3.9022,-998.3597374513557
3.9038833333333334,-998.3594068318416
3.9055333333333335,-998.3591553747464
3.907216666666667,-998.3589597970056
3.9088833333333337,-998.358796815555
3.91055,-998.3586617737816
3.9122166666666667,-998.3585686415241
3.9138833333333336,-998.3585639849113
3.91555,-998.358685056846
3.917216666666667,-998.3589691102313
3.9188833333333335,-998.3594347715189
3.92055,-998.3600494444185
3.922216666666667,-998.3607619061884
3.9238833333333334,-998.3614883377969
3.9255500000000003,-998.3621402635994
3.927216666666667,-998.3626338645641
3.9288833333333337,-998.3629086047238
3.93055,-998.3629318877882
3.9322166666666667,-998.3627037137574
3.9339000000000004,-998.3622613355342
3.93555,-998.3616559758603
3.9372333333333334,-998.3609714537678
3.9389000000000003,-998.3602729618365
3.9405666666666668,-998.3596350058725
3.9422333333333337,-998.3590994953919
3.9439,-998.3586804002331
3.9455666666666667,-998.3583590939447
3.9472333333333336,-998.3580983236237
3.9489,-998.3578515231413
3.950566666666667,-998.3575860962075
3.9522333333333335,-998.3573206692736
3.9539,-998.3571111216942
3.955566666666667,-998.3570598989526
3.9572333333333334,-998.3572741031447
3.9589000000000003,-998.357828240077
3.960566666666667,-998.3587455928133
3.9622333333333337,-998.3599563121609
3.963916666666667,-998.361334669572
3.9655833333333335,-998.3627130269831
3.9672500000000004,-998.3639004632663
3.968916666666667,-998.3647479668095
3.9705833333333334,-998.365143778904
3.9722500000000003,-998.3650459900335
3.9739166666666668,-998.3644871964885
3.9755833333333337,-998.3635651871392
3.97725,-998.3624196603719
3.9789166666666667,-998.3611949711857
3.9805833333333336,-998.3600261613541
3.98225,-998.3590296461988
3.983916666666667,-998.3582799315259
3.9855833333333335,-998.3578142702384
3.9872500000000004,-998.3576186924976
3.988916666666667,-998.3576419755619
3.9906,-998.3578049570126
3.9922500000000003,-998.3580424442692
3.9939333333333336,-998.3582985579774
3.9956000000000005,-998.3585639849113
3.9972666666666674,-998.3588573515224
3.9989333333333335,-998.3592159107137
