min,µS/cm
0.0,-996.6885070301073
0.0016666666666667052,-996.6880646518841
0.0033333333333334103,-996.6872218049538
0.004999999999999893,-996.6855407677058
0.006666666666666599,-996.6826629809489
0.008333333333333304,-996.6786582938762
0.010000000000000009,-996.6742298550319
0.011666666666666714,-996.6705371610218
0.01333333333333342,-996.6688188708707
0.014999999999999902,-996.6699969939282
0.016666666666666607,-996.6743788666438
0.018333333333333313,-996.6815826467619
0.02001666666666657,-996.6906537286428
0.021683333333333277,-996.700311543746
0.023349999999999982,-996.7092568970794
0.025016666666666687,-996.7164327375202
0.026683333333333392,-996.7212197355559
0.028350000000000097,-996.7234781928004
0.03001666666666658,-996.7234968192519
0.031683333333333286,-996.721853034907
0.03334999999999999,-996.7192453316968
0.035016666666666696,-996.716325635424
0.0366833333333334,-996.713601516892
0.038350000000000106,-996.7113849691634
0.04001666666666659,-996.7097877509472
0.041683333333333294,-996.708749326276
0.04335,-996.7081067136992
0.045016666666666705,-996.7076457090246
0.04668333333333341,-996.7071195117696
0.04836666666666667,-996.7061090267757
0.050033333333333374,-996.7031194813098
0.05170000000000008,-996.6924837775027
0.05336666666666656,-996.6562599859462
0.05503333333333327,-996.5469925648285
0.05669999999999997,-996.256950775281
0.05836666666666668,-995.5717208774629
0.06003333333333338,-994.1114583025275
0.06170000000000009,-991.2714506458824
0.06336666666666657,-986.1820521700113
0.06503333333333328,-977.7141739510531
0.06669999999999998,-964.5540318286763
0.06836666666666669,-945.3594456172359
0.07003333333333339,-918.9894473734263
0.0717000000000001,-884.7764045394847
0.07336666666666658,-842.7907483851494
0.07503333333333329,-794.0398439737222
0.07669999999999999,-740.5467521122408
0.07838333333333325,-685.2723894106562
0.08004999999999995,-631.8731981478041
0.08171666666666666,-584.3186474332207
0.08338333333333336,-546.4224566456035
0.08505000000000007,-521.3614602207027
0.08671666666666655,-511.26165339316316
0.08838333333333326,-516.9206534125473
0.09004999999999996,-537.7117546916528
0.09171666666666667,-571.6820250133435
0.09338333333333337,-615.8233716226292
0.09505000000000008,-666.4677991841304
0.09671666666666678,-719.740917309998
0.09838333333333327,-772.0035783816146
0.10004999999999997,-820.2194100339988
0.10171666666666668,-862.2037809631805
0.10338333333333338,-896.7328262034491
0.10505000000000009,-923.5152373665549
0.10671666666666657,-943.0499286125647
0.10840000000000005,-956.4060768840862
0.11006666666666676,-964.9697881960169
0.11173333333333324,-970.1995975199154
0.11339999999999995,-973.425573191338
0.11506666666666665,-975.7123100458236
0.11673333333333336,-977.7922374092938
0.11840000000000006,-980.0629322324241
0.12006666666666677,-982.6346724213263
0.12173333333333325,-985.40966910562
0.12339999999999995,-988.1735038888518
0.12506666666666666,-990.6814298549115
0.12673333333333336,-992.726707361977
0.12840000000000007,-994.1837987835444
0.13006666666666677,-995.0249274238129
0.13173333333333326,-995.313339398854
0.13339999999999996,-995.179787741592
0.13506666666666667,-994.7903132973194
0.13673333333333337,-994.3130942966384
0.13841666666666663,-993.8907395088536
0.14008333333333334,-993.6219272174043
0.14175000000000004,-993.5540477715218
0.14341666666666675,-993.6859463312132
0.14508333333333323,-993.9784235292946
0.14674999999999994,-994.3692157950109
0.14841666666666664,-994.7888511208765
0.15008333333333335,-995.174600274849
0.15175000000000005,-995.480381415915
0.15341666666666676,-995.6817333566405
0.15508333333333346,-995.7760111409128
0.15674999999999994,-995.7786840367031
0.15841666666666665,-995.7171701806212
0.16008333333333336,-995.6238144056982
0.16175000000000006,-995.5293084473951
0.16341666666666677,-995.457759590567
0.16508333333333325,-995.4238175393193
0.16676666666666673,-995.4320364610442
0.16843333333333343,-995.4781276152833
0.17009999999999992,-995.5515158341972
0.17176666666666662,-995.6384641098037
0.17343333333333333,-995.7251469584764
0.17510000000000003,-995.8001417088323
0.17676666666666674,-995.8559838104322
0.17843333333333322,-995.8897116574876
0.18009999999999993,-995.9025359693461
0.18176666666666663,-995.8988106790459
0.18343333333333334,-995.8847197684854
0.18510000000000004,-995.8668616581089
0.18676666666666675,-995.8510710838489
0.18843333333333345,-995.841585563422
0.19009999999999994,-995.8406775239113
0.19176666666666664,-995.8486496451537
0.19343333333333335,-995.8642353284472
0.19510000000000005,-995.8851528334828
0.1967833333333333,-995.908733921083
0.19845000000000002,-995.932515243037
0.20011666666666672,-995.9546155277428
0.20178333333333343,-995.9739497844008
0.2034499999999999,-995.9902618993028
0.2051166666666666,-996.0039802808333
0.20678333333333332,-996.0159617457613
0.20845000000000002,-996.0272819716611
0.21011666666666673,-996.0389561001393
0.21178333333333343,-996.0517943818363
0.21344999999999992,-996.0662997309428
0.21511666666666662,-996.0826584119735
0.21678333333333333,-996.1007260699295
0.21845000000000003,-996.1201068927162
0.22011666666666674,-996.1402141471115
0.22178333333333344,-996.1603633110227
0.2234666666666667,-996.1798838321957
0.2251333333333334,-996.1982262303113
0.2268000000000001,-996.2150226329524
0.2284666666666666,-996.2301379983454
0.2301333333333333,-996.2436328624578
0.2318,-996.2557400559335
0.2334666666666667,-996.2667995115122
0.23513333333333342,-996.2771837582239
0.2367999999999999,-996.2872141023572
0.2384666666666666,-996.2971466576201
0.2401333333333333,-996.3070978393346
0.24180000000000001,-996.3170536776619
0.24346666666666672,-996.3268884440544
0.24513333333333343,-996.3364112173842
0.24680000000000013,-996.3454264199107
0.2484666666666666,-996.353775726796
0.2501333333333333,-996.3613846322341
0.2518,-996.3682903891282
0.25346666666666673,-996.3746140694127
0.25515,-996.3805512508287
0.2568166666666667,-996.3863021677296
0.2584833333333334,-996.3920065185018
0.2601500000000001,-996.3977434655641
0.2618166666666666,-996.403494382465
0.2634833333333333,-996.4091847633986
0.26515,-996.414730789333
0.2668166666666667,-996.4200719243009
0.2684833333333334,-996.4251802286251
0.2701499999999999,-996.4300603589184
0.2718166666666668,-996.4347495680837
0.2734833333333333,-996.4392944222499
0.27515,-996.4437414875458
0.2768166666666667,-996.4481093904227
0.2784833333333334,-996.4524027874937
0.2801500000000001,-996.4566123655329
0.2818166666666666,-996.4607194980889
0.2834833333333333,-996.464710215323
0.2851666666666668,-996.4685798606223
0.2868333333333333,-996.4723144641483
0.2885,-996.4758953994493
0.2901666666666667,-996.479304040074
0.2918333333333334,-996.4825357294094
0.2935000000000001,-996.48561375052
0.2951666666666666,-996.488598639373
0.2968333333333333,-996.4915742150002
0.2985,-996.4946056699821
0.3001666666666667,-996.4977256006085
0.3018333333333334,-996.5009340068796
0.3034999999999999,-996.5041889792793
0.3051666666666668,-996.5074299818405
0.3068333333333333,-996.5105638823055
0.3085,-996.5135022050298
0.3101666666666667,-996.5161890706588
0.3118333333333334,-996.518610509354
0.31351666666666667,-996.5208084306311
0.31518333333333337,-996.522866653522
0.3168500000000001,-996.5248783102841
0.3185166666666668,-996.5269179067234
0.32018333333333326,-996.529022695743
0.32184999999999997,-996.5312019905687
0.3235166666666667,-996.533427851523
0.3251833333333334,-996.5356537124774
0.3268500000000001,-996.5378097242386
0.32851666666666657,-996.539849320678
0.3301833333333333,-996.5417445621182
0.33185,-996.5435094183979
0.3335166666666667,-996.5451997688716
0.3351833333333334,-996.5468947759582
0.3368500000000001,-996.5486736020765
0.3385166666666668,-996.5505688435168
0.3401833333333333,-996.5525805002789
0.34185,-996.5546480363955
0.34353333333333347,-996.5566736629962
0.34519999999999995,-996.5585549345979
0.34686666666666666,-996.56019406233
0.34853333333333336,-996.5615537932895
0.35020000000000007,-996.5626620671538
0.35186666666666677,-996.5636306426319
0.35353333333333326,-996.5646038747228
0.35519999999999996,-996.5657168051999
0.35686666666666667,-996.5670485964823
0.35853333333333337,-996.5686039051826
0.3602000000000001,-996.5702989122692
0.36186666666666656,-996.5720125458073
0.3635333333333335,-996.5736190772493
0.36519999999999997,-996.5750253743375
0.3668666666666667,-996.5761895275564
0.3685333333333334,-996.5771394765829
0.3702000000000001,-996.5779497272232
0.3718666666666668,-996.5787180683476
0.37355000000000005,-996.5795376322137
0.37521666666666675,-996.5804642981759
0.37688333333333346,-996.5814934096213
0.37854999999999994,-996.5825830570341
0.38021666666666665,-996.5836587346083
0.38188333333333335,-996.5846505931507
0.38355000000000006,-996.5854887834682
0.38521666666666676,-996.586168648948
0.38688333333333325,-996.5867088160416
0.38854999999999995,-996.587179133942
0.39021666666666666,-996.5876867047454
0.39188333333333336,-996.5883293173222
0.39355000000000007,-996.5891814774783
0.39521666666666655,-996.5902664682783
0.3968833333333335,-996.5915377235932
0.39854999999999996,-996.5929067677786
0.40021666666666667,-996.5942525288995
0.40190000000000015,-996.595463248247
0.40356666666666663,-996.5964411369508
0.40523333333333333,-996.597144285495
0.40690000000000004,-996.5975680372667
0.40856666666666674,-996.5977496451687
0.41023333333333345,-996.597777584846
0.41189999999999993,-996.5977496451687
0.41356666666666664,-996.597777584846
0.41523333333333334,-996.5979545361353
0.41690000000000005,-996.5983363783911
0.41856666666666675,-996.5989463946777
0.42023333333333324,-996.5997519887052
0.42189999999999994,-996.600687967893
0.42356666666666665,-996.6016611999839
0.42523333333333335,-996.6025785527204
0.42690000000000006,-996.6033701769092
0.42856666666666676,-996.6040174460989
0.43023333333333347,-996.6045576131924
0.4319166666666667,-996.6050605273829
0.43358333333333343,-996.605619320928
0.43525000000000014,-996.6063084996334
0.4369166666666666,-996.6071513465639
0.4385833333333333,-996.6081245786548
0.44025000000000003,-996.6091443768745
0.44191666666666674,-996.6101036391268
0.44358333333333344,-996.6108952633156
0.4452499999999999,-996.6114307737962
0.44691666666666663,-996.6116822308915
0.44858333333333333,-996.6116962007302
0.45025000000000004,-996.6115658155696
0.45191666666666674,-996.611402834119
0.4535833333333332,-996.6113236717001
0.45525000000000015,-996.6113795510546
0.45691666666666664,-996.611589098634
0.45858333333333334,-996.6119057483095
0.46025000000000005,-996.6122689641138
0.4619333333333333,-996.6126135534665
0.4636,-996.6129069200776
0.4652666666666667,-996.6131490639472
0.4669333333333334,-996.6133725813652
0.4686000000000001,-996.6136519781378
0.4702666666666666,-996.6140757299094
0.4719333333333333,-996.6147043726476
0.4736,-996.6155518761908
0.4752666666666667,-996.6165809876363
0.47693333333333343,-996.6177078879521
0.4785999999999999,-996.6188115052036
0.4802666666666666,-996.6197754240687
0.4819333333333333,-996.620511168903
0.48360000000000003,-996.6209814868034
0.48526666666666673,-996.6212003476085
0.4869333333333332,-996.6212608835759
0.48860000000000015,-996.6212841666403
0.4902833333333334,-996.6213819555106
0.4919499999999999,-996.6216194427673
0.4936166666666668,-996.6219966284102
0.4952833333333333,-996.6224390066334
0.49695,-996.6228441319535
0.4986166666666667,-996.6231049022745
0.5002833333333332,-996.6231607816289
0.5019500000000001,-996.6230024567913
0.5036166666666666,-996.6226997769544
0.5052833333333333,-996.6223598442144
0.50695,-996.6221363267964
0.5086166666666667,-996.6221596098608
0.5102833333333334,-996.6225135124394
0.5119499999999999,-996.6232120043707
0.5136166666666668,-996.6241898930745
0.5152833333333333,-996.6253447330674
0.51695,-996.6265414825764
0.5186333333333335,-996.6276544130536
0.5203,-996.6285810790158
0.5219666666666667,-996.6292562878826
0.5236333333333334,-996.6296520999771
0.5252999999999999,-996.6297917983634
0.5269666666666668,-996.6297452322345
0.5286333333333333,-996.6296055338483
0.5303,-996.6294611788492
0.5319666666666667,-996.6293727032046
0.5336333333333334,-996.6293773598175
0.5353000000000001,-996.6294798053007
0.5369666666666666,-996.6296381301385
0.5386333333333335,-996.6298150814278
0.5403,-996.6299408099753
0.5419666666666667,-996.6299687496526
0.5436333333333334,-996.6298849306208
0.5452999999999999,-996.6297079793316
0.5469666666666668,-996.6295170582036
0.5486500000000001,-996.6293773598175
0.5503166666666666,-996.6293680465917
0.5519833333333335,-996.629503088365
0.55365,-996.6297778285248
0.5553166666666667,-996.6301457009419
0.5569833333333334,-996.6305321998105
0.5586499999999999,-996.6308814457761
0.5603166666666668,-996.6311329028714
0.5619833333333333,-996.6312726012577
0.56365,-996.6313098541607
0.5653166666666667,-996.6313051975478
0.5669833333333334,-996.6313377938379
0.5686500000000001,-996.63148680545
0.5703166666666666,-996.6318267381898
0.5719833333333335,-996.6323715618962
0.57365,-996.633088680279
0.5753166666666667,-996.6338942743064
0.5769833333333334,-996.6346626154309
0.5786499999999999,-996.6352679751046
0.5803333333333334,-996.6356079078445
0.5820000000000001,-996.6356451607476
0.5836666666666666,-996.6354169867167
0.5853333333333335,-996.635030487848
0.587,-996.634616049302
0.5886666666666667,-996.6342993996266
0.5903333333333334,-996.6341550446274
0.5920000000000001,-996.6341969541434
0.5936666666666668,-996.6343785620454
0.5953333333333333,-996.6346300191407
0.597,-996.6348861328488
0.5986666666666667,-996.6351003370411
0.6003333333333334,-996.6352679751046
0.6020000000000001,-996.6354030168781
0.6036666666666666,-996.6355566851029
0.6053333333333335,-996.6357615760694
0.607,-996.6360456294548
0.6086833333333332,-996.6364088452591
0.6103500000000002,-996.636818627192
0.6120166666666667,-996.637233065738
0.6136833333333334,-996.6376102513809
0.6153500000000001,-996.6379129312178
0.6170166666666665,-996.6381224787972
0.6186833333333335,-996.6382342375061
0.62035,-996.6382621771834
0.6220166666666667,-996.638238894119
0.6236833333333334,-996.6382249242804
0.6253500000000001,-996.6382808036349
0.6270166666666668,-996.6384437850855
0.6286833333333333,-996.6387045554065
0.6303500000000002,-996.6390118918563
0.6320166666666667,-996.639286632016
0.6336833333333334,-996.6394449568537
0.6353500000000001,-996.6394403002408
0.6370333333333333,-996.6392540357258
0.6387,-996.6389280728246
0.6403666666666668,-996.638536917343
0.6420333333333332,-996.6381830147645
0.6437000000000002,-996.6379548407336
0.6453666666666666,-996.6379129312178
0.6470333333333333,-996.6380759126685
0.6487,-996.6384298152469
0.6503666666666665,-996.6389187595988
0.6520333333333335,-996.6394915229824
0.6537,-996.6400922260434
0.6553666666666667,-996.6406696460399
0.6570333333333334,-996.6411632470047
0.6587000000000001,-996.6415171495833
0.6603666666666668,-996.6416708178081
0.6620333333333333,-996.6416056252278
0.6637000000000002,-996.6413355416811
0.6653666666666667,-996.6409490428124
0.6670499999999999,-996.6405392608795
0.6687166666666668,-996.6402039847524
0.6703833333333333,-996.6400037503987
0.67205,-996.6399618408828
0.6737166666666667,-996.6400503165275
0.6753833333333332,-996.6402132979781
0.6770500000000002,-996.6403855926545
0.6787166666666666,-996.6405113212022
0.6803833333333333,-996.6405811703953
0.68205,-996.6406230799112
0.6837166666666668,-996.6406929291043
0.6853833333333335,-996.6408605671678
0.6870499999999999,-996.6411679036175
0.6887166666666669,-996.6416195950665
0.6903833333333333,-996.6421783886115
0.69205,-996.6427744350596
0.6937166666666668,-996.6433378852174
0.6953833333333332,-996.6437895766663
0.6970666666666667,-996.6440782866646
0.6987333333333334,-996.6441853887608
0.7003999999999999,-996.6441341660191
0.7020666666666668,-996.6439758411814
0.7037333333333333,-996.6437895766663
0.7054,-996.6436452216672
0.7070666666666667,-996.6435939989256
0.7087333333333332,-996.6436452216672
0.7104000000000001,-996.6437756068277
0.7120666666666666,-996.6439246184398
0.7137333333333333,-996.6440224073101
0.7154,-996.644027063923
0.7170666666666667,-996.6439292750526
0.7187333333333334,-996.6437756068277
0.7203999999999999,-996.6436591915058
0.7220666666666669,-996.6436824745703
0.7237333333333333,-996.6439199618268
0.7254,-996.6443809665014
0.7270833333333335,-996.6449863261753
0.72875,-996.6456196255263
0.7304166666666667,-996.6461225397169
0.7320833333333334,-996.6463926232636
0.7337499999999999,-996.6463739968121
0.7354166666666668,-996.6461085698782
0.7370833333333333,-996.6456987879452
0.73875,-996.6452750361735
0.7404166666666667,-996.6449770129495
0.7420833333333332,-996.6448931939177
0.7437500000000001,-996.6450515187555
0.7454166666666666,-996.6454193911727
0.7470833333333333,-996.6459269619761
0.74875,-996.6464810989082
0.7504166666666667,-996.6469933263245
0.7520833333333334,-996.6473844818061
0.7537499999999999,-996.6475893727726
0.7554333333333334,-996.6475847161597
0.7571000000000001,-996.6473891384189
0.7587666666666666,-996.6470585189047
0.7604333333333335,-996.6466906464876
0.7621,-996.6463879666508
0.7637666666666667,-996.6462203285872
0.7654333333333334,-996.64619238891
0.7670999999999999,-996.646266894716
0.7687666666666668,-996.6463693401993
0.7704333333333333,-996.6464065931023
0.7721,-996.6463134608447
0.7737666666666667,-996.6460620037494
0.7754333333333334,-996.6456801614937
0.7771000000000001,-996.6452377832705
0.7787666666666666,-996.6448559410147
0.7804333333333335,-996.6446370802096
0.7821,-996.6446557066612
0.7837833333333333,-996.6449257902079
0.7854500000000002,-996.6454147345598
0.7871166666666667,-996.6460480339108
0.7887833333333334,-996.6467278993906
0.7904500000000001,-996.647351885516
0.7921166666666666,-996.6478128901905
0.7937833333333335,-996.6480410642214
0.79545,-996.6480131245441
0.7971166666666667,-996.6477756372875
0.7987833333333334,-996.6474403611605
0.8004499999999999,-996.6471563077752
0.8021333333333334,-996.647049205679
0.8038000000000001,-996.6471842474524
0.8054666666666666,-996.6475521198695
0.8071333333333335,-996.6480596906729
0.8088,-996.6485719180893
0.8104666666666667,-996.6489304772806
0.8121333333333334,-996.6490003264737
0.8138000000000001,-996.6487209297012
0.8154666666666668,-996.648134196479
0.8171333333333333,-996.6473705119674
0.8188000000000002,-996.6466114840688
0.8204666666666667,-996.6460573471365
0.8221333333333334,-996.6458198598799
0.8238000000000001,-996.6459455884276
0.8254666666666666,-996.6463646835864
0.8271333333333335,-996.6469700432601
0.8288,-996.6476266256756
0.8304666666666667,-996.6482366419622
0.8321333333333334,-996.6487255863141
0.8337999999999999,-996.6490608624412
0.8354666666666668,-996.6492471269561
0.8371333333333333,-996.6493030063107
0.8388,-996.6492704100204
0.8404666666666667,-996.6491959042145
0.8421333333333334,-996.6491167417956
0.8438166666666667,-996.6490375793767
0.8454833333333334,-996.6489397905063
0.8471500000000001,-996.64880009212
0.8488166666666668,-996.6485998577665
0.8504833333333333,-996.6483297742197
0.8521500000000002,-996.6480131245441
0.8538166666666667,-996.647719757933
0.8554833333333334,-996.6475381500309
0.8571500000000001,-996.6475614330952
0.8588166666666666,-996.6478501430936
0.8604833333333335,-996.6484089366386
0.86215,-996.6491726211501
0.8638166666666667,-996.6500247813062
0.8654833333333334,-996.6508257187209
0.8671500000000001,-996.6514636746847
0.8688166666666668,-996.6518548301663
0.8704833333333333,-996.6519712454881
0.8721500000000002,-996.6518222338761
0.8738333333333335,-996.6514729879104
0.8755,-996.6509980133972
0.8771666666666669,-996.6504904425938
0.8788333333333334,-996.6500340945321
0.8805000000000001,-996.6497034750179
0.8821666666666668,-996.6495265237286
0.8838333333333332,-996.6495078972771
0.8855000000000002,-996.6496196559862
0.8871666666666667,-996.6498059205012
0.8888333333333334,-996.6500061548547
0.8905000000000001,-996.6501505098539
0.8921666666666666,-996.6501924193698
0.89385,-996.6501039437252
0.8955166666666667,-996.6499130225973
0.8971833333333332,-996.6496941617921
0.8988500000000001,-996.6495265237286
0.9005166666666666,-996.649475300987
0.9021833333333333,-996.6495730898574
0.90385,-996.6497779808238
0.9055166666666667,-996.6500294379192
0.9071833333333335,-996.6502436421114
0.9088499999999999,-996.6503414309818
0.9105166666666669,-996.6502808950145
0.9121833333333333,-996.6500527209836
0.91385,-996.6497174448565
0.9155166666666668,-996.649363542278
0.9171833333333332,-996.6490794888927
0.9188500000000002,-996.6489351338935
0.9205166666666666,-996.6489491037321
0.9221833333333334,-996.6490981153441
0.9238500000000001,-996.6493216327622
0.9255166666666668,-996.6495591200188
0.9271833333333335,-996.6497267580822
0.92885,-996.6497779808238
0.9305166666666667,-996.6496801919535
0.9322000000000001,-996.6494566745355
0.9338666666666666,-996.6491726211501
0.9355333333333333,-996.6489211640549
0.9372,-996.6487954355072
0.9388666666666667,-996.648842001636
0.9405333333333334,-996.6490608624412
0.9421999999999999,-996.6493914819553
0.9438666666666669,-996.6497500411466
0.9455333333333333,-996.6500480643707
0.9472,-996.6502250156599
0.9488666666666667,-996.6502529553371
0.9505333333333332,-996.6501551664668
0.9522000000000002,-996.6499735585646
0.9538666666666666,-996.6497872940497
0.9555333333333333,-996.6496801919535
0.9572166666666668,-996.6497081316307
0.9588666666666668,-996.6498897395329
0.9605333333333335,-996.6501924193698
0.9622166666666667,-996.6505416653355
0.9638833333333334,-996.6508490017852
0.9655500000000001,-996.6510492361389
0.9672166666666666,-996.6511004588805
0.9688833333333335,-996.6509980133972
0.97055,-996.650783809205
0.9722166666666667,-996.6505137256582
0.9738833333333334,-996.6502482987243
0.9755499999999999,-996.6500480643707
0.9772166666666668,-996.6499316490488
0.9788833333333333,-996.6499037093715
0.98055,-996.6499363056616
0.9822166666666667,-996.6499875284032
0.9838833333333332,-996.6500247813062
0.9855500000000001,-996.6500061548547
0.9872166666666667,-996.6499130225973
0.9888833333333333,-996.649736071308
0.9905666666666667,-996.6494985840513
0.9922333333333334,-996.6492471269561
0.9939,-996.6490468926024
0.9955666666666667,-996.6489677301836
0.9972333333333334,-996.6490375793767
0.9989,-996.6492424703432
1.0005666666666666,-996.6495404935673
1.0022333333333333,-996.6498524866299
1.0039,-996.6501179135638
1.0055666666666667,-996.6502808950145
1.0072333333333334,-996.650336774369
1.0089000000000001,-996.6502948648531
1.0105666666666666,-996.6501970759826
1.0122333333333333,-996.6500992871123
1.0139,-996.6500620342093
1.0155666666666667,-996.6501272267896
1.0172333333333334,-996.6503041780788
1.0189000000000001,-996.6505742616256
1.0205833333333334,-996.6508909113011
1.02225,-996.6511935911379
1.0239166666666668,-996.6514124519431
1.0255833333333333,-996.6514776445233
1.02725,-996.6513565725886
1.0289166666666667,-996.6510538927517
1.0305833333333334,-996.6506301409801
1.0322500000000001,-996.6501924193698
1.0339166666666668,-996.6498757696943
1.0355833333333333,-996.6497872940497
1.03725,-996.6499828717904
1.0389166666666667,-996.650443876465
1.0405833333333334,-996.6510911456547
1.0422500000000001,-996.6517989508118
1.0439166666666668,-996.652422936937
1.0455833333333333,-996.6528466887087
1.04725,-996.6530003569336
1.0489166666666667,-996.6528979114503
1.0506,-996.6525998882263
1.0522666666666667,-996.6522133893576
1.0539333333333334,-996.6518315471019
1.0556,-996.6515148974264
1.0572666666666668,-996.6512820667826
1.0589333333333333,-996.6511004588805
1.0606,-996.6509141943654
1.0622666666666667,-996.6506720504959
1.0639333333333334,-996.6503134913046
1.0656,-996.6498245469527
1.0672666666666668,-996.6492331571175
1.0689333333333333,-996.6486231408309
1.0706,-996.6481062568017
1.0722666666666667,-996.6478035769647
1.0739333333333334,-996.6478082335776
1.0756000000000001,-996.6481435097047
1.0772666666666668,-996.6487581826042
1.07895,-996.6495591200188
1.0806166666666668,-996.6504019669492
1.0822833333333335,-996.6511609948478
1.08395,-996.6516965053285
1.0856166666666667,-996.651938649198
1.0872833333333334,-996.6518548301663
1.08895,-996.6514869577491
1.0906166666666668,-996.6509328208169
1.0922833333333335,-996.6502855516273
1.09395,-996.649624312599
1.0956166666666667,-996.6489817000222
1.0972833333333334,-996.6483716837356
1.09895,-996.6477802939004
1.1006166666666668,-996.6472028739039
1.1022833333333333,-996.6466533935846
1.1039666666666668,-996.6461691058456
1.1056166666666667,-996.6457965768155
1.1073,-996.6455777160104
1.1089666666666667,-996.6455497763332
1.1106333333333334,-996.6457220710096
1.1123,-996.646075973588
1.1139666666666668,-996.6465509481013
1.1156333333333335,-996.6470771453562
1.1173,-996.6475754029339
1.1189666666666667,-996.6479851848669
1.1206333333333334,-996.6482738948652
1.1223,-996.6484042800257
1.1239666666666668,-996.6483763403485
1.1256333333333335,-996.6481761059948
1.1273,-996.647836173255
1.1289666666666667,-996.6473937950318
1.1306333333333334,-996.6469327903571
1.1323,-996.646527665037
1.1339666666666668,-996.6462529248773
1.1356333333333335,-996.6461271963298
1.1373166666666668,-996.6461504793941
1.1389833333333335,-996.646266894716
1.1406500000000002,-996.6463833100379
1.1423166666666666,-996.646415906328
1.1439833333333334,-996.6463041476189
1.14565,-996.6460340640722
1.1473166666666668,-996.645670848268
1.1489833333333335,-996.6453122890765
1.15065,-996.645070145207
1.1523166666666667,-996.6450142658525
1.1539833333333334,-996.6451725906903
1.15565,-996.6455032102044
1.1573166666666668,-996.645931618589
1.1589833333333335,-996.6463600269734
1.16065,-996.6466953031005
1.1623166666666667,-996.6468536279383
1.1639833333333334,-996.6468024051966
1.16565,-996.6465556047142
1.1673166666666668,-996.6461830756842
1.169,-996.6458012334284
1.1706666666666667,-996.6455218366559
1.1723333333333334,-996.6454333610113
1.1740000000000002,-996.6455590895589
1.1756666666666666,-996.6458477995571
1.1773333333333333,-996.6462017021357
1.179,-996.646490412134
1.1806666666666668,-996.6466114840688
1.1823333333333335,-996.6464950687468
1.1840000000000002,-996.6461644492327
1.1856666666666666,-996.6457034445581
1.1873333333333334,-996.6452657229478
1.189,-996.644995639401
1.1906666666666668,-996.6449909827882
1.1923333333333335,-996.6452657229478
1.194,-996.6457500106868
1.1956666666666667,-996.6463088042318
1.1973500000000001,-996.6467977485837
1.1990166666666666,-996.6470911151948
1.2006833333333333,-996.6471376813237
1.20235,-996.6469607300344
1.2040166666666667,-996.6466440803589
1.2056833333333334,-996.6463134608447
1.2073500000000001,-996.6460899434267
1.2090166666666666,-996.6460620037494
1.2106833333333333,-996.6462808645546
1.21235,-996.6467418692292
1.2140166666666667,-996.6473984516447
1.2156833333333334,-996.6481807626077
1.2173500000000002,-996.648991013248
1.2190166666666666,-996.6497221014694
1.2206833333333333,-996.6502762384016
1.22235,-996.6505742616256
1.2240166666666668,-996.6506068579157
1.2257,-996.6504019669492
1.2273666666666667,-996.6500340945321
1.2290333333333334,-996.6495963729218
1.2307000000000001,-996.6491307116343
1.2323666666666668,-996.6486743635725
1.2340333333333333,-996.6482180155107
1.2357,-996.6477663240618
1.2373666666666667,-996.6473286024515
1.2390333333333334,-996.6469467601958
1.2407000000000001,-996.6466673634233
1.2423666666666666,-996.6465369782627
1.2440333333333333,-996.6465835443914
1.2457,-996.6468070618095
1.2473666666666667,-996.6471842474524
1.2490333333333334,-996.6476638785786
1.2507000000000001,-996.6481807626077
1.2523666666666666,-996.6486697069596
1.2540333333333333,-996.6490794888927
1.2557166666666668,-996.6493681988909
1.2573833333333333,-996.6495078972771
1.25905,-996.6494892708256
1.2607166666666667,-996.6493123195364
1.2623833333333334,-996.6490003264737
1.2640500000000001,-996.6486138276051
1.2657166666666668,-996.6482366419622
1.2673833333333333,-996.6479525885768
1.26905,-996.6478268600291
1.2707166666666667,-996.6478687695451
1.2723833333333334,-996.6480270943828
1.2740500000000001,-996.6482040456721
1.2757166666666668,-996.648278551478
1.2773833333333333,-996.6481621361562
1.27905,-996.6478175468034
1.2807166666666667,-996.6472913495485
1.2823833333333334,-996.6467046163262
1.2840500000000001,-996.6462203285872
1.2857333333333334,-996.6459781847177
1.2874,-996.6460620037494
1.2890666666666668,-996.6464810989082
1.2907333333333333,-996.6471423379365
1.2924,-996.6479293055124
1.2940666666666667,-996.6486836767982
1.2957333333333334,-996.6492750666333
1.2974,-996.6496196559862
1.2990666666666668,-996.6496569088891
1.3007333333333333,-996.6494054517939
1.3024,-996.6489211640549
1.3040666666666667,-996.648320460994
1.3057333333333334,-996.6477244145459
1.3074000000000001,-996.6472540966455
1.3090666666666668,-996.646974699873
1.3107333333333333,-996.6468769110027
1.3124,-996.646900194067
1.3140666666666667,-996.6469421035829
1.31575,-996.646900194067
1.3174166666666667,-996.6466859898748
1.3190833333333334,-996.6462855211674
1.32075,-996.6457453540739
1.3224166666666668,-996.6451912171418
1.3240833333333335,-996.6447581521444
1.32575,-996.6445718876294
1.3274166666666667,-996.6446696764998
1.3290833333333334,-996.6450189224654
1.33075,-996.6455218366559
1.3324166666666668,-996.6460433772979
1.3340833333333333,-996.6464764422954
1.33575,-996.6467372126164
1.3374166666666667,-996.6467977485837
1.3390833333333334,-996.6466627068104
1.3407666666666667,-996.6463833100379
1.3424166666666668,-996.6460200942336
1.3441,-996.6456475652036
1.3457666666666668,-996.6453122890765
1.3474333333333335,-996.645032892304
1.3491,-996.644809374886
1.3507666666666667,-996.6446184537581
1.3524333333333334,-996.6444275326303
1.3541,-996.6441900453736
1.3557666666666668,-996.6438780523109
1.3574333333333335,-996.6434729269909
1.3591,-996.642983982639
1.3607666666666667,-996.6424764118356
1.3624333333333334,-996.6420293769995
1.3641,-996.6417406670013
1.3657666666666668,-996.6416568479694
1.3674333333333335,-996.6417779199043
1.3691,-996.6420573166768
1.3707666666666667,-996.6423972494166
1.3724500000000002,-996.6426952726406
1.3741166666666667,-996.642867567317
1.3757833333333334,-996.6428535974784
1.37745,-996.6426487065119
1.3791166666666668,-996.6423041171591
1.3807833333333335,-996.6418850220003
1.38245,-996.6414752400673
1.3841166666666667,-996.6411353073274
1.3857833333333334,-996.6409024766837
1.38745,-996.6407953745876
1.3891166666666668,-996.6408046878133
1.3907833333333335,-996.6409211031352
1.39245,-996.6410887411987
1.3941166666666667,-996.6412470660365
1.3957833333333334,-996.6413262284553
1.39745,-996.6412750057137
1.3991333333333333,-996.6410933978116
1.4008,-996.6408326274906
1.4024666666666668,-996.6405765137824
1.4041333333333335,-996.6404088757189
1.4058000000000002,-996.6403855926545
1.4074666666666666,-996.6404926947506
1.4091333333333333,-996.6406696460399
1.4108,-996.6408372841034
1.4124666666666668,-996.6409024766837
1.4141333333333335,-996.6408093444262
1.4158000000000002,-996.6405625439438
1.4174666666666667,-996.640217954591
1.4191333333333334,-996.6398733652383
1.4208,-996.639659161046
1.4224666666666668,-996.6396498478202
1.4241333333333335,-996.6398593953996
1.4258000000000002,-996.6402412376553
1.4274666666666667,-996.6406836158785
1.4291333333333334,-996.641079427973
1.4308,-996.6413448549068
1.4324833333333333,-996.64144730039
1.43415,-996.6413867644227
1.4358166666666667,-996.6412004999077
1.4374833333333334,-996.6409397295866
1.4391500000000002,-996.6406836158785
1.4408166666666666,-996.6404926947506
1.4424833333333333,-996.6404088757189
1.44415,-996.640441472009
1.4458166666666667,-996.6405439174923
1.4474833333333335,-996.6406603328142
1.4491500000000002,-996.6407255253944
1.4508166666666666,-996.6406789592656
1.4524833333333333,-996.6404973513635
1.45415,-996.6401760450751
1.4558166666666668,-996.6397616065292
1.4574833333333335,-996.6393378547576
1.4591500000000002,-996.6390025786305
1.4608166666666667,-996.6388489104057
1.4625000000000001,-996.638914102986
1.4641666666666668,-996.6391841865327
1.4658333333333333,-996.6395986250786
1.4675,-996.6400735995919
1.4691666666666667,-996.6405159778151
1.4708333333333334,-996.6408559105549
1.4725000000000001,-996.6410608015215
1.4741666666666668,-996.6411213374888
1.4758333333333333,-996.6410608015215
1.4775,-996.6409304163609
1.4791666666666667,-996.6407674349103
1.4808333333333334,-996.640627736524
1.4825000000000002,-996.6405439174923
1.4841666666666666,-996.6405346042666
1.4858333333333333,-996.6405951402339
1.4875,-996.64070224233
1.4891666666666667,-996.6408000312005
1.49085,-996.640818657652
1.4925166666666667,-996.6406836158785
1.4941833333333334,-996.640366966203
1.4958500000000001,-996.6398733652383
1.4975166666666668,-996.639286632016
1.4991833333333333,-996.6387138686323
1.50085,-996.6382621771834
1.5025166666666667,-996.6379967502495
1.5041833333333334,-996.6379455275079
1.5058500000000001,-996.6380805692813
1.5075166666666668,-996.6383506528281
1.5091833333333333,-996.6386719591164
1.51085,-996.6389746389533
1.5125166666666667,-996.6391888431456
1.5141833333333334,-996.6392773187902
1.5158500000000001,-996.6392447225
1.5175166666666668,-996.6391143373396
1.5191833333333333,-996.6389373860503
1.5208666666666668,-996.6387557781482
1.5225333333333335,-996.6386067665362
1.5242,-996.63849966444
1.5258666666666667,-996.638425158634
1.5275333333333334,-996.6383459962152
1.5292000000000001,-996.6382249242804
1.5308666666666668,-996.6380293465396
1.5325333333333333,-996.6377406365414
1.5342,-996.63738207735
1.5358666666666667,-996.6370281747714
1.5375333333333334,-996.6367674044504
1.5392000000000001,-996.6366789288058
1.5408666666666668,-996.6368139705792
1.5425333333333333,-996.6371399334805
1.5442,-996.6375729984778
1.5458666666666667,-996.6379967502495
1.5475333333333334,-996.6382854602477
1.5492000000000001,-996.638355309441
1.5508833333333334,-996.6381737015388
1.55255,-996.6377592629929
1.5542166666666668,-996.6372237525122
1.5558833333333335,-996.6367022118702
1.55755,-996.636334339453
1.5592166666666667,-996.6362039542926
1.5608833333333334,-996.6363296828401
1.56255,-996.6366463325157
1.5642166666666668,-996.6370374879972
1.5658833333333335,-996.63738207735
1.56755,-996.6375776550908
1.5692166666666667,-996.6375636852521
1.5708833333333334,-996.6373308546084
1.5725500000000001,-996.6369443557397
1.5742166666666668,-996.6364880076779
1.5758833333333333,-996.636073569132
1.57755,-996.6357941723595
1.5792333333333335,-996.6357056967149
1.5809,-996.6358267686496
1.5825666666666667,-996.636115478648
1.5842333333333334,-996.6365159473552
1.5859,-996.6369443557397
1.5875666666666668,-996.6373075715439
1.5892333333333335,-996.637531088962
1.5909,-996.637568341865
1.5925666666666667,-996.6374239868659
1.5942333333333334,-996.6371632165449
1.5959,-996.6368745065466
1.5975666666666668,-996.6366696155801
1.5992333333333335,-996.6366137362256
1.6009,-996.6367301515475
1.6025666666666667,-996.6369955784813
1.6042333333333334,-996.6373401678342
1.6059,-996.6376707873483
1.6075666666666668,-996.6378896481534
1.60925,-996.6379175878307
1.6109166666666668,-996.637717353477
1.6125833333333335,-996.6372889450925
1.6142500000000002,-996.6367022118702
1.6159166666666667,-996.6360549426805
1.6175833333333334,-996.6354495830068
1.61925,-996.6349652952678
1.6209166666666668,-996.6346439889793
1.6225833333333335,-996.634471694303
1.62425,-996.6343878752712
1.6259166666666667,-996.6343226826909
1.6275833333333334,-996.6342062673691
1.62925,-996.633987406564
1.6309166666666668,-996.6336754135014
1.6325833333333335,-996.6333215109228
1.63425,-996.6330234876988
1.6359166666666667,-996.6328558496352
1.6376000000000002,-996.6328744760867
1.6392666666666666,-996.6330793670533
1.6409333333333334,-996.6334192997931
1.6426,-996.633796485436
1.6442666666666668,-996.6341084784987
1.6459333333333335,-996.634248176885
1.6476000000000002,-996.6341643578533
1.6492666666666667,-996.6338430515648
1.6509333333333334,-996.6333447939871
1.6526,-996.6327673739906
1.6542666666666668,-996.6322178936714
1.6559333333333335,-996.6317941418997
1.6576000000000002,-996.631524058353
1.6592666666666667,-996.6313983298053
1.6609333333333334,-996.6313610769023
1.6626,-996.6313471070637
1.6642666666666668,-996.6313051975478
1.6659333333333335,-996.631221378516
1.6676166666666667,-996.6310909933555
1.6692833333333335,-996.6309419817435
1.6709500000000002,-996.6308348796474
1.6726166666666666,-996.6308302230345
1.6742833333333333,-996.6309838912595
1.67595,-996.6313145107736
1.6776166666666668,-996.6317987985126
1.6792833333333335,-996.632380875122
1.6809500000000002,-996.6329676083443
1.6826166666666666,-996.6334518960833
1.6842833333333334,-996.6337545759202
1.68595,-996.6338197685004
1.6876166666666668,-996.6336428172111
1.6892833333333335,-996.633274944794
1.6909500000000002,-996.6328325665709
1.6926333333333334,-996.6324367544764
1.6943000000000001,-996.6321806407683
1.6959666666666668,-996.6321061349623
1.6976333333333333,-996.6321713275426
1.6993,-996.6323017127031
1.7009666666666667,-996.6323855317348
1.7026333333333334,-996.6323482788318
1.7043000000000001,-996.6321433878653
1.7059666666666669,-996.6317801720611
1.7076333333333333,-996.6313145107736
1.7093,-996.6308255664217
1.7109666666666667,-996.6304250977144
1.7126333333333335,-996.6301922670706
1.7143000000000002,-996.6301829538448
1.7159666666666666,-996.6303878448114
1.7176333333333333,-996.6307603738414
1.7193,-996.6312306917418
1.7209666666666668,-996.6317149794809
1.7226333333333335,-996.6321387312524
1.7243000000000002,-996.6324320978636
1.7259833333333334,-996.6325624830241
1.7276500000000001,-996.6325252301211
1.7293166666666668,-996.6323669052833
1.7309833333333333,-996.6321620143168
1.73265,-996.632008346092
1.7343166666666667,-996.631971093189
1.7359833333333334,-996.6320595688336
1.7376500000000001,-996.6322458333486
1.7393166666666668,-996.6324367544764
1.7409833333333333,-996.6325391999598
1.74265,-996.6324600375409
1.7443166666666667,-996.6321480444782
1.7459833333333334,-996.6316125339976
1.7476500000000001,-996.6309093854534
1.7493166666666669,-996.6301643273933
1.7509833333333333,-996.6295217148166
1.75265,-996.6291026196578
1.7543166666666667,-996.6289768911101
1.756,-996.6291445291737
1.7576666666666667,-996.6295403412681
1.7593333333333334,-996.6300525686844
1.7610000000000001,-996.630550826262
1.7626666666666668,-996.630923355292
1.7643333333333333,-996.6310956499684
1.766,-996.6310444272268
1.7676666666666667,-996.6307976267444
1.7693333333333334,-996.6304344109401
1.7710000000000001,-996.6300758517488
1.7726666666666668,-996.6298243946535
1.7743333333333333,-996.6297638586861
1.776,-996.6299128702981
1.7776666666666667,-996.6302248633607
1.7793333333333334,-996.6305973923908
1.7810000000000001,-996.6309140420663
1.7826666666666668,-996.6310537404526
1.7843333333333333,-996.6309652648079
1.7860166666666668,-996.6306532717452
1.7876833333333335,-996.6301922670706
1.78935,-996.6297079793316
1.7910166666666667,-996.6293261370759
1.7926833333333334,-996.6291165894964
1.7943500000000001,-996.6290886498192
1.7960166666666668,-996.6291957519153
1.7976833333333335,-996.629358733366
1.79935,-996.6294937751393
1.8010166666666667,-996.629544997881
1.8026833333333334,-996.6294844619135
1.8043500000000001,-996.629321480463
1.8060166666666668,-996.6290933064321
1.8076833333333335,-996.6288604757883
1.80935,-996.6286881811119
1.8110166666666667,-996.6286323017574
1.8126833333333334,-996.6287347472406
1.8143666666666667,-996.6290001741745
1.8160333333333334,-996.6294006428818
1.8177,-996.6298895872337
1.8193666666666668,-996.6303785315856
1.8210333333333335,-996.6307929701316
1.8227,-996.6310630536783
1.8243666666666667,-996.6311701557744
1.8260333333333334,-996.6311329028714
1.8277,-996.6310211441624
1.8293666666666668,-996.6309000722276
1.8310333333333335,-996.6308209098088
1.8327,-996.6308022833573
1.8343666666666667,-996.6308162531959
1.8360333333333334,-996.630811596583
1.8377000000000001,-996.6307464040028
1.8393666666666668,-996.6305787659393
1.8410333333333335,-996.6303040257797
1.8427,-996.6299408099753
1.8443833333333335,-996.6295263714295
1.8460500000000002,-996.6291165894964
1.8477166666666667,-996.6287813133694
1.8493833333333334,-996.628576422403
1.85105,-996.6285391694998
1.8527166666666668,-996.6286788678862
1.8543833333333335,-996.628981547723
1.8560500000000002,-996.6294006428818
1.8577166666666667,-996.6298849306208
1.8593833333333334,-996.6303552485213
1.86105,-996.6307091510997
1.8627166666666668,-996.6308814457761
1.8643833333333335,-996.6308441928732
1.86605,-996.6306206754551
1.8677166666666667,-996.6302853993282
1.8693833333333334,-996.6299361533625
1.87105,-996.6296614132028
1.8727166666666668,-996.6295077449779
1.8744,-996.6294518656234
1.8760666666666668,-996.6294332391719
1.8777333333333335,-996.6293540767531
1.8794000000000002,-996.6291352159479
1.8810666666666667,-996.6287300906278
1.8827333333333334,-996.6281712970828
1.8844,-996.627561280796
1.8860666666666668,-996.6270583666055
1.8877333333333335,-996.6267929396716
1.8894000000000002,-996.626858132252
1.8910666666666667,-996.6272586009592
1.8927333333333334,-996.6279291532132
1.8944,-996.628758030305
1.8960666666666668,-996.6296148470741
1.8977333333333335,-996.6303738749727
1.8994000000000002,-996.6309326685177
1.9010666666666667,-996.6312260351289
1.9027500000000002,-996.6312306917418
1.9044166666666669,-996.6309792346465
1.9060833333333334,-996.6305368564234
1.90775,-996.6299966893298
1.9094166666666668,-996.6294565222363
1.9110833333333335,-996.6289955175616
1.9127500000000002,-996.6286555848218
1.9144166666666667,-996.628422754178
1.9160833333333334,-996.6282504595016
1.91775,-996.6280688515996
1.9194166666666668,-996.6278080812785
1.9210833333333335,-996.6274402088613
1.9227500000000002,-996.6269978306382
1.9244166666666667,-996.626555452415
1.9260833333333334,-996.6262108630623
1.92775,-996.6260478816116
1.9294166666666668,-996.6260851345146
1.9310833333333335,-996.6263039953197
1.9327666666666667,-996.6266439280597
1.9344333333333334,-996.6270304269283
1.9361000000000002,-996.6274076125712
1.9377666666666669,-996.6277102924081
1.9394333333333333,-996.6278965569231
1.9411,-996.6279524362776
1.9427666666666668,-996.6278732738588
1.9444333333333335,-996.6276963225695
1.9461000000000002,-996.6274588353128
1.9477666666666669,-996.6272213480562
1.9494333333333334,-996.627039740154
1.9511,-996.6269559211223
1.9527666666666668,-996.6269745475738
1.9544333333333335,-996.6270769930571
1.9561000000000002,-996.6271980649918
1.9577666666666667,-996.627263257572
1.9594333333333334,-996.6272073782176
1.9611166666666668,-996.6270118004768
1.9627833333333333,-996.6267277470914
1.96445,-996.6264343804803
1.9661166666666667,-996.6262248329009
1.9677833333333334,-996.6261596403207
1.9694500000000001,-996.6262434593524
1.9711166666666669,-996.6264297238674
1.9727833333333333,-996.6266485846726
1.97445,-996.6268255359618
1.9761166666666667,-996.6269140116065
1.9777833333333334,-996.6269000417678
1.9794500000000002,-996.6268022528974
1.9811166666666669,-996.6266625545112
1.9827833333333333,-996.6265135428991
1.98445,-996.6263924709644
1.9861166666666668,-996.6262993387069
1.9877833333333335,-996.6262341461266
1.9894666666666667,-996.6261782667722
1.9911333333333334,-996.6261177308048
1.9928000000000001,-996.6260292551601
1.9944666666666668,-996.6258942133868
1.9961333333333335,-996.625698635646
1.9978,-996.6254285520993
1.9994666666666667,-996.6250932759722
2.001133333333333,-996.6247533432323
2.0028,-996.6244739464598
2.0044666666666666,-996.6243482179121
2.0061333333333335,-996.6244087538796
2.0078,-996.6246602109749
2.009466666666667,-996.6250234267791
2.0111333333333334,-996.6253819859705
2.0128,-996.6256008467756
2.014466666666667,-996.6255729070983
2.0161333333333333,-996.6252562574228
2.0178000000000003,-996.6246834940392
2.0194666666666667,-996.6239756888822
2.02115,-996.6232911667895
2.022816666666667,-996.6227929092119
2.0244833333333334,-996.6225926748582
2.02615,-996.6227277166316
2.027816666666667,-996.6231561250161
2.0294833333333333,-996.6237754545285
2.0311500000000002,-996.6244599766212
2.0328166666666667,-996.6250839627464
2.0344833333333336,-996.625549624034
2.03615,-996.6258010811292
2.0378166666666666,-996.6258243641936
2.0394833333333335,-996.6256520695173
2.04115,-996.6253493896803
2.042816666666667,-996.6250001437147
2.0444833333333334,-996.6246695242006
2.04615,-996.6243994406539
2.047816666666667,-996.6241945496873
2.0495,-996.6240269116238
2.0511666666666666,-996.6238499603345
2.0528333333333335,-996.6236171296907
2.0545,-996.6232958234024
2.056166666666667,-996.6229093245337
2.0578333333333334,-996.6225228256651
2.0595,-996.622229459054
2.061166666666667,-996.6221409834093
2.0628333333333333,-996.6223086214728
2.0645000000000002,-996.6227277166316
2.0661666666666667,-996.6233237630796
2.0678333333333336,-996.623980345495
2.0695,-996.6245857051688
2.0711666666666666,-996.625028083392
2.0728333333333335,-996.6252376309714
2.0745,-996.6251864082298
2.076166666666667,-996.6248837283929
2.0778333333333334,-996.6243901274281
2.0795166666666667,-996.6237987375929
2.0811833333333336,-996.6232213175964
2.08285,-996.6227463430831
2.0845166666666666,-996.622452976472
2.0861833333333335,-996.6223551876016
2.08785,-996.6224343500204
2.089516666666667,-996.6226206145354
2.0911833333333334,-996.6228208488891
2.0928500000000003,-996.6229326075982
2.094516666666667,-996.6228953546951
2.0961833333333333,-996.6226904637286
2.09785,-996.622373814053
2.0995166666666667,-996.6220525077647
2.1011833333333336,-996.6218476167982
2.10285,-996.6218569300239
2.1045166666666666,-996.622113043732
2.1061833333333335,-996.6225833616325
2.1078666666666668,-996.6231794080805
2.1095333333333333,-996.6237801111414
2.1112,-996.6242690554933
2.1128666666666667,-996.6245531088787
2.1145333333333336,-996.6245857051688
2.1162,-996.6243901274281
2.1178666666666666,-996.6240222550109
2.1195333333333335,-996.6235798767877
2.1212,-996.6231561250161
2.122866666666667,-996.6228161922762
2.1245333333333334,-996.6226019880839
2.1262000000000003,-996.6225135124394
2.127866666666667,-996.6225181690522
2.1295333333333333,-996.622564735181
2.1312,-996.6225740484067
2.1328666666666667,-996.6224995426007
2.1345333333333336,-996.6223086214728
2.1362,-996.6220385379261
2.1378666666666666,-996.6217544845407
2.1395500000000003,-996.6215449369613
2.1412166666666668,-996.6214890576068
2.1428833333333333,-996.6216194427673
2.14455,-996.6219081527655
2.1462166666666667,-996.6222946516342
2.1478833333333336,-996.6226811505029
2.14955,-996.6229652038883
2.1512166666666666,-996.6230955890487
2.1528833333333335,-996.6230443663071
2.15455,-996.6228487885663
2.156216666666667,-996.6225926748582
2.1578833333333334,-996.6223924405045
2.1595500000000003,-996.6223319045372
2.161216666666667,-996.6224809161492
2.1628833333333333,-996.622825505502
2.16455,-996.623309793241
2.1662166666666667,-996.623831333883
2.1679,-996.624278368719
2.169566666666667,-996.6245437956529
2.1712333333333333,-996.6245670787173
2.1729000000000003,-996.624315621622
2.1745666666666668,-996.6238266772701
2.1762333333333332,-996.6231887213063
2.1779,-996.6225321388908
2.1795666666666667,-996.6219873151845
2.1812333333333336,-996.6216706655089
2.1829,-996.6216380692188
2.184566666666667,-996.6218615866368
2.1862333333333335,-996.6222620553441
2.1879,-996.622713746793
2.189566666666667,-996.6230816192101
2.1912333333333334,-996.6232632271123
2.1929000000000003,-996.6232073477578
2.1945666666666668,-996.6229465774368
2.19625,-996.6225693917938
2.197916666666667,-996.6221968627639
2.1995833333333334,-996.621926779217
2.20125,-996.6218243337338
2.202916666666667,-996.6218802130883
2.2045833333333333,-996.6220385379261
2.2062500000000003,-996.6222248024411
2.2079166666666667,-996.6223551876016
2.2095833333333332,-996.6223691574402
2.21125,-996.622229459054
2.2129166666666666,-996.6219360924428
2.2145833333333336,-996.6215216538969
2.21625,-996.6210373661579
2.217916666666667,-996.6205437651931
2.2195833333333335,-996.6201060435828
2.22125,-996.6197614542301
2.222916666666667,-996.6195332801992
2.2245833333333334,-996.6194168648773
2.2262666666666666,-996.6193796119743
2.2279333333333335,-996.6193842685872
2.2296,-996.6193842685872
2.231266666666667,-996.6193470156842
2.2329333333333334,-996.6192678532653
2.2346,-996.6191700643949
2.236266666666667,-996.6191095284275
2.2379333333333333,-996.6191467813305
2.2396000000000003,-996.6193144193941
2.2412666666666667,-996.6196170992309
2.2429333333333332,-996.6200129113254
2.2446,-996.6204320064841
2.2462666666666666,-996.6207765958369
2.2479333333333336,-996.6209535471261
2.2496,-996.6208930111587
2.251266666666667,-996.6206043011605
2.2529333333333335,-996.6201479530987
2.2546,-996.6196310690696
2.2562833333333336,-996.6191747210078
2.25795,-996.618867384558
2.2596166666666666,-996.6187509692361
2.2612833333333335,-996.6188068485907
2.26295,-996.6189884564927
2.264616666666667,-996.6192166305236
2.2662833333333334,-996.6193982384258
2.26795,-996.6194680876189
2.269616666666667,-996.6193842685872
2.2712833333333333,-996.6191514379434
2.2729500000000002,-996.618830131655
2.2746166666666667,-996.6185088253666
2.2762833333333337,-996.6182853079486
2.27795,-996.6182154587555
2.2796166666666666,-996.6183225608517
2.2813000000000003,-996.6185647047212
2.282966666666667,-996.6188720411709
2.2846333333333333,-996.6191514379434
2.2863,-996.6193051061683
2.2879666666666667,-996.6192678532653
2.2896333333333336,-996.6190117395571
2.2913,-996.6185926443984
2.2929666666666666,-996.6180990434336
2.2946333333333335,-996.6176520085976
2.2963,-996.6173539853736
2.297966666666667,-996.6172422266645
2.2996333333333334,-996.6173074192448
2.3013,-996.617484370534
2.302966666666667,-996.6176799482748
2.3046333333333333,-996.6177963635967
2.3063000000000002,-996.6177730805323
2.3079666666666667,-996.617600785856
2.3096333333333336,-996.6173120758577
2.3113,-996.6169861129564
2.3129666666666666,-996.6167253426354
2.3146500000000003,-996.6166042707007
2.316316666666667,-996.6166787765067
2.3179833333333333,-996.6169488600534
2.31965,-996.6173819250508
2.3213166666666667,-996.61789880908
2.3229833333333336,-996.618420349722
2.32465,-996.6188534147194
2.3263166666666666,-996.6191188416533
2.3279833333333335,-996.6191747210078
2.32965,-996.6190350226216
2.331316666666667,-996.6187695956876
2.3329833333333334,-996.6184855423022
2.33465,-996.6182899645615
2.336316666666667,-996.6182713381099
2.3379833333333333,-996.618457602625
2.3396500000000002,-996.6188068485907
2.3413166666666667,-996.6192352569751
2.343,-996.619649695521
2.344666666666667,-996.6199570319708
2.3463333333333334,-996.6201107001957
2.3480000000000003,-996.6201153568086
2.349666666666667,-996.6200082547125
2.3513333333333333,-996.6198685563262
2.353,-996.6197754240687
2.3546666666666667,-996.6197847372945
2.3563333333333336,-996.6198964960034
2.358,-996.6200781039056
2.3596666666666666,-996.6202736816464
2.3613333333333335,-996.6204040668068
2.363,-996.6204180366454
2.364666666666667,-996.6202783382593
2.3663333333333334,-996.6199942848738
2.3680000000000003,-996.6195984727794
2.369666666666667,-996.6191747210078
2.3713333333333333,-996.6188208184293
2.373016666666667,-996.6186252406885
2.3746833333333335,-996.6186531803658
2.37635,-996.6189139506868
2.378016666666667,-996.6193563289099
2.3796833333333334,-996.6198871827777
2.3813500000000003,-996.6203854403553
2.383016666666667,-996.6207300297082
2.3846833333333333,-996.6208278185785
2.38635,-996.620660180515
2.3880166666666667,-996.620250398582
2.3896833333333336,-996.6197009182627
2.39135,-996.6191328114919
2.3930166666666666,-996.6186718068172
2.3946833333333335,-996.6183970666576
2.39635,-996.6183505005289
2.398016666666667,-996.618494855528
2.3996833333333334,-996.6187695956876
2.4013500000000003,-996.6190769321374
2.4030333333333336,-996.6193423590713
2.4047,-996.6195099971349
2.406366666666667,-996.6195565632636
2.4080333333333335,-996.6195053405219
2.4097,-996.6194168648773
2.411366666666667,-996.6193609855228
2.4130333333333334,-996.6193935818129
2.4147000000000003,-996.619542593425
2.4163666666666668,-996.6197800806816
2.4180333333333333,-996.6200548208412
2.4197,-996.6202923080979
2.4213666666666667,-996.6204180366454
2.4230333333333336,-996.6203668139038
2.4247,-996.6201153568086
2.426366666666667,-996.619686948424
2.4280333333333335,-996.6191700643949
2.4297,-996.6186857766559
2.431366666666667,-996.6183411873031
2.43305,-996.6181921756911
2.4347166666666666,-996.6182387418198
2.4363833333333336,-996.6184296629477
2.43805,-996.6186764634301
2.439716666666667,-996.6188906676224
2.4413833333333335,-996.6189977697185
2.44305,-996.6189651734284
2.444716666666667,-996.6188021919778
2.4463833333333334,-996.6185414216568
2.4480500000000003,-996.6182480550456
2.4497166666666668,-996.6179919413374
2.4513833333333332,-996.6178429297255
2.45305,-996.6178382731126
2.4547166666666667,-996.6179919413374
2.4563833333333336,-996.6182946211744
2.45805,-996.6187090597202
2.459716666666667,-996.6191607511691
2.4614000000000003,-996.6195612198765
2.4630666666666667,-996.6197987071331
2.4647333333333337,-996.619803363746
2.4664,-996.6195565632636
2.4680666666666666,-996.6191188416533
2.4697333333333336,-996.6186019576242
2.4714,-996.6181362963366
2.473066666666667,-996.617824303274
2.4747333333333335,-996.6177125445649
2.4764,-996.6177777371452
2.478066666666667,-996.6179453752087
2.4797333333333333,-996.6181176698851
2.4814000000000003,-996.6182061455297
2.4830666666666668,-996.6181549227881
2.4847333333333332,-996.6179872847246
2.4864,-996.6177684239194
2.4880666666666666,-996.6175914726302
2.4897333333333336,-996.6175355932756
2.491416666666667,-996.6176426953718
2.4930833333333333,-996.6178941524671
2.4947500000000002,-996.6182387418198
2.4964166666666667,-996.6185973010113
2.4980833333333337,-996.6188906676224
2.49975,-996.6190536490731
2.5014166666666666,-996.6190396792344
2.5030833333333335,-996.6188254750422
2.50475,-996.6184343195606
2.506416666666667,-996.6179267487572
2.5080833333333334,-996.6173912382766
2.50975,-996.6169302336019
2.511416666666667,-996.6166135839264
2.5130833333333333,-996.6164738855401
2.5147500000000003,-996.6164925119916
2.5164166666666667,-996.6166042707007
2.5180833333333337,-996.6167206860225
2.51975,-996.6167532823126
2.5214333333333334,-996.6166368669908
2.5231000000000003,-996.616366783444
2.524766666666667,-996.6160035676397
2.5264333333333333,-996.615658978287
2.5281000000000002,-996.6154494307076
2.5297666666666667,-996.6154820269977
2.5314333333333336,-996.6157893634474
2.5331,-996.6163481569926
2.5347666666666666,-996.6170745886011
2.5364333333333335,-996.6178522429512
2.5381,-996.618569361334
2.539766666666667,-996.6191188416533
2.5414333333333334,-996.6194308347159
2.5431,-996.6194867140704
2.544766666666667,-996.6193097627812
2.5464333333333333,-996.6189744866541
2.5481000000000003,-996.6185740179469
2.5497833333333335,-996.6182061455297
2.55145,-996.6179593450473
2.553116666666667,-996.6178662127899
2.5547833333333334,-996.6179081223057
2.5564500000000003,-996.6180245376275
2.558116666666667,-996.6181176698851
2.5597833333333333,-996.6181083566594
2.5614500000000002,-996.6179640016602
2.5631166666666667,-996.6176985747263
2.5647833333333336,-996.6173958948895
2.56645,-996.6171630642457
2.5681166666666666,-996.6170885584397
2.5697833333333335,-996.6172003171487
2.57145,-996.6174750573083
2.573116666666667,-996.6178475863384
2.5747833333333334,-996.618234085207
2.57645,-996.618569361334
2.5781333333333336,-996.6188021919778
2.5798,-996.6189325771383
2.5814666666666666,-996.6189837998799
2.5831333333333335,-996.6190024263313
2.5848,-996.6190350226216
2.586466666666667,-996.6191234982662
2.5881333333333334,-996.6192771664911
2.5898000000000003,-996.6194820574575
2.591466666666667,-996.6197148881013
2.5931333333333333,-996.6199384055193
2.5948,-996.6201107001957
2.5964666666666667,-996.6201852060017
2.5981333333333336,-996.6201107001957
2.5998,-996.6198592431004
2.6014666666666666,-996.6194494611674
2.6031333333333335,-996.6189372337511
2.6048,-996.6184343195606
2.606466666666667,-996.6180524773049
2.6081333333333334,-996.6178755260156
2.6098166666666667,-996.6179220921443
2.6114833333333336,-996.618159579401
2.61315,-996.618494855528
2.614816666666667,-996.6188161618164
2.6164833333333335,-996.6190257093958
2.61815,-996.6190722755246
2.619816666666667,-996.6189651734284
2.6214833333333334,-996.6187882221392
2.6231500000000003,-996.6186392105271
2.624816666666667,-996.6186252406885
2.6264833333333333,-996.6188068485907
2.62815,-996.6191886908464
2.6298166666666667,-996.6197195447141
2.6314833333333336,-996.6203202477751
2.63315,-996.6209023243845
2.6348166666666666,-996.6213726422849
2.6364833333333335,-996.6216753221217
2.6381666666666668,-996.6217544845407
2.6398333333333333,-996.6216101295415
2.6415,-996.6212888232532
2.6431666666666667,-996.6208790413201
2.6448333333333336,-996.6204832292257
2.6465,-996.6201991758403
2.648166666666667,-996.6200687906799
2.6498333333333335,-996.6200920737442
2.6515,-996.6202131456789
2.653166666666667,-996.6203528440652
2.6548333333333334,-996.6204180366454
2.6565000000000003,-996.6203528440652
2.658166666666667,-996.6201432964858
2.6598333333333333,-996.6198452732618
2.6615,-996.6195472500378
2.6631666666666667,-996.6193656421357
2.6648333333333336,-996.6193702987485
2.6665,-996.6195751897151
2.6681833333333334,-996.6199244356807
2.6698500000000003,-996.6203109345494
2.6715166666666668,-996.620622927612
2.6731833333333332,-996.6207859090626
2.67485,-996.6207672826112
2.6765166666666667,-996.6205949879347
2.6781833333333336,-996.6203295610009
2.67985,-996.6200594774541
2.681516666666667,-996.6198685563262
2.6831833333333335,-996.6198080203588
2.68485,-996.6198918393906
2.686516666666667,-996.6200967303571
2.6881833333333334,-996.6203575006781
2.6898500000000003,-996.6206089577734
2.691516666666667,-996.6207765958369
2.6931833333333333,-996.6208185053528
2.69485,-996.6207114032566
2.6965333333333334,-996.6204599461613
2.6982,-996.6201153568086
2.699866666666667,-996.6197521410044
2.7015333333333333,-996.6194494611674
2.7032000000000003,-996.6192678532653
2.7048666666666668,-996.6192538834266
2.7065333333333337,-996.6193982384258
2.7082,-996.6196729785854
2.7098666666666666,-996.6200455076155
2.7115333333333336,-996.6204552895484
2.7132,-996.6208604148686
2.714866666666667,-996.6212143174471
2.7165333333333335,-996.6214937142197
2.7182,-996.6216799787346
2.719866666666667,-996.6217777676051
2.7215333333333334,-996.6217917374437
2.7232000000000003,-996.6217358580892
2.7248666666666668,-996.6216147861544
2.7265333333333333,-996.6214331782522
2.728216666666667,-996.6212003476085
2.7298833333333334,-996.620920950836
2.73155,-996.620585674709
2.733216666666667,-996.6201945192274
2.7348833333333333,-996.6197428277785
2.7365500000000003,-996.6192445702009
2.7382166666666667,-996.6187509692361
2.7398833333333337,-996.6183411873031
2.74155,-996.6181130132723
2.7432166666666666,-996.6181502661752
2.7448833333333336,-996.6184762290765
2.74655,-996.6190443358473
2.748216666666667,-996.6197521410044
2.7498833333333335,-996.6204739159999
2.75155,-996.6210606492223
2.753216666666667,-996.6214145518007
2.7548833333333334,-996.6214890576068
2.7565666666666666,-996.6213214195433
2.7582333333333335,-996.6210047698678
2.7599,-996.6206694937407
2.761566666666667,-996.6204273498712
2.7632333333333334,-996.6203388742266
2.7649,-996.6204040668068
2.766566666666667,-996.6205763614832
2.7682333333333333,-996.6207765958369
2.7699000000000003,-996.620920950836
2.7715666666666667,-996.620958203739
2.7732333333333337,-996.6208557582557
2.7749,-996.6206368974506
2.7765666666666666,-996.6203668139038
2.7782333333333336,-996.6201293266472
2.7799,-996.620026881164
2.781566666666667,-996.6201107001957
2.7832333333333334,-996.6203947535811
2.7849166666666667,-996.6208185053528
2.7865833333333336,-996.6212888232532
2.78825,-996.6216939485732
2.7899166666666666,-996.6219314358299
2.7915833333333335,-996.6219454056685
2.79325,-996.621745171315
2.794916666666667,-996.6213866121235
2.7965833333333334,-996.620995456642
2.7982500000000003,-996.620697433418
2.799916666666667,-996.6206136143862
2.8015833333333333,-996.6207905656755
2.8032500000000002,-996.6212096608342
2.8049166666666667,-996.6217963940566
2.8065833333333337,-996.6224250367947
2.80825,-996.622974517114
2.8099166666666666,-996.6233517027568
2.8115833333333335,-996.6234914011432
2.81325,-996.6233889556598
2.8149333333333333,-996.623086275823
2.8166,-996.6226764938899
2.8182666666666667,-996.6222480855055
2.8199333333333336,-996.6218988395398
2.8216,-996.6216706655089
2.8232666666666666,-996.6215821898643
2.8249333333333335,-996.6216054729286
2.8266,-996.6216986051861
2.828266666666667,-996.6218057072823
2.8299333333333334,-996.6218662432497
2.8316000000000003,-996.6218615866368
2.833266666666667,-996.6217824242179
2.8349333333333333,-996.6216706655089
2.8366000000000002,-996.6215961597029
2.8382666666666667,-996.6216101295415
2.8399333333333336,-996.6217591411536
2.8416,-996.6220199114746
2.8432666666666666,-996.6223505309887
2.8449500000000003,-996.6226811505029
2.846616666666667,-996.6229419208239
2.8482833333333333,-996.623086275823
2.84995,-996.6230955890487
2.8516166666666667,-996.622974517114
2.8532833333333336,-996.622750999696
2.85495,-996.6224716029235
2.8566166666666666,-996.6221922061509
2.8582833333333335,-996.6219500622815
2.85995,-996.6217731109922
2.861616666666667,-996.6216520390574
2.8632833333333334,-996.6215589067999
2.8649500000000003,-996.6214564613166
2.866616666666667,-996.6213167629304
2.8682833333333333,-996.6211165285767
2.8699500000000002,-996.6208557582557
2.8716333333333335,-996.6205623916446
2.8733,-996.6202923080979
2.874966666666667,-996.6201153568086
2.8766333333333334,-996.6201200134215
2.8783000000000003,-996.6203481874524
2.879966666666667,-996.6208138487399
2.8816333333333333,-996.6214611179296
2.8833,-996.622187549538
2.8849666666666667,-996.6228534451792
2.8866333333333336,-996.6233330763054
2.8883,-996.6235053709818
2.889966666666667,-996.6233330763054
2.8916333333333335,-996.6228394753406
2.8933,-996.6221409834093
2.894966666666667,-996.6214005819621
2.8966333333333334,-996.6207952222884
2.8983000000000003,-996.6204552895484
2.899966666666667,-996.6204459763227
2.9016333333333333,-996.6207300297082
2.903316666666667,-996.6212143174471
2.9049833333333335,-996.6217637977664
2.90665,-996.6222341156669
2.908316666666667,-996.6225181690522
2.9099833333333334,-996.6225507653423
2.9116500000000003,-996.6223505309887
2.9133166666666668,-996.6219873151845
2.9149833333333333,-996.6215682200257
2.91665,-996.6212050042213
2.9183166666666667,-996.6209861434163
2.9199833333333336,-996.6209488905132
2.92165,-996.6210932455124
2.923316666666667,-996.621367985672
2.9249833333333335,-996.6216986051861
2.92665,-996.6220105982488
2.928316666666667,-996.6222248024411
2.9299833333333334,-996.6222946516342
2.9316666666666666,-996.6222108326025
2.9333333333333336,-996.6220152548617
2.935,-996.6217777676051
2.936666666666667,-996.6215868464772
2.9383333333333335,-996.6215123406712
2.94,-996.6215821898643
2.941666666666667,-996.6217824242179
2.9433333333333334,-996.6220711342162
2.9450000000000003,-996.6223691574402
2.9466666666666668,-996.6226019880839
2.9483333333333337,-996.6227184034059
2.95,-996.6226951203415
2.9516666666666667,-996.6225600785681
2.9533333333333336,-996.6223691574402
2.955,-996.6222061759896
2.956666666666667,-996.6221223569578
2.9583333333333335,-996.6221549532479
2.96,-996.62230396486
2.9616833333333337,-996.6225414521166
2.96335,-996.6228301621148
2.9650166666666666,-996.623123528726
2.9666833333333336,-996.6233610159826
2.96835,-996.6234914011432
2.970016666666667,-996.6235053709818
2.9716833333333335,-996.6234168953372
2.97335,-996.6232911667895
2.975016666666667,-996.6232026911449
2.9766833333333333,-996.6232166609835
2.9783500000000003,-996.6233610159826
2.9800166666666668,-996.6236171296907
2.9816833333333337,-996.6239384359792
2.98335,-996.6242457724289
2.9850166666666667,-996.624469289847
2.9866833333333336,-996.6245437956529
2.98835,-996.624469289847
2.990016666666667,-996.6242876819448
2.9917000000000002,-996.6240874475911
2.9933666666666667,-996.623947749205
2.9950333333333337,-996.6239384359792
2.9967,-996.6240688211396
2.9983666666666666,-996.6243109650092
3.0000333333333336,-996.624613644846
3.0017,-996.6249116680701
3.003366666666667,-996.6251538119396
3.0050333333333334,-996.6252935103258
3.0067,-996.625326106616
3.008366666666667,-996.6252702272615
3.0100333333333333,-996.6251724383911
3.0117000000000003,-996.6251072458108
3.0133666666666667,-996.625139842101
3.0150333333333337,-996.6253028235516
3.0167,-996.6255961901627
3.0183666666666666,-996.6259780324185
3.0200333333333336,-996.6263878143516
3.021716666666667,-996.62674171693
3.0233833333333333,-996.6269745475738
3.0250500000000002,-996.6270350835412
3.0267166666666667,-996.6269233248322
3.0283833333333336,-996.6266904941884
3.03005,-996.6264157540288
3.0317166666666666,-996.6261875799979
3.0333833333333335,-996.6260758212889
3.03505,-996.6260944477403
3.036716666666667,-996.6261922366108
3.0383833333333334,-996.6262993387069
3.0400500000000004,-996.6263226217712
3.041716666666667,-996.6262155196752
3.0433833333333333,-996.625959405967
3.0450500000000003,-996.6256008467756
3.0467166666666667,-996.625214347907
3.0483833333333337,-996.6248930416186
3.050066666666667,-996.6247114337165
3.0517333333333334,-996.624730060168
3.0534000000000003,-996.6249722040375
3.055066666666667,-996.6254145822606
3.0567333333333333,-996.6260199419344
3.0584000000000002,-996.6267184338657
3.0600666666666667,-996.627416925797
3.0617333333333336,-996.6280083156321
3.0634,-996.628385501275
3.0650666666666666,-996.628460007081
3.0667333333333335,-996.6282132065986
3.0684,-996.6276916659566
3.070066666666667,-996.6270118004768
3.0717333333333334,-996.6263133085455
3.0734000000000004,-996.6257265753233
3.075066666666667,-996.625326106616
3.0767333333333333,-996.6251351854881
3.0784000000000002,-996.6251025891979
3.0800833333333335,-996.6251584685525
3.08175,-996.6252236611327
3.083416666666667,-996.6252376309714
3.0850833333333334,-996.6251957214555
3.0867500000000003,-996.6251165590365
3.088416666666667,-996.6250653362949
3.0900833333333333,-996.6251119024237
3.09175,-996.6253028235516
3.0934166666666667,-996.6256520695173
3.0950833333333336,-996.6261456704821
3.09675,-996.6267324037043
3.0984166666666666,-996.6273331067653
3.1000833333333335,-996.627863960633
3.10175,-996.6282411462759
3.103416666666667,-996.6283948145008
3.1050833333333334,-996.6282923690175
3.1067500000000003,-996.6279664061162
3.108416666666667,-996.6275054014416
3.1101,-996.6270211137025
3.111766666666667,-996.626634614834
3.1134333333333335,-996.6264204106417
3.1151,-996.6263878143516
3.116766666666667,-996.6264902598348
3.1184333333333334,-996.6266159883825
3.1201000000000003,-996.6266625545112
3.121766666666667,-996.6265368259635
3.1234333333333333,-996.626220176288
3.1251,-996.6257684848391
3.1267666666666667,-996.625288853713
3.1284333333333336,-996.624916324683
3.1301,-996.6247440300066
3.131766666666667,-996.6248092225868
3.1334333333333335,-996.6250793061336
3.1351,-996.6254797748409
3.136766666666667,-996.625922153064
3.13845,-996.6263365916099
3.1401166666666667,-996.6266811809627
3.1417833333333336,-996.6269372946708
3.14345,-996.6271049327344
3.145116666666667,-996.6272073782176
3.1467833333333335,-996.6272679141849
3.14845,-996.6273237935395
3.150116666666667,-996.6274029559584
3.1517833333333334,-996.6275147146673
3.1534500000000003,-996.6276544130536
3.155116666666667,-996.6277941114398
3.1567833333333333,-996.6279058701489
3.15845,-996.6279338098261
3.1601166666666667,-996.6278360209558
3.1617833333333336,-996.6275845638605
3.16345,-996.627193408379
3.165116666666667,-996.6267137772528
3.1668000000000003,-996.6262248329009
3.1684666666666668,-996.6258197075807
3.1701333333333337,-996.6255403108082
3.1718,-996.6254052690349
3.1734666666666667,-996.6253912991963
3.1751333333333336,-996.6254611483894
3.1768,-996.6255729070983
3.178466666666667,-996.6256939790331
3.1801333333333335,-996.6258010811292
3.1818,-996.6258755869353
3.183466666666667,-996.6259268096769
3.1851333333333334,-996.6259547493542
3.1868000000000003,-996.6259826890314
3.188466666666667,-996.6260385683859
3.1901333333333333,-996.6261317006434
3.1918,-996.6262667424168
3.1934666666666667,-996.6264390370932
3.1951333333333336,-996.6266113317696
3.1968,-996.6267370603172
3.1984833333333333,-996.6267510301558
3.2001500000000003,-996.626597361931
3.2018166666666668,-996.626257429191
3.2034833333333337,-996.625773141452
3.20515,-996.62525160081
3.2068166666666666,-996.624837162264
3.2084833333333336,-996.624655554362
3.21015,-996.624767313071
3.211816666666667,-996.6251538119396
3.2134833333333335,-996.6257172620975
3.21515,-996.6263179651584
3.216816666666667,-996.626816222736
3.2184833333333334,-996.6271049327344
3.2201500000000003,-996.6271328724116
3.2218166666666668,-996.626932638058
3.2234833333333337,-996.6265927053181
3.22515,-996.6262155196752
3.2268333333333334,-996.6259128398383
3.2285000000000004,-996.6257498583876
3.230166666666667,-996.6257498583876
3.2318333333333333,-996.6258802435482
3.2335000000000003,-996.6260944477403
3.2351666666666667,-996.6263412482227
3.2368333333333337,-996.6265461391893
3.2385,-996.6266625545112
3.2401666666666666,-996.6266532412855
3.2418333333333336,-996.626518199512
3.2435,-996.626294682094
3.245166666666667,-996.6260385683859
3.2468333333333335,-996.625810394355
3.2485,-996.6256427562915
3.250166666666667,-996.625549624034
3.2518333333333334,-996.6255030579052
3.2535000000000003,-996.6254658050022
3.2551666666666668,-996.6253912991963
3.25685,-996.6252655706486
3.258516666666667,-996.6251025891979
3.2601833333333334,-996.6249628908117
3.2618500000000004,-996.6249349511345
3.263516666666667,-996.6251119024237
3.2651833333333333,-996.625549624034
3.2668500000000003,-996.6262341461266
3.2685166666666667,-996.6270676798313
3.2701833333333337,-996.6279151833746
3.27185,-996.6286323017574
3.2735166666666666,-996.6291072762707
3.2751833333333336,-996.6292609444955
3.27685,-996.6290886498192
3.278516666666667,-996.6286043620802
3.2801833333333335,-996.6278732738588
3.2818500000000004,-996.6269978306382
3.283516666666667,-996.6260944477403
3.2852,-996.6252748838743
3.2868666666666666,-996.6246415845234
3.2885333333333335,-996.6242364592032
3.2902,-996.624054851301
3.291866666666667,-996.624017598398
3.2935333333333334,-996.6240362248495
3.2952000000000004,-996.6239943153337
3.296866666666667,-996.6238173640444
3.2985333333333333,-996.6234681180788
3.3002000000000002,-996.6229884869526
3.3018666666666667,-996.6224762595364
3.3035333333333337,-996.6220664776033
3.3052,-996.6218615866368
3.3068666666666666,-996.6219360924428
3.3085333333333335,-996.6222899950213
3.3102,-996.6228674150178
3.311866666666667,-996.6235752201749
3.3135333333333334,-996.6243063083963
3.3152166666666667,-996.6249489209731
3.3168833333333336,-996.6254099256478
3.31855,-996.6256520695173
3.320216666666667,-996.6256939790331
3.3218833333333335,-996.6255915335498
3.32355,-996.6254425219379
3.325216666666667,-996.625326106616
3.3268833333333334,-996.6252748838743
3.3285500000000003,-996.6252841971001
3.330216666666667,-996.6252981669387
3.3318833333333333,-996.62525160081
3.3335500000000002,-996.6250839627464
3.3352166666666667,-996.6247486866195
3.3368833333333336,-996.6242597422676
3.33855,-996.6236776656582
3.3402166666666666,-996.6231049022745
3.3418833333333335,-996.6226625240513
3.34355,-996.6224669463106
3.3452333333333333,-996.6225693917938
3.3469,-996.6229605472754
3.3485666666666667,-996.6235565937234
3.3502333333333336,-996.6242224893646
3.3519,-996.6248138791997
3.353566666666667,-996.6252003780684
3.3552333333333335,-996.6253074801645
3.3569,-996.625139842101
3.358566666666667,-996.6247626564581
3.3602333333333334,-996.6242830253319
3.3619000000000003,-996.6238266772701
3.363566666666667,-996.6234914011432
3.3652333333333333,-996.6233284196925
3.3669000000000002,-996.6233423895311
3.3685666666666667,-996.6234914011432
3.3702333333333336,-996.623719575174
3.3719,-996.6239570624307
3.3735833333333334,-996.6241153872684
3.3752500000000003,-996.624129357107
3.376916666666667,-996.6239617190436
3.3785833333333337,-996.6236124730779
3.38025,-996.6231374985646
3.3819166666666667,-996.622634584374
3.3835833333333336,-996.6222108326025
3.38525,-996.6219360924428
3.386916666666667,-996.621852273411
3.3885833333333335,-996.6219500622815
3.39025,-996.6221828929251
3.391916666666667,-996.6224762595364
3.3935833333333334,-996.6227603129217
3.3952500000000003,-996.622974517114
3.396916666666667,-996.6231002456616
3.3985833333333333,-996.6231468117903
3.40025,-996.6231561250161
3.4019166666666667,-996.6231747514677
3.4036,-996.6232120043707
3.405266666666667,-996.6232539138865
3.4069333333333334,-996.623272540338
3.4086000000000003,-996.623235287435
3.410266666666667,-996.623123528726
3.4119333333333337,-996.6229326075982
3.4136,-996.622671837277
3.4152666666666667,-996.6223505309887
3.4169333333333336,-996.6220012850231
3.4186,-996.6216613522831
3.420266666666667,-996.6213726422849
3.4219333333333335,-996.621181721157
3.4236,-996.6211118719639
3.425266666666667,-996.621181721157
3.4269333333333334,-996.621367985672
3.4286000000000003,-996.6216334126059
3.430266666666667,-996.6219081527655
3.43195,-996.6221037305063
3.433616666666667,-996.6221596098608
3.4352833333333335,-996.6220478511518
3.43695,-996.6218057072823
3.438616666666667,-996.6215216538969
3.4402833333333334,-996.6212981364789
3.4419500000000003,-996.621223630673
3.4436166666666668,-996.6213353893819
3.4452833333333337,-996.6216240993801
3.44695,-996.6220245680875
3.4486166666666667,-996.6224483198591
3.4502833333333336,-996.6227835959861
3.45195,-996.6229279509853
3.453616666666667,-996.6228161922762
3.4552833333333335,-996.6224622896978
3.45695,-996.6219407490556
3.458616666666667,-996.6213726422849
3.4603,-996.620883697933
3.4619666666666666,-996.6205670482575
3.4636333333333336,-996.6204506329356
3.4653,-996.6205158255159
3.466966666666667,-996.6206648371278
3.4686333333333335,-996.6207905656755
3.4703000000000004,-996.6207765958369
3.471966666666667,-996.6205530784189
3.4736333333333334,-996.6201153568086
3.4753000000000003,-996.6195332801992
3.4769666666666668,-996.618941890364
3.4786333333333337,-996.6184995121408
3.4803,-996.6183318740774
3.4819666666666667,-996.6184901989151
3.4836333333333336,-996.618941890364
3.4853,-996.6195751897151
3.486966666666667,-996.6202457419691
3.4886333333333335,-996.6207905656755
3.4903,-996.6210979021253
3.4919833333333337,-996.6211165285767
3.49365,-996.6208790413201
3.4953166666666666,-996.6204739159999
3.4969833333333336,-996.620026881164
3.49865,-996.6196403822953
3.500316666666667,-996.6193563289099
3.5019833333333334,-996.6191747210078
3.5036500000000004,-996.6190629622988
3.505316666666667,-996.6189744866541
3.5069833333333333,-996.6188953242353
3.5086500000000003,-996.6188254750422
3.5103166666666668,-996.6187835655263
3.5119833333333337,-996.6187975353649
3.51365,-996.6189139506868
3.5153166666666666,-996.6191560945563
3.5169833333333336,-996.6195519066507
3.518666666666667,-996.6200920737442
3.5203333333333333,-996.6207300297082
3.5220000000000002,-996.6213912687364
3.5236666666666667,-996.6219919717973
3.5253333333333337,-996.6224576330849
3.527,-996.6227277166316
3.5286666666666666,-996.6227649695346
3.5303333333333335,-996.6225693917938
3.532,-996.6221642664736
3.533666666666667,-996.6215868464772
3.5353333333333334,-996.6209256074488
3.5370000000000004,-996.6202690250335
3.538666666666667,-996.6197009182627
3.5403333333333333,-996.619281823104
3.5420000000000003,-996.619021052783
3.5436666666666667,-996.6189139506868
3.5453333333333337,-996.6189139506868
3.547,-996.6189698300412
3.5486833333333334,-996.6190350226216
3.5503500000000003,-996.6190676189117
3.552016666666667,-996.6190489924602
3.5536833333333333,-996.6189931131056
3.5553500000000002,-996.6189512035897
3.5570166666666667,-996.6189744866541
3.5586833333333336,-996.6190955585889
3.56035,-996.6193237326198
3.562016666666667,-996.6196264124567
3.5636833333333335,-996.6199384055193
3.56535,-996.6201898626146
3.567016666666667,-996.6203062779365
3.5686833333333334,-996.6202317721304
3.5703500000000004,-996.6199523753579
3.572016666666667,-996.6195193103606
3.5736833333333333,-996.6190443358473
3.5753500000000003,-996.6186578369786
3.5770166666666667,-996.6184762290765
3.5787,-996.6185600481083
3.580366666666667,-996.6188999808481
3.5820333333333334,-996.6194075516515
3.5837000000000003,-996.6199616885837
3.585366666666667,-996.6204320064841
3.5870333333333333,-996.6207067466437
3.5887000000000002,-996.620734686321
3.5903666666666667,-996.6205344519674
3.5920333333333336,-996.6201898626146
3.5937,-996.6198219901975
3.595366666666667,-996.6195193103606
3.5970333333333335,-996.6193423590713
3.5987,-996.6192771664911
3.600366666666667,-996.6192771664911
3.6020333333333334,-996.619281823104
3.6037000000000003,-996.6192306003622
3.605366666666667,-996.6191048718147
3.6070333333333333,-996.6188999808481
3.608716666666667,-996.6186624935915
3.6103833333333335,-996.6184436327864
3.61205,-996.6183225608517
3.613716666666667,-996.6183551571418
3.6153833333333334,-996.6185833311727
3.6170500000000003,-996.6190070829442
3.618716666666667,-996.6195658764893
3.6203833333333333,-996.6201758927759
3.62205,-996.6207393429339
3.6237166666666667,-996.6211630947055
3.6253833333333336,-996.6213726422849
3.62705,-996.621330732769
3.628716666666667,-996.6210466793837
3.6303833333333335,-996.6205949879347
3.63205,-996.6200781039056
3.633716666666667,-996.6196310690696
3.6353833333333334,-996.6193516722971
3.6370500000000003,-996.6192957929426
3.6387333333333336,-996.6194680876189
3.6404,-996.6198313034232
3.642066666666667,-996.6203155911622
3.6437333333333335,-996.6208371318043
3.6454,-996.6213121063175
3.647066666666667,-996.6216613522831
3.6487333333333334,-996.6218196771209
3.6504000000000003,-996.6217731109922
3.652066666666667,-996.6215449369613
3.6537333333333337,-996.6211956909956
3.6554,-996.6208138487399
3.6570666666666667,-996.6204925424515
3.6587333333333336,-996.6203062779365
3.6604,-996.6203016213236
3.662066666666667,-996.620469259387
3.6637333333333335,-996.6207672826112
3.6654,-996.6210885888995
3.6670833333333337,-996.6213353893819
3.66875,-996.6214238650265
3.6704166666666667,-996.6213260761562
3.6720833333333336,-996.6210932455124
3.67375,-996.620809192127
3.675416666666667,-996.6205530784189
3.6770833333333335,-996.6203807837425
3.67875,-996.6203016213236
3.680416666666667,-996.6202829948721
3.6820833333333334,-996.6202783382593
3.6837500000000003,-996.6202271155175
3.685416666666667,-996.6200967303571
3.6870833333333337,-996.6198918393906
3.68875,-996.619649695521
3.6904166666666667,-996.6194354913288
3.6920833333333336,-996.6193330458456
3.69375,-996.6193889252
3.695416666666667,-996.6196264124567
3.6970833333333335,-996.6200175679382
3.6987666666666668,-996.6204925424515
3.7004333333333337,-996.6209628603518
3.7021,-996.6213167629304
3.7037666666666667,-996.6214611179296
3.7054333333333336,-996.621330732769
3.7071,-996.6209349206746
3.708766666666667,-996.6203295610009
3.7104333333333335,-996.6196403822953
3.7121000000000004,-996.6190070829442
3.713766666666667,-996.6185460782697
3.7154333333333334,-996.618308591013
3.7171000000000003,-996.6182806513357
3.7187666666666668,-996.6183877534319
3.7204333333333337,-996.6185134819794
3.7221,-996.6185367650439
3.7237666666666667,-996.618383096819
3.7254333333333336,-996.618047820692
3.727116666666667,-996.6175914726302
3.7287833333333333,-996.6171258113427
3.7304500000000003,-996.6167672521512
3.7321166666666667,-996.6166089273136
3.7337833333333337,-996.6166741198938
3.73545,-996.6169348902148
3.7371166666666666,-996.6173307023092
3.7387833333333336,-996.6177870503709
3.74045,-996.618234085207
3.742116666666667,-996.6186019576242
3.7438000000000002,-996.6188534147194
3.7454666666666667,-996.6189651734284
3.7471333333333336,-996.618941890364
3.7488,-996.618830131655
3.750466666666667,-996.6186904332687
3.7521333333333335,-996.6185833311727
3.7538,-996.6185553914954
3.755466666666667,-996.6186205840756
3.7571333333333334,-996.6187509692361
3.7588000000000004,-996.6188953242353
3.760466666666667,-996.618979143267
3.7621333333333333,-996.6189325771383
3.7638000000000003,-996.6187090597202
3.7654666666666667,-996.6183179042388
3.7671333333333337,-996.6178056768225
3.7688,-996.6172655097289
3.7704666666666666,-996.6168045050542
3.7721333333333336,-996.6164925119916
3.7738,-996.6163621268312
3.775466666666667,-996.6163807532827
3.7771333333333335,-996.6165064818302
3.7788000000000004,-996.6166787765067
3.780466666666667,-996.6168464145702
3.7821333333333333,-996.6169814563435
3.7838000000000003,-996.6170652753752
3.7854833333333335,-996.6170745886011
3.78715,-996.6170093960208
3.788816666666667,-996.6168696976346
3.7904833333333334,-996.6166880897324
3.7921500000000004,-996.6164925119916
3.793816666666667,-996.6163248739281
3.7954833333333333,-996.6162131152191
3.7971500000000002,-996.6161665490904
3.7988166666666667,-996.6161665490904
3.8004833333333337,-996.616143266026
3.80215,-996.6160221940912
3.803816666666667,-996.6157521105445
3.8054833333333336,-996.6153423286114
3.80715,-996.6148626974853
3.808816666666667,-996.6144296324879
3.8104833333333334,-996.6141502357154
3.8121500000000004,-996.614089699748
3.813816666666667,-996.6142480245858
3.8155,-996.6145600176484
3.817166666666667,-996.6149046070012
3.8188333333333335,-996.6151700339351
3.8205,-996.6152678228054
3.822166666666667,-996.6151653773222
3.8238333333333334,-996.6148906371626
3.8255000000000003,-996.6145181081325
3.827166666666667,-996.6141502357154
3.8288333333333333,-996.6138708389428
3.8305000000000002,-996.6137404537824
3.8321666666666667,-996.6137823632982
3.8338333333333336,-996.613977941039
3.835516666666667,-996.614275964263
3.8371833333333334,-996.6146065837771
3.8388500000000003,-996.6148813239369
3.840516666666667,-996.6150163657102
3.8421833333333337,-996.6149604863557
3.84385,-996.614690402809
3.8455166666666667,-996.6142619944244
3.8471833333333336,-996.6137590802339
3.84885,-996.6132794491077
3.850516666666667,-996.6129022634648
3.8521833333333335,-996.6126508063695
3.85385,-996.6124971381447
3.855516666666667,-996.6123807228228
3.8571833333333334,-996.6122363678237
3.8588500000000003,-996.6120268202443
3.860516666666667,-996.6117520800847
3.8621833333333333,-996.6114633700864
3.8638500000000002,-996.6112351960555
3.8655166666666667,-996.6111327505722
3.8671833333333336,-996.6111886299267
3.86885,-996.6113888642803
3.870516666666667,-996.6116775742786
3.8721833333333335,-996.6119849107284
3.873866666666667,-996.6122596508881
3.8755333333333337,-996.6124691984675
3.8772,-996.6126042402408
3.8788666666666667,-996.612669432821
3.8805333333333336,-996.612669432821
3.8822,-996.6126135534665
3.883866666666667,-996.6125157645962
3.8855333333333335,-996.6123900360485
3.8872,-996.6122456810494
3.888866666666667,-996.6120780429859
3.8905333333333334,-996.6118824652451
3.8922000000000003,-996.6116589478271
3.893866666666667,-996.6113842076675
3.8955333333333337,-996.6110582447662
3.8972,-996.6106577760589
3.8988666666666667,-996.6101967713843
3.9005333333333336,-996.6096938571937
3.9022,-996.6092188826805
3.9038833333333334,-996.6088603234891
3.9055500000000003,-996.6087252817157
3.907216666666667,-996.6088882631664
3.9088833333333337,-996.6093678942925
3.91055,-996.6101082957397
3.9122166666666667,-996.6110070220246
3.9138833333333336,-996.6119476578255
3.91555,-996.6127951613687
3.917216666666667,-996.613456400397
3.9188833333333335,-996.6138522124913
3.92055,-996.6139686278133
3.922216666666667,-996.6138242728141
3.9238833333333334,-996.6134983099129
3.9255500000000003,-996.6130885279798
3.927216666666667,-996.6126927158855
3.9288833333333337,-996.6123900360485
3.93055,-996.6122130847593
3.9322166666666667,-996.6121385789532
3.9339000000000004,-996.6120966694374
3.935566666666667,-996.6119849107284
3.9372333333333334,-996.6117287970203
3.9389000000000003,-996.6112957320229
3.9405666666666668,-996.6107415950908
3.9422333333333337,-996.6101828015456
3.9439,-996.6097776762256
3.9455666666666667,-996.6096519476779
3.9472333333333336,-996.6098801217088
3.9489,-996.6104342586409
3.950566666666667,-996.6112305394427
3.9522333333333335,-996.6121339223404
3.9539,-996.6129953957224
3.955566666666667,-996.6136938876537
3.9572333333333334,-996.6141642055541
3.9589000000000003,-996.614392379585
3.960566666666667,-996.6144389457137
3.96225,-996.6143877229721
3.963916666666667,-996.614313217166
3.9655833333333335,-996.6142806208759
3.9672500000000004,-996.6142899341016
3.968916666666667,-996.6143365002304
3.9705833333333334,-996.6143784097462
3.9722500000000003,-996.6143970361978
3.9739166666666668,-996.6143644399076
3.9755833333333337,-996.6142666510373
3.97725,-996.6141036695866
3.9789166666666667,-996.6138987786202
3.9805833333333336,-996.6136938876537
3.98225,-996.6135635024931
3.983916666666667,-996.6135588458802
3.9855833333333335,-996.6137264839438
3.9872500000000004,-996.6140431336192
3.9889166666666673,-996.6144575721652
3.9905833333333334,-996.6148859805497
3.9922666666666675,-996.6152398831282
3.9939333333333336,-996.6154540873205
3.9956000000000005,-996.6154959968363
3.9972666666666674,-996.6153795815145
3.9989333333333335,-996.6151607207094
