min,µS/cm
0.0,-996.9896501847495
0.0016666666666667052,-996.9895803355563
0.0033333333333334103,-996.9891286441074
0.004999999999999893,-996.9876571544388
0.006683333333333374,-996.9846163862313
0.00835000000000008,-996.9799225204531
0.010016666666666563,-996.9741995432294
0.011683333333333268,-996.968690770198
0.013349999999999973,-996.9648676910274
0.015016666666666678,-996.9639689647424
0.016683333333333383,-996.9666465171457
0.01835000000000009,-996.9727932461411
0.02001666666666657,-996.9815523349594
0.021683333333333277,-996.9915733658669
0.023349999999999982,-997.0013196566148
0.025016666666666687,-997.009450102695
0.026683333333333392,-997.0150706344355
0.028350000000000097,-997.017883228612
0.03001666666666658,-997.0181393423202
0.031683333333333286,-997.0165095278139
0.03334999999999999,-997.0138459452493
0.03503333333333325,-997.0110054113953
0.036699999999999955,-997.0086491652804
0.03836666666666666,-997.0071590491604
0.040033333333333365,-997.006614225454
0.04170000000000007,-997.0068191164205
0.043366666666666775,-997.00743378932
0.04503333333333326,-997.0080624320582
0.046699999999999964,-997.0083511420564
0.04836666666666667,-997.0080484622196
0.050033333333333374,-997.0069820978712
0.05170000000000008,-997.0047515803038
0.05336666666666656,-996.9994383850133
0.05503333333333327,-996.9838107922039
0.05669999999999997,-996.936252804909
0.05836666666666668,-996.8028175629688
0.06003333333333338,-996.467099057728
0.06170000000000009,-995.7072189989068
0.06336666666666657,-994.1442641402335
0.06505000000000005,-991.1930006887732
0.06671666666666676,-986.0316435741408
0.06838333333333324,-977.6113326557033
0.07004999999999995,-964.7237793378177
0.07171666666666665,-946.1367879743393
0.07338333333333336,-920.7911374609876
0.07505000000000006,-888.0345620624882
0.07671666666666677,-847.8531571327957
0.07838333333333325,-801.0529683907763
0.08004999999999995,-749.3460647525945
0.08171666666666666,-695.3076323006803
0.08338333333333336,-642.1917726482226
0.08505000000000007,-593.6204365424907
0.08671666666666678,-553.1856140835143
0.08838333333333326,-524.02382275277
0.09004999999999996,-508.42984137517857
0.09171666666666667,-507.57168815823815
0.09338333333333337,-521.3523472293058
0.09506666666666663,-548.4384906238124
0.09673333333333334,-586.4478417609109
0.09840000000000004,-632.260651622089
0.10006666666666675,-682.4026632506412
0.10173333333333323,-733.4398155722021
0.10339999999999994,-782.3287513024774
0.10506666666666664,-826.6797199969551
0.10673333333333335,-864.9065628950049
0.10840000000000005,-896.2580798642049
0.11006666666666676,-920.7431650351468
0.11173333333333324,-938.9757369360774
0.11339999999999995,-951.9725763015322
0.11506666666666665,-960.9404443581311
0.11673333333333336,-967.0843561026661
0.11840000000000006,-971.4610227250778
0.12006666666666677,-974.888727522869
0.12173333333333325,-977.9137889751763
0.12341666666666673,-980.8245119549448
0.12508333333333344,-983.6995326837988
0.12674999999999992,-986.4748879272839
0.12841666666666662,-989.0150749073434
0.13008333333333333,-991.1757153417802
0.13175000000000003,-992.8496419418834
0.13341666666666674,-993.9927472704987
0.13508333333333322,-994.630014055702
0.13674999999999993,-994.8455174429554
0.13841666666666663,-994.761959181522
0.14008333333333334,-994.5159549799356
0.14175000000000004,-994.2346350263034
0.14341666666666675,-994.0176880890585
0.14508333333333345,-993.9271728479896
0.14674999999999994,-993.9854689845747
0.14841666666666664,-994.1802411313076
0.15008333333333335,-994.4742782947022
0.15175000000000005,-994.8175311995752
0.1534333333333333,-995.1589074894595
0.15510000000000002,-995.4558038131594
0.15676666666666672,-995.6801966743917
0.15843333333333343,-995.8209102022558
0.1600999999999999,-995.8824287149507
0.16176666666666661,-995.8811621162487
0.16343333333333332,-995.8403003382684
0.16510000000000002,-995.7845420557002
0.16676666666666673,-995.7355544882527
0.16843333333333343,-995.7088627832518
0.17009999999999992,-995.7124390619399
0.17176666666666662,-995.746851431088
0.17343333333333333,-995.8066935631477
0.17510000000000003,-995.8827360514006
0.17676666666666674,-995.964352505265
0.17843333333333344,-996.04169418851
0.18009999999999993,-996.107273267632
0.18176666666666663,-996.1568289418503
0.1834500000000001,-996.1894438584286
0.1851166666666666,-996.2070551683228
0.1867833333333333,-996.2135511432838
0.18845,-996.2137001548957
0.1901166666666667,-996.2121774424855
0.19178333333333342,-996.2127641757078
0.1934499999999999,-996.2178817932577
0.1951166666666666,-996.2284662743232
0.1967833333333333,-996.2441264634226
0.19845000000000002,-996.2635165994351
0.20011666666666672,-996.2847647239848
0.20178333333333343,-996.3058964332128
0.20345000000000013,-996.3251934369678
0.2051166666666666,-996.3414124196122
0.20678333333333332,-996.3539247384081
0.20845000000000002,-996.3627210801294
0.21011666666666673,-996.3683043589668
0.2118,-996.3715546747537
0.2134666666666667,-996.3735057955485
0.2151333333333334,-996.3751728629578
0.2168000000000001,-996.3773940672993
0.2184666666666666,-996.3807421719566
0.2201333333333333,-996.3854965737022
0.2218,-996.3916526159232
0.2234666666666667,-996.3990054076532
0.2251333333333334,-996.4072103595395
0.2267999999999999,-996.4159042557776
0.2284666666666666,-996.4247657900792
0.2301333333333333,-996.4335947280906
0.2318,-996.4422699978772
0.2334666666666667,-996.4507822862131
0.23513333333333342,-996.4591781592272
0.23681666666666668,-996.4675554057898
0.23848333333333338,-996.4760490676742
0.24015000000000009,-996.4848034998797
0.2418166666666668,-996.4939677140181
0.24348333333333327,-996.5036441555729
0.24514999999999998,-996.5138654208341
0.24681666666666668,-996.5245663172215
0.2484833333333334,-996.53559317651
0.2501500000000001,-996.5467364511204
0.2518166666666666,-996.5577726236348
0.2534833333333333,-996.5684968030865
0.25515,-996.5787646344764
0.2568166666666667,-996.588482985547
0.2584833333333334,-996.5976565129113
0.2601499999999999,-996.6063504091494
0.2618166666666668,-996.6146857461961
0.2634833333333333,-996.622788252599
0.26515,-996.6307557172286
0.2668166666666667,-996.6386393628263
0.2684833333333334,-996.6464298761666
0.27016666666666667,-996.6540713778949
0.27183333333333337,-996.6614660791407
0.2735000000000001,-996.6685208476467
0.2751666666666668,-996.6751425511553
0.27683333333333326,-996.6812613404734
0.27849999999999997,-996.6868632457623
0.2801666666666667,-996.6919948331508
0.2818333333333334,-996.6967538915094
0.2835000000000001,-996.7012940890627
0.28516666666666657,-996.7057597808101
0.2868333333333333,-996.7102580688476
0.2885,-996.714835519304
0.2901666666666667,-996.7194735057277
0.2918333333333334,-996.7240928657
0.2935000000000001,-996.7285958103503
0.2951666666666668,-996.7328752375827
0.2968333333333333,-996.7368706114296
0.2985,-996.7405679620525
0.30018333333333347,-996.7440371386447
0.30184999999999995,-996.7473945565276
0.30351666666666666,-996.7507566310236
0.30518333333333336,-996.7542258076156
0.30685000000000007,-996.7578207127553
0.3085166666666668,-996.7614947803139
0.31018333333333326,-996.7651641912596
0.31184999999999996,-996.768735813335
0.31351666666666667,-996.772130484121
0.31518333333333337,-996.7753249205534
0.3168500000000001,-996.7783144660193
0.31851666666666656,-996.781122403583
0.3201833333333335,-996.7837952993734
0.32184999999999997,-996.7863750629064
0.3235166666666667,-996.7889082603104
0.3251833333333334,-996.7914228312632
0.3268500000000001,-996.79392808899
0.3285166666666668,-996.7964007504268
0.33020000000000005,-996.7988082192833
0.33186666666666675,-996.8011039294307
0.33353333333333346,-996.8032506279662
0.33519999999999994,-996.8052203752125
0.33686666666666665,-996.8070131711695
0.33853333333333335,-996.8086569555144
0.34020000000000006,-996.8102262340534
0.34186666666666676,-996.8118187956567
0.34353333333333325,-996.8135510556463
0.34519999999999995,-996.8155254595054
0.34686666666666666,-996.8177839167499
0.34853333333333336,-996.8203031443154
0.35020000000000007,-996.8229900099444
0.35186666666666655,-996.8257187850893
0.3535333333333335,-996.8283730544282
0.35519999999999996,-996.8308364026392
0.35686666666666667,-996.8330482937549
0.35855000000000015,-996.8349807880982
0.36021666666666663,-996.8366571687333
0.36188333333333333,-996.8381379716276
0.36355000000000004,-996.8395116724258
0.36521666666666674,-996.8408760599982
0.36688333333333345,-996.8422870136994
0.36854999999999993,-996.8437771298195
0.37021666666666664,-996.8453417517457
0.37188333333333334,-996.8469436265747
0.37355000000000005,-996.8485175617266
0.37521666666666675,-996.8500030212338
0.37688333333333324,-996.8513534389675
0.37854999999999994,-996.852531562025
0.38021666666666665,-996.8535513602446
0.38188333333333335,-996.8544873394326
0.38355000000000006,-996.855441945072
0.38521666666666676,-996.8565315924848
0.38688333333333347,-996.8578494139285
0.3885666666666667,-996.8594047226288
0.39023333333333343,-996.8611323260055
0.39190000000000014,-996.8629018388981
0.3935666666666666,-996.8645689063075
0.3952333333333333,-996.866003143073
0.39690000000000003,-996.8671440132275
0.39856666666666674,-996.8680008299965
0.40023333333333344,-996.8686527557991
0.4018999999999999,-996.8692208625698
0.40356666666666663,-996.869849505308
0.40523333333333333,-996.8706597559483
0.40690000000000004,-996.8717028372323
0.40856666666666674,-996.8729554660958
0.4102333333333332,-996.8743431367326
0.41190000000000015,-996.8757540904338
0.41356666666666664,-996.8770812251033
0.41523333333333334,-996.8782407217092
0.41690000000000005,-996.8791953273486
0.4185833333333333,-996.8799310721829
0.42025,-996.8804712392764
0.4219166666666667,-996.8808577381451
0.4235833333333334,-996.881160417982
0.42525000000000013,-996.881458441206
0.4269166666666666,-996.8818495966875
0.4285833333333333,-996.8824083902325
0.43025,-996.8831907011956
0.4319166666666667,-996.8841918729638
0.43358333333333343,-996.8853606827954
0.4352499999999999,-996.8866086550461
0.4369166666666666,-996.8878147177807
0.4385833333333333,-996.8888624556777
0.44025000000000003,-996.889668049705
0.44191666666666674,-996.8901895903471
0.4435833333333332,-996.8904643305067
0.44525000000000015,-996.8905807458286
0.44691666666666663,-996.8906738780861
0.4485999999999999,-996.8908741124397
0.4502666666666668,-996.8912652679213
0.4519333333333333,-996.8918752842079
0.4536,-996.8926715650096
0.4552666666666667,-996.893588917746
0.4569333333333334,-996.8945388667726
0.4586000000000001,-996.8954515628961
0.4602666666666666,-996.8962478436978
0.4619333333333333,-996.8968857996617
0.4636,-996.8973700874008
0.4652666666666667,-996.8977379598178
0.4669333333333334,-996.8980872057836
0.4685999999999999,-996.8985109575551
0.4702666666666666,-996.8990837209388
0.4719333333333333,-996.8998427488375
0.4736,-996.900755444961
0.4752666666666667,-996.9017426468906
0.47695,-996.9027065657557
0.4786166666666667,-996.9035400994604
0.4802833333333334,-996.9041594289728
0.4819500000000001,-996.9045366146157
0.4836166666666668,-996.9046949394535
0.4852833333333333,-996.9047228791308
0.48695,-996.9047415055823
0.4886166666666667,-996.9048718907427
0.4902833333333334,-996.9052118234827
0.4919500000000001,-996.9057845868663
0.4936166666666666,-996.9065575846035
0.4952833333333333,-996.9074469976628
0.49695,-996.908336410722
0.4986166666666667,-996.909118721685
0.5002833333333334,-996.9097007982944
0.5019499999999999,-996.9100453876472
0.5036166666666668,-996.9101804294205
0.5053000000000001,-996.9101664595819
0.5069666666666666,-996.910124550066
0.5086333333333335,-996.9101571463561
0.5103,-996.9103573807098
0.5119666666666667,-996.910757849417
0.5136333333333334,-996.9113445826393
0.5152999999999999,-996.9120570444093
0.5169666666666668,-996.9128160723079
0.5186333333333333,-996.9135331906907
0.5203,-996.9141338937516
0.5219666666666667,-996.9145623021361
0.5236333333333334,-996.9148091026185
0.5253000000000001,-996.9149115481017
0.5269666666666666,-996.9149441443919
0.5286333333333335,-996.9150093369722
0.5303,-996.9151956014872
0.5319666666666667,-996.9155681305172
0.5336500000000002,-996.9161222674493
0.5353166666666667,-996.9168207593806
0.5369833333333334,-996.9175704740535
0.5386500000000001,-996.9182689659848
0.5403166666666666,-996.9188231029169
0.5419833333333335,-996.9191490658183
0.54365,-996.91923288485
0.5453166666666667,-996.9191118129153
0.5469833333333334,-996.9188743256586
0.5486499999999999,-996.9186601214664
0.5503166666666668,-996.9185949288861
0.5519833333333333,-996.9187625669496
0.55365,-996.9191723488826
0.5553166666666667,-996.9197637387177
0.5569833333333334,-996.9204156645203
0.5586500000000001,-996.9210023977425
0.5603166666666666,-996.9214261495142
0.5619833333333335,-996.9216356970936
0.56365,-996.9216310404807
0.5653333333333332,-996.9214773722558
0.5670000000000002,-996.9212678246765
0.5686666666666667,-996.9211141564516
0.5703333333333334,-996.9211141564516
0.5720000000000001,-996.9213097341924
0.5736666666666665,-996.9217055462867
0.5753333333333335,-996.9222550266061
0.577,-996.9228743561184
0.5786666666666667,-996.9234843724051
0.5803333333333334,-996.9240152262729
0.5820000000000001,-996.9244250082058
0.5836666666666668,-996.9246950917527
0.5853333333333333,-996.924830133526
0.5870000000000002,-996.9248627298161
0.5886666666666667,-996.9248347901389
0.5903333333333334,-996.9247975372359
0.5920000000000001,-996.924792880623
0.5936666666666666,-996.9248347901389
0.59535,-996.9249279223965
0.5970166666666668,-996.9250583075569
0.5986833333333332,-996.9251980059432
0.6003500000000002,-996.9253330477165
0.6020166666666666,-996.9254494630385
0.6036833333333333,-996.9255379386831
0.60535,-996.9256077878762
0.6070166666666665,-996.9256869502951
0.6086833333333335,-996.9258173354556
0.61035,-996.9260408528736
0.6120166666666667,-996.9263900988392
0.6136833333333334,-996.9268604167396
0.6153500000000001,-996.9274285235105
0.6170166666666668,-996.9280292265713
0.6186833333333333,-996.9286113031808
0.6203500000000002,-996.929123530597
0.6220166666666667,-996.9295146860785
0.6236999999999999,-996.9297707997866
0.6253666666666668,-996.9298825584957
0.6270333333333333,-996.9298592754313
0.6287,-996.9297661431738
0.6303666666666667,-996.929682324142
0.6320333333333332,-996.9296962939807
0.6337000000000002,-996.9298779018828
0.6353666666666666,-996.930241117687
0.6370333333333333,-996.9307533451033
0.6387,-996.9313121386484
0.6403666666666668,-996.9318150528389
0.6420333333333335,-996.932145672353
0.6436999999999999,-996.9322294913848
0.6453666666666666,-996.9320525400956
0.6470333333333333,-996.931661384614
0.6487,-996.931177096875
0.6503666666666668,-996.9307486884904
0.6520333333333332,-996.9305158578467
0.6537166666666667,-996.9305577673626
0.6553833333333334,-996.9308883868767
0.6570499999999999,-996.9314285539702
0.6587166666666668,-996.9320618533213
0.6603833333333333,-996.9326485865436
0.66205,-996.9330676817024
0.6637166666666667,-996.9332539462174
0.6653833333333332,-996.9331934102499
0.6670500000000001,-996.9329233267032
0.6687166666666666,-996.9325461410604
0.6703833333333333,-996.9321689554174
0.67205,-996.9319081850964
0.6737166666666667,-996.931847649129
0.6753833333333334,-996.9320106305797
0.6770499999999999,-996.9323878162226
0.6787166666666669,-996.9329140134774
0.6803833333333333,-996.9335007466998
0.68205,-996.9340548836319
0.6837333333333335,-996.9344786354036
0.6854,-996.9346881829829
0.6870666666666667,-996.9346555866928
0.6887333333333334,-996.9343901597589
0.6903999999999999,-996.9339757212131
0.6920666666666668,-996.9335519694414
0.6937333333333333,-996.9332446329917
0.6954,-996.9331608139598
0.6970666666666667,-996.9333191387976
0.6987333333333332,-996.9336730413761
0.7004000000000001,-996.934124732825
0.7020666666666666,-996.9345624544353
0.7037333333333333,-996.9348884173365
0.7054,-996.9350513987872
0.7070666666666667,-996.9350420855615
0.7087333333333334,-996.9348977305623
0.7103999999999999,-996.93468352637
0.7120833333333334,-996.9344786354036
0.7137500000000001,-996.9343622200817
0.7154166666666666,-996.9343948163718
0.7170833333333335,-996.9346136771769
0.71875,-996.9350141458842
0.7204166666666667,-996.9355682828163
0.7220833333333334,-996.9362108953932
0.7237499999999999,-996.9368581645828
0.7254166666666668,-996.9373983316764
0.7270833333333333,-996.9377289511905
0.72875,-996.937784830545
0.7304166666666667,-996.9375706263527
0.7320833333333334,-996.9371655010326
0.7337500000000001,-996.9366951831322
0.7354166666666666,-996.9362993710378
0.7370833333333335,-996.9360851668455
0.73875,-996.9360851668455
0.7404166666666667,-996.9362621181348
0.7421,-996.9365182318429
0.7437666666666667,-996.9367464058738
0.7454333333333334,-996.9368581645828
0.7471000000000001,-996.9367976286154
0.7487666666666666,-996.9365741111974
0.7504333333333335,-996.9362667747477
0.7521,-996.9359780647494
0.7537666666666667,-996.9358243965245
0.7554333333333334,-996.9358849324918
0.7570999999999999,-996.9361969255546
0.7587666666666668,-996.9367184661966
0.7604333333333333,-996.9373797052249
0.7621,-996.938082853769
0.7637666666666667,-996.9387301229586
0.7654333333333334,-996.9392423503749
0.7671000000000001,-996.9395543434375
0.7687666666666666,-996.9396428190822
0.7704500000000001,-996.9395124339217
0.7721166666666668,-996.9392190673105
0.7737833333333333,-996.938869821345
0.7754500000000002,-996.9385578282822
0.7771166666666667,-996.9383762203802
0.7787833333333334,-996.9383622505416
0.7804500000000001,-996.9385066055406
0.7821166666666666,-996.9387440927973
0.7837833333333335,-996.9390002065054
0.78545,-996.9391818144076
0.7871166666666667,-996.9392330371492
0.7887833333333334,-996.9391259350531
0.7904499999999999,-996.9389070742479
0.7921166666666668,-996.9386556171527
0.7937833333333333,-996.9384833224763
0.79545,-996.938492635702
0.7971166666666667,-996.9387208097329
0.7987833333333334,-996.9391585313432
0.8004666666666667,-996.9397359513397
0.8021333333333334,-996.9403645940779
0.8038000000000001,-996.9409513273001
0.8054666666666668,-996.9414309584263
0.8071333333333333,-996.9417662345533
0.8088000000000002,-996.9419571556812
0.8104666666666667,-996.9420130350356
0.8121333333333334,-996.9419804387455
0.8138000000000001,-996.9419012763267
0.8154666666666666,-996.9418500535851
0.8171333333333335,-996.9418779932623
0.8188,-996.9420130350356
0.8204666666666667,-996.9422691487439
0.8221333333333334,-996.9426183947095
0.8238000000000001,-996.9430002369653
0.8254666666666668,-996.9433587961566
0.8271333333333333,-996.9436149098648
0.8288166666666668,-996.9437080421222
0.8304833333333335,-996.943605596639
0.83215,-996.9433261998665
0.8338166666666669,-996.9429443576107
0.8354833333333334,-996.9425671719679
0.8371500000000001,-996.942301745034
0.8388166666666668,-996.9422039561636
0.8404833333333332,-996.9422691487439
0.8421500000000002,-996.9424228169687
0.8438166666666667,-996.9425718285808
0.8454833333333334,-996.942637021161
0.8471500000000001,-996.9425671719679
0.8488166666666666,-996.9423715942271
0.8504833333333335,-996.9420968540675
0.85215,-996.9418128006821
0.8538166666666667,-996.9416032531027
0.8554833333333334,-996.9415334039096
0.8571500000000001,-996.9416498192314
0.8588333333333333,-996.9419524990683
0.8605,-996.9424088471301
0.8621666666666667,-996.9429629840622
0.8638333333333335,-996.9435497172846
0.8654999999999999,-996.9441038542167
0.8671666666666669,-996.9445648588913
0.8688333333333333,-996.9448908217926
0.8705,-996.9450398334046
0.8721666666666668,-996.9450072371145
0.8738333333333332,-996.9448256292123
0.8755000000000002,-996.9445648588913
0.8771666666666667,-996.9443227150218
0.8788333333333334,-996.9441830166355
0.8805000000000001,-996.9442109563128
0.8821666666666665,-996.9443972208278
0.8838333333333335,-996.9446952440518
0.8855,-996.9450165503403
0.8871666666666667,-996.9452633508226
0.8888500000000001,-996.9453704529187
0.8905166666666666,-996.9453099169514
0.8921833333333333,-996.9451096825977
0.89385,-996.9448302858252
0.8955166666666667,-996.9445602022785
0.8971833333333334,-996.9443785943763
0.8988499999999999,-996.9443366848604
0.9005166666666669,-996.9444577567951
0.9021833333333333,-996.9447138705034
0.90385,-996.9450538032432
0.9055166666666667,-996.9454263322732
0.9071833333333332,-996.9457662650132
0.9088500000000002,-996.946031691947
0.9105166666666666,-996.946185360172
0.9121833333333333,-996.9461946733977
0.91385,-996.9460596316243
0.9155166666666668,-996.945808174529
0.9171833333333335,-996.9455194645308
0.9188666666666667,-996.9452773206613
0.9205333333333334,-996.9451609053393
0.9222000000000001,-996.9452074714682
0.9238666666666666,-996.945398392596
0.9255333333333335,-996.9456638195298
0.9272,-996.9459059633994
0.9288666666666667,-996.9460084088827
0.9305333333333334,-996.9458780237221
0.9321999999999999,-996.9454775550149
0.9338666666666668,-996.9448489122767
0.9355333333333333,-996.9441038542167
0.9372,-996.9434053622854
0.9388666666666667,-996.9429164179335
0.9405333333333332,-996.9427674063215
0.9422000000000001,-996.9430048935782
0.9438666666666666,-996.943605596639
0.9455333333333333,-996.9444763832468
0.9472166666666668,-996.9454915248535
0.9488833333333333,-996.9465252929118
0.95055,-996.9474473022611
0.9522166666666667,-996.9481783904826
0.9538833333333334,-996.948648708383
0.9555500000000001,-996.9488442861236
0.9572166666666666,-996.9488023766078
0.9588833333333335,-996.9485835158026
0.96055,-996.9482668661271
0.9622166666666667,-996.9479083069358
0.9638833333333334,-996.9475590609701
0.9655499999999999,-996.9472144716174
0.9672166666666668,-996.9468652256517
0.9688833333333333,-996.9464787267831
0.97055,-996.9460223787213
0.9722166666666667,-996.9454915248535
0.9738833333333334,-996.9449001350183
0.9755500000000001,-996.944318058409
0.9772333333333334,-996.9438337706699
0.9788999999999999,-996.9435730003489
0.9805666666666668,-996.9436288797034
0.9822333333333333,-996.9440340050236
0.9839,-996.9447464667935
0.9855666666666667,-996.9456731327556
0.9872333333333334,-996.9466510214594
0.9889,-996.9475497477443
0.9905666666666667,-996.9482435830628
0.9922333333333334,-996.948685961286
0.9939,-996.9488629125752
0.9955666666666667,-996.9488116898335
0.9972333333333334,-996.9486021422541
0.9989,-996.948308775643
1.0005666666666666,-996.9480060958061
1.0022333333333333,-996.9477406688723
1.0039,-996.9475404345186
1.0055833333333333,-996.9474053927453
1.00725,-996.9473308869392
1.0089166666666667,-996.9472750075847
1.0105833333333334,-996.9472051583916
1.01225,-996.9470747732311
1.0139166666666668,-996.9468419425873
1.0155833333333333,-996.9465066664603
1.01725,-996.9460875713015
1.0189166666666667,-996.9456777893685
1.0205833333333334,-996.9453797661445
1.02225,-996.9452959471128
1.0239166666666668,-996.945472898402
1.0255833333333333,-996.9458780237221
1.02725,-996.9463995643641
1.0289166666666667,-996.9468978219418
1.0305833333333334,-996.9472237848431
1.0322500000000001,-996.9472843208105
1.0339166666666668,-996.9470514901667
1.0355833333333333,-996.9465765156534
1.0372666666666668,-996.9459758125926
1.0389333333333335,-996.9454030492088
1.0406,-996.9450165503403
1.0422666666666667,-996.9449234180827
1.0439333333333334,-996.9451469355007
1.0456,-996.9456358798526
1.0472666666666668,-996.9462784924294
1.0489333333333333,-996.9469443880706
1.0506,-996.9474985250027
1.0522666666666667,-996.9478524275812
1.0539333333333334,-996.9479455598388
1.0556,-996.9477592953237
1.0572666666666668,-996.9473448567778
1.0589333333333333,-996.9467860632328
1.0606,-996.9462039866235
1.0622666666666667,-996.9457243554973
1.0639333333333334,-996.9454449587248
1.0656166666666667,-996.9454123624346
1.0672833333333334,-996.9456265666269
1.06895,-996.9460130654955
1.0706166666666668,-996.9464880400088
1.0722833333333335,-996.946930418232
1.07395,-996.9472424112946
1.0756166666666667,-996.9473774530679
1.0772833333333334,-996.9473308869392
1.07895,-996.9471818753273
1.0806166666666668,-996.9470328637152
1.0822833333333335,-996.9470002674251
1.08395,-996.9471585922629
1.0856166666666667,-996.9475124948414
1.0872833333333334,-996.9480014391933
1.08895,-996.9485276364481
1.0906166666666668,-996.9489700146713
1.0922833333333335,-996.9492494114438
1.0939666666666668,-996.9493006341854
1.0956333333333335,-996.9491097130576
1.0973,-996.9487045877374
1.0989666666666666,-996.9481551074182
1.1006333333333334,-996.9475730308087
1.1023,-996.9470840864568
1.1039666666666668,-996.9467767500071
1.1056333333333335,-996.9467115574269
1.1073,-996.9468698822645
1.1089666666666667,-996.947191188553
1.1106333333333334,-996.9475776874216
1.1123,-996.9479222767744
1.1139666666666668,-996.9481225111281
1.1156333333333335,-996.9480945714507
1.1173,-996.9478384577426
1.1189666666666667,-996.9474053927453
1.1206333333333334,-996.9469211050063
1.1223166666666666,-996.9465439193633
1.1239833333333333,-996.9464135342029
1.12565,-996.9466137685564
1.1273166666666667,-996.9471306525855
1.1289833333333334,-996.9478803672586
1.1306500000000002,-996.9487139009632
1.1323166666666666,-996.9494868987005
1.1339833333333333,-996.9500689753098
1.13565,-996.9503856249854
1.1373166666666668,-996.9504042514369
1.1389833333333335,-996.9501621075674
1.1406500000000002,-996.9497476690215
1.1423166666666666,-996.9492820077339
1.1439833333333334,-996.9488955088653
1.14565,-996.9486906178988
1.1473166666666668,-996.9486952745117
1.1489833333333335,-996.9488861956396
1.15065,-996.9491842188636
1.1523166666666667,-996.9494962119262
1.1540000000000001,-996.94972904257
1.1556666666666666,-996.9498128616017
1.1573333333333333,-996.9497104161185
1.159,-996.9494217061202
1.1606666666666667,-996.9489932977357
1.1623333333333334,-996.948532293061
1.1640000000000001,-996.9481457941924
1.1656666666666666,-996.9479502164517
1.1673333333333333,-996.9480200656448
1.169,-996.9483646549975
1.1706666666666667,-996.9489187919297
1.1723333333333334,-996.9495846875708
1.1740000000000002,-996.950213330309
1.1756666666666666,-996.9506929614352
1.1773333333333333,-996.9509257920789
1.179,-996.9508838825631
1.1806666666666668,-996.9506044857906
1.1823333333333335,-996.9501807340189
1.1840166666666667,-996.9497430124086
1.1856833333333334,-996.9494123928945
1.1873500000000001,-996.9492820077339
1.1890166666666668,-996.9493751399915
1.1906833333333333,-996.9496638499897
1.19235,-996.9500689753098
1.1940166666666667,-996.9504834138557
1.1956833333333334,-996.9508047201441
1.1973500000000001,-996.9509490751433
1.1990166666666666,-996.9508838825631
1.2006833333333333,-996.9506184556292
1.20235,-996.9502366133734
1.2040166666666667,-996.9498594277305
1.2056833333333334,-996.9496079706353
1.2073500000000001,-996.9495893441838
1.2090166666666666,-996.9498314880533
1.2106833333333333,-996.9503018059536
1.2123666666666668,-996.9509071656274
1.2140333333333333,-996.9515218385269
1.2157,-996.9520247527174
1.2173666666666667,-996.9523134627158
1.2190333333333334,-996.9523320891673
1.2207000000000001,-996.952080632072
1.2223666666666668,-996.9516196273973
1.2240333333333333,-996.9510561772395
1.2257,-996.9505160101459
1.2273666666666667,-996.9501015716
1.2290333333333334,-996.9498733975691
1.2307000000000001,-996.9498268314403
1.2323666666666668,-996.9499199636979
1.2340333333333333,-996.9500922583743
1.2357,-996.9502692096635
1.2373666666666667,-996.9504042514369
1.2390333333333334,-996.9504647874043
1.2407166666666667,-996.9504461609528
1.2423833333333334,-996.9503576853082
1.24405,-996.9502319567605
1.2457166666666668,-996.9501108848258
1.2473833333333333,-996.950027065794
1.24905,-996.9500130959553
1.2507166666666667,-996.9500689753098
1.2523833333333334,-996.9501853906318
1.25405,-996.9503344022438
1.2557166666666668,-996.9504694440171
1.2573833333333333,-996.950548606436
1.25905,-996.950548606436
1.2607166666666667,-996.9504508175656
1.2623833333333334,-996.950287836115
1.2640500000000001,-996.9501155414387
1.2657166666666668,-996.950027065794
1.2673833333333333,-996.9501062282129
1.26905,-996.9504135646627
1.2707166666666667,-996.9509397619175
1.2724,-996.9516242840102
1.2740666666666667,-996.9523507156188
1.2757333333333334,-996.952974701744
1.2774,-996.953347230774
1.2790666666666668,-996.9533705138384
1.2807333333333335,-996.9529933281955
1.2824,-996.9522529267483
1.2840666666666667,-996.9512703814316
1.2857333333333334,-996.9502179869219
1.2874,-996.9492820077339
1.2890666666666668,-996.94861145548
1.2907333333333333,-996.9482808359658
1.2924,-996.9482854925786
1.2940666666666667,-996.9485555761254
1.2957333333333334,-996.9489886411228
1.2974,-996.9494775854747
1.2990666666666668,-996.949915307085
1.30075,-996.9502179869219
1.3024166666666668,-996.9503297456309
1.3040833333333335,-996.950250583212
1.30575,-996.9500224091811
1.3074166666666667,-996.9497476690215
1.3090833333333334,-996.9495381214421
1.31075,-996.9494915553133
1.3124166666666668,-996.9496591933769
1.3140833333333335,-996.950027065794
1.31575,-996.9505206667587
1.3174166666666667,-996.9510375507879
1.3190833333333334,-996.9514613025596
1.32075,-996.9516894765904
1.3224166666666668,-996.9516568803003
1.3240833333333335,-996.9513774835278
1.32575,-996.9509257920789
1.3274166666666667,-996.9504182212755
1.3290833333333334,-996.9499804996652
1.3307666666666667,-996.9496964462799
1.3324333333333334,-996.9495846875708
1.3341,-996.9496033140224
1.3357666666666668,-996.9496778198284
1.3374333333333335,-996.9497336991828
1.3391,-996.9497104161185
1.3407666666666667,-996.9495893441838
1.3424333333333334,-996.949393766443
1.3441,-996.9491655924121
1.3457666666666668,-996.9489653580584
1.3474333333333335,-996.948872225801
1.3491,-996.948946731607
1.3507666666666667,-996.9492168151537
1.3524333333333334,-996.9496685066026
1.3541,-996.9502598964377
1.3557666666666668,-996.9509118222403
1.3574333333333335,-996.9515358083655
1.3591166666666668,-996.952043379169
1.3607833333333335,-996.9523553722316
1.3624500000000002,-996.9524065949732
1.3641166666666666,-996.9521784209423
1.3657833333333333,-996.9517267294934
1.36745,-996.9511586227227
1.3691166666666668,-996.9506091424034
1.3707833333333335,-996.950213330309
1.3724500000000002,-996.9500410356326
1.3741166666666667,-996.9500969149872
1.3757833333333334,-996.9503064625665
1.37745,-996.9505672328876
1.3791166666666668,-996.9507488407896
1.3807833333333335,-996.9507674672411
1.38245,-996.9505812027262
1.3841166666666667,-996.950213330309
1.3857833333333334,-996.9497523256343
1.38745,-996.949314604024
1.3891333333333333,-996.9490165808
1.3908,-996.9489560448327
1.3924666666666667,-996.9491749056378
1.3941333333333334,-996.9496638499897
1.3958000000000002,-996.9503576853082
1.3974666666666666,-996.9511539661098
1.3991333333333333,-996.9519409336857
1.4008,-996.9526068293269
1.4024666666666668,-996.9530631773887
1.4041333333333335,-996.9532447852907
1.4058000000000002,-996.9531423398075
1.4074666666666666,-996.9528163769063
1.4091333333333333,-996.9523646854574
1.4108,-996.9519269638471
1.4124666666666668,-996.9516103141716
1.4141333333333335,-996.9514752723982
1.4158000000000002,-996.9515264951398
1.4174833333333334,-996.9517127596548
1.4191500000000001,-996.9519455902986
1.4208166666666668,-996.9521318548136
1.4224833333333333,-996.9522017040067
1.42415,-996.9521365114265
1.4258166666666667,-996.9519595601372
1.4274833333333334,-996.9517500125578
1.4291500000000001,-996.951596344333
1.4308166666666666,-996.9515730612686
1.4324833333333333,-996.9517174162677
1.43415,-996.9520107828788
1.4358166666666667,-996.9523926251346
1.4374833333333334,-996.9527837806162
1.4391500000000002,-996.953123713356
1.4408166666666666,-996.9533658572255
1.4424833333333333,-996.9534962423861
1.44415,-996.9535195254505
1.4458166666666667,-996.9534450196444
1.4475,-996.9532960080325
1.4491666666666667,-996.9531004302917
1.4508333333333334,-996.952900195938
1.4525000000000001,-996.9527325578745
1.4541666666666668,-996.9526207991655
1.4558333333333333,-996.9525742330368
1.4575,-996.9525835462625
1.4591666666666667,-996.9526207991655
1.4608333333333334,-996.9526440822299
1.4625000000000001,-996.952602172714
1.4641666666666668,-996.952453161102
1.4658333333333333,-996.9522063606196
1.4675,-996.9518990241698
1.4691666666666667,-996.9516196273973
1.4708333333333334,-996.9514706157853
1.4725000000000001,-996.9515358083655
1.4741666666666668,-996.9518384882025
1.4758333333333333,-996.952341402393
1.4775166666666668,-996.9529327922281
1.4791833333333333,-996.9534962423861
1.48085,-996.953906024319
1.4825166666666667,-996.9541016020598
1.4841833333333334,-996.9540457227054
1.4858500000000001,-996.9537802957715
1.4875166666666668,-996.9533751704513
1.4891833333333333,-996.9529281356153
1.49085,-996.9525416367467
1.4925166666666667,-996.9523088061029
1.4941833333333334,-996.9522668965869
1.4958500000000001,-996.952415908199
1.4975166666666668,-996.9527092748101
1.4991833333333333,-996.9530771472273
1.50085,-996.9534310498058
1.5025166666666667,-996.9536964767397
1.5041833333333334,-996.9537896089972
1.5058500000000001,-996.9536638804495
1.5075333333333334,-996.9533239477097
1.5092,-996.9528303467449
1.5108666666666668,-996.9522855230385
1.5125333333333335,-996.9518152051381
1.5142,-996.9515264951398
1.5158666666666667,-996.9514613025596
1.5175333333333334,-996.9516103141716
1.5192,-996.9519083373956
1.5208666666666668,-996.9522668965869
1.5225333333333335,-996.9525788896497
1.5242,-996.9527651541647
1.5258666666666667,-996.9527837806162
1.5275333333333334,-996.952639425617
1.5292000000000001,-996.9523926251346
1.5308666666666668,-996.9521318548136
1.5325333333333333,-996.9519549035243
1.5342,-996.9519549035243
1.5358833333333335,-996.9521644511037
1.53755,-996.9525928594883
1.5392166666666667,-996.9531935625491
1.5408833333333334,-996.9538780846418
1.54255,-996.9545486368959
1.5442166666666668,-996.955102773828
1.5458833333333335,-996.9554473631808
1.54755,-996.9555172123739
1.5492166666666667,-996.9553076647945
1.5508833333333334,-996.95487925641
1.55255,-996.9543437459294
1.5542166666666668,-996.9538408317388
1.5558833333333335,-996.9534869291602
1.55755,-996.9533518873869
1.5592166666666667,-996.95342173658
1.5608833333333334,-996.9536266275466
1.56255,-996.9538548015774
1.5642166666666668,-996.9539944999638
1.5659,-996.9539479338349
1.5675666666666668,-996.9536731936753
1.5692333333333335,-996.9531935625491
1.5709000000000002,-996.952602172714
1.5725666666666667,-996.952043379169
1.5742333333333334,-996.9516568803003
1.5759,-996.9515497782043
1.5775666666666668,-996.951740699332
1.5792333333333335,-996.9521830775552
1.5809,-996.9527698107776
1.5825666666666667,-996.9533984535157
1.5842333333333334,-996.9539619036735
1.5859,-996.9543856554452
1.5875666666666668,-996.9546277993147
1.5892333333333335,-996.9546743654435
1.5909,-996.954543980283
1.5925666666666667,-996.954283209962
1.5942500000000002,-996.9539619036735
1.5959166666666667,-996.9536592238367
1.5975833333333334,-996.9534310498058
1.59925,-996.9533053212582
1.6009166666666668,-996.9532820381938
1.6025833333333335,-996.9533192910968
1.6042500000000002,-996.9533658572255
1.6059166666666667,-996.9533658572255
1.6075833333333334,-996.9532587551295
1.60925,-996.9530212678728
1.6109166666666668,-996.9526627086814
1.6125833333333335,-996.9522668965869
1.6142500000000002,-996.9519362770728
1.6159166666666667,-996.9517593257835
1.6175833333333334,-996.9517919220738
1.61925,-996.9520107828788
1.6209166666666668,-996.9523320891673
1.6225833333333335,-996.9526580520685
1.62425,-996.9528908827123
1.6259333333333335,-996.9529653885182
1.6276000000000002,-996.9528536298093
1.6292666666666666,-996.9525602631982
1.6309333333333333,-996.9521318548136
1.6326,-996.9516429104617
1.6342666666666668,-996.9511772491742
1.6359333333333335,-996.9508280032086
1.6376000000000002,-996.9506510519193
1.6392666666666666,-996.9506696783708
1.6409333333333334,-996.950851286273
1.6426,-996.9511399962712
1.6442666666666668,-996.9514519893338
1.6459333333333335,-996.9516941332033
1.6476000000000002,-996.951777952235
1.6492666666666667,-996.9516382538488
1.6509333333333334,-996.9512703814316
1.6526,-996.9507395275639
1.6542833333333333,-996.9501621075674
1.65595,-996.9497011028927
1.6576166666666667,-996.9494962119262
1.6592833333333334,-996.9496079706353
1.6609500000000001,-996.950027065794
1.6626166666666669,-996.9506463953064
1.6642833333333333,-996.9513122909476
1.66595,-996.951857114654
1.6676166666666667,-996.9521597944909
1.6692833333333335,-996.9521504812651
1.6709500000000002,-996.9518524580411
1.6726166666666666,-996.9513309173991
1.6742833333333333,-996.9507162444995
1.67595,-996.950138824503
1.6776166666666668,-996.9496964462799
1.6792833333333335,-996.949431019346
1.6809500000000002,-996.9493425437014
1.6826333333333334,-996.9493797966044
1.6843000000000001,-996.9494915553133
1.6859666666666668,-996.9496359103125
1.6876333333333333,-996.9497616388601
1.6893,-996.9498314880533
1.6909666666666667,-996.9498082049888
1.6926333333333334,-996.9496871330541
1.6943000000000001,-996.9494775854747
1.6959666666666668,-996.9492168151537
1.6976333333333333,-996.9489746712842
1.6993,-996.9488256596721
1.7009833333333335,-996.9488210030593
1.70265,-996.9489700146713
1.7043166666666667,-996.9492494114438
1.7059833333333334,-996.9495940007967
1.7076500000000001,-996.949915307085
1.7093166666666668,-996.9501341678902
1.7109833333333335,-996.9501853906318
1.71265,-996.9500736319227
1.7143166666666667,-996.9498361446662
1.7159833333333334,-996.9495707177322
1.7176500000000001,-996.9493751399915
1.7193166666666668,-996.9493285738627
1.7209833333333333,-996.9494496457975
1.72265,-996.9497104161185
1.7243166666666667,-996.9500410356326
1.7259833333333334,-996.950362341921
1.7276500000000001,-996.9505998291777
1.7293166666666668,-996.9506883048223
1.7309833333333333,-996.9505998291777
1.73265,-996.9503344022438
1.7343166666666667,-996.949952559988
1.7359833333333334,-996.9495381214421
1.7376500000000001,-996.9492121585408
1.7393166666666668,-996.9490678035417
1.7409833333333333,-996.9491562791864
1.7426666666666668,-996.9494496457975
1.7443333333333335,-996.9498687409563
1.746,-996.9502831795021
1.7476666666666667,-996.9505625762747
1.7493333333333334,-996.9505951725648
1.7510000000000001,-996.9503390588567
1.7526666666666668,-996.9498035483759
1.7543333333333335,-996.9490864299931
1.756,-996.9483506851589
1.7576666666666667,-996.9477592953237
1.7593333333333334,-996.947451958874
1.7610000000000001,-996.947489211777
1.7626666666666668,-996.9478384577426
1.7643333333333333,-996.9483925946748
1.766,-996.9490119241872
1.7676666666666667,-996.9495520912807
1.7693333333333334,-996.9499292769236
1.7710000000000001,-996.9500922583743
1.7726833333333334,-996.9500596620841
1.77435,-996.9498920240206
1.7760166666666668,-996.9496685066026
1.7776833333333335,-996.9494636156361
1.77935,-996.9493285738627
1.7810166666666667,-996.9492820077339
1.7826833333333334,-996.9493192606369
1.78435,-996.9494077362816
1.7860166666666668,-996.9495288082163
1.7876833333333335,-996.9496498801511
1.78935,-996.9497523256343
1.7910333333333335,-996.9498035483759
1.7927000000000002,-996.9497709520858
1.7943666666666667,-996.9496452235383
1.7960333333333334,-996.949431019346
1.7977,-996.9491888754765
1.7993666666666668,-996.9489793278971
1.8010333333333335,-996.9488768824139
1.8027000000000002,-996.9489281051555
1.8043666666666667,-996.9491376527349
1.8060333333333334,-996.9494729288618
1.8077,-996.9498640843434
1.8093666666666668,-996.950213330309
1.8110333333333335,-996.9504275345013
1.8127,-996.9504321911141
1.8143666666666667,-996.9502086736961
1.8160333333333334,-996.9498082049888
1.8177,-996.9493332304755
1.8193666666666668,-996.9489141353168
1.8210333333333335,-996.9486673348345
1.8227,-996.948648708383
1.8243666666666667,-996.9488535993495
1.8260333333333334,-996.9492121585408
1.8277,-996.9496079706353
1.8293833333333334,-996.9499059938593
1.83105,-996.9499991261167
1.8327166666666668,-996.9498035483759
1.8343833333333335,-996.9493099474112
1.8360500000000002,-996.9485928290284
1.8377166666666667,-996.9477732651624
1.8393833333333334,-996.9470282071023
1.84105,-996.9465113230732
1.8427166666666668,-996.9463390283968
1.8443833333333335,-996.9465392627504
1.8460500000000002,-996.9470514901667
1.8477166666666667,-996.947749982098
1.8493833333333334,-996.9484857269323
1.85105,-996.9491003998319
1.8527166666666668,-996.9494915553133
1.8543833333333335,-996.9495940007967
1.8560666666666668,-996.9494170495074
1.8577166666666667,-996.9490212374129
1.8593833333333334,-996.9485183232224
1.8610666666666666,-996.9480293788705
1.8627333333333334,-996.9476475366148
1.8644,-996.9474240191968
1.8660666666666668,-996.9473541700036
1.8677333333333335,-996.9473821096808
1.8694000000000002,-996.9474473022611
1.8710666666666667,-996.9474798985513
1.8727333333333334,-996.9474426456483
1.8744,-996.9473169171006
1.8760666666666668,-996.9471259959727
1.8777333333333335,-996.9469164483934
1.8794000000000002,-996.9467627801685
1.8810666666666667,-996.9467301838783
1.8827333333333334,-996.9468838521032
1.8844,-996.9472517245204
1.8860666666666668,-996.9478198312911
1.8877333333333335,-996.9485369496739
1.8894166666666667,-996.9493192606369
1.8910833333333334,-996.9500550054712
1.8927500000000002,-996.9506277688549
1.8944166666666669,-996.9509444185304
1.8960833333333333,-996.950958388369
1.89775,-996.9506883048223
1.8994166666666668,-996.9502273001476
1.9010833333333335,-996.9497150727314
1.9027500000000002,-996.9493052907983
1.9044166666666669,-996.9491190262834
1.9060833333333334,-996.9491981887022
1.90775,-996.9495194949906
1.9094166666666668,-996.9499804996652
1.9110833333333335,-996.950436847727
1.9127500000000002,-996.9507441841768
1.9144166666666667,-996.9507907503055
1.9160833333333334,-996.9505392932102
1.91775,-996.9500456922455
1.9194333333333333,-996.9494403325717
1.9211,-996.9489048220911
1.9227666666666667,-996.9485881724155
1.9244333333333334,-996.9485602327383
1.9261000000000001,-996.9488023766078
1.9277666666666669,-996.9492261283795
1.9294333333333333,-996.949691789667
1.9311,-996.950064318697
1.9327666666666667,-996.9502459265991
1.9344333333333334,-996.9501993604704
1.9361000000000002,-996.9499432467622
1.9377666666666669,-996.9495520912807
1.9394333333333333,-996.9491516225735
1.9411,-996.9488582559624
1.9427666666666668,-996.9487884067692
1.9444333333333335,-996.9489932977357
1.9461000000000002,-996.949468272249
1.9477833333333334,-996.9501481377288
1.9494500000000001,-996.9509164788532
1.9511166666666668,-996.9516522236875
1.9527833333333335,-996.952229643684
1.95445,-996.9525556065853
1.9561166666666667,-996.9525742330368
1.9577833333333334,-996.9522901796514
1.9594500000000001,-996.9517639823964
1.9611166666666668,-996.9511167132068
1.9627833333333333,-996.9504694440171
1.96445,-996.949952559988
1.9661166666666667,-996.9496312536996
1.9677833333333334,-996.9495148383777
1.9694500000000001,-996.9495614045064
1.9711166666666669,-996.9496964462799
1.9727833333333333,-996.9498361446662
1.97445,-996.9499013372464
1.9761166666666667,-996.9498361446662
1.9778,-996.9496219404739
1.9794666666666667,-996.9492726945082
1.9811333333333334,-996.9488535993495
1.9828000000000001,-996.9484531306422
1.9844666666666668,-996.9481737338697
1.9861333333333335,-996.9481038846765
1.9878,-996.9482761793529
1.9894666666666667,-996.948685961286
1.9911333333333334,-996.9492587246696
1.9928000000000001,-996.949878054182
1.9944666666666668,-996.9504089080498
1.9961333333333335,-996.9507209011124
1.9978,-996.9507209011124
1.9994666666666667,-996.9503856249854
2.001133333333333,-996.9497802653116
2.002816666666667,-996.9490445204773
2.0044833333333334,-996.948346028546
2.00615,-996.9478570841941
2.007816666666667,-996.9476615064534
2.0094833333333333,-996.9477686085495
2.01115,-996.9480992280636
2.0128166666666667,-996.9485183232224
2.0144833333333336,-996.9488675691881
2.01615,-996.9490305506387
2.0178166666666666,-996.9489513882198
2.0194833333333335,-996.9486533649958
2.02115,-996.948234269837
2.022816666666667,-996.9478291445168
2.0244833333333334,-996.947563717583
2.02615,-996.9475311212929
2.027816666666667,-996.9477453254851
2.0294833333333333,-996.9481551074182
2.0311500000000002,-996.9486673348345
2.0328166666666667,-996.9491562791864
2.0344833333333336,-996.9495241516034
2.036166666666667,-996.9497057595056
2.0378333333333334,-996.9496824764412
2.0395000000000003,-996.949468272249
2.041166666666667,-996.949132996122
2.0428333333333333,-996.9487511538662
2.0445,-996.9484298475778
2.0461666666666667,-996.9482389264499
2.0478333333333336,-996.9482156433855
2.0495,-996.9483506851589
2.0511666666666666,-996.9485835158026
2.0528333333333335,-996.9488396295108
2.0545,-996.9490305506387
2.056166666666667,-996.949091086606
2.0578333333333334,-996.9489886411228
2.0595,-996.9487185575761
2.061166666666667,-996.9483134322559
2.0628333333333333,-996.9478477709683
2.0645000000000002,-996.9474240191968
2.0661833333333335,-996.9471353091984
2.06785,-996.9470654600053
2.069516666666667,-996.947228441456
2.0711833333333334,-996.9476056270988
2.0728500000000003,-996.9481225111281
2.074516666666667,-996.948685961286
2.0761833333333333,-996.9491981887022
2.07785,-996.9495707177322
2.0795166666666667,-996.9497336991828
2.0811833333333336,-996.9496498801511
2.08285,-996.9493425437014
2.0845166666666666,-996.9488815390267
2.0861833333333335,-996.9483739682233
2.08785,-996.9479641862903
2.089516666666667,-996.9477546387109
2.0911833333333334,-996.9478012048396
2.0928500000000003,-996.948085258225
2.094516666666667,-996.9485183232224
2.0962,-996.9489607014456
2.0978666666666665,-996.9492726945082
2.0995333333333335,-996.9493332304755
2.1012,-996.9491003998319
2.102866666666667,-996.94861145548
2.1045333333333334,-996.9479781561289
2.1062000000000003,-996.9473634832293
2.1078666666666668,-996.9469117917805
2.1095333333333333,-996.9467208706526
2.1112,-996.9467907198457
2.1128666666666667,-996.9470608033924
2.1145333333333336,-996.947414705971
2.1162,-996.9477266990336
2.1178666666666666,-996.94789899371
2.1195333333333335,-996.9478757106456
2.1212,-996.9476568498405
2.122866666666667,-996.9472889774233
2.12455,-996.9468559124259
2.1262166666666666,-996.9464554437187
2.1278833333333336,-996.9461667337204
2.12955,-996.946031691947
2.131216666666667,-996.9460456617857
2.1328833333333335,-996.946185360172
2.13455,-996.9463902511384
2.136216666666667,-996.9465997987178
2.1378833333333334,-996.9467488103298
2.1395500000000003,-996.9467674367813
2.1412166666666668,-996.9466137685564
2.1428833333333333,-996.9462691792037
2.14455,-996.9457848914647
2.1462166666666667,-996.9452447243712
2.1478833333333336,-996.9447511234064
2.14955,-996.9444018774407
2.1512166666666666,-996.9442482092159
2.1528833333333335,-996.9442994319575
2.1545666666666667,-996.9444996663111
2.1562333333333332,-996.9447744064707
2.1579,-996.9450491466304
2.1595666666666666,-996.945249380984
2.1612333333333336,-996.9453378566286
2.1629,-996.9453052603385
2.164566666666667,-996.9451795317908
2.1662333333333335,-996.9450212069531
2.1679,-996.9449094482441
2.169566666666667,-996.9449047916312
2.1712333333333333,-996.9450444900175
2.1729000000000003,-996.9453332000157
2.1745666666666668,-996.945733668723
2.1762333333333332,-996.9461760469462
2.1779,-996.9465951421049
2.1795666666666667,-996.9468931653289
2.1812333333333336,-996.9469956108122
2.182916666666667,-996.946851255813
2.1845833333333333,-996.9464647569445
2.1862500000000002,-996.9458919935607
2.1879166666666667,-996.9452586942098
2.1895833333333337,-996.9447045572776
2.19125,-996.9443366848604
2.1929166666666666,-996.9442156129257
2.1945833333333336,-996.944318058409
2.19625,-996.9445462324398
2.197916666666667,-996.9447744064707
2.1995833333333334,-996.9448628821153
2.20125,-996.9447371535678
2.202916666666667,-996.9443972208278
2.2045833333333333,-996.9439315595403
2.2062500000000003,-996.9434938379301
2.2079166666666667,-996.9432470374477
2.2095833333333332,-996.943307573415
2.21125,-996.9437220119609
2.2129333333333334,-996.944425160505
2.2146,-996.9452959471128
2.216266666666667,-996.9461900167848
2.2179333333333333,-996.9469769843607
2.2196000000000002,-996.9475730308087
2.2212666666666667,-996.9479315900002
2.2229333333333336,-996.9480526619349
2.2246,-996.9479409032259
2.2262666666666666,-996.9476428800019
2.2279333333333335,-996.9472005017788
2.2296,-996.9466836177496
2.231266666666667,-996.9461574204946
2.2329333333333334,-996.9456684761427
2.2346,-996.945249380984
2.236266666666667,-996.9449001350183
2.2379333333333333,-996.9446067684072
2.2396000000000003,-996.9443413414733
2.2412666666666667,-996.9440619447008
2.24295,-996.9437406384125
2.244616666666667,-996.9433774226081
2.2462833333333334,-996.9430142068039
2.24795,-996.9427348100313
2.249616666666667,-996.9426323645481
2.2512833333333333,-996.9427906893859
2.2529500000000002,-996.9432190977703
2.2546166666666667,-996.94386636696
2.2562833333333336,-996.944616081633
2.25795,-996.9453332000157
2.2596166666666666,-996.9458780237221
2.2612833333333335,-996.9461667337204
2.26295,-996.9461620771075
2.264616666666667,-996.9458780237221
2.2662833333333334,-996.9453797661445
2.26795,-996.9447837196965
2.269616666666667,-996.9442062996999
2.2713,-996.943759264864
2.2729666666666666,-996.9435171209944
2.2746333333333335,-996.9434845247043
2.2763,-996.9436335363163
2.277966666666667,-996.9438803367987
2.2796333333333334,-996.9441411071197
2.2813000000000003,-996.9443134017961
2.282966666666667,-996.9443227150218
2.2846333333333333,-996.9441224806682
2.2863,-996.9437266685738
2.2879666666666667,-996.9432097845446
2.2896333333333336,-996.9427022137412
2.2913,-996.9423529677756
2.2929666666666666,-996.9422784619696
2.2946333333333335,-996.9425206058391
2.296316666666667,-996.9430328332554
2.2979833333333333,-996.9436894156707
2.29965,-996.9443366848604
2.3013166666666667,-996.9448442556638
2.3029833333333336,-996.9451236524363
2.30465,-996.9451422788878
2.3063166666666666,-996.944946701147
2.3079833333333335,-996.9446300514716
2.30965,-996.9442994319575
2.311316666666667,-996.9440479748622
2.3129833333333334,-996.9439129330888
2.3146500000000003,-996.9438849934115
2.316316666666667,-996.943903619863
2.3179833333333333,-996.9439082764759
2.31965,-996.9438523971214
2.3213166666666667,-996.9437126987351
2.3229833333333336,-996.943498494543
2.32465,-996.9432190977703
2.3263166666666666,-996.9429024480949
2.3279833333333335,-996.9425764851936
2.32965,-996.9422877751954
2.3313333333333333,-996.9420689143902
2.333,-996.941961812294
2.3346666666666667,-996.9419897519713
2.3363333333333336,-996.9421341069705
2.338,-996.9423529677756
2.3396666666666666,-996.9425951116451
2.3413333333333335,-996.9427906893859
2.343,-996.9428884782562
2.344666666666667,-996.9428558819661
2.3463333333333334,-996.9426835872897
2.3480000000000003,-996.9423948772915
2.349666666666667,-996.9420549445516
2.3513333333333333,-996.9417569213275
2.353,-996.9415892832641
2.3546666666666667,-996.9416125663284
2.3563333333333336,-996.9418407403593
2.358,-996.942222582615
2.3596833333333334,-996.9426789306768
2.3613500000000003,-996.9431119956743
2.3630166666666668,-996.9434286453497
2.3646833333333332,-996.9435543738974
2.36635,-996.9434426151884
2.3680166666666667,-996.943084055997
2.3696833333333336,-996.9425206058391
2.37135,-996.9418360837465
2.373016666666667,-996.9411608748795
2.3746833333333335,-996.940620707786
2.37635,-996.9403180279492
2.378016666666667,-996.9402807750461
2.3796833333333334,-996.9404763527868
2.3813500000000003,-996.9408069723011
2.383016666666667,-996.9411515616538
2.3846833333333333,-996.9413890489104
2.38635,-996.9414309584263
2.3880166666666667,-996.9412633203627
2.3897,-996.9409280442358
2.391366666666667,-996.9405229189156
2.3930333333333333,-996.9401690163371
2.3947000000000003,-996.9399734385963
2.3963666666666668,-996.9399780952092
2.3980333333333332,-996.9401643597242
2.3997,-996.9404484131096
2.4013666666666666,-996.9407464363336
2.4030333333333336,-996.9409839235902
2.4047,-996.9411236219765
2.406366666666667,-996.941179501331
2.4080333333333335,-996.941179501331
2.4097,-996.9411655314924
2.411366666666667,-996.941179501331
2.4130333333333334,-996.9412446939112
2.4147000000000003,-996.9413564526203
2.4163666666666668,-996.9414868377808
2.41805,-996.9415892832641
2.419716666666667,-996.9416265361671
2.4213833333333334,-996.9415753134255
2.42305,-996.9414356150392
2.424716666666667,-996.9412120976211
2.4263833333333333,-996.9409140743971
2.4280500000000003,-996.9405462019799
2.4297166666666667,-996.9401177935955
2.4313833333333332,-996.9396661021466
2.43305,-996.9392609768264
2.4347166666666666,-996.9390002065054
2.4363833333333336,-996.9389676102153
2.43805,-996.9392283805363
2.439716666666667,-996.9397685476298
2.4413833333333335,-996.9405042924641
2.44305,-996.9413145431045
2.444716666666667,-996.9420456313259
2.4463833333333334,-996.9425578587421
2.4480500000000003,-996.9427487798699
2.4497333333333335,-996.9425857984194
2.4514,-996.942115480519
2.453066666666667,-996.9414356150392
2.4547333333333334,-996.9407045268177
2.4564,-996.9400479444023
2.458066666666667,-996.9395822831149
2.4597333333333333,-996.9393447958582
2.4614000000000003,-996.9393401392454
2.4630666666666667,-996.9395031206959
2.4647333333333337,-996.9397638910169
2.4664,-996.9400293179508
2.4680666666666666,-996.9402155824658
2.4697333333333336,-996.9402714618203
2.4714,-996.9401876427886
2.473066666666667,-996.9400106914993
2.4747333333333335,-996.9398197703714
2.4764,-996.9397173248882
2.4780833333333336,-996.9397638910169
2.47975,-996.9399827518221
2.4814166666666666,-996.9403273411749
2.4830833333333335,-996.9406998702049
2.48475,-996.9409978934289
2.486416666666667,-996.9411329352023
2.4880833333333334,-996.9410537727834
2.48975,-996.9407604061722
2.491416666666667,-996.940322684562
2.4930833333333333,-996.9398477100488
2.4947500000000002,-996.9394425847286
2.4964166666666667,-996.9391957842462
2.4980833333333337,-996.9391445615046
2.49975,-996.9392609768264
2.5014166666666666,-996.9394612111801
2.5030833333333335,-996.9396707587595
2.50475,-996.9398058005328
2.5064333333333333,-996.9398337402101
2.5081,-996.9397545777912
2.5097666666666667,-996.9395869397277
2.5114333333333336,-996.9393634223097
2.5131,-996.9391212784402
2.5147666666666666,-996.9389024176351
2.5164333333333335,-996.9387440927973
2.5181,-996.9386975266685
2.519766666666667,-996.9387860023131
2.5214333333333334,-996.9390188329569
2.5231000000000003,-996.9393634223097
2.524766666666667,-996.9397732042427
2.5264333333333333,-996.94017367295
2.5281000000000002,-996.9404996358512
2.5297666666666667,-996.9406765871405
2.5314333333333336,-996.9406626173019
2.5331,-996.9404670395611
2.5347833333333334,-996.9401550464985
2.5364500000000003,-996.9398244269844
2.538116666666667,-996.9395915963406
2.5397833333333333,-996.9395450302118
2.54145,-996.9397080116624
2.5431166666666667,-996.9400339745637
2.5447833333333336,-996.9404297866581
2.54645,-996.9407650627851
2.5481166666666666,-996.9409233876229
2.5497833333333335,-996.9408255987526
2.55145,-996.9404577263354
2.553116666666667,-996.9398896195646
2.5547833333333334,-996.9392423503749
2.5564500000000003,-996.9386742436042
2.558116666666667,-996.9383156844127
2.5597833333333333,-996.9382365219939
2.5614500000000002,-996.9384414129604
2.5631166666666667,-996.9388465382806
2.5648,-996.9393401392454
2.566466666666667,-996.9397918306942
2.5681333333333334,-996.9401038237569
2.5698000000000003,-996.9402202390787
2.571466666666667,-996.940136420047
2.5731333333333333,-996.9398896195646
2.5748,-996.9395590000504
2.5764666666666667,-996.9392283805363
2.5781333333333336,-996.9389955498925
2.5798,-996.9389257006994
2.5814666666666666,-996.9390328027955
2.5831333333333335,-996.9392982297294
2.5848,-996.9396754153723
2.586466666666667,-996.9400898539183
2.5881333333333334,-996.940471696174
2.5898000000000003,-996.9407464363336
2.5914833333333336,-996.940881478107
2.59315,-996.9408675082684
2.594816666666667,-996.9407371231079
2.5964833333333335,-996.9405555152058
2.59815,-996.9404065035937
2.599816666666667,-996.9403273411749
2.6014833333333334,-996.9403413110135
2.6031500000000003,-996.9404204734324
2.604816666666667,-996.9404996358512
2.6064833333333333,-996.9405275755284
2.60815,-996.9404530697225
2.6098166666666667,-996.9402621485946
2.6114833333333336,-996.9399687819835
2.61315,-996.9396055661792
2.614816666666667,-996.9392237239234
2.6164833333333335,-996.9388931044093
2.61815,-996.9386928700557
2.619816666666667,-996.9386928700557
2.6214833333333334,-996.9389210440866
2.6231500000000003,-996.9393634223097
2.6248333333333336,-996.9399641253706
2.6265,-996.940620707786
2.628166666666667,-996.9412353806855
2.6298333333333335,-996.9416917287473
2.6315,-996.941924559391
2.633166666666667,-996.9418826498752
2.6348333333333334,-996.9415985964898
2.6365000000000003,-996.9411469050409
2.6381666666666668,-996.9406626173019
2.6398333333333333,-996.9402900882718
2.6415,-996.9401410766599
2.6431666666666667,-996.9402574919817
2.6448333333333336,-996.9405927681088
2.6465,-996.9410351463318
2.648166666666667,-996.941440271652
2.6498333333333335,-996.94166378907
2.6515,-996.9416218795542
2.6531833333333337,-996.9412912600401
2.65485,-996.9407184966564
2.6565166666666666,-996.940020004725
2.6581833333333336,-996.9393308260195
2.65985,-996.9387860023131
2.661516666666667,-996.9384833224763
2.6631833333333335,-996.938455382799
2.66485,-996.9386602737655
2.666516666666667,-996.9390374594084
2.6681833333333334,-996.9394891508573
2.6698500000000003,-996.9399454989191
2.6715166666666668,-996.9403319977878
2.6731833333333332,-996.9406113945603
2.67485,-996.9407557495593
2.6765166666666667,-996.9407790326237
2.6781833333333336,-996.9407045268177
2.67985,-996.9405927681088
2.681516666666667,-996.9404949792383
2.6831833333333335,-996.9404437564967
2.6848666666666667,-996.9404437564967
2.6865333333333337,-996.9404484131096
2.6882,-996.9404065035937
2.6898666666666666,-996.9402714618203
2.6915333333333336,-996.9400153481122
2.6932,-996.9396474756951
2.694866666666667,-996.9391957842462
2.6965333333333334,-996.9387394361844
2.6982,-996.9383622505416
2.699866666666667,-996.9381666728008
2.7015333333333333,-996.9382178955424
2.7032000000000003,-996.9385392018307
2.7048666666666668,-996.9390979953758
2.7065333333333337,-996.9398197703714
2.7082,-996.9405927681088
2.7098666666666666,-996.9413191997173
2.7115333333333336,-996.9418966197138
2.713216666666667,-996.942264492131
2.7148833333333333,-996.94237625084
2.7165500000000002,-996.9422272392279
2.7182166666666667,-996.9418779932623
2.7198833333333337,-996.9414123319748
2.72155,-996.9409606405259
2.7232166666666666,-996.9406346776246
2.7248833333333335,-996.9405042924641
2.72655,-996.9405927681088
2.728216666666667,-996.9408535384298
2.7298833333333334,-996.9411841579439
2.73155,-996.9414588981035
2.733216666666667,-996.9415660001997
2.7348833333333333,-996.9414356150392
2.7365500000000003,-996.9410817124607
2.7382166666666667,-996.9405694850444
2.7398833333333337,-996.9400479444023
2.74155,-996.9396754153723
2.7432333333333334,-996.9395683132761
2.7449000000000003,-996.9397825174684
2.746566666666667,-996.9402668052074
2.7482333333333333,-996.9409047611714
2.7499000000000002,-996.9415520303611
2.7515666666666667,-996.9420735710031
2.7532333333333336,-996.94237625084
2.7549,-996.9424274735816
2.7565666666666666,-996.9422365524537
2.7582333333333335,-996.9418453969722
2.7599,-996.9413424827817
2.761566666666667,-996.9408209421397
2.7632333333333334,-996.9403832205294
2.7649,-996.9400945105311
2.766566666666667,-996.939987408435
2.7682333333333333,-996.9400479444023
2.7699000000000003,-996.9402388655302
2.7715833333333335,-996.9404856660126
2.77325,-996.9407138400435
2.774916666666667,-996.9408395685912
2.7765833333333334,-996.9408023156882
2.7782500000000003,-996.9405787982702
2.779916666666667,-996.9402062692401
2.7815833333333333,-996.939759234404
2.7832500000000002,-996.939354109084
2.7849166666666667,-996.9390886821501
2.7865833333333336,-996.9390234895698
2.78825,-996.9391585313432
2.7899166666666666,-996.93942861489
2.7915833333333335,-996.9397545777912
2.79325,-996.9400432877894
2.794916666666667,-996.9402155824658
2.7965833333333334,-996.9402435221431
2.7982500000000003,-996.9401084803698
2.799916666666667,-996.9398430534359
2.8016,-996.9395031206959
2.803266666666667,-996.9391492181174
2.8049333333333335,-996.9388511948935
2.8066,-996.9386602737655
2.808266666666667,-996.938609051024
2.8099333333333334,-996.9386975266685
2.8116000000000003,-996.9388884477964
2.813266666666667,-996.9391166218273
2.8149333333333333,-996.9393028863423
2.8166,-996.9393680789226
2.8182666666666667,-996.9392563202135
2.8199333333333336,-996.9389722668282
2.8216,-996.9385717981208
2.8232666666666666,-996.9381713294136
2.8249333333333335,-996.9378872760283
2.8266,-996.9378127702222
2.828266666666667,-996.9379804082857
2.8299333333333334,-996.9383389674771
2.8316166666666667,-996.9387953155389
2.8332833333333336,-996.9392237239234
2.83495,-996.9395077773088
2.836616666666667,-996.939577626502
2.8382833333333335,-996.9394193016642
2.83995,-996.9390886821501
2.841616666666667,-996.9386928700557
2.8432833333333334,-996.9383529373157
2.8449500000000003,-996.9381759860265
2.846616666666667,-996.9382132389295
2.8482833333333333,-996.9384320997347
2.84995,-996.9387627192488
2.8516166666666667,-996.9391119652145
2.8532833333333336,-996.939391361987
2.85495,-996.9395543434375
2.8566166666666666,-996.939572969889
2.8582833333333335,-996.93942861489
2.8599666666666668,-996.9391352482788
2.8616333333333333,-996.93871615312
2.8633,-996.9382132389295
2.8649666666666667,-996.9377056681261
2.8666333333333336,-996.937263289903
2.8683,-996.936965266679
2.869966666666667,-996.9368395381313
2.8716333333333335,-996.9369000740987
2.8733,-996.9370909952265
2.874966666666667,-996.937333139096
2.8766333333333334,-996.9375380300626
2.8783000000000003,-996.9376265057073
2.879966666666667,-996.9375613131269
2.8816333333333333,-996.9373657353862
2.8833,-996.9371189349038
2.8849666666666667,-996.9369326703888
2.8866333333333336,-996.9369047307116
2.888316666666667,-996.9370909952265
2.8899833333333333,-996.9374821507081
2.8916500000000003,-996.9380176611887
2.8933166666666668,-996.9386043944111
2.8949833333333337,-996.9391538747303
2.89665,-996.9395869397277
2.8983166666666667,-996.9398663365002
2.8999833333333336,-996.9399827518221
2.90165,-996.9399734385963
2.903316666666667,-996.9398989327904
2.9049833333333335,-996.939838396823
2.90665,-996.9398570232745
2.908316666666667,-996.9399827518221
2.9099833333333334,-996.9402016126272
2.9116500000000003,-996.9404437564967
2.9133166666666668,-996.9406253643989
2.9149833333333333,-996.9406346776246
2.91665,-996.9404018469809
2.9183166666666667,-996.939875649726
2.92,-996.9390840255371
2.921666666666667,-996.9381107934462
2.9233333333333333,-996.9371003084523
2.9250000000000003,-996.9362388350704
2.9266666666666667,-996.935694011364
2.9283333333333337,-996.9355682828163
2.93,-996.9358569928146
2.9316666666666666,-996.9364623524884
2.9333333333333336,-996.9372120671613
2.935,-996.9379245289313
2.936666666666667,-996.9384414129604
2.9383333333333335,-996.9386649303784
2.94,-996.9385857679595
2.941666666666667,-996.9382458352196
2.9433333333333334,-996.9377755173192
2.9450000000000003,-996.9373145126445
2.9466666666666668,-996.9370025195819
2.94835,-996.936928013776
2.950016666666667,-996.9371189349038
2.9516833333333334,-996.9375333734497
2.95335,-996.9380781971561
2.955016666666667,-996.9386323340883
2.9566833333333333,-996.9390560858599
2.9583500000000003,-996.9392470069878
2.9600166666666667,-996.939130591666
2.9616833333333337,-996.9386975266685
2.96335,-996.9380176611887
2.9650166666666666,-996.937226037
2.9666833333333336,-996.9364996053914
2.96835,-996.9359966912009
2.970016666666667,-996.9358150832987
2.9716833333333335,-996.9359640949108
2.97335,-996.9363738768437
2.975016666666667,-996.9369047307116
2.9766833333333333,-996.9373983316764
2.9783666666666666,-996.9376963549004
2.9800333333333335,-996.9377056681261
2.9817,-996.9374076449021
2.983366666666667,-996.9368581645828
2.9850333333333334,-996.9361876123288
2.9867000000000004,-996.935582252655
2.988366666666667,-996.9351957537864
2.9900333333333333,-996.9351398744318
2.9917000000000002,-996.9354425542688
2.9933666666666667,-996.9360479139425
2.9950333333333337,-996.9368441947441
2.9967,-996.9376870416746
2.9983666666666666,-996.9384274431218
3.0000333333333336,-996.938939670538
3.0017,-996.9391492181174
3.003366666666667,-996.9390328027955
3.0050333333333334,-996.9386602737655
3.0067166666666667,-996.9381294198978
3.0083833333333336,-996.9375799395784
3.01005,-996.9371422179682
3.0117166666666666,-996.936890760873
3.0133833333333335,-996.9368255682926
3.01505,-996.936890760873
3.016716666666667,-996.9369885497433
3.0183833333333334,-996.9370211460334
3.0200500000000003,-996.936928013776
3.021716666666667,-996.9366812132936
3.0233833333333333,-996.9363179974893
3.0250500000000002,-996.9359221853949
3.0267166666666667,-996.9355915658807
3.0283833333333336,-996.9354378976559
3.03005,-996.9355124034619
3.0317166666666666,-996.9358150832987
3.0333833333333335,-996.9362760879734
3.03505,-996.9368022852283
3.036716666666667,-996.9372865729673
3.0384,-996.9376591019974
3.0400666666666667,-996.9378872760283
3.0417333333333336,-996.9379571252214
3.0434,-996.9379012458669
3.045066666666667,-996.937747577642
3.0467333333333335,-996.9375519999012
3.0484,-996.9373610787733
3.050066666666667,-996.9372074105485
3.0517333333333334,-996.9371282481295
3.0534000000000003,-996.9371142782909
3.055066666666667,-996.937151531194
3.0567333333333333,-996.9372027539356
3.0584000000000002,-996.9372120671613
3.0600666666666667,-996.9371282481295
3.0617333333333336,-996.9369047307116
3.0634,-996.9365042620043
3.0650666666666666,-996.9359640949108
3.0667500000000003,-996.9353633918498
3.068416666666667,-996.9348371945949
3.0700833333333333,-996.9345345147581
3.07175,-996.9345531412096
3.0734166666666667,-996.9349349834653
3.0750833333333336,-996.9356241621708
3.07675,-996.9365042620043
3.078416666666667,-996.9374076449021
3.0800833333333335,-996.9381713294136
3.08175,-996.9386509605398
3.083416666666667,-996.9387673758616
3.0850833333333334,-996.9385019489278
3.0867500000000003,-996.9379152157055
3.088416666666667,-996.9371235915166
3.0900833333333333,-996.9362760879734
3.09175,-996.9355030902361
3.0934166666666667,-996.9349117004009
3.0951,-996.934539171371
3.096766666666667,-996.9343808465331
3.0984333333333334,-996.9343901597589
3.1001000000000003,-996.9344832920165
3.101766666666667,-996.9345764242739
3.1034333333333333,-996.9346043639512
3.1051,-996.9345252015323
3.1067666666666667,-996.934348250243
3.1084333333333336,-996.9341200762121
3.1101,-996.9339291550842
3.111766666666667,-996.9338499926654
3.1134333333333335,-996.9339198418585
3.1151,-996.9341293894379
3.116766666666667,-996.9344087862104
3.1184333333333334,-996.9346881829829
3.1201000000000003,-996.9348791041108
3.121766666666667,-996.9349349834653
3.1234333333333333,-996.9348278813692
3.125116666666667,-996.9345671110482
3.1267833333333335,-996.9342085518568
3.12845,-996.933826709601
3.130116666666667,-996.9335333429899
3.1317833333333334,-996.9334076144422
3.1334500000000003,-996.9335054033127
3.1351166666666668,-996.933826709601
3.1367833333333337,-996.9343156539529
3.13845,-996.9348930739494
3.1401166666666667,-996.9354565241074
3.1417833333333336,-996.9359082155562
3.14345,-996.9361782991031
3.145116666666667,-996.9362248652318
3.1467833333333335,-996.9360525705554
3.14845,-996.9357126378155
3.150116666666667,-996.9353028558825
3.1517833333333334,-996.9349442966911
3.1534500000000003,-996.9347347491117
3.1551333333333336,-996.934725435886
3.1568,-996.934907043788
3.158466666666667,-996.9352050670121
3.1601333333333335,-996.9355217166876
3.1618,-996.9357498907185
3.163466666666667,-996.935805770073
3.1651333333333334,-996.9356427886223
3.1668000000000003,-996.9352562897537
3.1684666666666668,-996.9346974962087
3.1701333333333337,-996.9340781666963
3.1718,-996.933528686377
3.1734666666666667,-996.9331654705727
3.1751333333333336,-996.9330723383152
3.1768,-996.9332586028303
3.178466666666667,-996.9336497583117
3.1801500000000003,-996.9341340460508
3.1818166666666667,-996.9345671110482
3.1834833333333337,-996.9348371945949
3.18515,-996.934869790885
3.1868166666666666,-996.9346648999185
3.1884833333333336,-996.9342784010499
3.19015,-996.9338127397624
3.191816666666667,-996.9334029578293
3.1934833333333335,-996.9331608139598
3.19515,-996.933156157347
3.196816666666667,-996.9333889879907
3.1984833333333333,-996.933789456698
3.2001500000000003,-996.9342504613727
3.2018166666666668,-996.934646273467
3.2034833333333337,-996.9348744474979
3.20515,-996.9348744474979
3.2068166666666666,-996.9346323036284
3.2084833333333336,-996.934199238631
3.21015,-996.9336637281503
3.211816666666667,-996.9331515007341
3.2135000000000002,-996.9327789717041
3.2151666666666667,-996.9326253034792
3.2168333333333337,-996.9327230923495
3.2185,-996.9330350854123
3.2201666666666666,-996.9334821202483
3.2218333333333335,-996.9339524381486
3.2235,-996.9343389370173
3.225166666666667,-996.9345577978224
3.2268333333333334,-996.9345577978224
3.2285000000000004,-996.9343435936302
3.230166666666667,-996.9339710646002
3.2318333333333333,-996.9335333429899
3.2335000000000003,-996.9331328742826
3.2351666666666667,-996.9328627907358
3.2368333333333337,-996.9327696584784
3.2385,-996.9328488208972
3.2401666666666666,-996.9330490552509
3.2418500000000003,-996.9332818858946
3.243516666666667,-996.9334634937967
3.2451833333333333,-996.933528686377
3.2468500000000002,-996.9334308975066
3.2485166666666667,-996.9331654705727
3.2501833333333336,-996.9327743150913
3.25185,-996.9323412500938
3.2535166666666666,-996.9319826909024
3.2551833333333335,-996.9318103962261
3.25685,-996.9319035284835
3.258516666666667,-996.9322667442879
3.2601833333333334,-996.9328627907358
3.2618500000000004,-996.9335799091186
3.2635333333333336,-996.9342877142757
3.2651833333333333,-996.9348465078207
3.2668500000000003,-996.9351585008833
3.2685166666666667,-996.9351631574962
3.2701833333333337,-996.9348977305623
3.271866666666667,-996.9344506957264
3.2735333333333334,-996.9339710646002
3.2752000000000003,-996.9335938789573
3.276866666666667,-996.9334122710551
3.2785333333333333,-996.9334355541195
3.2802000000000002,-996.9335938789573
3.2818666666666667,-996.9337568604079
3.2835333333333336,-996.9338080831495
3.2852,-996.9336497583117
3.2868666666666666,-996.9332586028303
3.2885333333333335,-996.9326765262208
3.2902,-996.9320152871926
3.291866666666667,-996.9314145841316
3.2935333333333334,-996.9310280852629
3.2952000000000004,-996.9309675492956
3.296866666666667,-996.9312795423583
3.2985333333333333,-996.9319454379994
3.3002000000000002,-996.9328674473487
3.3018833333333335,-996.9339151852456
3.30355,-996.9349582665297
3.305216666666667,-996.9358616494275
3.3068833333333334,-996.9365322016815
3.3085500000000003,-996.9369000740987
3.310216666666667,-996.9369466402275
3.3118833333333333,-996.9366905265193
3.31355,-996.9362062387803
3.3152166666666667,-996.9355962224936
3.3168833333333336,-996.9349955194327
3.31855,-996.9344926052422
3.320216666666667,-996.9341433592765
3.3218833333333335,-996.9339617513745
3.32355,-996.9339058720199
3.325216666666667,-996.9339151852456
3.3268833333333334,-996.9339291550842
3.3285500000000003,-996.9338965587941
3.330216666666667,-996.933789456698
3.3319,-996.9336171620216
3.333566666666667,-996.9334122710551
3.3352333333333335,-996.9332492896045
3.3369,-996.9331934102499
3.338566666666667,-996.9332818858946
3.3402333333333334,-996.933528686377
3.3419000000000003,-996.933901215407
3.343566666666667,-996.934348250243
3.3452333333333333,-996.9348045983048
3.3469,-996.935209723625
3.3485666666666667,-996.9354891203975
3.3502333333333336,-996.9355962224936
3.3519,-996.9354984336233
3.353566666666667,-996.935209723625
3.3552333333333335,-996.9347813152405
3.3569,-996.9343156539529
3.358566666666667,-996.9339198418585
3.36025,-996.9336870112147
3.3619166666666667,-996.9336357884731
3.3635833333333336,-996.933752203795
3.36525,-996.9339524381486
3.366916666666667,-996.9341340460508
3.3685833333333335,-996.9342178650826
3.37025,-996.9341340460508
3.371916666666667,-996.9338965587941
3.3735833333333334,-996.93356593928
3.3752500000000003,-996.9332725726689
3.376916666666667,-996.9331375308955
3.3785833333333337,-996.9332446329917
3.38025,-996.933603192183
3.3819166666666667,-996.9341666423409
3.3835833333333336,-996.9348232247563
3.38525,-996.9354565241074
3.386916666666667,-996.935954781685
3.3885833333333335,-996.9362341784575
3.3902666666666668,-996.9362621181348
3.3919333333333337,-996.936029287491
3.3936,-996.935582252655
3.3952666666666667,-996.9350048326585
3.3969333333333336,-996.9343901597589
3.3986,-996.9338453360525
3.400266666666667,-996.9334588371838
3.4019333333333335,-996.9332772292818
3.4036,-996.9333098255719
3.405266666666667,-996.9335147165384
3.4069333333333334,-996.9338220529881
3.4086000000000003,-996.9341340460508
3.410266666666667,-996.9343622200817
3.4119333333333337,-996.9344180994361
3.4136,-996.9342923708886
3.4152666666666667,-996.9340222873418
3.4169333333333336,-996.9337009810533
3.4186,-996.9334495239581
3.4202833333333333,-996.9333563917006
3.4219500000000003,-996.9334402107323
3.4236166666666668,-996.933677697989
3.4252833333333337,-996.933980377826
3.42695,-996.9342504613727
3.4286166666666666,-996.9344041295975
3.4302833333333336,-996.9343808465331
3.43195,-996.9341806121795
3.433616666666667,-996.9338406794396
3.4352833333333335,-996.9334448673452
3.43695,-996.9330909647667
3.438616666666667,-996.9328907304131
3.4402833333333334,-996.9329000436388
3.4419500000000003,-996.9331515007341
3.4436166666666668,-996.9336078487959
3.4452833333333337,-996.9341852687924
3.44695,-996.9347813152405
3.4486333333333334,-996.935284229431
3.4503000000000004,-996.9355869092678
3.451966666666667,-996.9356148489451
3.4536333333333333,-996.9353401087855
3.4553000000000003,-996.9348139115306
3.4569666666666667,-996.9341433592765
3.4586333333333337,-996.9334867768612
3.4603,-996.9329838626707
3.4619666666666666,-996.9327230923495
3.4636333333333336,-996.9327091225109
3.4653,-996.9328767605745
3.466966666666667,-996.933118904444
3.4686333333333335,-996.9333144821848
3.4703000000000004,-996.9333750181521
3.471966666666667,-996.9332539462174
3.47365,-996.9329605796062
3.4753000000000003,-996.9325694241247
3.4769833333333335,-996.9321736120303
3.47865,-996.9318895586449
3.480316666666667,-996.9318103962261
3.4819833333333334,-996.931959407838
3.4836500000000004,-996.9323226236423
3.485316666666667,-996.9328255378329
3.4869833333333333,-996.9333889879907
3.4886500000000003,-996.9339291550842
3.4903166666666667,-996.9344041295975
3.4919833333333337,-996.934762688789
3.49365,-996.9349768929812
3.4953166666666666,-996.93502345911
3.4969833333333336,-996.9349023871752
3.49865,-996.9346369602413
3.500316666666667,-996.9342923708886
3.5019833333333334,-996.9339338116971
3.5036500000000004,-996.9336218186345
3.505316666666667,-996.9333843313779
3.507,-996.9332073800886
3.508666666666667,-996.9330537118637
3.5103333333333335,-996.9328627907358
3.512,-996.9325880505762
3.513666666666667,-996.9322015517075
3.5153333333333334,-996.9317172639685
3.5170000000000003,-996.9311910667136
3.518666666666667,-996.9307254054261
3.5203333333333333,-996.9304273822021
3.5220000000000002,-996.9303854726862
3.5236666666666667,-996.9306508996201
3.5253333333333337,-996.9311957233265
3.527,-996.931959407838
3.5286666666666666,-996.9328348510586
3.5303333333333335,-996.9337009810533
3.532,-996.9344600089521
3.5336833333333333,-996.93502345911
3.5353333333333334,-996.9353354521726
3.5370166666666667,-996.9353866749142
3.5386833333333336,-996.9352004103993
3.54035,-996.9348511644336
3.542016666666667,-996.9344180994361
3.5436833333333335,-996.9339943476646
3.54535,-996.933640445086
3.547016666666667,-996.9333936446036
3.5486833333333334,-996.933230663153
3.5503500000000003,-996.9331002779925
3.552016666666667,-996.9329279833161
3.5536833333333333,-996.9326578997693
3.5553500000000002,-996.9322481178363
3.5570166666666667,-996.9317405470329
3.5586833333333336,-996.9312190063908
3.56035,-996.930804567845
3.562016666666667,-996.9306136467171
3.5637000000000003,-996.9307114355875
3.56535,-996.9310793080047
3.5670333333333337,-996.9316474147754
3.5687,-996.9322853707394
3.5703666666666667,-996.932858134123
3.5720333333333336,-996.9332539462174
3.5737,-996.9334076144422
3.575366666666667,-996.9333005123461
3.5770333333333335,-996.9329745494448
3.5787,-996.9325088881574
3.580366666666667,-996.9320059739667
3.5820333333333334,-996.9315775655823
3.5837000000000003,-996.9312888555841
3.585366666666667,-996.9311864101007
3.5870333333333333,-996.9312655725196
3.5887000000000002,-996.9314937465505
3.5903666666666667,-996.9318010830003
3.5920333333333336,-996.9321084194501
3.593716666666667,-996.9323319368681
3.5953833333333334,-996.9323831596097
3.5970500000000003,-996.9322108649333
3.598716666666667,-996.9318197094518
3.6003833333333337,-996.9312841989712
3.60205,-996.930730062039
3.6037166666666667,-996.9302923404287
3.6053833333333336,-996.9300781362365
3.60705,-996.9301153891395
3.608716666666667,-996.9303715028476
3.6103833333333335,-996.9307486884904
3.61205,-996.9311072476819
3.613716666666667,-996.9313307650999
3.6153833333333334,-996.9313354217128
3.6170500000000003,-996.9310932778433
3.618716666666667,-996.9306695260716
3.6203833333333333,-996.930171268494
3.62205,-996.9297428601094
3.6237333333333335,-996.929496059627
3.6254,-996.9294820897884
3.627066666666667,-996.9297009505935
3.6287333333333334,-996.9300688230107
3.6304000000000003,-996.9304925747823
3.6320666666666668,-996.9308557905866
3.6337333333333337,-996.9310606815532
3.6354,-996.9310373984888
3.6370666666666667,-996.9307486884904
3.6387333333333336,-996.9302085213969
3.6404,-996.9294914030141
3.642066666666667,-996.9287370317284
3.6437333333333335,-996.9280851059258
3.6454,-996.9276846372186
3.647066666666667,-996.9276054747996
3.6487333333333334,-996.9278429620563
3.6504000000000003,-996.9283132799567
3.652066666666667,-996.9288674168889
3.65375,-996.9293423914022
3.655416666666667,-996.9295985051103
3.6570833333333335,-996.9295659088202
3.6587500000000004,-996.9292306326931
3.660416666666667,-996.9286718391481
3.6620833333333334,-996.9280106001198
3.6637500000000003,-996.9273866139946
3.6654166666666668,-996.9269116394813
3.6670833333333337,-996.9266508691603
3.66875,-996.9266182728701
3.6704166666666667,-996.9267579712564
3.6720833333333336,-996.926995458513
3.67375,-996.9272469156083
3.675416666666667,-996.9274285235105
3.6770833333333335,-996.9274937160907
3.67875,-996.9274192102847
3.6804333333333337,-996.927218975931
3.6820833333333334,-996.9269395791586
3.6837666666666666,-996.9266508691603
3.6854333333333336,-996.9264133819037
3.6871,-996.9262783401302
3.688766666666667,-996.9262643702916
3.6904333333333335,-996.9263714723877
3.6921000000000004,-996.9265623935156
3.693766666666667,-996.9267952241594
3.6954333333333333,-996.9270047717388
3.6971000000000003,-996.9271211870606
3.6987666666666668,-996.9270885907705
3.7004333333333337,-996.9268790431911
3.7021,-996.9265344538384
3.7037666666666667,-996.9261432983568
3.7054333333333336,-996.9258359619071
3.7071,-996.9257148899724
3.708766666666667,-996.9258452751328
3.7104500000000002,-996.9261991777114
3.7121000000000004,-996.9267114051277
3.7137833333333337,-996.9272469156083
3.71545,-996.9276846372186
3.7171166666666666,-996.9279267810881
3.7187833333333336,-996.9279128112495
3.72045,-996.9276566975414
3.722116666666667,-996.9272096627053
3.7237833333333334,-996.9266834654504
3.7254500000000004,-996.9261898644857
3.727116666666667,-996.9258266486813
3.7287833333333333,-996.9256403841663
3.7304500000000003,-996.9256357275534
3.7321166666666667,-996.9257521428754
3.7337833333333337,-996.925915124326
3.73545,-996.9260315396479
3.7371166666666666,-996.926026883035
3.7387833333333336,-996.9258406185199
3.740466666666667,-996.9254820593286
3.742116666666667,-996.9250024282024
3.7438000000000002,-996.9245088272377
3.7454666666666667,-996.9241176717561
3.7471333333333336,-996.9239314072411
3.7488,-996.92401056966
3.750466666666667,-996.924345845787
3.7521333333333335,-996.924867386429
3.7538,-996.9254727461029
3.755466666666667,-996.9260455094865
3.7571333333333334,-996.9264878877096
3.7588000000000004,-996.9267440014178
3.760466666666667,-996.9267952241594
3.7621333333333333,-996.9266648389989
3.7638000000000003,-996.9264133819037
3.7654666666666667,-996.9261060454538
3.76715,-996.9258080222298
3.7688,-996.9255565651346
3.7704833333333334,-996.9253796138453
3.7721500000000003,-996.9252585419106
3.773816666666667,-996.9251933493304
3.7754833333333333,-996.9251560964273
3.7771500000000002,-996.92512815675
3.7788166666666667,-996.9250815906213
3.7804833333333336,-996.9249977715896
3.78215,-996.9248627298161
3.783816666666667,-996.9247090615913
3.7854833333333335,-996.9245833330436
3.78715,-996.924569363205
3.788816666666667,-996.9247276880428
3.7904833333333334,-996.925090903847
3.7921500000000004,-996.9256264143277
3.793816666666667,-996.9262690269045
3.7954833333333333,-996.9269023262556
3.7971500000000002,-996.9274052404461
3.7988166666666667,-996.9276753239928
3.8005,-996.9276287578641
3.802166666666667,-996.9272515722212
3.8038333333333334,-996.9265903331928
3.8055000000000003,-996.9257614561011
3.807166666666667,-996.9249279223965
3.8088333333333337,-996.924234087078
3.8105,-996.9237917088549
3.8121666666666667,-996.9236333840171
3.8138333333333336,-996.9237172030489
3.8155,-996.9239453770797
3.817166666666667,-996.9242061474008
3.8188333333333335,-996.9243924119157
3.8205,-996.9244250082058
3.822166666666667,-996.9242759965939
3.8238333333333334,-996.923973316757
3.8255000000000003,-996.9235821612755
3.8271833333333336,-996.9231910057939
3.8288333333333333,-996.9228836693442
3.830516666666667,-996.9227113746678
3.8321833333333335,-996.9226927482163
3.83385,-996.9227951936996
3.835516666666667,-996.9229674883759
3.8371833333333334,-996.9231537528909
3.8388500000000003,-996.9232748248257
3.840516666666667,-996.9232748248257
3.8421833333333337,-996.9231351264394
3.84385,-996.9228650428927
3.8455166666666667,-996.9225297667657
3.8471833333333336,-996.9222224303159
3.84885,-996.9220315091881
3.850516666666667,-996.9220175393494
3.8521833333333335,-996.9221758641871
3.85385,-996.9224645741854
3.855516666666667,-996.9227998503125
3.8572,-996.9230839036978
3.8588500000000003,-996.9232468851485
3.8605333333333336,-996.923228258697
3.8622,-996.9230280243434
3.863866666666667,-996.9226741217648
3.8655333333333335,-996.9222270869287
3.8672,-996.9217800520928
3.868866666666667,-996.9214214929013
3.8705333333333334,-996.9212072887091
3.8722000000000003,-996.9211607225803
3.873866666666667,-996.9212585114507
3.8755333333333337,-996.9214401193528
3.8772,-996.9216356970936
3.8788666666666667,-996.921770738867
3.8805333333333336,-996.9217847087057
3.8822,-996.9216543235451
3.883866666666667,-996.9213888966112
3.8855333333333335,-996.921025680807
3.8872166666666668,-996.9206624650027
3.888866666666667,-996.9203830682302
3.89055,-996.9202852793597
3.8922166666666667,-996.9204016946817
3.8938833333333336,-996.92072300097
3.89555,-996.9211700358061
3.897216666666667,-996.9216403537065
3.8988833333333335,-996.9220175393494
3.9005500000000004,-996.9222038038644
3.902216666666667,-996.9221479245099
3.9038833333333334,-996.9218592145116
3.9055500000000003,-996.9214075230627
3.907216666666667,-996.9208999522593
3.9088833333333337,-996.9204762004877
3.91055,-996.9202294000053
3.9122166666666667,-996.9202154301666
3.9138833333333336,-996.9203970380688
3.91555,-996.9206997179057
3.9172333333333333,-996.9210117109683
3.9188833333333335,-996.9212398849992
3.9205666666666668,-996.9213143908053
3.9222333333333337,-996.9212166019348
3.9239,-996.9209511750009
3.9255666666666666,-996.9205646761324
3.9272333333333336,-996.9201316111349
3.9289,-996.9197451122662
3.930566666666667,-996.9194889985581
3.9322333333333335,-996.9194238059779
3.9339000000000004,-996.9195541911383
3.935566666666667,-996.9198568709753
3.9372333333333334,-996.9202713095211
3.9389000000000003,-996.9207090311314
3.9405666666666668,-996.9210862167744
3.9422333333333337,-996.9213283606439
3.9439,-996.9213749267726
3.9455666666666667,-996.9211979754833
3.9472500000000004,-996.9208254464534
3.948916666666667,-996.9203225322628
3.9505833333333333,-996.9198056482337
3.9522500000000003,-996.919381896462
3.9539166666666667,-996.9191350959796
3.9555833333333337,-996.9190931864638
3.95725,-996.9192235716242
3.9589166666666666,-996.9194517456551
3.9605833333333336,-996.9196706064603
3.96225,-996.9198009916208
3.963916666666667,-996.9197823651692
3.9655833333333335,-996.9195961006543
3.9672500000000004,-996.9192747943658
3.968916666666667,-996.9189069219487
3.9705833333333334,-996.9185856156604
3.9722500000000003,-996.9184040077582
3.9739333333333335,-996.9184040077582
3.9755833333333337,-996.9185856156604
3.977266666666667,-996.9188882954973
3.9789333333333334,-996.9192282282371
3.9806000000000004,-996.9195169382353
3.982266666666667,-996.9196845762989
3.9839333333333333,-996.9196752630731
3.9856000000000003,-996.9194657154937
3.9872666666666667,-996.9190745600123
3.9889333333333337,-996.9185623325959
3.9906,-996.9180454485668
3.992266666666667,-996.9176542930853
3.9939333333333336,-996.9174866550218
3.9956,-996.9175937571179
3.997266666666667,-996.9179243766321
3.9989333333333335,-996.9183807246939
