min,µS/cm
0.0,-993.3522161996701
0.0016666666666667052,-993.3515456474161
0.0033333333333334103,-993.350390807423
0.004999999999999893,-993.348225482436
0.006666666666666599,-993.3446631735865
0.008333333333333304,-993.3398202961962
0.010000000000000009,-993.3345350405828
0.011666666666666714,-993.3301298848028
0.01333333333333342,-993.3279692164286
0.014999999999999902,-993.3289843580355
0.016666666666666607,-993.3334221101056
0.018333333333333313,-993.3407888716742
0.020000000000000018,-993.350018278393
0.021666666666666723,-993.359797165431
0.023333333333333428,-993.3688635906991
0.02499999999999991,-993.3762862316222
0.026683333333333392,-993.3816087401386
0.028350000000000097,-993.3848171464097
0.03001666666666658,-993.3862187868851
0.031683333333333286,-993.3862839794654
0.03334999999999999,-993.3854551023736
0.035016666666666696,-993.3840534618981
0.0366833333333334,-993.3820883712648
0.038350000000000106,-993.3782326958041
0.04001666666666659,-993.3653571612041
0.041683333333333294,-993.3164394429496
0.04335,-993.1512880107161
0.045016666666666705,-992.6742040518086
0.04668333333333341,-991.4809795988169
0.048350000000000115,-988.8502866909142
0.0500166666666666,-983.6605149245171
0.0516833333333333,-974.3908611006992
0.05335000000000001,-959.2614653330583
0.055016666666666714,-936.5318021441492
0.05669999999999997,-904.9243810143901
0.05836666666666668,-864.0880467668586
0.06003333333333338,-814.9836495588457
0.06170000000000009,-760.0743559934546
0.06336666666666657,-703.2363818507811
0.06503333333333328,-649.3659460215671
0.06669999999999998,-603.7338313664002
0.06836666666666669,-571.2019468523571
0.07003333333333339,-555.4567280018035
0.0717000000000001,-558.412056676304
0.07336666666666658,-579.8992982971945
0.07503333333333329,-617.6984592423302
0.07669999999999999,-667.894725067492
0.0783666666666667,-725.4827445025941
0.0800333333333334,-785.0985186105122
0.0817000000000001,-841.7454831496558
0.08336666666666659,-891.3957052358406
0.0850333333333333,-931.3834742323419
0.08671666666666678,-960.5534658583596
0.08838333333333326,-979.1719638645518
0.09004999999999996,-988.6477938800341
0.09171666666666667,-991.1350770812179
0.09338333333333337,-989.0977204726532
0.09505000000000008,-984.9088457342745
0.09671666666666656,-980.5396064093986
0.09838333333333327,-977.369100310546
0.10004999999999997,-976.1226135194872
0.10171666666666668,-976.9236021567712
0.10338333333333338,-979.4288738534921
0.10505000000000009,-983.00861706166
0.10671666666666657,-986.9327261051781
0.10838333333333328,-990.5315102033929
0.11004999999999998,-993.3093194818633
0.11171666666666669,-995.0019610091122
0.11338333333333339,-995.5800934674126
0.11506666666666665,-995.2095434978648
0.11673333333333336,-994.1845438416044
0.11840000000000006,-992.85133694897
0.12006666666666677,-991.5376319510572
0.12173333333333325,-990.4991700269744
0.12339999999999995,-989.8895029862828
0.12506666666666666,-989.7536230225832
0.12673333333333336,-990.0419092690768
0.12840000000000007,-990.6378765546893
0.13006666666666655,-991.392140738383
0.13173333333333326,-992.1553456187971
0.13339999999999996,-992.8045612726381
0.13506666666666667,-993.2597405245806
0.13673333333333337,-993.4894232980392
0.13840000000000008,-993.5067319280965
0.14006666666666678,-993.3583443022139
0.14173333333333327,-993.1098208730621
0.14339999999999997,-992.8305358592563
0.14508333333333345,-992.5809227826916
0.14674999999999994,-992.4038364516589
0.14841666666666664,-992.3206041531267
0.15008333333333335,-992.3316542954797
0.15175000000000005,-992.420558348494
0.15341666666666676,-992.560266047977
0.15508333333333324,-992.7199087071791
0.15674999999999994,-992.8709831986907
0.15841666666666665,-992.9919247482866
0.16008333333333336,-993.0705609699108
0.16175000000000006,-993.1044145455139
0.16341666666666677,-993.0992550184482
0.16508333333333325,-993.0664258976776
0.16674999999999995,-993.0197107573132
0.16841666666666666,-992.9724042271135
0.17008333333333336,-992.9350535352412
0.17175000000000007,-992.9141686264957
0.17341666666666677,-992.9119474221542
0.17510000000000003,-992.9267927040005
0.17676666666666674,-992.9544157315764
0.17843333333333344,-992.9891354371742
0.18009999999999993,-993.0251496811514
0.18176666666666663,-993.0575271104731
0.18343333333333334,-993.0828823675787
0.18510000000000004,-993.0995996078009
0.18676666666666675,-993.1077905898485
0.18843333333333323,-993.1089593996801
0.19009999999999994,-993.1055041929267
0.19176666666666664,-993.1001677145716
0.19343333333333335,-993.0954552223419
0.19510000000000005,-993.0932386746133
0.19676666666666676,-993.0944913034767
0.19843333333333346,-993.0992503618353
0.20009999999999994,-993.1067847614673
0.20176666666666665,-993.1159163793158
0.20345000000000013,-993.1253646468396
0.2051166666666666,-993.1340678563034
0.20678333333333332,-993.1413507988403
0.20845000000000002,-993.1469946136451
0.21011666666666673,-993.1511483123298
0.21178333333333343,-993.1541751106987
0.21344999999999992,-993.1564987605235
0.21511666666666662,-993.1584871342212
0.21678333333333333,-993.160401002113
0.21845000000000003,-993.1624219721008
0.22011666666666674,-993.1646618028938
0.22178333333333322,-993.167195000298
0.22344999999999993,-993.1700821002806
0.22511666666666663,-993.1733231028418
0.22678333333333334,-993.1768295323368
0.22845000000000004,-993.1804337507023
0.23011666666666675,-993.1838982706814
0.23178333333333345,-993.1869902616306
0.2334666666666667,-993.1895839950022
0.23513333333333342,-993.1916887840217
0.23680000000000012,-993.1934396704628
0.2384666666666666,-993.1950648283563
0.2401333333333333,-993.1967784618944
0.24180000000000001,-993.1987295826891
0.24346666666666672,-993.2009275039662
0.24513333333333343,-993.2032651236296
0.2467999999999999,-993.2055841168415
0.2484666666666666,-993.2077215021512
0.2501333333333333,-993.2096120869786
0.2518,-993.2112605279364
0.25346666666666673,-993.2127599572822
0.2551333333333332,-993.2142128204993
0.25680000000000014,-993.215679653555
0.2584666666666666,-993.2171371733849
0.2601333333333333,-993.2184875911188
0.2618166666666668,-993.2196144914346
0.2634833333333333,-993.2204806214294
0.26515,-993.221132547232
0.2668166666666667,-993.2217053106156
0.2684833333333334,-993.2223525798053
0.2701500000000001,-993.2231861135099
0.2718166666666666,-993.2242012551167
0.2734833333333333,-993.2252955591424
0.27515,-993.2263246705878
0.2768166666666667,-993.2271908005827
0.2784833333333334,-993.227884635901
0.2801499999999999,-993.2284946521877
0.2818166666666666,-993.2291652044418
0.2834833333333333,-993.2300266778236
0.28515,-993.2311302950751
0.2868166666666667,-993.2324155202286
0.2885,-993.2337193718337
0.2901666666666667,-993.2348369589238
0.2918333333333334,-993.2356239264997
0.2935000000000001,-993.2360569914971
0.2951666666666668,-993.236247912625
0.2968333333333333,-993.2364015808498
0.2985,-993.2367275437512
0.3001666666666667,-993.2373515298764
0.3018333333333334,-993.2382735392257
0.3035000000000001,-993.2393678432513
0.3051666666666666,-993.2404574906642
0.3068333333333333,-993.2414120963036
0.3085,-993.2421757808152
0.3101666666666667,-993.2428090801662
0.3118333333333334,-993.2434190964528
0.3134999999999999,-993.2441129317713
0.3151666666666668,-993.2449231824115
0.3168333333333333,-993.2457939690192
0.3185,-993.2465995630466
0.3201666666666667,-993.2471909528817
0.32184999999999997,-993.2474750062672
0.3235166666666667,-993.2474750062672
0.3251833333333334,-993.2473027115908
0.3268500000000001,-993.2471350735273
0.3285166666666668,-993.2471350735273
0.3301833333333333,-993.2473539343324
0.33185,-993.2477264633625
0.3335166666666667,-993.2480757093281
0.3351833333333334,-993.2482433473916
0.3368500000000001,-993.2481595283598
0.3385166666666666,-993.2479080712645
0.3401833333333333,-993.2477031802981
0.34185,-993.247782342717
0.3435166666666667,-993.2483225098105
0.3451833333333334,-993.2493655910945
0.3468499999999999,-993.2507858580215
0.3485166666666668,-993.2523132270445
0.35020000000000007,-993.253677614617
0.35186666666666655,-993.2546555033208
0.3535333333333335,-993.2551817005757
0.35519999999999996,-993.255321398962
0.35686666666666667,-993.2552562063818
0.35853333333333337,-993.2551863571886
0.3602000000000001,-993.2552282667044
0.3618666666666668,-993.2553726217036
0.36353333333333326,-993.2555262899285
0.36519999999999997,-993.25554491638
0.3668666666666667,-993.2553679650907
0.3685333333333334,-993.2550280323509
0.3702000000000001,-993.2546648165466
0.37186666666666657,-993.2544738954186
0.3735333333333333,-993.2546089371921
0.3752,-993.2551211646083
0.3768666666666667,-993.2559500417001
0.3785333333333334,-993.2569605266941
0.38021666666666665,-993.2579989513653
0.38188333333333335,-993.2589861532948
0.38355000000000006,-993.2598941928055
0.38521666666666676,-993.2607603228003
0.38688333333333347,-993.2616217961822
0.38854999999999995,-993.2624972394027
0.39021666666666666,-993.2633168032688
0.39188333333333336,-993.2639687290713
0.39355000000000007,-993.2642993485855
0.39521666666666677,-993.2642062163279
0.39688333333333325,-993.2636893322988
0.39854999999999996,-993.2628697684328
0.40021666666666667,-993.2619524156963
0.40188333333333337,-993.2611980444105
0.4035500000000001,-993.260806888929
0.40521666666666656,-993.2608767381222
0.4068833333333335,-993.2613749956998
0.40856666666666674,-993.2621852463401
0.4102333333333332,-993.2631817614954
0.41190000000000015,-993.2642714089081
0.41356666666666664,-993.2654029658369
0.41523333333333334,-993.2665484926042
0.41690000000000005,-993.2676427966298
0.41856666666666675,-993.2685741192049
0.42023333333333346,-993.2691887921045
0.42189999999999994,-993.2693284904907
0.42356666666666665,-993.268946648235
0.42523333333333335,-993.2681131145303
0.42690000000000006,-993.2670514067947
0.42856666666666676,-993.2660828313167
0.43023333333333325,-993.2655426642232
0.43189999999999995,-993.2656544229321
0.43356666666666666,-993.2664600169595
0.43523333333333336,-993.2678150913063
0.43690000000000007,-993.2694216227483
0.43856666666666655,-993.2709536483842
0.44025000000000003,-993.2721783375704
0.44191666666666674,-993.2730025580493
0.4435833333333332,-993.2734915024012
0.44525000000000015,-993.2737848690123
0.44691666666666663,-993.2740456393333
0.44858333333333333,-993.2743483191703
0.45025000000000004,-993.2746603122329
0.45191666666666674,-993.2748652031994
0.45358333333333345,-993.2748372635222
0.45524999999999993,-993.2745252704594
0.45691666666666664,-993.2739664769144
0.45858333333333334,-993.2733005812732
0.46025000000000005,-993.2727045348253
0.46191666666666675,-993.2723226925694
0.46358333333333324,-993.2722155904734
0.46524999999999994,-993.2723273491823
0.46691666666666665,-993.2725462099875
0.4685999999999999,-993.2727697274055
0.4702666666666666,-993.272974618372
0.4719333333333333,-993.2732167622415
0.4736,-993.2736032611102
0.4752666666666667,-993.2742458736869
0.47693333333333343,-993.2751492565848
0.47860000000000014,-993.2762156209332
0.4802666666666666,-993.2772261059272
0.4819333333333333,-993.277938567697
0.48360000000000003,-993.2781667417279
0.48526666666666673,-993.277864061891
0.48693333333333344,-993.2771050339924
0.4885999999999999,-993.2760852357727
0.49026666666666663,-993.2750700941659
0.49193333333333333,-993.274278469977
0.49360000000000004,-993.2738314351411
0.49526666666666674,-993.2737336462707
0.49695,-993.2738919711085
0.4986166666666667,-993.2741993075582
0.5002833333333333,-993.2745904630398
0.50195,-993.2750747507788
0.5036166666666667,-993.275698736904
0.5052833333333333,-993.2765183007701
0.50695,-993.277528785764
0.5086166666666667,-993.2786324030154
0.5102833333333333,-993.2796708276867
0.51195,-993.2804717651012
0.5136166666666667,-993.2809374263887
0.5152833333333333,-993.2810538417106
0.51695,-993.2808955168729
0.5186166666666667,-993.2805788671973
0.5202833333333333,-993.2802016815544
0.52195,-993.2797965562343
0.5236166666666667,-993.2793262383339
0.5252833333333333,-993.27868828237
0.5269666666666667,-993.2778035259237
0.5286333333333334,-993.2766859388336
0.5303,-993.2754472798088
0.5319666666666667,-993.2742924398157
0.5336333333333334,-993.2734495928853
0.5353,-993.2730817204682
0.5369666666666667,-993.2732214188544
0.5386333333333334,-993.2737615859479
0.5403,-993.2744926741693
0.5419666666666667,-993.2752004793264
0.5436333333333334,-993.275735989807
0.5453,-993.2760572960955
0.5469666666666667,-993.2762016510945
0.5486333333333333,-993.2762482172234
0.5503,-993.2762435606104
0.5519666666666667,-993.276183024643
0.5536333333333333,-993.2759827902894
0.5553,-993.2755590385178
0.5569833333333334,-993.2748652031994
0.55865,-993.2739431938501
0.5603166666666667,-993.2729280522433
0.5619833333333334,-993.272006042894
0.56365,-993.2713494604785
0.5653166666666667,-993.2710467806417
0.5669833333333334,-993.2710840335446
0.56865,-993.2713448038656
0.5703166666666667,-993.271670766767
0.5719833333333334,-993.2719501635395
0.57365,-993.2721597111189
0.5753166666666667,-993.2723599454725
0.5769833333333334,-993.2726579686965
0.57865,-993.2731469130484
0.5803166666666667,-993.273836091754
0.5820000000000001,-993.2746277159428
0.5836666666666667,-993.2753355210998
0.5853333333333334,-993.2757732427101
0.5870000000000001,-993.2758198088388
0.5886666666666667,-993.275475219486
0.5903333333333334,-993.2748558899737
0.5920000000000001,-993.2741480848166
0.5936666666666667,-993.2735566949814
0.5953333333333334,-993.2732121056287
0.597,-993.2731143167583
0.5986666666666667,-993.2731655394999
0.6003333333333334,-993.2732074490158
0.602,-993.273091033694
0.6036666666666667,-993.2727604141797
0.6053333333333334,-993.2722435301506
0.607,-993.2716381704769
0.6086666666666667,-993.2710747203189
0.6103333333333334,-993.2706323420958
0.612,-993.2703482887104
0.6136666666666667,-993.2701713374212
0.6153500000000001,-993.2700456088735
0.6170166666666667,-993.2699338501645
0.6186833333333334,-993.269840717907
0.6203500000000001,-993.2698360612941
0.6220166666666667,-993.2700036993576
0.6236833333333334,-993.2704134812907
0.6253500000000001,-993.2710747203189
0.6270166666666667,-993.2719082540236
0.6286833333333334,-993.2727743840184
0.6303500000000001,-993.2735147854655
0.6320166666666667,-993.2740316694947
0.6336833333333334,-993.2742970964287
0.6353500000000001,-993.2743716022346
0.6370166666666667,-993.274357632396
0.6386833333333334,-993.2743529757831
0.6403500000000001,-993.2744041985247
0.6420166666666667,-993.2744880175565
0.6437,-993.274543896911
0.6453666666666666,-993.2744973307822
0.6470333333333333,-993.2743390059445
0.6487,-993.2741015186879
0.6503666666666666,-993.2738640314312
0.6520333333333334,-993.2736963933677
0.6537000000000001,-993.2736451706261
0.6553666666666667,-993.2736684536904
0.6570333333333334,-993.2736917367548
0.6587000000000001,-993.2736172309488
0.6603666666666667,-993.273389056918
0.6620333333333334,-993.2730304977265
0.6637000000000001,-993.2726486554708
0.6653666666666667,-993.2723646020854
0.6670333333333334,-993.2722994095051
0.6687000000000001,-993.2725182703102
0.6703666666666667,-993.272974618372
0.6720333333333334,-993.2735613515944
0.6737000000000001,-993.2741248017522
0.6753833333333333,-993.2745485535239
0.67705,-993.2748000106192
0.6787166666666667,-993.2749257391667
0.6803833333333333,-993.2750235280371
0.68205,-993.275177196262
0.6837166666666668,-993.2753960570672
0.6853833333333333,-993.2756056046466
0.68705,-993.2756661406139
0.6887166666666668,-993.275475219486
0.6903833333333333,-993.2750281846501
0.69205,-993.274432138202
0.6937166666666666,-993.2739059409471
0.6953833333333334,-993.2736684536904
0.6970500000000001,-993.2738966277213
0.6987166666666667,-993.2746277159428
0.7003833333333334,-993.2757732427101
0.7020500000000001,-993.2771143472181
0.7037333333333333,-993.2784088855974
0.7054,-993.2794519668815
0.7070666666666667,-993.2801364889741
0.7087333333333333,-993.2804345121982
0.7104,-993.280406572521
0.7120666666666667,-993.2801225191355
0.7137333333333333,-993.2796335747836
0.7154,-993.2789443960781
0.7170666666666667,-993.2780549830189
0.7187333333333333,-993.2769839620577
0.7204,-993.275815152226
0.7220666666666667,-993.2747068783616
0.7237333333333333,-993.2738407483669
0.7254,-993.2733937135308
0.7270666666666667,-993.2734356230467
0.7287333333333333,-993.2739292240115
0.7304,-993.2747208482002
0.7320666666666668,-993.2756056046466
0.73375,-993.2764111986739
0.7354166666666667,-993.2770491546379
0.7370833333333334,-993.2775334423769
0.73875,-993.277938567697
0.7404166666666667,-993.2783669760815
0.7420833333333333,-993.2788838601107
0.74375,-993.2794985330103
0.7454166666666667,-993.2801318323612
0.7470833333333333,-993.2806719994549
0.74875,-993.2810072755818
0.7504166666666667,-993.2810864380007
0.7520833333333333,-993.2809467396145
0.75375,-993.2806719994549
0.7554166666666667,-993.2803786328436
0.7570833333333333,-993.280141145587
0.75875,-993.2799455678463
0.7604166666666667,-993.2797220504283
0.7621,-993.2793774610755
0.7637666666666667,-993.2788652336592
0.7654333333333334,-993.2782365909211
0.7671,-993.2776079481829
0.7687666666666667,-993.2771376302825
0.7704333333333334,-993.2769467091546
0.7721,-993.2770584678636
0.7737666666666667,-993.2773751175391
0.7754333333333334,-993.2777010804404
0.7771,-993.2778035259237
0.7787666666666667,-993.2775380989898
0.7804333333333334,-993.2768675467357
0.7821,-993.2758989712577
0.7837666666666667,-993.2748326069093
0.7854333333333333,-993.2738826578827
0.7871,-993.27319813579
0.7887666666666667,-993.2728069803085
0.7904333333333333,-993.2726207157936
0.7921166666666667,-993.2725182703102
0.7937833333333334,-993.2724111682141
0.79545,-993.2723133793437
0.7971166666666667,-993.2723087227308
0.7987833333333334,-993.2725182703102
0.80045,-993.2729932448235
0.8021166666666667,-993.2736963933677
0.8037833333333334,-993.2744647344921
0.80545,-993.2750887206174
0.8071166666666667,-993.2754100269058
0.8087833333333334,-993.2753774306157
0.81045,-993.275065437553
0.8121166666666667,-993.2746603122329
0.8137833333333334,-993.2743669456218
0.81545,-993.2743390059445
0.8171166666666667,-993.2745951196526
0.8187833333333334,-993.2750235280371
0.82045,-993.2754286533573
0.8221333333333334,-993.2756288877109
0.8238000000000001,-993.2755497252921
0.8254666666666667,-993.275251702068
0.8271333333333334,-993.2749071127153
0.8288000000000001,-993.2747115349745
0.8304666666666667,-993.2747906973934
0.8321333333333334,-993.275139943359
0.8338,-993.2756195744852
0.8354666666666667,-993.276038669644
0.8371333333333334,-993.2762575304491
0.8388,-993.2762389039975
0.8404666666666667,-993.2760572960955
0.8421333333333334,-993.2758710315804
0.8438,-993.2758384352903
0.8454666666666667,-993.276038669644
0.8471333333333334,-993.2764158552868
0.8488,-993.2768163239941
0.8504833333333334,-993.2770305281864
0.8521500000000001,-993.2769373959288
0.8538166666666667,-993.2765276139959
0.8554833333333334,-993.2759501939993
0.8571500000000001,-993.2754565930345
0.8588166666666667,-993.2752842983582
0.8604833333333334,-993.2755916348079
0.8621500000000001,-993.2764018854482
0.8638166666666667,-993.2775846651185
0.8654833333333334,-993.2789630225296
0.8671500000000001,-993.2803786328436
0.8688166666666667,-993.2817150807389
0.8704833333333334,-993.2829397699251
0.8721500000000001,-993.284062013628
0.8738166666666667,-993.2850911250734
0.8754833333333334,-993.2860038211969
0.8771500000000001,-993.2867255961926
0.8788333333333334,-993.2871400347385
0.8805000000000001,-993.2871540045771
0.8821666666666667,-993.2867395660312
0.8838333333333334,-993.2859898513583
0.8855000000000001,-993.2850631853962
0.8871666666666667,-993.2841784289499
0.8888333333333334,-993.2835125333087
0.8905000000000001,-993.2831632873431
0.8921666666666667,-993.2830887815371
0.8938333333333334,-993.2831586307302
0.8955000000000001,-993.2832145100847
0.8971666666666667,-993.283167943956
0.8988333333333334,-993.2830235889568
0.9005000000000001,-993.2828745773448
0.9021666666666667,-993.2828419810547
0.9038333333333334,-993.2830003058924
0.9055000000000001,-993.2833681783096
0.9071666666666667,-993.2838478094358
0.90885,-993.2842995008846
0.9105166666666668,-993.2845975241087
0.9121833333333333,-993.2846440902374
0.91385,-993.2844438558838
0.9155166666666668,-993.2840573570151
0.9171833333333334,-993.2836056655663
0.9188500000000001,-993.2832005402461
0.9205166666666668,-993.2829025170221
0.9221833333333334,-993.2826650297654
0.9238500000000001,-993.2823949462187
0.9255166666666668,-993.28200844735
0.9271833333333334,-993.2815101897723
0.9288500000000001,-993.2809746792917
0.9305166666666667,-993.2805323010685
0.9321833333333334,-993.2802808439733
0.9338500000000001,-993.2802249646188
0.9355166666666667,-993.2802482476832
0.9371833333333334,-993.280141145587
0.9388666666666667,-993.279731363654
0.9405333333333333,-993.2789397394653
0.9422,-993.2778221523752
0.9438666666666667,-993.2765834933504
0.9455333333333333,-993.2754659062603
0.9472,-993.2746975651359
0.9488666666666667,-993.2743716022346
0.9505333333333333,-993.2744554212663
0.9522,-993.2747953540063
0.9538666666666668,-993.275214449165
0.9555333333333333,-993.2756056046466
0.9572,-993.2759874469023
0.9588666666666668,-993.2764670780284
0.9605333333333334,-993.2771888530241
0.9622,-993.2782459041468
0.9638666666666668,-993.2795963218806
0.9655333333333334,-993.2810538417106
0.9672000000000001,-993.2823623499286
0.9688833333333334,-993.2832843592778
0.97055,-993.2837127676623
0.9722166666666667,-993.2836941412108
0.9738833333333334,-993.2834054312126
0.97555,-993.2830841249242
0.9772166666666667,-993.2829444265379
0.9788833333333333,-993.2830841249242
0.98055,-993.2834752804057
0.9822166666666667,-993.2839828512091
0.9838833333333333,-993.2844485124966
0.98555,-993.2847465357206
0.9872166666666667,-993.2848443245911
0.9888833333333333,-993.2847791320107
0.99055,-993.2846347770117
0.9922166666666667,-993.2844904220125
0.9938833333333333,-993.2843646934649
0.99555,-993.2842063686271
0.9972333333333334,-993.2839409416932
0.9989,-993.2835218465344
1.0005666666666666,-993.2829863360538
1.0022333333333333,-993.2824415123474
1.0039,-993.2820503568659
1.0055666666666667,-993.2819525679955
1.0072333333333334,-993.2821993684779
1.0089000000000001,-993.2827302223457
1.0105666666666666,-993.283354208471
1.0122333333333333,-993.2838571226615
1.0139,-993.2840480437893
1.0155666666666667,-993.2838710925001
1.0172333333333334,-993.2834007745997
1.0189000000000001,-993.2828186979903
1.0205666666666666,-993.2823297536384
1.0222333333333333,-993.2820876097688
1.0239,-993.2821202060591
1.0255666666666667,-993.282343723477
1.02725,-993.282609150411
1.0289166666666667,-993.282790758313
1.0305833333333334,-993.2828745773448
1.0322500000000001,-993.2829397699251
1.0339166666666668,-993.2831167212144
1.0355833333333333,-993.2835171899216
1.03725,-993.284173772337
1.0389166666666667,-993.284993336203
1.0405833333333334,-993.2857896170048
1.0422500000000001,-993.2863623803884
1.0439166666666668,-993.2865812411935
1.0455833333333333,-993.2864322295815
1.04725,-993.2860271042614
1.0489166666666667,-993.2855335032966
1.0505833333333334,-993.2851144081378
1.0522500000000001,-993.2848676076554
1.0539166666666666,-993.2847605055592
1.0555833333333333,-993.2847092828176
1.0572666666666668,-993.2846068373344
1.0589333333333333,-993.2844205728194
1.0606,-993.2841970554014
1.0622666666666667,-993.2840573570151
1.0639333333333334,-993.2841318628211
1.0656,-993.2844997352382
1.0672666666666668,-993.2851330345893
1.0689333333333333,-993.2858874058751
1.0706,-993.2865719279678
1.0722666666666667,-993.2870189628038
1.0739333333333334,-993.2871633178029
1.0756000000000001,-993.287046902481
1.0772666666666668,-993.2868047586115
1.0789333333333333,-993.2866091808708
1.0806,-993.2865905544193
1.0822666666666667,-993.2867907887729
1.0839333333333334,-993.2871400347385
1.0856166666666667,-993.2875172203815
1.0872833333333334,-993.2877873039282
1.08895,-993.2878990626372
1.0906166666666668,-993.2878757795728
1.0922833333333335,-993.287796617154
1.09395,-993.2877686774767
1.0956166666666667,-993.2878385266698
1.0972833333333334,-993.2879782250561
1.09895,-993.2880667007007
1.1006166666666668,-993.2879782250561
1.1022833333333333,-993.2876476055419
1.10395,-993.2871167516741
1.1056166666666667,-993.2865393316777
1.1072833333333334,-993.2861248931317
1.10895,-993.286078327003
1.1106166666666668,-993.2865067353875
1.1122833333333333,-993.2873635521565
1.11395,-993.2884578561823
1.1156333333333335,-993.2895195639178
1.1173,-993.2903018748808
1.1189666666666667,-993.2906464642335
1.1206333333333334,-993.2905300489117
1.1223,-993.2900364479469
1.1239666666666668,-993.2893286427899
1.1256333333333335,-993.2885649582784
1.1273,-993.287866466347
1.1289666666666667,-993.2872890463506
1.1306333333333334,-993.2868420115145
1.1323,-993.2865486449034
1.1339666666666668,-993.286450856033
1.1356333333333335,-993.2866045242579
1.1373,-993.2870515590939
1.1389666666666667,-993.2877733340896
1.1406333333333334,-993.2886441206972
1.1423,-993.2894357448861
1.1439833333333334,-993.2899060627864
1.14565,-993.2898734664963
1.1473166666666668,-993.289323986177
1.1489833333333335,-993.2883926636019
1.15065,-993.287344925705
1.1523166666666667,-993.2864694824844
1.1539833333333334,-993.285999164584
1.15565,-993.2860271042614
1.1573166666666668,-993.2864927655488
1.1589833333333335,-993.2872145405445
1.16065,-993.2879689118304
1.1623333333333334,-993.2885928979556
1.1640000000000001,-993.2890119931144
1.1656666666666666,-993.2892261973067
1.1673333333333333,-993.2893146729513
1.169,-993.2893379560156
1.1706666666666667,-993.2893100163384
1.1723333333333334,-993.2891842877907
1.1740000000000002,-993.2888909211796
1.1756666666666666,-993.2883926636019
1.1773333333333333,-993.287722111348
1.179,-993.2869956797394
1.1806666666666668,-993.2863670370012
1.1823333333333335,-993.2859758815197
1.1840000000000002,-993.2858780926493
1.1856666666666666,-993.2860131344228
1.1873333333333334,-993.2862366518407
1.189,-993.2863670370012
1.1906666666666668,-993.286264591518
1.1923333333333335,-993.2859060323266
1.194,-993.2853844916846
1.1956666666666667,-993.2848676076554
1.1973333333333334,-993.284546301367
1.199,-993.28455095798
1.2006666666666668,-993.2848908907198
1.2023333333333335,-993.2854636541034
1.2040166666666667,-993.2860829836159
1.2056833333333334,-993.2865765845806
1.2073500000000001,-993.2868280416759
1.2090166666666666,-993.2868373549016
1.2106833333333333,-993.2866929999025
1.21235,-993.2865346750648
1.2140166666666667,-993.2864601692587
1.2156833333333334,-993.2865067353875
1.2173500000000002,-993.2866184940965
1.2190166666666666,-993.2867023131282
1.2206833333333333,-993.2866929999025
1.22235,-993.2866045242579
1.2240166666666668,-993.2865020787747
1.2256833333333335,-993.2864881089359
1.2273500000000002,-993.2866464337737
1.2290166666666666,-993.2870003363523
1.2306833333333334,-993.2874659976397
1.2323666666666668,-993.2879083758629
1.2340333333333333,-993.2881784594097
1.2357,-993.288201742474
1.2373666666666667,-993.2879921948947
1.2390333333333334,-993.2876615753805
1.2407000000000001,-993.2873682087694
1.2423666666666666,-993.2872517934476
1.2440333333333333,-993.2873588955437
1.2457,-993.2876196658647
1.2473666666666667,-993.2878944060243
1.2490333333333334,-993.2880667007007
1.2507000000000001,-993.2881086102166
1.2523833333333334,-993.288094640378
1.25405,-993.2881691461839
1.2557166666666668,-993.288467169408
1.2573833333333333,-993.2890585592431
1.25905,-993.2898967495606
1.2607166666666667,-993.2907954758456
1.2623833333333334,-993.2915172508413
1.2640500000000001,-993.2918385571296
1.2657166666666668,-993.2916336661632
1.2673833333333333,-993.2909258610061
1.26905,-993.2898734664963
1.2707166666666667,-993.2886953434388
1.2723833333333334,-993.2876010394132
1.2740500000000001,-993.2867162829668
1.2757166666666668,-993.2860736703901
1.2773833333333333,-993.2856359487798
1.27905,-993.2853751784588
1.2807166666666667,-993.2853192991043
1.2823833333333334,-993.2855428165224
1.2840500000000001,-993.2861435195832
1.2857166666666666,-993.2871819442544
1.2874,-993.2886348074715
1.28905,-993.2903391277838
1.2907166666666667,-993.2920248216446
1.2924,-993.2934031790558
1.2940666666666667,-993.2942413693733
1.2957333333333334,-993.2944462603398
1.2974,-993.294069074697
1.2990666666666668,-993.2932774505081
1.3007333333333333,-993.2922855919657
1.3024,-993.291265793746
1.3040666666666667,-993.2902972182679
1.3057333333333334,-993.2893705523057
1.3074000000000001,-993.2884485429564
1.3090666666666668,-993.2875218769943
1.3107333333333333,-993.2866697168381
1.3124,-993.2860457307129
1.3140666666666667,-993.2858361831335
1.3157333333333334,-993.2861854290991
1.3174000000000001,-993.2871307215128
1.3190666666666668,-993.2885649582784
1.32075,-993.2902646219778
1.3224166666666668,-993.2919642856773
1.3240833333333335,-993.2934544017974
1.32575,-993.2945999285647
1.3274166666666667,-993.2953775829149
1.3290833333333334,-993.2958432442024
1.33075,-993.2960853880719
1.3324166666666668,-993.2961692071036
1.3340833333333333,-993.2961086711363
1.33575,-993.2958665272668
1.3374166666666667,-993.2953915527535
1.3390833333333334,-993.2947070306608
1.34075,-993.2939014366334
1.3424166666666668,-993.2931237822833
1.3440833333333333,-993.292532392448
1.34575,-993.2922250559983
1.3474166666666667,-993.2921924597082
1.3490833333333334,-993.2923321580944
1.3507666666666667,-993.292495139545
1.3524333333333334,-993.292569645351
1.3541,-993.292532392448
1.3557666666666668,-993.2924392601906
1.3574333333333335,-993.292388037449
1.3591,-993.2924765130936
1.3607666666666667,-993.292723313576
1.3624333333333334,-993.29305393309
1.3641,-993.293314703411
1.3657666666666668,-993.2933333298625
1.3674333333333335,-993.2929980537356
1.3691,-993.2923181882558
1.3707666666666667,-993.291414805358
1.3724333333333334,-993.2904881393958
1.3741,-993.2897477379487
1.3757666666666668,-993.289323986177
1.3774333333333335,-993.2892029142423
1.3791166666666668,-993.2892634502097
1.3807833333333335,-993.2893519258542
1.38245,-993.2893565824671
1.3841166666666667,-993.2893007031126
1.3857833333333334,-993.2892913898869
1.38745,-993.2895055940792
1.3891166666666668,-993.2900550743984
1.3907833333333335,-993.2909724271349
1.39245,-993.2921412369666
1.3941166666666667,-993.2933472997013
1.3957833333333334,-993.2943624413081
1.39745,-993.2950143671105
1.3991166666666668,-993.2952332279157
1.4007833333333335,-993.2950888729166
1.40245,-993.2947210004994
1.4041166666666667,-993.294287935502
1.4057833333333334,-993.2939060932463
1.40745,-993.2935941001837
1.4091333333333333,-993.293314703411
1.4108,-993.2930213367999
1.4124666666666668,-993.2927372834146
1.4141333333333335,-993.2925649887381
1.4158000000000002,-993.2926581209957
1.4174666666666667,-993.293170348412
1.4191333333333334,-993.2941715201802
1.4208,-993.2955731606556
1.4224666666666668,-993.2971377825817
1.4241333333333335,-993.298581332573
1.4258000000000002,-993.2996383836957
1.4274666666666667,-993.3001738941764
1.4291333333333334,-993.3002064904665
1.4308,-993.299885184178
1.4324666666666668,-993.2994288361162
1.4341333333333335,-993.2990516504734
1.4358,-993.2988653859584
1.4374666666666667,-993.2988653859584
1.4391500000000002,-993.2989398917643
1.4408166666666666,-993.2989398917643
1.4424833333333333,-993.2987722537009
1.44415,-993.2984416341867
1.4458166666666667,-993.2980691051567
1.4474833333333335,-993.2978083348357
1.4491500000000002,-993.2978036782229
1.4508166666666666,-993.2981017014469
1.4524833333333333,-993.2986511817661
1.45415,-993.2993403604717
1.4558166666666668,-993.3000714486931
1.4574833333333335,-993.3008025369145
1.4591500000000002,-993.3015755346518
1.4608166666666667,-993.3024556344852
1.4624833333333334,-993.3034940591564
1.46415,-993.3046768388267
1.4658166666666668,-993.3058829015614
1.4675,-993.3069026997811
1.4691666666666667,-993.3075266859064
1.4708333333333334,-993.3076105049381
1.4725000000000001,-993.3071541568763
1.4741666666666668,-993.3062880268816
1.4758333333333333,-993.305263572049
1.4775,-993.3043601891512
1.4791666666666667,-993.303806052219
1.4808333333333334,-993.3037082633487
1.4825000000000002,-993.3040342262499
1.4841666666666666,-993.3046582123752
1.4858333333333333,-993.3054405233382
1.4875,-993.3062787136558
1.4891666666666667,-993.3071075907476
1.4908333333333335,-993.3078852450977
1.4925000000000002,-993.3085418275132
1.4941666666666666,-993.3089748925106
1.4958333333333333,-993.3090773379938
1.4975166666666668,-993.3087653449312
1.4991833333333333,-993.3080389133227
1.50085,-993.307019115103
1.5025166666666667,-993.3059294676901
1.5041833333333334,-993.3050493678567
1.5058500000000001,-993.3046488991495
1.5075166666666668,-993.3049050128576
1.5091833333333333,-993.3058456486584
1.51085,-993.3073031684884
1.5125166666666667,-993.3089888623492
1.5141833333333334,-993.3105721107268
1.5158500000000001,-993.3117967999129
1.5175166666666668,-993.3125558278116
1.5191833333333333,-993.3128864473258
1.52085,-993.3129050737773
1.5225166666666667,-993.3127514055524
1.5241833333333334,-993.3124952918442
1.5258666666666667,-993.312127419427
1.5275333333333334,-993.3115965655593
1.5292000000000001,-993.3108747905636
1.5308666666666668,-993.310004003956
1.5325333333333333,-993.3090959644453
1.5342,-993.3083043402565
1.5358666666666667,-993.3077827996145
1.5375333333333334,-993.3076058483252
1.5392000000000001,-993.3077595165502
1.5408666666666668,-993.3081413588059
1.5425333333333333,-993.3086070200934
1.5442,-993.309035428478
1.5458666666666667,-993.3093800178307
1.5475333333333334,-993.3096687278289
1.5492000000000001,-993.3099714076659
1.5508666666666668,-993.3103532499216
1.5525333333333333,-993.3108282244349
1.5542,-993.3112985423353
1.5558666666666667,-993.3116105353979
1.55755,-993.3116105353979
1.5592166666666667,-993.3112333497551
1.5608833333333334,-993.3105395144366
1.56255,-993.3097106373449
1.5642166666666668,-993.3089888623492
1.5658833333333335,-993.308583737029
1.56755,-993.3085977068677
1.5692166666666667,-993.3089888623492
1.5708833333333334,-993.3095988786358
1.5725500000000001,-993.3102135515354
1.5742166666666668,-993.3106745562101
1.5758833333333333,-993.3109260133053
1.57755,-993.3110144889499
1.5792166666666667,-993.3110610550787
1.5808833333333334,-993.3111960968521
1.5825500000000001,-993.3114894634632
1.5842166666666668,-993.3119318416864
1.5859,-993.3124347558769
1.5875666666666668,-993.3129004171644
1.5892333333333335,-993.3132403499043
1.5909,-993.3134498974837
1.5925666666666667,-993.3135802826441
1.5942333333333334,-993.3137246376433
1.5959,-993.3139434984485
1.5975666666666668,-993.3142368650596
1.5992333333333335,-993.3145116052192
1.6009,-993.314632677154
1.6025666666666667,-993.3144883221548
1.6042333333333334,-993.3140599137703
1.6059,-993.3134498974837
1.6075666666666668,-993.3128631642613
1.6092333333333335,-993.31250460507
1.6109,-993.3125278881344
1.6125666666666667,-993.3129469832932
1.6142500000000002,-993.313626848773
1.6159166666666667,-993.3143486237686
1.6175833333333334,-993.314893447475
1.61925,-993.3151262781188
1.6209166666666668,-993.3150517723127
1.6225833333333335,-993.3147630623145
1.62425,-993.3144231295746
1.6259166666666667,-993.3141670158665
1.6275833333333334,-993.3140506005445
1.62925,-993.314031974093
1.6309166666666668,-993.3140366307059
1.6325833333333335,-993.31399472119
1.63425,-993.3139062455455
1.6359166666666667,-993.3138457095781
1.6375833333333334,-993.3139434984485
1.63925,-993.3143439671558
1.6409166666666668,-993.3151123082802
1.6425833333333335,-993.3162252387573
1.6442666666666668,-993.3175384035882
1.6459333333333335,-993.3188608816447
1.6476000000000002,-993.3200017517992
1.6492666666666667,-993.3208539119553
1.6509333333333334,-993.3213987356617
1.6526,-993.3217014154986
1.6542666666666668,-993.3218550837234
1.6559333333333335,-993.3219342461424
1.6576000000000002,-993.321948215981
1.6592666666666667,-993.3218271440462
1.6609333333333334,-993.3214872113064
1.6626,-993.320900478084
1.6642666666666668,-993.3201321369596
1.6659333333333335,-993.3193172297065
1.6676,-993.3186420208395
1.6692666666666667,-993.3182322389065
1.6709333333333334,-993.3181158235847
1.6726,-993.3181949860035
1.6742833333333333,-993.3183114013254
1.67595,-993.3183114013254
1.6776166666666668,-993.3181111669718
1.6792833333333335,-993.3177106982645
1.6809500000000002,-993.3171891576225
1.6826166666666666,-993.3166629603676
1.6842833333333334,-993.3162298953702
1.68595,-993.3159225589204
1.6876166666666668,-993.3156897282767
1.6892833333333335,-993.3154196447299
1.6909500000000002,-993.315005206184
1.6926166666666667,-993.3143905332845
1.6942833333333334,-993.3136128789344
1.69595,-993.3127933150682
1.6976166666666668,-993.3120948231369
1.6992833333333335,-993.3116571015267
1.7009500000000002,-993.3115267163662
1.7026166666666667,-993.3116384750751
1.7043000000000001,-993.3118573358803
1.7059666666666669,-993.3120529136211
1.7076333333333333,-993.3121600157173
1.7093,-993.3122112384589
1.7109666666666667,-993.312281087652
1.7126333333333335,-993.312467352167
1.7143000000000002,-993.3128072849069
1.7159666666666666,-993.31324966313
1.7176333333333333,-993.3136501318373
1.7193,-993.3138457095781
1.7209666666666668,-993.3137199810304
1.7226333333333335,-993.3132543197429
1.7243000000000002,-993.312541857973
1.7259666666666666,-993.3117642036228
1.7276333333333334,-993.311121591046
1.7293,-993.3107444054032
1.7309666666666668,-993.3106419599198
1.73265,-993.3107164657259
1.7343166666666667,-993.310823567822
1.7359833333333334,-993.3108654773379
1.7376500000000001,-993.3108468508864
1.7393166666666668,-993.3108747905636
1.7409833333333333,-993.3110889947559
1.74265,-993.3116151920108
1.7443166666666667,-993.3124859786185
1.7459833333333334,-993.3136035657086
1.7476500000000001,-993.3147956586046
1.7493166666666669,-993.3158527097273
1.7509833333333333,-993.3166396773032
1.75265,-993.3171193084294
1.7543333333333335,-993.3173661089118
1.756,-993.3175244337496
1.7576666666666667,-993.3177526077804
1.7593333333333334,-993.3181484198748
1.7610000000000001,-993.3187072134198
1.7626666666666668,-993.319335856158
1.7643333333333333,-993.3198993063158
1.766,-993.3202951184103
1.7676666666666667,-993.3204953527639
1.7693333333333334,-993.3205419188927
1.7710000000000001,-993.3205372622798
1.7726666666666668,-993.3205745151828
1.7743333333333333,-993.320681617279
1.776,-993.3207933759879
1.7776666666666667,-993.3207933759879
1.7793333333333334,-993.3205791717957
1.7810000000000001,-993.320118167121
1.7826666666666668,-993.3194802111572
1.7843333333333333,-993.318814315516
1.786,-993.3182834616482
1.7876666666666667,-993.3180180347143
1.7893333333333334,-993.3180366611658
1.7910000000000001,-993.3182229256807
1.7926833333333334,-993.31839987697
1.7943500000000001,-993.3183859071314
1.7960166666666668,-993.3180785706817
1.7976833333333335,-993.3175197771367
1.79935,-993.3168492248826
1.8010166666666667,-993.3162578350474
1.8026833333333334,-993.315899275856
1.8043500000000001,-993.3158014869857
1.8060166666666668,-993.3158853060174
1.8076833333333335,-993.3160156911779
1.80935,-993.3160808837582
1.8110166666666667,-993.3160576006939
1.8126833333333334,-993.3160203477908
1.8143500000000001,-993.3160855403711
1.8160333333333334,-993.3163463106921
1.8177,-993.3168212852054
1.8193666666666668,-993.3174126750405
1.8210333333333335,-993.3179388722954
1.8227,-993.3182229256807
1.8243666666666667,-993.3181717029391
1.8260333333333334,-993.3178178003607
1.8277,-993.3173009163315
1.8293666666666668,-993.3168259418183
1.8310333333333335,-993.3165791413359
1.8327,-993.3166583037547
1.8343666666666667,-993.3170401460105
1.8360333333333334,-993.3176129093941
1.8377000000000001,-993.3182275822936
1.8393666666666668,-993.3187863758387
1.8410333333333335,-993.3192799768035
1.8427166666666668,-993.3197782343811
1.8443666666666667,-993.3203696242163
1.8460333333333334,-993.3211007124377
1.8477000000000001,-993.3219295895295
1.8493666666666668,-993.3227165571054
1.85105,-993.3232567241989
1.8527166666666668,-993.3233871093595
1.8543833333333335,-993.3230518332324
1.8560500000000002,-993.3223254016239
1.8577166666666667,-993.3214080488874
1.8593833333333334,-993.3205465755055
1.86105,-993.319931902606
1.8627166666666668,-993.3196571624463
1.8643833333333335,-993.319671132285
1.86605,-993.3198154872841
1.8677166666666667,-993.3199179327673
1.8693833333333334,-993.3198713666386
1.87105,-993.3196757888978
1.8727166666666668,-993.3194336450283
1.8743833333333335,-993.3193079164807
1.87605,-993.3194336450283
1.8777166666666667,-993.3198806798644
1.8794000000000002,-993.3206117680858
1.8810666666666667,-993.3215058377579
1.8827333333333334,-993.3224231904943
1.8844,-993.3232380977474
1.8860666666666668,-993.3238713970985
1.8877333333333335,-993.3243184319344
1.8894000000000002,-993.3246024853199
1.8910666666666667,-993.3247514969319
1.8927333333333334,-993.3247747799962
1.8944,-993.3246117985457
1.8960666666666668,-993.3242066732255
1.8977333333333335,-993.3235221511328
1.8994000000000002,-993.3226373946866
1.9010666666666667,-993.3217107287244
1.9027333333333334,-993.3209563574386
1.9044,-993.320565201957
1.9060666666666668,-993.3205838284085
1.9077333333333335,-993.3209284177614
1.9094166666666668,-993.3213801092102
1.9110833333333335,-993.3217386684016
1.9127500000000002,-993.3218783667878
1.9144166666666667,-993.3218318006591
1.9160833333333334,-993.3217572948531
1.91775,-993.3218597403363
1.9194166666666668,-993.3223114317852
1.9210833333333335,-993.3231775617801
1.9227500000000002,-993.3243370583859
1.9244166666666667,-993.3255477777335
1.9260833333333334,-993.3265116965987
1.92775,-993.326986671112
1.9294166666666668,-993.326874912403
1.9310833333333335,-993.3262555828906
1.9327500000000002,-993.3253661698315
1.9344166666666667,-993.3244814133851
1.9360833333333334,-993.3238434574212
1.93775,-993.3235594040358
1.9394333333333333,-993.3236199400033
1.9411,-993.323927276453
1.9427666666666668,-993.3243975943534
1.9444333333333335,-993.3249796709628
1.9461000000000002,-993.3256828195069
1.9477666666666669,-993.326539636276
1.9494333333333334,-993.3275594344957
1.9511,-993.32870030465
1.9527666666666668,-993.3298178917402
1.9544333333333335,-993.330721274638
1.9561000000000002,-993.3312241888285
1.9577666666666667,-993.3312195322156
1.9594333333333334,-993.330721274638
1.9611,-993.3298644578689
1.9627666666666668,-993.3288679427136
1.9644333333333335,-993.3279971561059
1.9661000000000002,-993.327433705948
1.9677833333333334,-993.3272614112716
1.9694500000000001,-993.3274523323995
1.9711166666666669,-993.3279133370742
1.9727833333333333,-993.3285606062639
1.97445,-993.329338260614
1.9761166666666667,-993.3301997339959
1.9777833333333334,-993.3311124301194
1.9794500000000002,-993.3319832167272
1.9811166666666669,-993.3326584255941
1.9827833333333333,-993.3329657620438
1.98445,-993.3327841541417
1.9861166666666668,-993.3321042886619
1.9877833333333335,-993.3310379243135
1.9894500000000002,-993.3298365181917
1.9911166666666669,-993.3287841236819
1.9927833333333334,-993.3281461677179
1.9944666666666668,-993.3280763185248
1.9961166666666668,-993.3285745761025
1.9978,-993.3294919288389
1.9994666666666667,-993.3306002027032
2.001133333333333,-993.3316758802774
2.0028,-993.3325932330138
2.0044666666666666,-993.3333243212352
2.0061333333333335,-993.333929680909
2.0078,-993.3344931310669
2.009466666666667,-993.3350845209021
2.0111333333333334,-993.3357038504145
2.0128,-993.3362719571852
2.014466666666667,-993.3367003655698
2.0161333333333333,-993.3369238829878
2.0178000000000003,-993.3369657925036
2.0194666666666667,-993.3369005999234
2.0211333333333332,-993.3368493771818
2.0228,-993.3369052565363
2.0244833333333334,-993.3370775512127
2.0261333333333336,-993.3372777855662
2.027816666666667,-993.337366261211
2.0294833333333333,-993.3372079363731
2.0311500000000002,-993.3367609015371
2.0328166666666667,-993.3360856926703
2.0344833333333336,-993.3353406346102
2.03615,-993.3347352749364
2.0378166666666666,-993.3344419083253
2.0394833333333335,-993.3345396971956
2.04115,-993.3350053584832
2.042816666666667,-993.3356945371887
2.0444833333333334,-993.3364395952487
2.04615,-993.3370961776642
2.047816666666667,-993.3376037484676
2.0494833333333333,-993.3379669642718
2.0511500000000003,-993.3382323912057
2.0528166666666667,-993.3384046858821
2.0545,-993.3384233123336
2.056166666666667,-993.338148572174
2.0578333333333334,-993.3374454236298
2.0595,-993.3362766137981
2.061166666666667,-993.3347632146136
2.0628333333333333,-993.3331659963975
2.0645000000000002,-993.3318202352765
2.0661666666666667,-993.3310379243135
2.0678333333333336,-993.3309867015719
2.0695,-993.3316432839872
2.0711666666666666,-993.3327748409159
2.0728333333333335,-993.334041439618
2.074516666666667,-993.3350984907407
2.076166666666667,-993.3357317900917
2.0778333333333334,-993.3358901149295
2.0795,-993.3356898805758
2.081166666666667,-993.3353639176746
2.0828333333333333,-993.3351217738051
2.0845166666666666,-993.3350938341279
2.0861833333333335,-993.3352800986428
2.08785,-993.3355920917055
2.089516666666667,-993.3359133979939
2.0911833333333334,-993.3361927947664
2.0928500000000003,-993.3364395952487
2.094516666666667,-993.3367189920212
2.0961833333333333,-993.3371194607286
2.09785,-993.3376782542736
2.0995166666666667,-993.3383581197534
2.1011833333333336,-993.3390612682975
2.10285,-993.3396712845841
2.1045166666666666,-993.3401043495816
2.1061833333333335,-993.3403651199026
2.10785,-993.3405234447404
2.109516666666667,-993.3406910828038
2.1111833333333334,-993.3409704795764
2.11285,-993.3413988879608
2.1145333333333336,-993.3419111153771
2.1162,-993.3423907465033
2.1178666666666666,-993.3426887697274
2.1195333333333335,-993.3427306792432
2.1212,-993.3425118184381
2.122866666666667,-993.3421253195694
2.1245333333333334,-993.3417062244107
2.1262000000000003,-993.3413756048965
2.127866666666667,-993.3411800271557
2.1295333333333333,-993.341058955221
2.1312,-993.340909943609
2.1328666666666667,-993.3406352034493
2.1345333333333336,-993.3402207649035
2.1362,-993.3397318205516
2.1378666666666666,-993.3393080687799
2.1395333333333335,-993.3391078344263
2.1412,-993.3392335629738
2.142866666666667,-993.3396945676485
2.14455,-993.3403884029669
2.1462166666666667,-993.3411241478012
2.1478833333333336,-993.3417295074751
2.14955,-993.3420740968278
2.1512166666666666,-993.3421486026338
2.1528833333333335,-993.3420321873119
2.15455,-993.3418598926355
2.156216666666667,-993.3417434773137
2.1578833333333334,-993.3417108810236
2.1595500000000003,-993.3417015677978
2.161216666666667,-993.3415991223145
2.1628833333333333,-993.3413430086064
2.16455,-993.3409611663507
2.1662166666666667,-993.3405839807077
2.1678833333333336,-993.3404023728056
2.16955,-993.3405606976434
2.1712166666666666,-993.341096208124
2.1728833333333335,-993.3418738624741
2.1745666666666668,-993.3426375469857
2.1762333333333332,-993.3431078648861
2.1779,-993.3430799252088
2.1795666666666667,-993.3425025052123
2.1812333333333336,-993.3414966768313
2.1829,-993.3403185537738
2.184566666666667,-993.3392521894255
2.1862333333333335,-993.3385443842684
2.1879,-993.3382836139474
2.189566666666667,-993.3384279689465
2.1912333333333334,-993.3388377508795
2.1929000000000003,-993.339377917973
2.1945666666666668,-993.3399693078082
2.1962333333333333,-993.3406258902236
2.1979,-993.3414128577995
2.1995666666666667,-993.3423907465033
2.2012333333333336,-993.343559556335
2.202916666666667,-993.3448121851984
2.2045833333333333,-993.3459809950301
2.2062500000000003,-993.3468704080893
2.2079166666666667,-993.3473360693769
2.2095833333333332,-993.3473360693769
2.21125,-993.3469402572824
2.2129166666666666,-993.3463069579313
2.2145833333333336,-993.3456410622903
2.21625,-993.3451102084225
2.217916666666667,-993.344788902134
2.2195833333333335,-993.3446538603607
2.22125,-993.3446166074577
2.222916666666667,-993.3445979810061
2.2245833333333334,-993.344565384716
2.2262500000000003,-993.3445467582645
2.2279166666666668,-993.3445840111675
2.2295833333333333,-993.3447050831023
2.23125,-993.3448913476174
2.2329333333333334,-993.3450403592293
2.2346,-993.3450310460036
2.236266666666667,-993.3447842455212
2.2379333333333333,-993.3442953011693
2.2396000000000003,-993.3436666584312
2.2412666666666667,-993.3430519855316
2.2429333333333332,-993.3426096073084
2.2446,-993.3424466258579
2.2462666666666666,-993.3425444147282
2.2479333333333336,-993.342777245372
2.2496,-993.342963509887
2.251266666666667,-993.3429681664999
2.2529333333333335,-993.3427539623076
2.2546,-993.3424233427935
2.256266666666667,-993.3421579158595
2.2579333333333333,-993.3421253195694
2.2596000000000003,-993.3424279994064
2.2612833333333335,-993.3430426723058
2.26295,-993.3438389531075
2.264616666666667,-993.3446585169736
2.2662833333333334,-993.3453802919693
2.26795,-993.3459623685786
2.269616666666667,-993.3464373430919
2.2712833333333333,-993.3468704080893
2.2729500000000002,-993.3473034730868
2.2746166666666667,-993.3476946285682
2.2762833333333337,-993.3479181459862
2.27795,-993.3478250137288
2.2796166666666666,-993.347289503248
2.2812833333333336,-993.3463116145442
2.28295,-993.3450170761649
2.284616666666667,-993.3436433753668
2.2862833333333334,-993.3424652523094
2.28795,-993.3417015677978
2.289616666666667,-993.341436140864
2.2912833333333333,-993.341580495863
2.2929666666666666,-993.341920428603
2.2946333333333335,-993.342218451827
2.2963,-993.3423208973102
2.297966666666667,-993.3422091386012
2.2996333333333334,-993.3419763079575
2.3013,-993.341804013281
2.302966666666667,-993.3418552360226
2.3046333333333333,-993.3421998253755
2.3063000000000002,-993.3427958718235
2.3079666666666667,-993.343485050529
2.3096333333333336,-993.3440717837512
2.3113,-993.344383776814
2.3129666666666666,-993.3443511805237
2.3146333333333335,-993.3439926213324
2.3163,-993.343410544723
2.317966666666667,-993.3427167094046
2.3196333333333334,-993.3419716513446
2.3213166666666667,-993.3411614007042
2.3229833333333336,-993.3402440479679
2.32465,-993.3391869968451
2.3263166666666666,-993.3380833795937
2.3279833333333335,-993.3371008342771
2.32965,-993.3364861613775
2.331316666666667,-993.3364442518616
2.3329833333333334,-993.337068237987
2.33465,-993.3383208668504
2.336316666666667,-993.3399972474855
2.3379833333333333,-993.3418272963454
2.3396500000000002,-993.3435269600449
2.3413166666666667,-993.3448727211659
2.3429833333333336,-993.3457574776121
2.34465,-993.3461626029323
2.3463166666666666,-993.346171916158
2.3480000000000003,-993.3458878627727
2.349666666666667,-993.3454082316465
2.3513333333333333,-993.3447935587469
2.353,-993.3440717837512
2.3546666666666667,-993.343298786014
2.3563333333333336,-993.3425676977926
2.358,-993.3420042476347
2.3596666666666666,-993.3417388207008
2.3613333333333335,-993.3418598926355
2.363,-993.3423441803745
2.364666666666667,-993.3430706119831
2.3663333333333334,-993.3438249832689
2.3680000000000003,-993.3444070598783
2.369666666666667,-993.3446957698766
2.3713333333333333,-993.3446911132637
2.373,-993.3444769090714
2.3746666666666667,-993.3442021689118
2.3763333333333336,-993.343969338268
2.378,-993.343820326656
2.3796833333333334,-993.3436806282698
2.3813500000000003,-993.3434198579488
2.383016666666667,-993.3429169437583
2.3846833333333333,-993.342139289408
2.38635,-993.3411660573171
2.3880166666666667,-993.3401835120004
2.3896833333333336,-993.3394291407146
2.39135,-993.3390892079748
2.3930166666666666,-993.3392382195868
2.3946833333333335,-993.3398016697447
2.39635,-993.3405653542562
2.398016666666667,-993.3413010990905
2.3996833333333334,-993.3418179831197
2.4013500000000003,-993.3420461571505
2.403016666666667,-993.3420089042476
2.4046833333333333,-993.3417853868295
2.40635,-993.3414501107026
2.4080166666666667,-993.3410310155438
2.4097,-993.3404955050631
2.411366666666667,-993.3397970131318
2.4130333333333334,-993.3389355397499
2.4147000000000003,-993.3379716208847
2.4163666666666668,-993.3370635813741
2.4180333333333333,-993.3363790592814
2.4197,-993.3360856926703
2.4213666666666667,-993.3362393608951
2.4230333333333336,-993.33676555815
2.4247,-993.3374547368555
2.426366666666667,-993.3380647531422
2.4280333333333335,-993.3384046858821
2.4297,-993.3384326255593
2.431366666666667,-993.3382417044314
2.4330333333333334,-993.3380275002393
2.4347000000000003,-993.3379995605619
2.436366666666667,-993.3382882705603
2.4380333333333333,-993.3388750037825
2.439716666666667,-993.3396200618425
2.4413833333333335,-993.3402906140966
2.44305,-993.3407003960297
2.444716666666667,-993.340760931997
2.4463833333333334,-993.3405187881275
2.4480500000000003,-993.3401183194202
2.4497166666666668,-993.3397411337774
2.4513833333333332,-993.3395176163593
2.45305,-993.3394989899078
2.4547166666666667,-993.339638688294
2.4563833333333336,-993.3398528924863
2.45805,-993.3400670966786
2.459716666666667,-993.3402626744194
2.4613833333333335,-993.3404815352245
2.46305,-993.3408121547386
2.464716666666667,-993.3413476652192
2.4663833333333334,-993.3421066931179
2.4680666666666666,-993.343038015693
2.4697333333333336,-993.3440019345582
2.4714,-993.3448401248756
2.473066666666667,-993.3454175448722
2.4747333333333335,-993.3456969416447
2.4764,-993.3457062548705
2.478066666666667,-993.3455432734198
2.4797333333333333,-993.3453290692275
2.4814000000000003,-993.3451381480997
2.4830666666666668,-993.3449705100362
2.4847333333333332,-993.3447842455212
2.4864,-993.3445048487487
2.4880666666666666,-993.3441090366542
2.4897333333333336,-993.3436526885926
2.4914,-993.343224280208
2.493066666666667,-993.3429541966613
2.4947333333333335,-993.3429029739196
2.4964166666666667,-993.343038015693
2.4980833333333337,-993.3432289368209
2.49975,-993.343298786014
2.5014166666666666,-993.3430892384346
2.5030833333333335,-993.3425490713411
2.50475,-993.3417481339266
2.506416666666667,-993.3408400944159
2.5080833333333334,-993.3400298437756
2.50975,-993.3394803634563
2.511416666666667,-993.3392428761997
2.5130833333333333,-993.3392615026512
2.5147500000000003,-993.3394058576503
2.5164166666666667,-993.339531586198
2.5180833333333337,-993.3395548692623
2.51975,-993.3394896766821
2.5214166666666666,-993.3394105142631
2.5230833333333336,-993.3394244841018
2.52475,-993.3395874655524
2.526416666666667,-993.3398715189378
2.5281000000000002,-993.3401462590974
2.5297666666666667,-993.3402533611936
2.5314333333333336,-993.3400717532915
2.5331,-993.3395921221653
2.5347666666666666,-993.3389262265241
2.5364333333333335,-993.33825567427
2.5381,-993.3377713865311
2.539766666666667,-993.3375851220161
2.5414333333333334,-993.3376689410478
2.5431,-993.337887801853
2.544766666666667,-993.338074066368
2.5464333333333333,-993.3381020060452
2.5481000000000003,-993.3379297113688
2.5497666666666667,-993.337627031532
2.5514333333333337,-993.3373383215337
2.5531,-993.3371986231474
2.5547666666666666,-993.337291755405
2.5564500000000003,-993.3375990918547
2.558116666666667,-993.3379809341104
2.5597833333333333,-993.3382743007217
2.5614500000000002,-993.3383627763662
2.5631166666666667,-993.3382370478186
2.5647833333333336,-993.3379995605619
2.56645,-993.337813296047
2.5681166666666666,-993.3378365791114
2.5697833333333335,-993.3381346023353
2.57145,-993.3386421731387
2.573116666666667,-993.3391683703936
2.5747833333333334,-993.3395222729722
2.57645,-993.3395874655524
2.578116666666667,-993.3393965444245
2.5797833333333333,-993.3390985212005
2.5814500000000002,-993.3389122566855
2.5831166666666667,-993.3390240153946
2.5847833333333337,-993.3394989899078
2.586466666666667,-993.3402487045807
2.5881333333333334,-993.3410636118339
2.5898000000000003,-993.3417341640879
2.591466666666667,-993.3421299761823
2.5931333333333333,-993.3422603613428
2.5948,-993.34225570473
2.5964666666666667,-993.3423208973102
2.5981333333333336,-993.3426282337599
2.5998,-993.3432429066595
2.6014666666666666,-993.3440950668156
2.6031333333333335,-993.3450077629392
2.6048,-993.3457854172893
2.606466666666667,-993.3462790182541
2.6081333333333334,-993.3464559695434
2.6098000000000003,-993.3463721505117
2.611466666666667,-993.3461486330937
2.6131333333333333,-993.3458925193855
2.614816666666667,-993.3456457189031
2.6164833333333335,-993.3453849485821
2.61815,-993.3450682989065
2.619816666666667,-993.3446911132637
2.6214833333333334,-993.344304614395
2.6231500000000003,-993.3440205610096
2.624816666666667,-993.3439739948809
2.6264833333333333,-993.3442720181049
2.62815,-993.3449472269718
2.6298166666666667,-993.34594839874
2.6314833333333336,-993.3471311784103
2.63315,-993.3483232713064
2.6348166666666666,-993.3493710092033
2.6364833333333335,-993.3501905730693
2.63815,-993.3507679930659
2.639816666666667,-993.3511451787087
2.6415,-993.3513686961268
2.6431666666666667,-993.3514385453199
2.6448333333333336,-993.3512802204822
2.6465,-993.3508145591946
2.648166666666667,-993.3500043085544
2.6498333333333335,-993.348933287593
2.6515,-993.3477924174387
2.653166666666667,-993.3468610948636
2.6548333333333334,-993.3464000901889
2.6565000000000003,-993.3465770414782
2.658166666666667,-993.3473966053442
2.6598333333333333,-993.348672517272
2.6615,-993.3501020974247
2.6631666666666667,-993.3513454130624
2.6648333333333336,-993.3521463504769
2.6665,-993.352402464185
2.6681666666666666,-993.3521510070898
2.6698333333333335,-993.3515596172547
2.6715,-993.3508192158075
2.673166666666667,-993.3500974408119
2.67485,-993.3494455150093
2.6765166666666667,-993.3488448119484
2.6781833333333336,-993.3482534221132
2.67985,-993.3476760021167
2.681516666666667,-993.3472056842163
2.6831833333333335,-993.3469868234112
2.68485,-993.3471777445391
2.686516666666667,-993.3478436401803
2.6881833333333334,-993.3489006913029
2.6898500000000003,-993.3501393503277
2.691516666666667,-993.3512802204822
2.6931833333333333,-993.3520858145096
2.69485,-993.352444373701
2.6965166666666667,-993.3523791811207
2.6981833333333336,-993.3520392483808
2.69985,-993.3516061833834
2.701516666666667,-993.3512289977406
2.7032000000000003,-993.3509589141938
2.7048666666666668,-993.3507214269372
2.7065333333333337,-993.350390807423
2.7082,-993.3498413271037
2.7098666666666666,-993.349049702915
2.7115333333333336,-993.348113723727
2.7132,-993.3472289672807
2.714866666666667,-993.3466003245426
2.7165333333333335,-993.3463721505117
2.7182,-993.3465258187365
2.719866666666667,-993.3469356006696
2.7215333333333334,-993.3473919487313
2.7232166666666666,-993.3477272248583
2.7248666666666668,-993.3478622666318
2.7265333333333333,-993.3478110438901
2.7282,-993.3476853153425
2.7298666666666667,-993.3476108095365
2.7315333333333336,-993.3476853153425
2.733216666666667,-993.3479134893734
2.7348833333333333,-993.3482068559845
2.7365500000000003,-993.3484443432411
2.7382166666666667,-993.3485281622729
2.7398833333333337,-993.3484350300154
2.74155,-993.348225482436
2.7432166666666666,-993.3480066216308
2.7448833333333336,-993.3478622666318
2.74655,-993.3478110438901
2.748216666666667,-993.3477644777613
2.7498833333333335,-993.3476154661494
2.75155,-993.3472708767965
2.753216666666667,-993.3467493361545
2.7548833333333334,-993.346171916158
2.7565500000000003,-993.3457202247091
2.7582166666666668,-993.3455525866456
2.7598833333333332,-993.3457341945477
2.76155,-993.3461998558353
2.7632333333333334,-993.3467912456704
2.7649,-993.3473081296996
2.766566666666667,-993.3476108095365
2.7682333333333333,-993.3476480624395
2.7699000000000003,-993.3474850809888
2.7715666666666667,-993.3472615635708
2.7732333333333337,-993.3471311784103
2.7749,-993.3471824011519
2.7765666666666666,-993.3474012619571
2.7782333333333336,-993.3476573756652
2.7799,-993.3477877608258
2.781566666666667,-993.3476853153425
2.7832333333333334,-993.3473826355056
2.7849,-993.3470473593786
2.786566666666667,-993.3469123176052
2.7882333333333333,-993.3471824011519
2.7899000000000003,-993.3479460856635
2.7915833333333335,-993.3491055822694
2.79325,-993.3504373735517
2.794916666666667,-993.3516480928993
2.7965833333333334,-993.3525095662812
2.7982500000000003,-993.3529193482143
2.799916666666667,-993.3529146916014
2.8015833333333333,-993.3526492646674
2.8032500000000002,-993.3523093319276
2.8049166666666667,-993.3520439049937
2.8065833333333337,-993.3518902367688
2.80825,-993.3517924478984
2.8099166666666666,-993.3516294664478
2.8115833333333335,-993.3513174733852
2.81325,-993.3508518120976
2.814916666666667,-993.3503209582299
2.8165833333333334,-993.349869266781
2.81825,-993.3496457493629
2.819916666666667,-993.3497295683947
2.8216,-993.3501160672633
2.8232666666666666,-993.3506981438727
2.8249333333333335,-993.3513500696753
2.8266,-993.3519554293491
2.828266666666667,-993.3524536869268
2.8299333333333334,-993.3528634688597
2.8316000000000003,-993.3532499677284
2.833266666666667,-993.3536597496615
2.8349333333333333,-993.3541160977231
2.8366000000000002,-993.3545351928819
2.8382666666666667,-993.354795963203
2.8399333333333336,-993.3547726801386
2.8416,-993.3544141209472
2.8432666666666666,-993.3537947914348
2.8449333333333335,-993.3530823296649
2.8466,-993.3525049096684
2.848266666666667,-993.3522720790246
2.84995,-993.3524955964426
2.8516166666666667,-993.3531475222451
2.8532833333333336,-993.3540881580459
2.85495,-993.3551265827172
2.8566166666666666,-993.356104471421
2.8582833333333335,-993.3569100654483
2.85995,-993.3575107685092
2.861616666666667,-993.3579065806036
2.8632833333333334,-993.358116128183
2.8649500000000003,-993.3581114715702
2.866616666666667,-993.3578367314105
2.8682833333333333,-993.3572127452852
2.8699500000000002,-993.3562208867428
2.8716166666666667,-993.3549123785249
2.8732833333333336,-993.3534269190177
2.87495,-993.3519740558006
2.8766166666666666,-993.3507866195174
2.8782833333333335,-993.3500462180702
2.879966666666667,-993.349832013878
2.8816333333333333,-993.3501160672633
2.8833,-993.3507819629045
2.8849666666666667,-993.3516667193508
2.8866333333333336,-993.3526399514417
2.8883,-993.3536131835326
2.889966666666667,-993.3545258796562
2.8916333333333335,-993.3553221604578
2.8933,-993.3559461465832
2.894966666666667,-993.3563140190003
2.8966333333333334,-993.3563326454519
2.8983000000000003,-993.3559414899703
2.899966666666667,-993.3551638356201
2.9016333333333333,-993.3540974712716
2.9033,-993.3529146916014
2.9049666666666667,-993.3518064177371
2.9066333333333336,-993.3509263179036
2.9083,-993.3503488979071
2.9099833333333334,-993.350018278393
2.9116500000000003,-993.3498133874265
2.9133166666666668,-993.3496131530728
2.9149833333333333,-993.3493570393647
2.91665,-993.3490776425922
2.9183166666666667,-993.3488913780772
2.9199833333333336,-993.3489286309801
2.92165,-993.3492871901716
2.923316666666667,-993.3499670556513
2.9249833333333335,-993.3508564687105
2.92665,-993.351773821447
2.928316666666667,-993.3525514757971
2.9299833333333334,-993.3530869862777
2.9316500000000003,-993.3534036359533
2.933316666666667,-993.3535899004683
2.9349833333333333,-993.3537761649833
2.936666666666667,-993.3540276220785
2.9383333333333335,-993.3543163320768
2.94,-993.354497939979
2.941666666666667,-993.3544001511086
2.9433333333333334,-993.3538925803052
2.9450000000000003,-993.352965914343
2.9466666666666668,-993.3517691648341
2.9483333333333337,-993.3505631020994
2.95,-993.3496317795243
2.9516666666666667,-993.3492080277526
2.9533333333333336,-993.3493570393647
2.955,-993.3499717122642
2.956666666666667,-993.3508099025818
2.9583333333333335,-993.3516108399963
2.96,-993.3522022298315
2.961666666666667,-993.3525328493456
2.9633333333333334,-993.352667891119
2.9650000000000003,-993.3527470535379
2.966666666666667,-993.3528774386983
2.96835,-993.3531009561164
2.970016666666667,-993.3533477565987
2.9716833333333335,-993.3535153946623
2.97335,-993.3534921115979
2.975016666666667,-993.3532546243413
2.9766833333333333,-993.3528634688597
2.9783500000000003,-993.3524536869268
2.9800166666666668,-993.3521789467671
2.9816833333333337,-993.352141693864
2.98335,-993.3523372716048
2.9850166666666667,-993.3526632345062
2.9866833333333336,-993.352965914343
2.98835,-993.3531195825678
2.990016666666667,-993.3530823296649
2.9916833333333335,-993.3528820953112
2.9933666666666667,-993.3526073551516
2.995016666666667,-993.3523558980563
2.9967,-993.3521742901543
2.9983666666666666,-993.3520299351551
