min,µS/cm
0.0,-997.3509707475785
0.0016666666666667052,-997.3503933275819
0.0033333333333334103,-997.3495597938772
0.004999999999999893,-997.3479579190481
0.006666666666666599,-997.3451220418071
0.008333333333333304,-997.3410288790898
0.010000000000000009,-997.336279133957
0.011666666666666714,-997.3319671104346
0.01333333333333342,-997.3293268109343
0.014999999999999902,-997.3293407807729
0.016683333333333383,-997.3324420849478
0.01835000000000009,-997.3384118626539
0.02001666666666657,-997.3464631463152
0.021683333333333277,-997.3554364393258
0.023349999999999982,-997.3640604863707
0.025016666666666687,-997.371213043747
0.026683333333333392,-997.3761350835563
0.028350000000000097,-997.3785378957998
0.03001666666666658,-997.3785937751544
0.031683333333333286,-997.376856858552
0.03334999999999999,-997.374090830504
0.035016666666666696,-997.371068688748
0.0366833333333334,-997.3684283892477
0.038350000000000106,-997.3665610874847
0.04001666666666659,-997.3655831987809
0.041683333333333294,-997.3653829644273
0.04335,-997.3657135839414
0.045016666666666705,-997.3662770340993
0.046699999999999964,-997.3667892615156
0.04836666666666667,-997.3670407186108
0.050033333333333374,-997.3669056768375
0.05170000000000008,-997.3663329134538
0.05336666666666656,-997.365206013138
0.05503333333333327,-997.3627938876687
0.05669999999999997,-997.3559998894837
0.05836666666666668,-997.3348262707399
0.06003333333333338,-997.2725813264365
0.06170000000000009,-997.1077884533944
0.06336666666666657,-996.7152778975271
0.06503333333333328,-995.8665776047234
0.06669999999999998,-994.1841806258001
0.06836666666666669,-991.1001105751377
0.07003333333333339,-985.8336909608141
0.0717000000000001,-977.4056174687136
0.07336666666666658,-964.7028338931049
0.07505000000000006,-946.6004515749404
0.07671666666666677,-922.1336249830823
0.07838333333333325,-890.6985031863202
0.08004999999999995,-852.2493489329933
0.08171666666666666,-807.4538134073158
0.08338333333333336,-757.7701894369769
0.08505000000000007,-705.4200632057247
0.08671666666666655,-653.2460128205112
0.08838333333333326,-604.463899789594
0.09004999999999996,-562.3387967060967
0.09171666666666667,-529.8289333143406
0.09338333333333337,-509.24979639670335
0.09505000000000008,-502.00897292327556
0.09671666666666678,-508.4514666853712
0.09838333333333327,-527.8369367717937
0.10004999999999997,-558.4490348391463
0.10171666666666668,-597.816272917118
0.10338333333333338,-643.0082771196069
0.10506666666666664,-690.9624490379181
0.10673333333333335,-738.7955210817956
0.10840000000000005,-784.0606853291675
0.11006666666666676,-824.9227566760605
0.11173333333333324,-860.2385646012791
0.11339999999999995,-889.5447668105106
0.11506666666666665,-912.9684515823463
0.11673333333333336,-931.084636101073
0.11840000000000006,-944.7482046413926
0.12006666666666677,-954.9271878576499
0.12173333333333325,-962.5601586711407
0.12339999999999995,-968.4534608239557
0.12506666666666666,-973.2242072807737
0.12673333333333336,-977.2865897870095
0.12840000000000007,-980.8717905454672
0.13006666666666677,-984.0694586672213
0.13173333333333326,-986.8785743540519
0.13341666666666674,-989.2571582408888
0.13508333333333344,-991.1629469092762
0.13674999999999993,-992.5806573557577
0.13841666666666663,-993.5345924429291
0.14008333333333334,-994.0882404307314
0.14175000000000004,-994.3342213492534
0.14341666666666675,-994.3789993386617
0.14508333333333323,-994.3265006851062
0.14674999999999994,-994.2642091746741
0.14841666666666664,-994.2539553131228
0.15008333333333335,-994.3283121075148
0.15175000000000005,-994.4923645791097
0.15341666666666676,-994.72948396333
0.15508333333333346,-995.0095233484216
0.15674999999999994,-995.2974929452397
0.15841666666666665,-995.5612574683322
0.16008333333333336,-995.7770262825196
0.16175000000000006,-995.932249816103
0.16341666666666677,-996.0258896444113
0.16510000000000002,-996.0665325615865
0.16676666666666673,-996.069200800764
0.16843333333333343,-996.051580177644
0.17009999999999992,-996.0305555705123
0.17176666666666662,-996.019519397998
0.17343333333333333,-996.0268489066636
0.17510000000000003,-996.0555103589107
0.17676666666666674,-996.1036737058795
0.17843333333333322,-996.1660443787305
0.18009999999999993,-996.2355024163777
0.18176666666666663,-996.3047229667682
0.18343333333333334,-996.3675406744552
0.18510000000000004,-996.4197925275283
0.1867833333333333,-996.4596810734178
0.18843333333333345,-996.4876440337335
0.19009999999999994,-996.5058746731402
0.19176666666666664,-996.5176046809729
0.19345000000000012,-996.5263823962428
0.1951166666666666,-996.5353975987692
0.1967833333333333,-996.5470251611188
0.19845000000000002,-996.5625363386062
0.20011666666666672,-996.5821080825208
0.20178333333333343,-996.6049906781898
0.2034499999999999,-996.6298197380406
0.2051166666666666,-996.6549933872442
0.20678333333333332,-996.6790075398418
0.20845000000000002,-996.7007120124533
0.21011666666666673,-996.7194409094376
0.21178333333333343,-996.7350405625697
0.21344999999999992,-996.7478183082993
0.21511666666666662,-996.7583795063003
0.21678333333333333,-996.7675204373745
0.21845000000000003,-996.7760280690976
0.22011666666666674,-996.7845636404979
0.2218,-996.7935741864114
0.2234666666666667,-996.8032413147405
0.2251333333333334,-996.8134905196789
0.2268000000000001,-996.8240517176799
0.2284666666666666,-996.8345477231007
0.2301333333333333,-996.8445734106211
0.2318,-996.8537702210498
0.2334666666666667,-996.8619239501943
0.23513333333333342,-996.8689600922488
0.2367999999999999,-996.8749764360837
0.2384666666666666,-996.8801732160524
0.2401333333333333,-996.8848251723148
0.24180000000000001,-996.889183761966
0.24346666666666672,-996.8934212796825
0.24513333333333343,-996.8976168878831
0.24681666666666668,-996.9017473035035
0.2484833333333334,-996.9057473339633
0.2501500000000001,-996.9095191903922
0.2518166666666668,-996.9130163066616
0.2534833333333333,-996.9162293695455
0.25515,-996.9192142583985
0.2568166666666667,-996.9220594488653
0.2584833333333334,-996.9248999827191
0.2601500000000001,-996.9278755583465
0.2618166666666666,-996.9311165609076
0.2634833333333333,-996.9347021528216
0.26515,-996.9386602737655
0.2668166666666667,-996.942972297288
0.2684833333333334,-996.9475683741958
0.2701499999999999,-996.9523739986831
0.2718166666666668,-996.9572913818794
0.2734833333333333,-996.9622367047529
0.27515,-996.967121491659
0.2768166666666667,-996.9718712367918
0.2784833333333334,-996.9764626570868
0.2801500000000001,-996.9809423186728
0.2818333333333334,-996.9854266368716
0.2835000000000001,-996.9900925629726
0.2851666666666668,-996.9950984218135
0.2868333333333333,-997.0005466588775
0.2885,-997.0064279609389
0.2901666666666667,-997.0126445391275
0.2918333333333334,-997.0190101289279
0.2935000000000001,-997.0253198393739
0.2951666666666666,-997.0314106890147
0.2968333333333333,-997.0371569493027
0.2985,-997.0425260239479
0.3001666666666667,-997.0475505092403
0.3018333333333334,-997.0523188808245
0.3034999999999999,-997.0569382407967
0.3051666666666668,-997.0615250044789
0.3068333333333333,-997.066149021064
0.3085,-997.070852200068
0.3101666666666667,-997.0756159150394
0.31184999999999996,-997.080407569688
0.31351666666666667,-997.0851666280465
0.31518333333333337,-997.089851180599
0.3168500000000001,-997.0944146612168
0.3185166666666668,-997.098810503771
0.32018333333333326,-997.1029828289072
0.32184999999999997,-997.106871100658
0.3235166666666667,-997.1104427227333
0.3251833333333334,-997.1136930385203
0.3268500000000001,-997.1166779273733
0.32851666666666657,-997.119485864937
0.3301833333333333,-997.1222379231464
0.33185,-997.1250272342586
0.3335166666666667,-997.1279003644026
0.3351833333333334,-997.1308526569655
0.3368500000000001,-997.1338328892057
0.3385166666666668,-997.1367572420913
0.34020000000000006,-997.1395465532037
0.34186666666666676,-997.1421495998009
0.34353333333333347,-997.1445663818831
0.34519999999999995,-997.1468388089662
0.34686666666666666,-997.1490693265335
0.34853333333333336,-997.151365036681
0.35020000000000007,-997.1538097584405
0.35186666666666677,-997.1564360881022
0.35353333333333326,-997.1592160859886
0.35519999999999996,-997.1620659330683
0.35686666666666667,-997.1648878404707
0.35853333333333337,-997.1675933325512
0.3602000000000001,-997.1701358431811
0.36186666666666656,-997.1725014025218
0.3635333333333335,-997.1746993237989
0.36519999999999997,-997.1767668599155
0.3668666666666667,-997.1787319505488
0.36855000000000016,-997.1806271919891
0.37021666666666664,-997.1824805239133
0.37188333333333334,-997.1843198859991
0.37355000000000005,-997.1861592480849
0.37521666666666675,-997.1880079233963
0.37688333333333346,-997.1898565987078
0.37854999999999994,-997.1916866475677
0.38021666666666665,-997.1934794435247
0.38188333333333335,-997.1952023902886
0.38355000000000006,-997.196827548182
0.38521666666666676,-997.1983409473664
0.38688333333333325,-997.1997332746162
0.38854999999999995,-997.2010464394469
0.39021666666666666,-997.202354947665
0.39188333333333336,-997.2037426183018
0.39355000000000007,-997.205302583615
0.39521666666666655,-997.207053470056
0.3968833333333335,-997.2089766511735
0.39854999999999996,-997.2109836513227
0.4002333333333332,-997.2129813382462
0.40190000000000015,-997.2148672664607
0.40356666666666663,-997.2165808999988
0.40523333333333333,-997.2181082690219
0.40690000000000004,-997.2194633433686
0.40856666666666674,-997.2207020023934
0.41023333333333345,-997.2218987519024
0.41189999999999993,-997.2231141278628
0.41356666666666664,-997.2244179794678
0.41523333333333334,-997.2258429030077
0.41690000000000005,-997.2273935550951
0.41856666666666675,-997.2290280262143
0.42023333333333324,-997.2306811237851
0.42189999999999994,-997.2322597155497
0.42356666666666665,-997.2336846390896
0.42523333333333335,-997.23490001505
0.42690000000000006,-997.2358779037538
0.4285833333333333,-997.2366322750396
0.43025,-997.2372143516491
0.4319166666666667,-997.2377219224525
0.43358333333333343,-997.2382760593846
0.43525000000000014,-997.2390024909931
0.4369166666666666,-997.2400083193742
0.4385833333333333,-997.2413354540437
0.44025000000000003,-997.2429373288727
0.44191666666666674,-997.2446975285395
0.44358333333333344,-997.2464530715935
0.4452499999999999,-997.2480316633582
0.44691666666666663,-997.2493262017375
0.44858333333333333,-997.2502901206027
0.45025000000000004,-997.2509699860825
0.45191666666666674,-997.2514496172087
0.4535833333333332,-997.2518547425288
0.45525000000000015,-997.2522971207519
0.45691666666666664,-997.2528745407485
0.4585999999999999,-997.2536195988085
0.4602666666666668,-997.2545276383192
0.4619333333333333,-997.2555474365389
0.4636,-997.2566138008873
0.4652666666666667,-997.2576661953971
0.4669333333333334,-997.2586720237782
0.4686000000000001,-997.259608002966
0.4702666666666666,-997.260469476348
0.4719333333333333,-997.2612471306982
0.4736,-997.2619363094037
0.4752666666666667,-997.2625556389161
0.47693333333333343,-997.2631377155255
0.4785999999999999,-997.2637337619735
0.4802666666666666,-997.2644136274533
0.4819333333333333,-997.2652331913193
0.48360000000000003,-997.2662017667974
0.48526666666666673,-997.2672774443716
0.48695,-997.268381061623
0.4886166666666667,-997.2694008598427
0.4902833333333334,-997.2702204237088
0.4919499999999999,-997.2707605908023
0.4936166666666668,-997.2709980780589
0.4952833333333333,-997.2709747949946
0.49695,-997.2708025003182
0.4986166666666667,-997.2706395188676
0.5002833333333332,-997.2706534887062
0.5019500000000001,-997.2709701383817
0.5036166666666666,-997.2716453472486
0.5052833333333333,-997.2726418624039
0.50695,-997.2738525817515
0.5086166666666667,-997.2751191804535
0.5102833333333334,-997.2762926468981
0.5119499999999999,-997.277265878989
0.5136166666666668,-997.2779876539847
0.5152833333333333,-997.278462628498
0.5169666666666666,-997.2787466818834
0.5186333333333335,-997.2789050067211
0.5203,-997.2790307352687
0.5219666666666667,-997.2792123431709
0.5236333333333334,-997.279505709782
0.5252999999999999,-997.2799434313923
0.5269666666666668,-997.2805208513888
0.5286333333333333,-997.2811914036429
0.5303,-997.2818898955742
0.5319666666666667,-997.2825418213766
0.5336333333333334,-997.2830633620187
0.5353000000000001,-997.2834079513715
0.5369666666666666,-997.2835476497577
0.5386333333333335,-997.2835057402418
0.5403,-997.2833567286299
0.5419666666666667,-997.2832263434693
0.5436333333333334,-997.283272909598
0.5453166666666667,-997.2836268121766
0.5469833333333334,-997.2843765268495
0.5486500000000001,-997.2855080837782
0.5503166666666666,-997.2869283507051
0.5519833333333335,-997.2884557197283
0.55365,-997.2898946131066
0.5553166666666667,-997.2910634229384
0.5569833333333334,-997.2918317640627
0.5586499999999999,-997.2921530703512
0.5603166666666668,-997.2920506248679
0.5619833333333333,-997.291640842935
0.56365,-997.2910727361641
0.5653166666666667,-997.2905372256835
0.5669833333333334,-997.2901972929436
0.5686500000000001,-997.2901600400405
0.5703166666666666,-997.2904534066517
0.5719833333333335,-997.2910261700354
0.57365,-997.2917619148697
0.5753333333333333,-997.2925162861554
0.5770000000000002,-997.2931449288936
0.5786666666666667,-997.293540740988
0.5803333333333334,-997.2936478430842
0.5820000000000001,-997.2934569219562
0.5836666666666666,-997.2930471400232
0.5853333333333335,-997.2925395692198
0.587,-997.292083221158
0.5886666666666667,-997.2918317640627
0.5903333333333334,-997.2918783301916
0.5920000000000001,-997.2922508592216
0.5936666666666668,-997.292907441637
0.5953333333333333,-997.2937596017931
0.597,-997.2946909243682
0.5986666666666667,-997.2955803374274
0.6003333333333334,-997.296339365326
0.6020000000000001,-997.2969028154839
0.6036666666666666,-997.2972474048368
0.60535,-997.2973777899972
0.6070166666666668,-997.29734985032
0.6086833333333332,-997.2972567180625
0.6103500000000002,-997.2971915254822
0.6120166666666667,-997.2972380916109
0.6136833333333334,-997.2974336693517
0.6153500000000001,-997.2977875719303
0.6170166666666665,-997.2982672030564
0.6186833333333335,-997.2988073701499
0.62035,-997.2993335674048
0.6220166666666667,-997.2997619757894
0.6236833333333334,-997.3000320593361
0.6253500000000001,-997.3001158783678
0.6270166666666668,-997.3000413725619
0.6286833333333333,-997.2998877043369
0.6303500000000002,-997.2997806022408
0.6320166666666667,-997.2998457948211
0.6336833333333334,-997.3001717577224
0.6353666666666669,-997.3007678041704
0.6370333333333333,-997.3015687415849
0.6387,-997.3024488414184
0.6403666666666668,-997.3032637486715
0.6420333333333332,-997.3038877347968
0.6437000000000002,-997.3042276675367
0.6453666666666666,-997.3042602638268
0.6470333333333333,-997.3040367464088
0.6487,-997.3036642173788
0.6503666666666665,-997.3033103148002
0.6520333333333335,-997.3031380201239
0.6537,-997.3032730618972
0.6553666666666667,-997.3037620062491
0.6570333333333334,-997.3045443172122
0.6587000000000001,-997.3054896096259
0.6603666666666668,-997.3064116189752
0.6620333333333333,-997.3071473638095
0.6637166666666667,-997.3075850854198
0.6653833333333334,-997.3076782176772
0.6670499999999999,-997.3074686700978
0.6687166666666668,-997.3070495749391
0.6703833333333333,-997.3065466607486
0.67205,-997.3061089391383
0.6737166666666667,-997.3058714518817
0.6753833333333332,-997.305931987849
0.6770500000000002,-997.3063138301048
0.6787166666666666,-997.3069983521974
0.6803833333333333,-997.3078831086438
0.68205,-997.3088516841218
0.6837166666666668,-997.3097736934711
0.6853833333333335,-997.3105373779827
0.6870499999999999,-997.3110635752375
0.6887166666666669,-997.3113243455585
0.6903833333333333,-997.3113150323328
0.69205,-997.311082201689
0.6937333333333333,-997.3107189858848
0.6954,-997.3103418002419
0.6970666666666667,-997.3100810299209
0.6987333333333334,-997.3100344637921
0.7003999999999999,-997.3102533245973
0.7020666666666668,-997.3107096726591
0.7037333333333333,-997.3113336587843
0.7054,-997.3119995544255
0.7070666666666667,-997.3125816310348
0.7087333333333332,-997.3129774431293
0.7104000000000001,-997.3131311113542
0.7120666666666666,-997.3130379790966
0.7137333333333333,-997.3127678955499
0.7154,-997.3124372760358
0.7170666666666667,-997.3121904755534
0.7187333333333334,-997.3121578792633
0.7203999999999999,-997.3124000231328
0.7220833333333334,-997.3129029373233
0.7237500000000001,-997.313582802803
0.7254166666666666,-997.3143045777987
0.7270833333333335,-997.314928563924
0.72875,-997.31534300247
0.7304166666666667,-997.3154780442433
0.7320833333333334,-997.3153290326313
0.7337499999999999,-997.314928563924
0.7354166666666668,-997.3143651137661
0.7370833333333333,-997.3137550974794
0.73875,-997.3132335568374
0.7404166666666667,-997.3129262203877
0.7420833333333332,-997.3129262203877
0.7437500000000001,-997.3132661531275
0.7454166666666666,-997.3139041090915
0.7470833333333333,-997.314742299409
0.74875,-997.3156503389197
0.7504166666666667,-997.3164792160114
0.7520833333333334,-997.317093888911
0.7537666666666667,-997.3174105385865
0.7554333333333334,-997.3173779422964
0.7571000000000001,-997.3170380095565
0.7587666666666666,-997.31649318585
0.7604333333333335,-997.3158971394021
0.7621,-997.3154175082759
0.7637666666666667,-997.3151846776321
0.7654333333333334,-997.3152545268252
0.7670999999999999,-997.3155804897266
0.7687666666666668,-997.3160740906914
0.7704333333333333,-997.3166142577849
0.7721,-997.3170845756853
0.7737666666666667,-997.3174198518122
0.7754333333333334,-997.3175828332629
0.7771000000000001,-997.3175828332629
0.7787666666666666,-997.3174617613281
0.7804333333333335,-997.3172987798775
0.7821166666666668,-997.3171730513299
0.7837833333333333,-997.3171730513299
0.7854500000000002,-997.3173500026192
0.7871166666666667,-997.317727188262
0.7887833333333334,-997.3182580421299
0.7904500000000001,-997.3188820282551
0.7921166666666666,-997.3194967011547
0.7937833333333335,-997.3200182417967
0.79545,-997.3203674877623
0.7971166666666667,-997.3205025295357
0.7987833333333334,-997.3204373369555
0.8004499999999999,-997.3202138195375
0.8021166666666668,-997.3199251095391
0.8037833333333333,-997.3196922788953
0.80545,-997.3196177730894
0.8071166666666667,-997.3197481582499
0.8087833333333334,-997.3200880909898
0.8104666666666667,-997.320563065503
0.8121333333333334,-997.3210799495322
0.8138000000000001,-997.3215456108197
0.8154666666666668,-997.3218902001724
0.8171333333333333,-997.3221044043647
0.8188000000000002,-997.3221975366223
0.8204666666666667,-997.3222021932352
0.8221333333333334,-997.3221649403322
0.8238000000000001,-997.322132344042
0.8254666666666666,-997.3221556271064
0.8271333333333335,-997.3222720424283
0.8288,-997.3225095296849
0.8304666666666667,-997.3228774021021
0.8321333333333334,-997.3233477200024
0.8337999999999999,-997.3238739172574
0.8354666666666668,-997.3244001145123
0.8371500000000001,-997.3248424927355
0.8388166666666665,-997.3251405159594
0.8404833333333335,-997.3252243349912
0.84215,-997.3250753233792
0.8438166666666667,-997.3247121075749
0.8454833333333334,-997.3242091933844
0.8471500000000001,-997.3237062791939
0.8488166666666668,-997.3233384067767
0.8504833333333333,-997.3232406179063
0.8521500000000002,-997.3234594787115
0.8538166666666667,-997.3239717061277
0.8554833333333334,-997.3246795112848
0.8571500000000001,-997.3254385391834
0.8588166666666666,-997.326090464986
0.8604833333333335,-997.3265235299833
0.86215,-997.326686511434
0.8638166666666667,-997.3265933791765
0.8654833333333334,-997.3263279522427
0.8671500000000001,-997.3260159591799
0.8688166666666668,-997.3257924417619
0.8705,-997.3257691586975
0.8721666666666668,-997.3259693930512
0.8738333333333335,-997.326351235307
0.8755,-997.3268075833688
0.8771666666666669,-997.3272173653017
0.8788333333333334,-997.3274921054614
0.8805000000000001,-997.327585237719
0.8821666666666668,-997.3275107319129
0.8838333333333332,-997.327324467398
0.8855000000000002,-997.3270823235284
0.8871666666666667,-997.3268588061104
0.8888333333333334,-997.3267004812726
0.8905000000000001,-997.326649258531
0.8921666666666666,-997.3267423907885
0.8938333333333335,-997.3269798780451
0.8955,-997.327357063688
0.8971666666666667,-997.32784600804
0.8988333333333334,-997.3284001449721
0.9005166666666666,-997.3289589385171
0.9021833333333333,-997.3294385696432
0.90385,-997.3297412494802
0.9055166666666667,-997.3297971288347
0.9071833333333335,-997.3295549849652
0.9088499999999999,-997.3290520707747
0.9105166666666669,-997.3283908317463
0.9121833333333333,-997.3277435625566
0.91385,-997.3272779012692
0.9155166666666668,-997.3271195764314
0.9171833333333332,-997.3273198107851
0.9188500000000002,-997.3278227249756
0.9205166666666666,-997.3285025904554
0.9221833333333334,-997.3292150522252
0.9238500000000001,-997.3298017854476
0.9255166666666668,-997.3301650012518
0.9271833333333335,-997.3302581335093
0.9288666666666667,-997.3301137785102
0.9305333333333332,-997.3298064420604
0.9322000000000001,-997.3294571960947
0.9338666666666666,-997.3291964257737
0.9355333333333333,-997.3291265765806
0.9372,-997.3293035278699
0.9388666666666667,-997.3297272796416
0.9405333333333334,-997.3303140128638
0.9421999999999999,-997.330942655602
0.9438666666666669,-997.3314688528569
0.9455333333333333,-997.3317901591453
0.9472,-997.3318320686611
0.9488666666666667,-997.3315806115659
0.9505333333333332,-997.3310823539882
0.9522000000000002,-997.3304257715728
0.9538666666666666,-997.3297365928673
0.9555333333333333,-997.329149859645
0.9572166666666668,-997.3288006136794
0.9588833333333333,-997.3287493909378
0.96055,-997.3290241310974
0.9622166666666667,-997.3295829246424
0.9638833333333334,-997.3303279827024
0.9655500000000001,-997.3311522031813
0.9672166666666666,-997.3319252009187
0.9688833333333335,-997.3325538436568
0.97055,-997.3329636255899
0.9722166666666667,-997.3331266070404
0.9738833333333334,-997.3330614144602
0.9755499999999999,-997.3328285838164
0.9772166666666668,-997.3325259039796
0.9788833333333333,-997.3322511638199
0.98055,-997.3321161220465
0.9822166666666667,-997.332176658014
0.9838833333333332,-997.3324607113993
0.98555,-997.3329403425255
0.9872166666666667,-997.3335503588121
0.9889,-997.3342022846147
0.9905666666666667,-997.3347797046112
0.9922333333333334,-997.3351755167056
0.9939,-997.3352919320274
0.9955666666666667,-997.3351010108996
0.9972333333333334,-997.3346260363863
0.9989,-997.3339880804224
1.0005666666666666,-997.3333361546198
1.0022333333333333,-997.3328378970422
1.0039,-997.3326236928499
1.0055666666666667,-997.332735451559
1.0072333333333334,-997.3331312636534
1.0089000000000001,-997.3336807439726
1.0105666666666666,-997.3342162544533
1.0122333333333333,-997.3345934400961
1.0139,-997.3347145120309
1.0155666666666667,-997.3345655004189
1.01725,-997.3342069412275
1.0189166666666667,-997.3337692196172
1.0205833333333334,-997.3333920339744
1.02225,-997.3332104260722
1.0239166666666668,-997.333294245104
1.0255833333333333,-997.3336388344568
1.02725,-997.3341836581632
1.0289166666666667,-997.3348309273528
1.0305833333333334,-997.3355061362197
1.0322500000000001,-997.3361347789579
1.0339166666666668,-997.3366656328257
1.0355833333333333,-997.3370707581458
1.03725,-997.3373361850797
1.0389166666666667,-997.3374526004015
1.0405833333333334,-997.33743397395
1.0422500000000001,-997.3373082454025
1.0439166666666668,-997.3371173242746
1.0455833333333333,-997.3369077766952
1.0472666666666668,-997.336726168793
1.0489333333333333,-997.3366050968583
1.0506,-997.3365585307296
1.0522666666666667,-997.3365631873424
1.0539333333333334,-997.3365864704068
1.0556,-997.3365725005682
1.0572666666666668,-997.336465398472
1.0589333333333333,-997.3362232546025
1.0606,-997.3358553821854
1.0622666666666667,-997.335422317188
1.0639333333333334,-997.3350404749322
1.0656,-997.3348402405786
1.0672666666666668,-997.3349147463846
1.0689333333333333,-997.3352965886403
1.0706,-997.3359298879914
1.0722666666666667,-997.3367075423415
1.0739333333333334,-997.3374758834659
1.0756166666666667,-997.3381231526556
1.0772833333333334,-997.3385655308788
1.07895,-997.3387890482968
1.0806166666666668,-997.338816987974
1.0822833333333335,-997.338705229265
1.08395,-997.33851896475
1.0856166666666667,-997.3383373568479
1.0872833333333334,-997.3382349113646
1.08895,-997.338258194429
1.0906166666666668,-997.3383978928152
1.0922833333333335,-997.338630723459
1.09395,-997.3389008070058
1.0956166666666667,-997.3391382942624
1.0972833333333334,-997.3393105889388
1.09895,-997.3393850947448
1.1006166666666668,-997.3393524984547
1.1022833333333333,-997.3392314265199
1.10395,-997.3390498186178
1.1056333333333335,-997.3388682107156
1.1073,-997.3387611086196
1.1089666666666667,-997.3388076747483
1.1106333333333334,-997.3390591318436
1.1123,-997.3395201365182
1.1139666666666668,-997.3401348094177
1.1156333333333335,-997.340796048446
1.1173,-997.3413827816682
1.1189666666666667,-997.3417692805369
1.1206333333333334,-997.3418950090845
1.1223,-997.3417506540854
1.1239666666666668,-997.3413827816682
1.1256333333333335,-997.3408891807035
1.1273,-997.3403769532872
1.1289666666666667,-997.3399671713543
1.1306500000000002,-997.3397669370006
1.1323166666666666,-997.3398367861937
1.1339833333333333,-997.340195345385
1.13565,-997.3408053616718
1.1373166666666668,-997.3415737027962
1.1389833333333335,-997.3423746402107
1.1406500000000002,-997.3430591623033
1.1423166666666666,-997.3435061971394
1.1439833333333334,-997.3436272690741
1.14565,-997.3433944384304
1.1473166666666668,-997.3428635845626
1.1489833333333335,-997.3421418095669
1.15065,-997.341392094894
1.1523166666666667,-997.3407820786074
1.1539833333333334,-997.3404561157062
1.15565,-997.3404840553834
1.1573166666666668,-997.3408379579619
1.1589833333333335,-997.3414060647326
1.16065,-997.3420114244065
1.1623166666666667,-997.3424817423069
1.1640000000000001,-997.3426866332734
1.1656666666666666,-997.3425748745643
1.1673333333333333,-997.34217906247
1.169,-997.3416016424734
1.1706666666666667,-997.3410009394125
1.1723333333333334,-997.3405399347379
1.1740000000000002,-997.3403676400615
1.1756666666666666,-997.3405445913507
1.1773333333333333,-997.341056818767
1.179,-997.3418205032785
1.1806666666666668,-997.3427052597249
1.1823333333333335,-997.3435667331067
1.1840000000000002,-997.344302477941
1.1856666666666666,-997.3448426450345
1.1873333333333334,-997.3451499814844
1.189,-997.3452198306775
1.1906666666666668,-997.3450754756783
1.1923333333333335,-997.3447634826157
1.1940166666666667,-997.3443583572955
1.1956833333333334,-997.3439625452012
1.1973500000000001,-997.3436645219772
1.1990166666666666,-997.3435387934295
1.2006833333333333,-997.3435853595582
1.20235,-997.3437669674604
1.2040166666666667,-997.3439904848784
1.2056833333333334,-997.3441394964905
1.2073500000000001,-997.3441255266519
1.2090166666666666,-997.3438833827823
1.2106833333333333,-997.3433990950433
1.21235,-997.3427471692407
1.2140166666666667,-997.3420440206966
1.2156833333333334,-997.3414666007001
1.2173500000000002,-997.3411778907017
1.2190166666666666,-997.3412849927979
1.2206833333333333,-997.3417972202142
1.2223666666666668,-997.3426167840802
1.2240333333333333,-997.3435760463325
1.2257,-997.3444747726174
1.2273666666666667,-997.3451546380973
1.2290333333333334,-997.3455038840629
1.2307000000000001,-997.3455085406757
1.2323666666666668,-997.3452058608389
1.2340333333333333,-997.3446982900355
1.2357,-997.3441022435874
1.2373666666666667,-997.3435527632681
1.2390333333333334,-997.3431569511738
1.2407000000000001,-997.3429939697231
1.2423666666666666,-997.3430871019806
1.2440333333333333,-997.3434223781077
1.2457,-997.3439299489111
1.2473666666666667,-997.3445166821333
1.2490333333333334,-997.3450801322912
1.2507000000000001,-997.3455131972886
1.2523833333333334,-997.3457320580937
1.25405,-997.3456948051908
1.2557166666666668,-997.3454060951925
1.2573833333333333,-997.3449357772921
1.25905,-997.3444095800372
1.2607166666666667,-997.3439625452012
1.2623833333333334,-997.3437204013317
1.2640500000000001,-997.3437529976218
1.2657166666666668,-997.3440649906844
1.2673833333333333,-997.3445958445521
1.26905,-997.3452570835805
1.2707166666666667,-997.3459276358345
1.2723833333333334,-997.3464957426053
1.2740500000000001,-997.3468775848611
1.2757166666666668,-997.3470172832473
1.2773833333333333,-997.3469148377641
1.27905,-997.3466075013143
1.2807166666666667,-997.3461744363169
1.2824,-997.3457180882551
1.2840666666666667,-997.3453269327736
1.2857333333333334,-997.3450568492268
1.2874,-997.3449264640664
1.2890666666666668,-997.3449124942277
1.2907333333333333,-997.3449683735822
1.2924,-997.3450428793882
1.2940666666666667,-997.3450708190654
1.2957333333333334,-997.3450242529367
1.2974,-997.3448798979376
1.2990666666666668,-997.3446517239067
1.3007333333333333,-997.3444142366501
1.3024,-997.344265225038
1.3040666666666667,-997.3443164477796
1.3057333333333334,-997.3446517239067
1.3074000000000001,-997.3452803666448
1.3090666666666668,-997.3461418400268
1.31075,-997.3471150721177
1.3124166666666668,-997.3480557079185
1.3140833333333335,-997.3488193924301
1.31575,-997.349308336782
1.3174166666666667,-997.3494759748454
1.3190833333333334,-997.349345589685
1.32075,-997.3489916871064
1.3224166666666668,-997.348526025819
1.3240833333333335,-997.3480650211443
1.32575,-997.3477157751786
1.3274166666666667,-997.3475388238894
1.3290833333333334,-997.3475434805023
1.33075,-997.3476924921142
1.3324166666666668,-997.347925322758
1.3340833333333333,-997.3481814364661
1.33575,-997.3484142671099
1.3374166666666667,-997.348595875012
1.3390833333333334,-997.3487122903339
1.3407666666666667,-997.348744886624
1.3424333333333334,-997.3486936638824
1.3441,-997.3485586221091
1.3457666666666668,-997.348372357594
1.3474333333333335,-997.3481907496919
1.3491,-997.3480650211443
1.3507666666666667,-997.3480417380799
1.3524333333333334,-997.3481395269503
1.3541,-997.348335104691
1.3557666666666668,-997.3485725919477
1.3574333333333335,-997.3487821395271
1.3591,-997.348893898236
1.3607666666666667,-997.3488473321073
1.3624333333333334,-997.3486284713022
1.3641,-997.348260598885
1.3657666666666668,-997.3478228772748
1.3674333333333335,-997.3474130953417
1.3691,-997.3471569816336
1.3707833333333335,-997.3471523250207
1.3724500000000002,-997.3474317217932
1.3741166666666667,-997.3479718888867
1.3757833333333334,-997.348670380818
1.37745,-997.3494014690394
1.3791166666666668,-997.3500301117776
1.3807833333333335,-997.3504445503235
1.38245,-997.3505889053226
1.3841166666666667,-997.3504585201621
1.3857833333333334,-997.3500999609707
1.38745,-997.3495970467802
1.3891166666666668,-997.3490615362996
1.3907833333333335,-997.3486098448507
1.39245,-997.348335104691
1.3941166666666667,-997.3482931951752
1.3957833333333334,-997.348484116303
1.39745,-997.3488659585588
1.3991333333333333,-997.3493502462978
1.4008,-997.3498391906497
1.4024666666666668,-997.3502350027442
1.4041333333333335,-997.3504678333879
1.4058000000000002,-997.3504957730652
1.4074666666666666,-997.3503048519373
1.4091333333333333,-997.3499369795201
1.4108,-997.349494601297
1.4124666666666668,-997.3491081024283
1.4141333333333335,-997.3489218379133
1.4158000000000002,-997.3490429098481
1.4174666666666667,-997.3495039145228
1.4191333333333334,-997.3502536291957
1.4208,-997.3511756385449
1.4224666666666668,-997.3521116177328
1.42415,-997.3528985853087
1.4258166666666667,-997.3533968428865
1.4274833333333334,-997.3535272280469
1.4291500000000001,-997.3532850841774
1.4308166666666666,-997.3527495736968
1.4324833333333333,-997.3520603949912
1.43415,-997.3513898427371
1.4358166666666667,-997.3508915851595
1.4374833333333334,-997.35064944129
1.4391500000000002,-997.3506820375801
1.4408166666666666,-997.3509195248367
1.4424833333333333,-997.3512548009638
1.44415,-997.3515714506393
1.4458166666666667,-997.3517903114445
1.4474833333333335,-997.3518555040247
1.4491500000000002,-997.351771684993
1.4508166666666666,-997.3515667940264
1.4524833333333333,-997.3512967104797
1.45415,-997.3510452533844
1.4558166666666668,-997.3508915851595
1.4574833333333335,-997.3509055549981
1.4591666666666667,-997.3511244158033
1.4608333333333334,-997.3515435109621
1.4625000000000001,-997.3521116177328
1.4641666666666668,-997.3527542303096
1.4658333333333333,-997.3533642465962
1.4675,-997.3538531909481
1.4691666666666667,-997.3541372443336
1.4708333333333334,-997.3541791538495
1.4725000000000001,-997.3539882327216
1.4741666666666668,-997.3536296735301
1.4758333333333333,-997.3532198915972
1.4775,-997.3528706456315
1.4791666666666667,-997.3526983509552
1.4808333333333334,-997.3527495736968
1.4825000000000002,-997.3530150006306
1.4841666666666666,-997.353415469338
1.4858333333333333,-997.3538392211095
1.4875,-997.3541651840109
1.4891833333333333,-997.3542955691713
1.49085,-997.3541838104624
1.4925166666666667,-997.3538299078838
1.4941833333333334,-997.3533130238546
1.4958500000000001,-997.352740260471
1.4975166666666668,-997.3522373462805
1.4991833333333333,-997.3519346664436
1.50085,-997.3519067267663
1.5025166666666667,-997.3521628404744
1.5041833333333334,-997.3526704112779
1.5058500000000001,-997.3533269936933
1.5075166666666668,-997.3540254856246
1.5091833333333333,-997.3546634415885
1.51085,-997.3551430727147
1.5125166666666667,-997.3554131562614
1.5141833333333334,-997.3554317827129
1.5158666666666667,-997.3552268917464
1.5175333333333334,-997.3548497061034
1.5192,-997.3544073278804
1.5208666666666668,-997.3540115157859
1.5225333333333335,-997.3537647153036
1.5242,-997.353713492562
1.5258666666666667,-997.3538438777224
1.5275333333333334,-997.3540906782048
1.5292000000000001,-997.3543654183644
1.5308666666666668,-997.3545842791696
1.5325333333333333,-997.35468206804
1.5342,-997.3546401585241
1.5358666666666667,-997.3544678638477
1.5375333333333334,-997.354197780301
1.5392000000000001,-997.3538811306254
1.5408666666666668,-997.3535737941756
1.5425333333333333,-997.353336306919
1.5442,-997.3532105783714
1.5458833333333335,-997.35322454821
1.54755,-997.3533689032091
1.5492166666666667,-997.3536203603044
1.5508833333333334,-997.3539323533671
1.55255,-997.3542536596555
1.5542166666666668,-997.3545470262666
1.5558833333333335,-997.3547891701361
1.55755,-997.3549521515868
1.5592166666666667,-997.3550220007799
1.5608833333333334,-997.3550033743284
1.56255,-997.3549242119095
1.5642166666666668,-997.3548497061034
1.5658833333333335,-997.3548450494906
1.56755,-997.3549521515868
1.5692166666666667,-997.3551803256177
1.5708833333333334,-997.3554876620674
1.5725500000000001,-997.3557949985171
1.5742166666666668,-997.3559952328708
1.5759,-997.3560092027094
1.5775666666666668,-997.3557856852914
1.5792333333333335,-997.3553293372296
1.5809,-997.3546960378786
1.5825666666666667,-997.3539975459473
1.5842333333333334,-997.3533828730477
1.5859,-997.3529963741792
1.5875666666666668,-997.3529265249861
1.5892333333333335,-997.3531872953071
1.5909,-997.3537088359491
1.5925666666666667,-997.3543514485258
1.5942333333333334,-997.3549568081996
1.5959,-997.3553852165842
1.5975666666666668,-997.355538884809
1.5992333333333335,-997.3554038430357
1.6009,-997.3550220007799
1.6025666666666667,-997.354495803525
1.6042333333333334,-997.35393700998
1.6059166666666667,-997.3534806619182
1.6075833333333334,-997.3532338614358
1.60925,-997.3532711143388
1.6109166666666668,-997.35359707724
1.6125833333333335,-997.3541651840109
1.6142500000000002,-997.3548916156194
1.6159166666666667,-997.3556599567438
1.6175833333333334,-997.356363105288
1.61925,-997.3568939591557
1.6209166666666668,-997.3571780125411
1.6225833333333335,-997.3571686993154
1.62425,-997.3568660194785
1.6259166666666667,-997.3563305089979
1.6275833333333334,-997.355687896421
1.62925,-997.3551011631987
1.6309166666666668,-997.354719320943
1.6325833333333335,-997.3546494717499
1.63425,-997.3548916156194
1.6359333333333335,-997.3553619335198
1.6376000000000002,-997.3559300402906
1.6392666666666666,-997.3564329544811
1.6409333333333334,-997.356768230608
1.6426,-997.35688464593
1.6442666666666668,-997.3567915136724
1.6459333333333335,-997.3565540264158
1.6476000000000002,-997.3562699730304
1.6492666666666667,-997.3560417989995
1.6509333333333334,-997.3559626365807
1.6526,-997.3560930217412
1.6542666666666668,-997.3564422677068
1.6559333333333335,-997.356959151736
1.6576000000000002,-997.3575598547969
1.6592666666666667,-997.3581372747934
1.6609333333333334,-997.3585843096295
1.6626,-997.358826453499
1.6642833333333333,-997.3588078270475
1.66595,-997.3585330868879
1.6676166666666667,-997.3580255160844
1.6692833333333335,-997.3573642770561
1.6709500000000002,-997.3566564718991
1.6726166666666666,-997.3560371423866
1.6742833333333333,-997.3556133906151
1.67595,-997.3554550657773
1.6776166666666668,-997.355576137712
1.6792833333333335,-997.3559067572262
1.6809500000000002,-997.3563537920622
1.6826166666666666,-997.3567822004467
1.6842833333333334,-997.3570802236708
1.68595,-997.3571733559282
1.6876166666666668,-997.3570336575419
1.6892833333333335,-997.3566937248021
1.6909500000000002,-997.3562420333532
1.6926166666666667,-997.3558089683557
1.6943000000000001,-997.3555202583575
1.6959666666666668,-997.3554783488416
1.6976333333333333,-997.355725149324
1.6993,-997.3562373767403
1.7009666666666667,-997.3569358686716
1.7026333333333334,-997.357704209796
1.7043000000000001,-997.3584213281788
1.7059666666666669,-997.358970808498
1.7076333333333333,-997.3592688317221
1.7093,-997.3592595184964
1.7109666666666667,-997.3589288989822
1.7126333333333335,-997.3583328525342
1.7143000000000002,-997.3575738246356
1.7159666666666666,-997.3567961702853
1.7176333333333333,-997.3561582143215
1.7193,-997.355762402227
1.7209833333333333,-997.3556553001309
1.72265,-997.3558229381944
1.7243166666666667,-997.3561675275472
1.7259833333333334,-997.3565679962545
1.7276500000000001,-997.3568799893171
1.7293166666666668,-997.356996404639
1.7309833333333333,-997.356847393027
1.73265,-997.3564469243197
1.7343166666666667,-997.3558601910975
1.7359833333333334,-997.3552362049721
1.7376500000000001,-997.354719320943
1.7393166666666668,-997.354458550622
1.7409833333333333,-997.3545190865893
1.74265,-997.3549148986838
1.7443166666666667,-997.3555668244862
1.7459833333333334,-997.3563677619009
1.7476500000000001,-997.3572012956055
1.7493166666666669,-997.357964980117
1.7509833333333333,-997.3585843096295
1.7526666666666668,-997.3590220312398
1.7543333333333335,-997.3592408920448
1.756,-997.3592502052705
1.7576666666666667,-997.3590685973685
1.7593333333333334,-997.3587612609186
1.7610000000000001,-997.3584166715659
1.7626666666666668,-997.3581279615677
1.7643333333333333,-997.3579742933427
1.766,-997.3579882631814
1.7676666666666667,-997.358151244632
1.7693333333333334,-997.358412014953
1.7710000000000001,-997.3586774418869
1.7726666666666668,-997.3588450799505
1.7743333333333333,-997.3588171402732
1.776,-997.3585563699522
1.7776666666666667,-997.3580767388261
1.7793333333333334,-997.3574760357651
1.7810000000000001,-997.3569079289944
1.7826833333333334,-997.3565214301257
1.78435,-997.356437611094
1.7860166666666668,-997.3566704417377
1.7876833333333335,-997.3571733559282
1.78935,-997.3577973420536
1.7910166666666667,-997.3583933885016
1.7926833333333334,-997.3588078270475
1.7943500000000001,-997.3589475254337
1.7960166666666668,-997.3587752307574
1.7976833333333335,-997.3583468223728
1.79935,-997.3577600891505
1.8010166666666667,-997.3571686993154
1.8026833333333334,-997.3567123512536
1.8043500000000001,-997.356507460287
1.8060166666666668,-997.3566099057704
1.8076833333333335,-997.3570010612518
1.80935,-997.3576064209257
1.8110166666666667,-997.3583188826956
1.8127,-997.359012718014
1.8143666666666667,-997.3595808247848
1.8160333333333334,-997.3599254141375
1.8177,-997.3599766368791
1.8193666666666668,-997.3597065533323
1.8210333333333335,-997.3591477597873
1.8227,-997.3584073583402
1.8243666666666667,-997.3576390172158
1.8260333333333334,-997.3570057178647
1.8277,-997.3566425020605
1.8293666666666668,-997.3566005925446
1.8310333333333335,-997.3568427364141
1.8327,-997.3572664881857
1.8343666666666667,-997.357741462699
1.8360333333333334,-997.3581279615677
1.8377000000000001,-997.3583188826956
1.8393666666666668,-997.3582583467281
1.84105,-997.3579510102784
1.8427166666666668,-997.3574620659265
1.8443833333333335,-997.3569032723815
1.8460500000000002,-997.3564096714167
1.8477166666666667,-997.3561069915798
1.8493833333333334,-997.3560743952896
1.85105,-997.3563398222236
1.8527166666666668,-997.3568567062528
1.8543833333333335,-997.3575458849583
1.8560500000000002,-997.3582955996312
1.8577166666666667,-997.3589847783367
1.8593833333333334,-997.3595063189788
1.86105,-997.3597717459127
1.8627166666666668,-997.3597344930096
1.8643833333333335,-997.3594085301083
1.86605,-997.3588776762406
1.8677166666666667,-997.3582816297926
1.8693833333333334,-997.3577740589891
1.8710666666666667,-997.357480692378
1.8727333333333334,-997.3574620659265
1.8744,-997.357704209796
1.8760666666666668,-997.3581419314063
1.8777333333333335,-997.3586541588226
1.8794000000000002,-997.3591198201101
1.8810666666666667,-997.3594364697856
1.8827333333333334,-997.359534258656
1.8844,-997.3594038734955
1.8860666666666668,-997.3590918804329
1.8877333333333335,-997.3586914117255
1.8894000000000002,-997.3583142260827
1.8910666666666667,-997.3580581123746
1.8927333333333334,-997.3579836065685
1.8944,-997.3580907086647
1.8960666666666668,-997.3583514789857
1.8977333333333335,-997.358710038177
1.8994166666666668,-997.3591105068843
1.9010833333333335,-997.3595156322045
1.9027500000000002,-997.3598974744602
1.9044166666666669,-997.3602280939743
1.9060833333333334,-997.3604702378439
1.90775,-997.36057733994
1.9094166666666668,-997.3605261171984
1.9110833333333335,-997.3603305394577
1.9127500000000002,-997.3600371728465
1.9144166666666667,-997.3596972401066
1.9160833333333334,-997.3593759338182
1.91775,-997.3591011936586
1.9194166666666668,-997.3588869894663
1.9210833333333335,-997.358710038177
1.9227500000000002,-997.3585330868879
1.9244166666666667,-997.3583142260827
1.9260833333333334,-997.3580162028586
1.92775,-997.3576483304415
1.9294166666666668,-997.3572478617342
1.9311,-997.3569032723815
1.9327666666666667,-997.3567309777051
1.9344333333333334,-997.3568287665755
1.9361000000000002,-997.3572338918956
1.9377666666666669,-997.3579184139883
1.9394333333333333,-997.3587705741445
1.9411,-997.3596320475264
1.9427666666666668,-997.3603491659092
1.9444333333333335,-997.3608008573581
1.9461000000000002,-997.3609405557443
1.9477666666666669,-997.3607915441323
1.9494333333333334,-997.3604236717151
1.9511,-997.3599626670405
1.9527666666666668,-997.3595249454303
1.9544333333333335,-997.3592176089804
1.9561000000000002,-997.3591105068843
1.9577666666666667,-997.3592269222062
1.9594500000000001,-997.3595202888174
1.9611166666666668,-997.3599254141375
1.9627833333333333,-997.3603584791349
1.96445,-997.360731008165
1.9661166666666667,-997.3609731520345
1.9677833333333334,-997.3610523144533
1.9694500000000001,-997.3609545255829
1.9711166666666669,-997.3606984118748
1.9727833333333333,-997.3603258828448
1.97445,-997.3599254141375
1.9761166666666667,-997.3595901380105
1.9777833333333334,-997.3594131867212
1.9794500000000002,-997.3594644094628
1.9811166666666669,-997.3597670892998
1.9827833333333333,-997.3602886299418
1.98445,-997.3609591821958
1.9861166666666668,-997.3616576741271
1.9878,-997.3622863168653
1.9894666666666667,-997.3627566347657
1.9911333333333334,-997.3630127484738
1.9928000000000001,-997.363040688151
1.9944666666666668,-997.3628730500875
1.9961333333333335,-997.3625657136378
1.9978,-997.362221124285
1.9994666666666667,-997.3619231010609
2.001133333333333,-997.3617554629975
2.0028,-997.3617647762233
2.0044666666666666,-997.3619463841254
2.0061333333333335,-997.3622723470266
2.0078,-997.362672815734
2.009466666666667,-997.3630686278283
2.0111333333333334,-997.3633945907295
2.0128,-997.3635855118574
2.014466666666667,-997.3636134515347
2.01615,-997.3634877229871
2.0178166666666666,-997.3632642055691
2.0194833333333335,-997.3630127484738
2.02115,-997.3628264839588
2.022816666666667,-997.3627659479914
2.0244833333333334,-997.3628404537974
2.02615,-997.3630360315382
2.027816666666667,-997.363301458472
2.0294833333333333,-997.3635575721802
2.0311500000000002,-997.3637391800823
2.0328166666666667,-997.3637950594368
2.0344833333333336,-997.3636926139536
2.03615,-997.3634365002455
2.0378166666666666,-997.363077941054
2.0394833333333335,-997.3626821289597
2.04115,-997.3623608226712
2.042816666666667,-997.3621931846078
2.0444833333333334,-997.3622490639623
2.04615,-997.3625238041219
2.0478333333333336,-997.3629615257322
2.0495,-997.3634597833098
2.0511666666666666,-997.3639161313716
2.0528333333333335,-997.3642327810471
2.0545,-997.3643305699175
2.056166666666667,-997.3641862149184
2.0578333333333334,-997.3638043726626
2.0595,-997.3632269526661
2.061166666666667,-997.3625470871863
2.0628333333333333,-997.3618765349322
2.0645000000000002,-997.361327054613
2.0661666666666667,-997.360991778486
2.0678333333333336,-997.3608986462284
2.0695,-997.3610243747761
2.0711666666666666,-997.3612991149357
2.0728333333333335,-997.3616064513855
2.0745,-997.361848595255
2.076166666666667,-997.3619370708996
2.07785,-997.3618346254163
2.0795166666666667,-997.361550572031
2.0811833333333336,-997.3611501033237
2.08285,-997.3607449780036
2.0845166666666666,-997.3604609246181
2.0861833333333335,-997.3604143584894
2.08785,-997.3606565023589
2.089516666666667,-997.3611594165494
2.0911833333333334,-997.3618346254163
2.0928500000000003,-997.3625331173477
2.094516666666667,-997.3631291637956
2.0961833333333333,-997.3635156626643
2.09785,-997.3636274213733
2.0995166666666667,-997.3634644399227
2.1011833333333336,-997.363077941054
2.10285,-997.362556400412
2.1045166666666666,-997.3620115767056
2.1062000000000003,-997.3615645418696
2.1078666666666668,-997.3613037715486
2.1095333333333333,-997.3612758318714
2.1112,-997.3614714096121
2.1128666666666667,-997.3618392820292
2.1145333333333336,-997.3623049433168
2.1162,-997.3627612913785
2.1178666666666666,-997.3631384770214
2.1195333333333335,-997.3633666510523
2.1212,-997.3633992473424
2.122866666666667,-997.363231609279
2.1245333333333334,-997.3628777067004
2.1262000000000003,-997.3623980755742
2.127866666666667,-997.3619044746094
2.1295333333333333,-997.361513319128
2.1312,-997.3613410244516
2.1328666666666667,-997.3614620963864
2.13455,-997.361885848158
2.136216666666667,-997.3625424305734
2.1378833333333334,-997.3633293981493
2.1395500000000003,-997.3640884260479
2.1412166666666668,-997.3646751592703
2.1428833333333333,-997.364945242817
2.14455,-997.364833484108
2.1462166666666667,-997.3643538529818
2.1478833333333336,-997.3636087949218
2.14955,-997.3627752612172
2.1512166666666666,-997.3620395163829
2.1528833333333335,-997.3615366021924
2.15455,-997.3613363678387
2.156216666666667,-997.3614108736447
2.1578833333333334,-997.3616763005786
2.1595500000000003,-997.3620162333185
2.161216666666667,-997.3623189131554
2.1628833333333333,-997.3625005210575
2.164566666666667,-997.362519147509
2.1662333333333335,-997.3623887623485
2.1679,-997.3621605883176
2.169566666666667,-997.3619324142867
2.1712333333333333,-997.3617973725134
2.1729000000000003,-997.3618439386421
2.1745666666666668,-997.3621047089631
2.1762333333333332,-997.3625657136378
2.1779,-997.3631571034729
2.1795666666666667,-997.3637857462111
2.1812333333333336,-997.364349196369
2.1829,-997.3647682915278
2.184566666666667,-997.3649685258814
2.1862333333333335,-997.3649312729784
2.1879,-997.3646518762059
2.189566666666667,-997.3641769016926
2.1912333333333334,-997.3635761986317
2.1929000000000003,-997.3629568691193
2.1945833333333336,-997.3624306718644
2.19625,-997.3620767692859
2.197916666666667,-997.3619463841254
2.1995833333333334,-997.3620302031571
2.20125,-997.3622770036395
2.202916666666667,-997.3626122797665
2.2045833333333333,-997.362933586055
2.2062500000000003,-997.3631710733116
2.2079166666666667,-997.3632642055691
2.2095833333333332,-997.363194356376
2.21125,-997.3629941220223
2.2129166666666666,-997.362742664927
2.2145833333333336,-997.3625377739605
2.21625,-997.3624725813803
2.217916666666667,-997.3626122797665
2.2195833333333335,-997.3629522125065
2.22125,-997.3634318436326
2.222916666666667,-997.3639301012103
2.2246,-997.3643305699175
2.2262666666666666,-997.3645028645939
2.2279333333333335,-997.364386449272
2.2296,-997.3639626975004
2.231266666666667,-997.3632828320206
2.2329333333333334,-997.3624446417031
2.2346,-997.3615971381597
2.236266666666667,-997.3609033028413
2.2379333333333333,-997.3604981775212
2.2396000000000003,-997.3604748944568
2.2412666666666667,-997.3608334536482
2.2429333333333332,-997.3614900360636
2.2446,-997.3623002867039
2.2462666666666666,-997.3630825976669
2.2479333333333336,-997.3636646742764
2.2496,-997.3639301012103
2.251266666666667,-997.3638276557269
2.2529500000000002,-997.3633899341166
2.2546166666666667,-997.3627240384756
2.2562833333333336,-997.3619696671898
2.25795,-997.3613037715486
2.2596166666666666,-997.3608660499383
2.2612833333333335,-997.3607496346165
2.26295,-997.3609638388087
2.264616666666667,-997.3614434699348
2.2662833333333334,-997.3620860825116
2.26795,-997.3627473215399
2.269616666666667,-997.3633154283107
2.2712833333333333,-997.3636972705665
2.2729500000000002,-997.3638462821784
2.2746166666666667,-997.3637438366952
2.2762833333333337,-997.3634132171811
2.27795,-997.3629196162163
2.2796166666666666,-997.362370135897
2.2812833333333336,-997.3618765349322
2.282966666666667,-997.361550572031
2.2846333333333333,-997.3614481265477
2.2863,-997.3615831683211
2.2879666666666667,-997.3619044746094
2.2896333333333336,-997.3623049433168
2.2913,-997.362672815734
2.2929666666666666,-997.3628823633132
2.2946333333333335,-997.3628451104103
2.2963,-997.3625238041219
2.297966666666667,-997.3619510407383
2.2996333333333334,-997.3612246091297
2.3013,-997.3604981775212
2.302966666666667,-997.3599393839761
2.3046333333333333,-997.3596646438165
2.3063000000000002,-997.359720523171
2.3079666666666667,-997.3600651125238
2.30965,-997.3605959663915
2.311316666666667,-997.3611873562267
2.3129833333333334,-997.3617228667074
2.3146500000000003,-997.3621419618661
2.316316666666667,-997.3624213586386
2.3179833333333333,-997.3625796834764
2.31965,-997.3626588458952
2.3213166666666667,-997.3626914421855
2.3229833333333336,-997.3627100686369
2.32465,-997.362742664927
2.3263166666666666,-997.3627938876687
2.3279833333333335,-997.3628637368618
2.32965,-997.3629475558936
2.331316666666667,-997.3630220616996
2.3329833333333334,-997.3630686278283
2.33465,-997.3630732844412
2.336316666666667,-997.3630174050867
2.3379833333333333,-997.362891676539
2.3396500000000002,-997.3626821289597
2.3413333333333335,-997.3624120454128
2.343,-997.362109365576
2.344666666666667,-997.3618392820292
2.3463333333333334,-997.3616856138043
2.3480000000000003,-997.3617042402559
2.349666666666667,-997.3619324142867
2.3513333333333333,-997.362332882994
2.353,-997.3628311405716
2.3546666666666667,-997.3633061150849
2.3563333333333336,-997.363636734599
2.358,-997.3637252102437
2.3596666666666666,-997.3635156626643
2.3613333333333335,-997.3630220616996
2.363,-997.3623142565425
2.364666666666667,-997.3615319455795
2.3663333333333334,-997.3608334536482
2.3680000000000003,-997.3603864188121
2.369666666666667,-997.3603025997804
2.37135,-997.3606192494559
2.373016666666667,-997.3612804884842
2.3746833333333335,-997.3621792147691
2.37635,-997.3631617600859
2.378016666666667,-997.3640837694351
2.3796833333333334,-997.3648195142694
2.3813500000000003,-997.3652898321698
2.383016666666667,-997.3654574702333
2.3846833333333333,-997.3653224284599
2.38635,-997.3649545560428
2.3880166666666667,-997.3644516418523
2.3896833333333336,-997.363939414436
2.39135,-997.3635389457287
2.3930166666666666,-997.3633200849235
2.3946833333333335,-997.3632874886334
2.39635,-997.3633899341166
2.398016666666667,-997.3635482589544
2.3997,-997.3636600176635
2.4013666666666666,-997.3636553610506
2.4030333333333336,-997.3634970362128
2.4047,-997.363194356376
2.406366666666667,-997.3627845744429
2.4080333333333335,-997.3623421962197
2.4097,-997.361960353964
2.411366666666667,-997.361736836546
2.4130333333333334,-997.3617182100945
2.4147000000000003,-997.3619137878352
2.4163666666666668,-997.3622863168653
2.4180333333333333,-997.3627566347657
2.4197,-997.363231609279
2.4213666666666667,-997.3636413912119
2.4230333333333336,-997.3639207879845
2.4247,-997.3640278900806
2.426366666666667,-997.3639487276618
2.4280333333333335,-997.3636926139536
2.4297166666666667,-997.3632874886334
2.4313833333333332,-997.3628125141202
2.43305,-997.3623561660584
2.4347166666666666,-997.3620162333185
2.4363833333333336,-997.3618672217065
2.43805,-997.3619324142867
2.439716666666667,-997.3621652449305
2.4413833333333335,-997.3624912078318
2.44305,-997.3627938876687
2.444716666666667,-997.3629661823451
2.4463833333333334,-997.3629289294421
2.4480500000000003,-997.3626635025081
2.4497166666666668,-997.3622071544464
2.4513833333333332,-997.3616530175142
2.45305,-997.361136133485
2.4547166666666667,-997.3607822309066
2.4563833333333336,-997.3606751288104
2.45805,-997.3608287970353
2.4597333333333333,-997.3611640731623
2.4614000000000003,-997.3615691984825
2.4630666666666667,-997.3618905047708
2.4647333333333337,-997.3620208899314
2.4664,-997.3618998179966
2.4680666666666666,-997.3615412588052
2.4697333333333336,-997.3610010917117
2.4714,-997.3603817621993
2.473066666666667,-997.359795028977
2.4747333333333335,-997.3593293676895
2.4764,-997.3590592841427
2.478066666666667,-997.3590173746269
2.4797333333333333,-997.3591943259161
2.4814000000000003,-997.3595621983333
2.4830666666666668,-997.3600418294594
2.4847333333333332,-997.3605540568757
2.4864,-997.3610010917117
2.4880833333333334,-997.36128980171
2.48975,-997.3613410244516
2.491416666666667,-997.3611128504207
2.4930833333333333,-997.3606099362302
2.4947500000000002,-997.3598974744602
2.4964166666666667,-997.3591011936586
2.4980833333333337,-997.3583747620501
2.49975,-997.3578718478595
2.5014166666666666,-997.3576948965703
2.5030833333333335,-997.3578718478595
2.50475,-997.3583514789857
2.506416666666667,-997.3590173746269
2.5080833333333334,-997.3597251797838
2.50975,-997.3603258828448
2.511416666666667,-997.3607030684876
2.5130833333333333,-997.3608148271967
2.5147500000000003,-997.3606611589718
2.5164166666666667,-997.3603212262319
2.5180833333333337,-997.3599021310731
2.519766666666667,-997.3595109755917
2.5214333333333334,-997.3592269222062
2.5231000000000003,-997.3590918804329
2.524766666666667,-997.3591011936586
2.5264333333333333,-997.3592222655933
2.5281000000000002,-997.3594178433341
2.5297666666666667,-997.3596599872036
2.5314333333333336,-997.3599161009117
2.5331,-997.3601535881684
2.5347666666666666,-997.3603258828448
2.5364333333333335,-997.360391075425
2.5381,-997.3603445092963
2.539766666666667,-997.36020481091
2.5414333333333334,-997.3600278596208
2.5431,-997.3598788480087
2.5447833333333336,-997.3598229686543
2.5464333333333333,-997.359869534783
2.5481166666666666,-997.3599952633307
2.5497833333333335,-997.360130305104
2.55145,-997.36020481091
2.553116666666667,-997.3601629013941
2.5547833333333334,-997.3599766368791
2.5564500000000003,-997.3596599872036
2.558116666666667,-997.359273488335
2.5597833333333333,-997.3589056159178
2.5614500000000002,-997.3586634720483
2.5631166666666667,-997.3586541588226
2.5647833333333336,-997.3589288989822
2.56645,-997.3594830359143
2.5681166666666666,-997.360246720426
2.5697833333333335,-997.3610849107434
2.57145,-997.361848595255
2.573116666666667,-997.3624120454128
2.5748,-997.3626867855726
2.5764666666666667,-997.3626355628309
2.5781333333333336,-997.3622909734781
2.5798,-997.3617182100945
2.5814666666666666,-997.3610383446147
2.5831333333333335,-997.360391075425
2.5848,-997.3599021310731
2.586466666666667,-997.359683270268
2.5881333333333334,-997.3597717459127
2.5898000000000003,-997.3601396183298
2.5914833333333336,-997.3607077251005
2.5931333333333333,-997.3613503376773
2.594816666666667,-997.3619370708996
2.5964833333333335,-997.3623468528326
2.59815,-997.3624912078318
2.599816666666667,-997.3623282263811
2.6014833333333334,-997.3618951613837
2.6031500000000003,-997.3612804884842
2.604816666666667,-997.3606425325203
2.6064833333333333,-997.3601489315555
2.60815,-997.3599300707504
2.6098166666666667,-997.360055799298
2.6114833333333336,-997.3604888642955
2.61315,-997.3611175070336
2.614816666666667,-997.3618020291262
2.6164833333333335,-997.3624027321871
2.61815,-997.3628078575073
2.619816666666667,-997.3629754955708
2.6214833333333334,-997.3629009897647
2.6231500000000003,-997.3626169363794
2.624816666666667,-997.3622071544464
2.6264833333333333,-997.3617554629975
2.62815,-997.3613782773546
2.6298166666666667,-997.3611501033237
2.6315,-997.3611314768722
2.63315,-997.3613317112258
2.6348333333333334,-997.3617042402559
2.6365000000000003,-997.3621605883176
2.6381666666666668,-997.3625796834764
2.6398333333333333,-997.3628357971845
2.6415,-997.3628311405716
2.6431666666666667,-997.3624912078318
2.6448333333333336,-997.3618392820292
2.6465,-997.3609684954216
2.648166666666667,-997.3600604559109
2.6498333333333335,-997.3593386809152
2.6515,-997.3589987481753
2.653166666666667,-997.3591477597873
2.6548333333333334,-997.359795028977
2.6565000000000003,-997.3608194838096
2.658166666666667,-997.3620208899314
2.6598333333333333,-997.3631803865374
2.6615,-997.3640884260479
2.6631666666666667,-997.3646192799157
2.66485,-997.3647124121733
2.666516666666667,-997.3644143889493
2.6681833333333334,-997.3638229991141
2.6698500000000003,-997.3630872542798
2.6715166666666668,-997.3623515094455
2.6731833333333332,-997.3617461497718
2.67485,-997.3613363678387
2.6765166666666667,-997.3611501033237
2.6781833333333336,-997.3611594165494
2.67985,-997.3613084281615
2.681516666666667,-997.361513319128
2.6831833333333335,-997.3617088968688
2.6848666666666667,-997.3618206555777
2.6865333333333337,-997.3618020291262
2.6882,-997.361625077837
2.6898666666666666,-997.3613037715486
2.6915333333333336,-997.3608939896155
2.6932,-997.3604748944568
2.694866666666667,-997.3601396183298
2.6965333333333334,-997.3599393839761
2.6982,-997.3598974744602
2.699866666666667,-997.3599719802662
2.7015333333333333,-997.3600883955881
2.7032000000000003,-997.3601535881684
2.7048666666666668,-997.3600837389753
2.7065333333333337,-997.35983228188
2.7082,-997.3593992168826
2.7098666666666666,-997.3588357667247
2.7115333333333336,-997.3582490335024
2.7132,-997.3577740589891
2.714866666666667,-997.3575272585067
2.7165333333333335,-997.3575971076999
2.7182,-997.3579882631814
2.7198833333333337,-997.3586448455968
2.72155,-997.3594411263985
2.7232166666666666,-997.3602374072002
2.7248833333333335,-997.3608986462284
2.72655,-997.3613317112258
2.728216666666667,-997.3614714096121
2.7298833333333334,-997.3613177413872
2.73155,-997.3609219292928
2.733216666666667,-997.3603631357478
2.7348833333333333,-997.3597531194612
2.7365500000000003,-997.3592036391418
2.7382166666666667,-997.3588124836604
2.7398833333333337,-997.3586308757582
2.74155,-997.3586634720483
2.7432166666666666,-997.3588683630148
2.7448833333333336,-997.3591803560774
2.74655,-997.3595202888174
2.748216666666667,-997.359795028977
2.7498833333333335,-997.3599161009117
2.7515666666666667,-997.35983228188
2.7532333333333336,-997.3595249454303
2.7549,-997.3590453143041
2.7565666666666666,-997.3584958339848
2.7582333333333335,-997.3580115462457
2.7599,-997.3577321494732
2.761566666666667,-997.3577228362475
2.7632333333333334,-997.3579975764071
2.7649,-997.3584725509204
2.766566666666667,-997.3590360010784
2.7682333333333333,-997.3595482284946
2.7699000000000003,-997.3598928178474
2.7715666666666667,-997.3600045765564
2.7732333333333337,-997.3598648781701
2.7749,-997.3595156322045
2.7765666666666666,-997.3590453143041
2.7782333333333336,-997.3585470567265
2.7799,-997.3581233049548
2.7815833333333333,-997.357853221408
2.7832500000000002,-997.3577554325376
2.7849166666666667,-997.3578066552793
2.7865833333333336,-997.3579370404398
2.78825,-997.3580581123746
2.7899166666666666,-997.3581000218904
2.7915833333333335,-997.3580068896329
2.79325,-997.3577507759247
2.794916666666667,-997.3573363373789
2.7965833333333334,-997.356805483511
2.7982500000000003,-997.3562234069017
2.799916666666667,-997.3556925530339
2.8015833333333333,-997.3553339938425
2.8032500000000002,-997.3552548314236
2.8049166666666667,-997.3555109451318
2.8065833333333337,-997.3560790519025
2.80825,-997.3568613628656
2.8099166666666666,-997.3576902399574
2.8116000000000003,-997.3583933885016
2.813266666666667,-997.3588217968861
2.8149333333333333,-997.3588869894663
2.8166,-997.3585749964037
2.8182666666666667,-997.3579556668913
2.8199333333333336,-997.357182669154
2.8216,-997.3564329544811
2.8232666666666666,-997.3558974440004
2.8249333333333335,-997.3557111794854
2.8266,-997.3559300402906
2.828266666666667,-997.356507460287
2.8299333333333334,-997.357331680766
2.8316000000000003,-997.3582350636638
2.833266666666667,-997.3590453143041
2.8349333333333333,-997.3596041078491
2.8366000000000002,-997.3598089988157
2.8382833333333335,-997.3596180776877
2.8399333333333336,-997.3590453143041
2.841616666666667,-997.3581838409222
2.8432833333333334,-997.3571686993154
2.8449500000000003,-997.356176840773
2.846616666666667,-997.3553665901327
2.8482833333333333,-997.3548636759422
2.84995,-997.3547100077172
2.8516166666666667,-997.3548962722323
2.8532833333333336,-997.3553479636812
2.85495,-997.3559533233549
2.8566166666666666,-997.3565773094803
2.8582833333333335,-997.3571035067351
2.85995,-997.3574294696364
2.861616666666667,-997.3574993188295
2.8632833333333334,-997.3573130543145
2.8649500000000003,-997.356921898833
2.866616666666667,-997.356437611094
2.8683,-997.3559766064193
2.8699500000000002,-997.3556227038408
2.8716333333333335,-997.3554131562614
2.8733,-997.3553339938425
2.874966666666667,-997.3553386504553
2.8766333333333334,-997.355357276907
2.8783000000000003,-997.3553339938425
2.879966666666667,-997.3552268917464
2.8816333333333333,-997.3550033743284
2.8833,-997.3546867246529
2.8849666666666667,-997.3543328220743
2.8866333333333336,-997.3540208290117
2.8883,-997.3538531909481
2.889966666666667,-997.353899757077
2.8916333333333335,-997.3541884670752
2.8933,-997.3546680982014
2.8949833333333337,-997.3552455181979
2.8966333333333334,-997.3557949985171
2.8983166666666667,-997.3561908106116
2.8999833333333336,-997.3563444788365
2.90165,-997.3562140936759
2.903316666666667,-997.3558089683557
2.9049833333333335,-997.3551942954563
2.90665,-997.3544771770735
2.908316666666667,-997.3537879983679
2.9099833333333334,-997.3532804275645
2.9116500000000003,-997.3530615667594
2.9133166666666668,-997.3531919519199
2.9149833333333333,-997.3536576132075
2.91665,-997.3543700749773
2.9183166666666667,-997.3551942954563
2.9199833333333336,-997.3559812630322
2.92165,-997.3566052491575
2.923316666666667,-997.3569638083488
2.9249833333333335,-997.3570057178647
2.92665,-997.3567496041566
2.9283333333333337,-997.3562699730304
2.93,-997.3557065228725
2.9316666666666666,-997.3551942954563
2.9333333333333336,-997.3548636759422
2.935,-997.3547612304588
2.936666666666667,-997.3548869590065
2.9383333333333335,-997.3551570425533
2.94,-997.3554830054545
2.941666666666667,-997.3557763720656
2.9433333333333334,-997.3559672931935
2.9450000000000003,-997.3560185159351
2.9466666666666668,-997.3559207270648
2.9483333333333337,-997.3556925530339
2.95,-997.3553712467456
2.9516666666666667,-997.3550406272313
2.9533333333333336,-997.3547891701361
2.955,-997.354719320943
2.956666666666667,-997.3549009288452
2.9583500000000003,-997.3553479636812
2.9600166666666667,-997.3560138593223
2.9616833333333337,-997.3567822004467
2.96335,-997.3575226018938
2.9650166666666666,-997.3580907086647
2.9666833333333336,-997.3583701054372
2.96835,-997.3583095694698
2.970016666666667,-997.3579184139883
2.9716833333333335,-997.3572851146372
2.97335,-997.3565400565772
2.975016666666667,-997.3558508778717
2.9766833333333333,-997.3553479636812
2.9783500000000003,-997.3551104764246
2.9800166666666668,-997.3551244462632
2.9816833333333337,-997.355315367391
2.98335,-997.3555435414219
2.9850333333333334,-997.3556832398082
2.9866833333333336,-997.3556273604537
2.988366666666667,-997.3553293372296
2.9900333333333333,-997.3547984833618
2.9917000000000002,-997.3540999914305
2.9933666666666667,-997.353336306919
2.9950333333333337,-997.3526471282134
2.9967,-997.3521581838615
2.9983666666666666,-997.3519672627338
3.0000333333333336,-997.35210696112
3.0017,-997.3525679657946
3.003366666666667,-997.3532524878873
3.0050333333333334,-997.3540487686889
3.0067,-997.3548217664262
3.008366666666667,-997.3554410959387
3.0100333333333333,-997.3558043117429
3.0117000000000003,-997.3558555344846
3.0133666666666667,-997.3555854509377
3.01505,-997.35505459707
3.0167,-997.354384044816
3.0183833333333334,-997.3537321190134
3.0200500000000003,-997.3532385180487
3.021716666666667,-997.353001030792
3.0233833333333333,-997.3530103440178
3.0250500000000002,-997.3531872953071
3.0267166666666667,-997.3534014994993
3.0283833333333336,-997.3535179148212
3.03005,-997.3534294391766
3.0317166666666666,-997.3530988196624
3.0333833333333335,-997.3525400261174
3.03505,-997.3518368775732
3.036716666666667,-997.3511011327389
3.0383833333333334,-997.3504818032266
3.0400500000000004,-997.3501092741965
3.041716666666667,-997.350090647745
3.0433833333333333,-997.3504445503235
3.045066666666667,-997.3511290724161
3.0467166666666667,-997.3520277987011
3.0484,-997.3529870609534
3.050066666666667,-997.353857847561
3.0517333333333334,-997.3545051167507
3.0534000000000003,-997.3548590193293
3.055066666666667,-997.354868332555
3.0567333333333333,-997.3545609961052
3.0584000000000002,-997.3539928893344
3.0600666666666667,-997.3532943974031
3.0617333333333336,-997.3526098753105
3.0634,-997.3520976478942
3.0650666666666666,-997.3518508474118
3.0667333333333335,-997.3519067267663
3.0684,-997.3522047499904
3.070066666666667,-997.3526331583748
3.0717333333333334,-997.3530429403079
3.0734000000000004,-997.3533083672418
3.0750833333333336,-997.3533316503061
3.07675,-997.3530895064366
3.078416666666667,-997.3526145319233
3.0800833333333335,-997.3520184854754
3.08175,-997.3514364088659
3.083416666666667,-997.3510266269329
3.0850833333333334,-997.3509008983852
3.0867500000000003,-997.3511151025775
3.088416666666667,-997.3516366432195
3.0900833333333333,-997.3523630748281
3.09175,-997.3531453857911
3.0934166666666667,-997.3538438777224
3.0950833333333336,-997.3543374786872
3.09675,-997.3545423696537
3.0984166666666666,-997.354421297719
3.1000833333333335,-997.353974262883
3.10175,-997.3532478312744
3.103416666666667,-997.352330478538
3.1051,-997.3513525898342
3.1067666666666667,-997.3504585201621
3.1084333333333336,-997.3497786546824
3.1101,-997.3493874992008
3.111766666666667,-997.3492897103305
3.1134333333333335,-997.3494340653295
3.1151,-997.3496948356506
3.116766666666667,-997.3499323229072
3.1184333333333334,-997.3500254551648
3.1201000000000003,-997.3498764435527
3.121766666666667,-997.3494666616197
3.1234333333333333,-997.3488333622687
3.1251,-997.3480929608215
3.1267666666666667,-997.3473944688902
3.1284333333333336,-997.3468682716353
3.1301,-997.3466028447015
3.131766666666667,-997.3465981880886
3.1334333333333335,-997.3467891092164
3.1351166666666668,-997.3470778192147
3.1367833333333337,-997.347366529213
3.13845,-997.347590046631
3.1401166666666667,-997.3477297450172
3.1417833333333336,-997.3477763111459
3.14345,-997.3477483714687
3.145116666666667,-997.3476412693726
3.1467833333333335,-997.3474829445348
3.14845,-997.3472966800199
3.150116666666667,-997.3471243853435
3.1517833333333334,-997.347026596473
3.1534500000000003,-997.347026596473
3.155116666666667,-997.347143011795
3.1567833333333333,-997.3473711858259
3.15845,-997.3476692090499
3.1601166666666667,-997.3479812021125
3.1618,-997.3482373158206
3.16345,-997.3483490745297
3.1651333333333334,-997.3482745687237
3.1668000000000003,-997.3479951719511
3.1684666666666668,-997.3475714201795
3.1701333333333337,-997.3471150721177
3.1718,-997.3467565129263
3.1734666666666667,-997.3466168145401
3.1751333333333336,-997.3467425430877
3.1768,-997.3471104155049
3.178466666666667,-997.3476226429211
3.1801333333333335,-997.3481395269503
3.1818,-997.3485306824318
3.183466666666667,-997.3486890072695
3.1851333333333334,-997.3485725919477
3.1868166666666666,-997.3482000629176
3.1884833333333336,-997.3476598958241
3.19015,-997.3470778192147
3.191816666666667,-997.3465981880886
3.1934833333333335,-997.3463420743805
3.19515,-997.3463746706706
3.196816666666667,-997.3467052901847
3.1984833333333333,-997.3472594271168
3.2001500000000003,-997.347925322758
3.2018166666666668,-997.3485725919477
3.2034833333333337,-997.3490801627511
3.20515,-997.3493502462978
3.2068166666666666,-997.3493362764592
3.2084833333333336,-997.3490289400095
3.21015,-997.3484887729159
3.211816666666667,-997.347813564049
3.2134833333333335,-997.3471616382465
3.21515,-997.3466773505074
3.216816666666667,-997.3464771161538
3.2184833333333334,-997.3466028447015
3.2201500000000003,-997.3470172832473
3.2218333333333335,-997.3476040164696
3.2234833333333337,-997.3482047195305
3.225166666666667,-997.3486750374309
3.2268333333333334,-997.3489078680747
3.2285000000000004,-997.3488706151717
3.230166666666667,-997.3486098448507
3.2318333333333333,-997.3482280025949
3.2335000000000003,-997.3478415037263
3.2351666666666667,-997.3475807334053
3.2368333333333337,-997.347510884212
3.2385,-997.3476459259855
3.2401666666666666,-997.3479392925966
3.2418333333333336,-997.3482978517881
3.2435,-997.3486284713022
3.245166666666667,-997.3488613019459
3.2468333333333335,-997.3489637474291
3.2485,-997.3489404643648
3.250166666666667,-997.3488054225915
3.25185,-997.3485865617863
3.2535166666666666,-997.3482931951752
3.2551833333333335,-997.3479532624352
3.25685,-997.3475993598568
3.258516666666667,-997.3472780535683
3.2601833333333334,-997.3470405663116
3.2618500000000004,-997.3469101811512
3.263516666666667,-997.3468962113126
3.2651833333333333,-997.3469800303443
3.2668500000000003,-997.3471150721177
3.2685166666666667,-997.3472454572782
3.2701833333333337,-997.3473153064714
3.27185,-997.3472733969554
3.2735166666666666,-997.3471150721177
3.2752000000000003,-997.3468589584096
3.27685,-997.3465888748628
3.2785333333333333,-997.3464072669607
3.2801833333333335,-997.3464119235736
3.2818666666666667,-997.3466633806688
3.2835333333333336,-997.3471569816336
3.2852,-997.3478228772748
3.2868666666666666,-997.3485399956576
3.2885333333333335,-997.3491826082343
3.2902,-997.3496342996832
3.291866666666667,-997.3498205641982
3.2935333333333334,-997.349713462102
3.2952000000000004,-997.3493223066206
3.296866666666667,-997.3486983204953
3.2985333333333333,-997.347925322758
3.3002000000000002,-997.3471104155049
3.3018666666666667,-997.346360700832
3.3035333333333337,-997.3457879374482
3.3052,-997.3454526613212
3.3068666666666666,-997.3453828121282
3.3085500000000003,-997.3455457935787
3.3102,-997.3458531300286
3.3118833333333333,-997.3461837495427
3.31355,-997.3464072669607
3.3152166666666667,-997.3463932971221
3.3168833333333336,-997.3460673342207
3.31855,-997.3454340348698
3.320216666666667,-997.3445911879393
3.3218833333333335,-997.3437017748802
3.32355,-997.3429846564974
3.325216666666667,-997.3426028142416
3.3268833333333334,-997.3426447237574
3.3285500000000003,-997.3431010718192
3.330216666666667,-997.3438414732664
3.3318833333333333,-997.3446982900355
3.3335500000000002,-997.3454899142242
3.3352166666666667,-997.3460719908337
3.3368833333333336,-997.3463746706706
3.338566666666667,-997.3464026103478
3.3402166666666666,-997.3462116892199
3.3419000000000003,-997.3458950395444
3.343566666666667,-997.3455597634173
3.3452333333333333,-997.3452943364834
3.3469,-997.3451360116458
3.3485666666666667,-997.3450987587428
3.3502333333333336,-997.3451546380973
3.3519,-997.3452524269676
3.353566666666667,-997.3453362459993
3.3552333333333335,-997.3453595290638
3.3569,-997.3452803666448
3.358566666666667,-997.3450615058397
3.3602333333333334,-997.3446843201968
3.3619000000000003,-997.3441534663291
3.363566666666667,-997.3435108537523
3.3652333333333333,-997.3428449581111
3.3669000000000002,-997.3422675381146
3.3685833333333335,-997.3419043223103
3.3702333333333336,-997.3418344731172
3.371916666666667,-997.3420719603738
3.3735833333333334,-997.3425562481128
3.3752500000000003,-997.3431709210124
3.376916666666667,-997.3437576542347
3.3785833333333337,-997.3441674361677
3.38025,-997.3442838514895
3.3819166666666667,-997.3440649906844
3.3835833333333336,-997.3435434500424
3.38525,-997.3428403014982
3.386916666666667,-997.3421138698897
3.3885833333333335,-997.341541106506
3.39025,-997.3412617097335
3.391916666666667,-997.3413408721524
3.3935833333333334,-997.3417506540854
3.3952500000000003,-997.3423932666622
3.396916666666667,-997.3431243548836
3.3986,-997.3437902505248
3.400266666666667,-997.3442605684252
3.4019333333333335,-997.3444328631016
3.4036,-997.3442698816509
3.405266666666667,-997.3437995637505
3.4069333333333334,-997.343110385045
3.4086000000000003,-997.3423327306948
3.410266666666667,-997.341615612312
3.4119333333333337,-997.3410801018314
3.4136,-997.3408193315104
3.4152666666666667,-997.340833301349
3.4169333333333336,-997.3410661319928
3.4186,-997.3414200345712
3.420266666666667,-997.3417785937627
3.4219333333333335,-997.3420440206966
3.4236,-997.3421511227926
3.425266666666667,-997.3420905868253
3.4269333333333334,-997.3418810392459
3.4286166666666666,-997.3415969858605
3.4302833333333336,-997.3413315589266
3.43195,-997.3411732340888
3.433616666666667,-997.3411732340888
3.4352833333333335,-997.3413408721524
3.43695,-997.3416249255378
3.438616666666667,-997.3419462318262
3.4402833333333334,-997.342216315373
3.4419500000000003,-997.3423746402107
3.4436166666666668,-997.3423792968235
3.4452833333333337,-997.3422256285987
3.44695,-997.3419229487619
3.4486166666666667,-997.3415131668288
3.4502833333333336,-997.3410661319928
3.45195,-997.3406703198983
3.453616666666667,-997.3404048929644
3.4552833333333335,-997.3403397003842
3.45695,-997.3404840553834
3.4586333333333337,-997.3408053616718
3.4603,-997.3412291134434
3.4619666666666666,-997.3416621784407
3.4636333333333336,-997.3420021111807
3.4653,-997.3421697492442
3.466966666666667,-997.3421138698897
3.4686333333333335,-997.3418111900528
3.4703000000000004,-997.3413082758623
3.471966666666667,-997.3406936029627
3.4736333333333334,-997.3401022131276
3.4753000000000003,-997.3396831179688
3.4769666666666668,-997.3395620460341
3.4786333333333337,-997.3397809068392
3.4803,-997.3403024474812
3.4819666666666667,-997.3410102526383
3.4836333333333336,-997.3417459974726
3.485316666666667,-997.3423467005334
3.4869833333333333,-997.3426912898863
3.4886500000000003,-997.342700603112
3.4903166666666667,-997.3423839534364
3.4919833333333337,-997.3417925636013
3.49365,-997.3410475055413
3.4953166666666666,-997.3402791644169
3.4969833333333336,-997.3396179253886
3.49865,-997.3391429508753
3.500316666666667,-997.3388868371671
3.5019833333333334,-997.3388076747483
3.5036500000000004,-997.3388449276513
3.505316666666667,-997.3389240900701
3.5069833333333333,-997.3389846260375
3.5086500000000003,-997.3389799694246
3.5103166666666668,-997.3388961503929
3.5119833333333337,-997.3387191991036
3.51365,-997.3384630853955
3.5153333333333334,-997.3381510923329
3.5169833333333336,-997.337848412496
3.518666666666667,-997.3376109252393
3.5203333333333333,-997.3374991665303
3.5220000000000002,-997.3375457326591
3.5236666666666667,-997.337731997174
3.5253333333333337,-997.3380113939465
3.527,-997.338295447332
3.5286666666666666,-997.338481711847
3.5303333333333335,-997.3384910250727
3.532,-997.3382675076548
3.533666666666667,-997.3378018463673
3.5353333333333334,-997.3371499205647
3.5370000000000004,-997.3364141757304
3.538666666666667,-997.3357296536377
3.5403333333333333,-997.3352174262214
3.5420000000000003,-997.3349519992876
3.5436666666666667,-997.3349287162232
3.54535,-997.3350730712223
3.547016666666667,-997.3352779621888
3.5486833333333334,-997.335422317188
3.5503500000000003,-997.3354176605751
3.552016666666667,-997.3352313960601
3.5536833333333333,-997.3348774934816
3.5553500000000002,-997.3344071755812
3.5570166666666667,-997.3338949481649
3.5586833333333336,-997.3334106604259
3.56035,-997.3330241615572
3.562016666666667,-997.3327913309134
3.5636833333333335,-997.3327447647847
3.56535,-997.3328751499452
3.567016666666667,-997.3331545467178
3.5686833333333334,-997.3335131059091
3.5703500000000004,-997.3338763217134
3.572016666666667,-997.3341650317117
3.5736833333333333,-997.3343186999365
3.575366666666667,-997.3343047300979
3.5770333333333335,-997.3341044957442
3.5787,-997.3337459365529
3.580366666666667,-997.3332849318782
3.5820333333333334,-997.3328099573649
3.5837000000000003,-997.3324188018835
3.585366666666667,-997.3321906278526
3.5870333333333333,-997.3321673447882
3.5887000000000002,-997.3323396394645
3.5903666666666667,-997.3326562891401
3.5920333333333336,-997.333033474783
3.5937,-997.3333920339744
3.595366666666667,-997.3336481476825
3.5970333333333335,-997.3337505931657
3.5987,-997.333666774134
3.600366666666667,-997.3334106604259
3.6020333333333334,-997.3330241615572
3.6037000000000003,-997.3326004097855
3.6053833333333336,-997.3322418505942
3.60705,-997.3320323030148
3.608716666666667,-997.3320090199504
3.6103833333333335,-997.3321533749495
3.61205,-997.332400175432
3.613716666666667,-997.332660945753
3.6153833333333334,-997.3328565234937
3.6170500000000003,-997.3329077462354
3.618716666666667,-997.3327913309134
3.6203833333333333,-997.3325026209152
3.62205,-997.3320928389821
3.6237166666666667,-997.3316597739847
3.6253833333333336,-997.3313105280191
3.62705,-997.3311568597942
3.628716666666667,-997.3312686185033
3.6303833333333335,-997.331650460759
3.63205,-997.3322465072071
3.633716666666667,-997.3329310292997
3.6354,-997.3335503588121
3.6370666666666667,-997.3339787671966
3.6387333333333336,-997.3341138089701
3.6404,-997.3339322010679
3.642066666666667,-997.3334711963932
3.6437333333333335,-997.3328146139778
3.6454,-997.3321161220465
3.647066666666667,-997.3315107623728
3.6487333333333334,-997.3311335767298
3.6504000000000003,-997.3310497576981
3.652066666666667,-997.3312639618904
3.6537333333333337,-997.3317296231779
3.6554,-997.3323396394645
3.6570666666666667,-997.3329869086542
3.6587333333333336,-997.3335643286507
3.6604,-997.334002050261
3.6620833333333334,-997.3342395375176
3.6637333333333335,-997.3342674771949
3.6654166666666668,-997.3341091523572
3.6670833333333337,-997.3338250989717
3.66875,-997.3335037926834
3.6704166666666667,-997.3332616488138
3.6720833333333336,-997.333182486395
3.67375,-997.3333175281683
3.675416666666667,-997.3336481476825
3.6770833333333335,-997.3340998391313
3.67875,-997.3345515305803
3.680416666666667,-997.3348868067073
3.6820833333333334,-997.3349985654163
3.6837500000000003,-997.3348262707399
3.685416666666667,-997.3343559528396
3.6870833333333337,-997.333629521231
3.68875,-997.3327633912362
3.6904166666666667,-997.3319019178542
3.6921000000000004,-997.3311987693102
3.69375,-997.3307796741514
3.6954333333333333,-997.3306725720552
3.6971000000000003,-997.3308448667316
3.6987666666666668,-997.3311754862457
3.7004333333333337,-997.3315340454371
3.7021,-997.3317901591453
3.7037666666666667,-997.3318553517255
3.7054333333333336,-997.3317063401136
3.7071,-997.3313617507607
3.708766666666667,-997.3308867762474
3.7104333333333335,-997.3303838620569
3.7121000000000004,-997.3299461404466
3.713766666666667,-997.3296527738355
3.7154333333333334,-997.329559641578
3.7171000000000003,-997.3296667436741
3.7187666666666668,-997.3299507970595
3.7204333333333337,-997.330379205444
3.722116666666667,-997.3308914328603
3.7237666666666667,-997.3314362565668
3.7254500000000004,-997.3319624538217
3.727116666666667,-997.332400175432
3.7287833333333333,-997.3326842288174
3.7304500000000003,-997.3327680478491
3.7321166666666667,-997.3326516325272
3.7337833333333337,-997.3323722357546
3.73545,-997.3320136765633
3.7371166666666666,-997.3316784004363
3.7387833333333336,-997.3314455697925
3.74045,-997.331352437535
3.742116666666667,-997.3313757205993
3.7437833333333335,-997.3314595396312
3.7454500000000004,-997.3314921359213
3.747116666666667,-997.3313850338251
3.7487833333333334,-997.3310590709239
3.7504500000000003,-997.330495620766
3.7521333333333335,-997.3297412494802
3.7538,-997.3288937459369
3.755466666666667,-997.3281021217481
3.7571333333333334,-997.3275060753
3.7588000000000004,-997.3272173653017
3.760466666666667,-997.3272732446563
3.7621333333333333,-997.3276504302992
3.7638000000000003,-997.3282464767472
3.7654666666666667,-997.3289403120656
3.7671333333333337,-997.3296015510939
3.7688,-997.3301324049617
3.7704666666666666,-997.3304630244759
3.7721333333333336,-997.330570126572
3.7738,-997.330458367863
3.775466666666667,-997.3301603446389
3.7771333333333335,-997.3297412494802
3.7788166666666667,-997.3292942146442
3.780466666666667,-997.3289030591626
3.78215,-997.3286516020673
3.783816666666667,-997.3285584698099
3.7854833333333335,-997.3286236623901
3.78715,-997.3287913004536
3.788816666666667,-997.3289915348073
3.7904833333333334,-997.3291312331935
3.7921500000000004,-997.3291358898064
3.793816666666667,-997.32896359513
3.7954833333333333,-997.3286050359386
3.7971500000000002,-997.328106778361
3.7988166666666667,-997.3275526414288
3.8004833333333337,-997.3270357573997
3.80215,-997.3266399453053
3.803816666666667,-997.3264117712744
3.8054833333333336,-997.3263419220813
3.80715,-997.3264024580486
3.808816666666667,-997.3265328432091
3.8104833333333334,-997.326686511434
3.8121666666666667,-997.3268308664332
3.8138333333333336,-997.3269565949807
3.8155,-997.3270497272383
3.817166666666667,-997.3271056065928
3.8188333333333335,-997.3271149198185
3.8205,-997.3270869801413
3.822166666666667,-997.3270543838512
3.8238333333333334,-997.3270497272383
3.8255000000000003,-997.3271242330443
3.827166666666667,-997.3273104975593
3.8288333333333333,-997.3276038641704
3.8305000000000002,-997.3279670799747
3.8321666666666667,-997.328330295779
3.8338333333333336,-997.3285910661
3.8355,-997.3286748851317
3.837166666666667,-997.3285351867455
3.8388333333333335,-997.3281952540055
3.8405,-997.3277342493309
3.8421833333333337,-997.3272825578821
3.84385,-997.3269705648194
3.8455166666666667,-997.3268867457876
3.8471833333333336,-997.3270543838512
3.84885,-997.3273989732039
3.850516666666667,-997.3278040985241
3.8521833333333335,-997.3281254048125
3.85385,-997.3282651031988
3.855516666666667,-997.3281812841669
3.8571833333333334,-997.3279112006202
3.8588500000000003,-997.327547984816
3.860516666666667,-997.3271940822374
3.8621833333333333,-997.3269565949807
3.8638500000000002,-997.326910028852
3.8655166666666667,-997.3270730103027
3.8671833333333336,-997.3274036298168
3.86885,-997.3278413514271
3.870516666666667,-997.3282883862631
3.8722000000000003,-997.3286841983575
3.873866666666667,-997.3289822215816
3.8755333333333337,-997.3291684860965
3.8772,-997.3292429919026
3.8788666666666667,-997.3291917691608
3.8805333333333336,-997.3289822215816
3.8822,-997.3285910661
3.883866666666667,-997.3280183027164
3.8855333333333335,-997.3273337806237
3.8872,-997.3266446019181
3.888866666666667,-997.3260997782118
3.8905333333333334,-997.3258064116006
3.8922000000000003,-997.3258250380521
3.893866666666667,-997.326127717889
3.8955333333333337,-997.3266026924023
3.8972,-997.327096293367
3.8988666666666667,-997.3274455393326
3.9005500000000004,-997.3275433282031
3.902216666666667,-997.3273384372366
3.9038833333333334,-997.3268820891748
3.9055500000000003,-997.3262860427267
3.907216666666667,-997.3257132793431
3.9088833333333337,-997.3253174672486
3.91055,-997.325191738701
3.9122166666666667,-997.3253500635388
3.9138833333333336,-997.3257365624074
3.91555,-997.3262301633722
3.917216666666667,-997.3267144511112
3.9188833333333335,-997.3270776669156
3.92055,-997.3272639314305
3.922216666666667,-997.3272406483661
3.9238833333333334,-997.3270124743352
3.9255500000000003,-997.3266026924023
3.927216666666667,-997.326053212083
3.9288833333333337,-997.325452509022
3.930566666666667,-997.3248890588642
3.9322333333333335,-997.3244559938668
3.9339000000000004,-997.3242091933844
3.935566666666667,-997.3241765970943
3.9372333333333334,-997.3243162954805
3.9389000000000003,-997.3245630959628
3.9405666666666668,-997.3248238662839
3.9422333333333337,-997.3250008175731
3.9439,-997.3250147874118
3.9455666666666667,-997.3248052398324
3.9472333333333336,-997.3243675182222
3.9489,-997.3237668151612
3.950566666666667,-997.3231055761329
3.9522333333333335,-997.3225281561364
3.9539,-997.3221602837193
3.955566666666667,-997.3220811213004
3.9572333333333334,-997.3222860122669
3.9589000000000003,-997.3227144206514
3.9605833333333336,-997.3232452745192
3.96225,-997.3237575019355
3.963916666666667,-997.3241440008042
3.9655833333333335,-997.3243395785448
3.9672500000000004,-997.3243116388676
3.968916666666667,-997.3240788082238
3.9705833333333334,-997.323701622581
3.9722500000000003,-997.3232499311321
3.9739166666666668,-997.3228354925861
3.9755833333333337,-997.322542125975
3.97725,-997.3224257106532
3.9789166666666667,-997.322504873072
3.9805833333333336,-997.3227237338772
3.98225,-997.3230124438754
3.983916666666667,-997.3232639009707
3.9855833333333335,-997.3233942861312
3.9872500000000004,-997.3233384067767
3.9889333333333337,-997.3230822930685
3.9905999999999997,-997.3226678545227
3.9922666666666666,-997.3221882233966
3.9939333333333336,-997.3217830980764
3.9955999999999996,-997.3215921769485
3.9972666666666665,-997.3217272187219
3.9989333333333335,-997.3221928800094
