min,µS/cm
0.0,-995.2737535328016
0.0016666666666667052,-995.2738280386077
0.0033333333333334103,-995.2731714561922
0.004999999999999893,-995.2711970523332
0.006666666666666599,-995.2676114604192
0.008333333333333304,-995.2627359867388
0.010000000000000009,-995.2575624898344
0.011666666666666714,-995.2534646705042
0.01333333333333342,-995.2517324105146
0.014999999999999902,-995.2532039001832
0.016666666666666607,-995.2580095246705
0.018333333333333313,-995.2655718639799
0.020000000000000018,-995.2747640177955
0.021666666666666723,-995.2842541948353
0.023333333333333428,-995.2928177059129
0.02499999999999991,-995.299607047485
0.026666666666666616,-995.3042776301988
0.028350000000000097,-995.3069132730863
0.03001666666666658,-995.3079051316287
0.031683333333333286,-995.3077328369523
0.03334999999999999,-995.3068713635704
0.035016666666666696,-995.30565598761
0.0366833333333334,-995.304310226489
0.038350000000000106,-995.3029272124651
0.04001666666666659,-995.3014883190866
0.041683333333333294,-995.299607047485
0.04335,-995.2950342536415
0.045016666666666705,-995.2783589229352
0.04668333333333341,-995.2187449649064
0.048350000000000115,-995.0336771994055
0.0500166666666666,-994.5366024014245
0.0516833333333333,-993.3631359568625
0.05335000000000001,-990.888420953829
0.055016666666666714,-986.1624897393224
0.05668333333333342,-977.9015513965402
0.05836666666666668,-964.5724720156624
0.06003333333333338,-944.5927063676495
0.06170000000000009,-916.6370336509482
0.06336666666666657,-880.0057651847628
0.06503333333333328,-834.976691210166
0.06669999999999998,-783.0496042887911
0.06836666666666669,-727.002416144592
0.07003333333333339,-670.7131819197504
0.0717000000000001,-618.7529771676068
0.07336666666666658,-575.8078492133915
0.07503333333333329,-546.0290659899027
0.07669999999999999,-532.4297493940358
0.0783666666666667,-536.4384458104328
0.0800333333333334,-557.689457460162
0.0817000000000001,-594.083648451643
0.08336666666666659,-642.1024215603725
0.0850333333333333,-697.3126440762136
0.08671666666666678,-754.9703171267035
0.08838333333333326,-810.6204498608691
0.09004999999999996,-860.6004672407175
0.09171666666666667,-902.379514138391
0.09338333333333337,-934.700658980152
0.09505000000000008,-957.5283624965364
0.09671666666666656,-971.8361594583076
0.09838333333333327,-979.2902883977118
0.10004999999999997,-981.8942104381948
0.10171666666666668,-981.6533890467385
0.10338333333333338,-980.3065895011214
0.10505000000000009,-979.1508042156468
0.10671666666666657,-978.968530417871
0.10838333333333328,-980.0483570341246
0.11006666666666676,-982.2768955408953
0.11171666666666669,-985.2727460606362
0.11339999999999995,-988.5321934654062
0.11506666666666665,-991.5603748483398
0.11673333333333336,-993.969482832574
0.11840000000000006,-995.5346262992987
0.12006666666666677,-996.2072088365477
0.12173333333333325,-996.0927446354613
0.12339999999999995,-995.4047673360467
0.12506666666666666,-994.408065916229
0.12673333333333336,-993.3636761239561
0.12840000000000007,-992.4850757198805
0.13006666666666655,-991.9111574962321
0.13173333333333326,-991.6974795012258
0.13339999999999996,-991.8236783667578
0.13506666666666667,-992.2126405836142
0.13673333333333337,-992.7556575242223
0.13840000000000008,-993.3380880362066
0.14006666666666678,-993.8608487108074
0.14173333333333327,-994.2549006055365
0.14339999999999997,-994.4874658223649
0.14508333333333345,-994.5606491503122
0.14674999999999994,-994.5041178700068
0.14841666666666664,-994.3643962006851
0.15008333333333335,-994.1932796473584
0.15175000000000005,-994.037641675229
0.15341666666666676,-993.9321181708631
0.15508333333333324,-993.8953728386645
0.15674999999999994,-993.9299528458761
0.15841666666666665,-994.0249803448212
0.16008333333333336,-994.1606507609415
0.16175000000000006,-994.3134575124427
0.16341666666666677,-994.4610116046206
0.16508333333333325,-994.5857343238712
0.16674999999999995,-994.6769853097745
0.16841666666666666,-994.7315887523497
0.17008333333333336,-994.7529160393183
0.17175000000000007,-994.7490370807932
0.17341666666666677,-994.730419942518
0.17510000000000003,-994.7076817018482
0.17676666666666674,-994.6897351158269
0.17843333333333344,-994.6826198113536
0.18009999999999993,-994.6890319672827
0.18176666666666663,-994.7085245487785
0.18343333333333334,-994.7382244256969
0.18510000000000004,-994.7738475141925
0.18676666666666675,-994.8107325447774
0.18843333333333323,-994.8447770415082
0.19009999999999994,-994.8730613081125
0.19176666666666664,-994.8941511078244
0.19343333333333335,-994.9080836935473
0.19510000000000005,-994.9160465015639
0.19676666666666676,-994.9199533997662
0.19843333333333346,-994.9219417734639
0.20009999999999994,-994.923958086839
0.20176666666666665,-994.9274505464954
0.20343333333333335,-994.9332247464606
0.2051166666666666,-994.9414343549597
0.20678333333333332,-994.9517021863496
0.20845000000000002,-994.9633111222477
0.21011666666666673,-994.9754043458846
0.21178333333333343,-994.9871669500075
0.21344999999999992,-994.9979702918781
0.21511666666666662,-995.0074185594019
0.21678333333333333,-995.0153720541929
0.21845000000000003,-995.0219239085084
0.22011666666666674,-995.027311609605
0.22178333333333322,-995.0319030299
0.22344999999999993,-995.0360893248749
0.22511666666666663,-995.0402569933982
0.22678333333333334,-995.0447226851455
0.22845000000000004,-995.0497052609221
0.23011666666666675,-995.0552512868564
0.23178333333333345,-995.0612676306913
0.2334666666666667,-995.0675354316214
0.23513333333333342,-995.0737752928742
0.23680000000000012,-995.0796985044515
0.2384666666666666,-995.0850862055482
0.2401333333333333,-995.0898173242294
0.24180000000000001,-995.0938872038824
0.24346666666666672,-995.0973982899903
0.24513333333333343,-995.1004856243267
0.2467999999999999,-995.1033215015676
0.2484666666666666,-995.1060456200996
0.2501333333333333,-995.1087417989544
0.2518,-995.1114566042608
0.25346666666666673,-995.1141946926314
0.2551333333333332,-995.1169094979376
0.25680000000000014,-995.1195591106637
0.2584666666666666,-995.1221155911321
0.2601333333333333,-995.1245882525689
0.2618166666666668,-995.1270190044897
0.2634833333333333,-995.1294870093136
0.26515,-995.1320388331693
0.2668166666666667,-995.1346931025082
0.2684833333333334,-995.1374172210402
0.2701500000000001,-995.1401227131207
0.2718166666666666,-995.1427024766537
0.2734833333333333,-995.1450587227685
0.27515,-995.1471402287237
0.2768166666666667,-995.1489516511322
0.2784833333333334,-995.1505302428969
0.2801499999999999,-995.1519505098238
0.2818166666666666,-995.1532683312676
0.2834833333333333,-995.154520960131
0.28515,-995.1557316794785
0.2868166666666667,-995.1568911760845
0.2884833333333334,-995.1579808234973
0.29015000000000013,-995.1590052783298
0.2918166666666666,-995.1599924802593
0.2935000000000001,-995.1609983086404
0.2951666666666668,-995.1621019258919
0.2968333333333333,-995.163363867981
0.2985,-995.1648120745853
0.3001666666666667,-995.1664092928015
0.3018333333333334,-995.1680903300494
0.3035000000000001,-995.1697573974587
0.3051666666666666,-995.1713033929334
0.3068333333333333,-995.1726631238929
0.3085,-995.173817963886
0.3101666666666667,-995.1748144790413
0.3118333333333334,-995.1757364883906
0.3134999999999999,-995.1766538411271
0.3151666666666668,-995.177627073218
0.3168333333333333,-995.1786468714376
0.3185,-995.1796946093345
0.3201666666666667,-995.18072372078
0.32184999999999997,-995.1816876396451
0.3235166666666667,-995.1825863659301
0.3251833333333334,-995.1834338694733
0.3268500000000001,-995.1842813730167
0.3285166666666668,-995.1851940691403
0.3301833333333333,-995.1862231805857
0.33185,-995.1873733639658
0.3335166666666667,-995.1886213362164
0.3351833333333334,-995.1899112179829
0.3368500000000001,-995.1911545336205
0.3385166666666666,-995.1922628074849
0.3401833333333333,-995.1931568771569
0.34185,-995.1938088029594
0.3435166666666667,-995.1942465245697
0.3451833333333334,-995.1945585176323
0.3468499999999999,-995.1948611974692
0.3485166666666668,-995.1952570095636
0.3501833333333333,-995.19580183327
0.35186666666666655,-995.1964863553627
0.3535333333333335,-995.1972453832614
0.35519999999999996,-995.1979857847085
0.35686666666666667,-995.1986237406725
0.35853333333333337,-995.1991219982501
0.3602000000000001,-995.1995038405058
0.3618666666666668,-995.1998437732458
0.36353333333333326,-995.2002302721144
0.36519999999999997,-995.2007424995306
0.3668666666666667,-995.2013944253332
0.3685333333333334,-995.2021813929091
0.3702000000000001,-995.2030428662911
0.37186666666666657,-995.2039322793502
0.3735333333333333,-995.2047797828935
0.3752,-995.2055527806308
0.3768666666666667,-995.2062373027235
0.3785333333333334,-995.2068333491715
0.38021666666666665,-995.2073642030392
0.38188333333333335,-995.2078438341654
0.38355000000000006,-995.2082536160984
0.38521666666666676,-995.2085795789997
0.38688333333333347,-995.2087891265791
0.38854999999999995,-995.208868288998
0.39021666666666666,-995.2088356927078
0.39188333333333336,-995.2087611869018
0.39355000000000007,-995.2087518736761
0.39521666666666677,-995.2089334815782
0.39688333333333325,-995.2093991428658
0.39854999999999996,-995.2101907670545
0.40021666666666667,-995.2112711012416
0.40188333333333337,-995.2125423565566
0.4035500000000001,-995.2138741478389
0.40521666666666656,-995.2151174634765
0.40690000000000004,-995.2161652013734
0.40856666666666674,-995.2169475123366
0.4102333333333332,-995.2174969926558
0.41190000000000015,-995.2178928047501
0.41356666666666664,-995.218237394103
0.41523333333333334,-995.2186425194232
0.41690000000000005,-995.2191640600652
0.41856666666666675,-995.219802016029
0.42023333333333346,-995.220509821186
0.42189999999999994,-995.2211943432787
0.42356666666666665,-995.2217624500495
0.42523333333333335,-995.2221722319825
0.42690000000000006,-995.2224330023035
0.42856666666666676,-995.2226146102057
0.43023333333333325,-995.2228101879465
0.43189999999999995,-995.223089584719
0.43356666666666666,-995.2234807402004
0.43523333333333336,-995.2239603713266
0.43690000000000007,-995.2244772553557
0.43856666666666655,-995.2249661997076
0.44025000000000003,-995.2253852948664
0.44191666666666674,-995.2257252276064
0.4435833333333332,-995.2260092809918
0.44525000000000015,-995.22629799099
0.44691666666666663,-995.226633267117
0.44858333333333333,-995.2270523622758
0.45025000000000004,-995.2275366500148
0.45191666666666674,-995.2280255943667
0.45358333333333345,-995.2284400329127
0.45524999999999993,-995.2286914900079
0.45691666666666664,-995.2287054598465
0.45858333333333334,-995.2284679725899
0.46025000000000005,-995.2280302509796
0.46191666666666675,-995.2274993971118
0.46358333333333324,-995.2270104527599
0.46524999999999994,-995.2266565501814
0.46691666666666665,-995.2264982253437
0.4685999999999999,-995.2265121951823
0.4702666666666666,-995.2266239538912
0.4719333333333333,-995.2267543390518
0.4736,-995.2268335014707
0.4752666666666667,-995.2268428146964
0.47693333333333343,-995.2268288448578
0.47860000000000014,-995.2268754109865
0.4802666666666666,-995.2270896151788
0.4819333333333333,-995.2275366500148
0.48360000000000003,-995.2282304853333
0.48526666666666673,-995.2291292116182
0.48693333333333344,-995.2301490098379
0.4885999999999999,-995.2311641514447
0.49026666666666663,-995.232044251278
0.49193333333333333,-995.2326915204677
0.49360000000000004,-995.233054736272
0.49526666666666674,-995.2331618383681
0.49693333333333334,-995.2330826759493
0.4986166666666667,-995.2329103812729
0.5002833333333333,-995.2327334299836
0.50195,-995.2325890749845
0.5036166666666667,-995.2324959427269
0.5052833333333333,-995.2324260935338
0.50695,-995.2323562443407
0.5086166666666667,-995.2322863951475
0.5102833333333333,-995.2322724253089
0.51195,-995.2323795274051
0.5136166666666667,-995.232682207242
0.5152833333333333,-995.2332130611097
0.51695,-995.2339394927183
0.5186166666666667,-995.2347869962616
0.5202833333333333,-995.2356484696435
0.52195,-995.2364168107679
0.5236166666666667,-995.237012857216
0.5252833333333333,-995.2373900428588
0.52695,-995.2375530243095
0.5286333333333334,-995.2375623375352
0.5303,-995.2375157714065
0.5319666666666667,-995.2375111147936
0.5336333333333334,-995.2376228735026
0.5353,-995.2378789872107
0.5369666666666667,-995.2382515162408
0.5386333333333334,-995.238656641561
0.5403,-995.2389919176879
0.5419666666666667,-995.2391735255901
0.5436333333333334,-995.2391874954287
0.5453,-995.2390664234939
0.5469666666666667,-995.2388987854305
0.5486333333333333,-995.2387544304313
0.5503,-995.2386845812382
0.5519666666666667,-995.2386985510768
0.5536333333333333,-995.2387823701085
0.5553,-995.2389080986562
0.5569833333333334,-995.2390431404295
0.55865,-995.2391828388159
0.5603166666666667,-995.2393411636535
0.5619833333333334,-995.2395507112329
0.56365,-995.2398580476827
0.5653166666666667,-995.2402911126801
0.5669833333333334,-995.2408312797736
0.56865,-995.2414366394474
0.5703166666666667,-995.2420373425083
0.5719833333333334,-995.2425402566988
0.57365,-995.2428895026645
0.5753166666666667,-995.2430571407281
0.5769833333333334,-995.2430804237924
0.57865,-995.2430431708895
0.5803166666666667,-995.2430478275023
0.5819833333333334,-995.2431921825014
0.58365,-995.243504175564
0.5853166666666667,-995.2439465537872
0.5870000000000001,-995.2444308415262
0.5886666666666667,-995.244849936685
0.5903333333333334,-995.2451153636189
0.5920000000000001,-995.2451945260377
0.5936666666666667,-995.2451200202318
0.5953333333333334,-995.2449849784583
0.597,-995.244887189588
0.5986666666666667,-995.2449058160395
0.6003333333333334,-995.245073454103
0.602,-995.245371477327
0.6036666666666667,-995.24574866297
0.6053333333333334,-995.2461398184514
0.607,-995.2464704379656
0.6086666666666667,-995.2466892987707
0.6103333333333334,-995.2467638045767
0.612,-995.2467358648995
0.6136666666666667,-995.2466567024805
0.6153500000000001,-995.2466147929647
0.6170166666666667,-995.2466613590934
0.6186833333333334,-995.2468057140926
0.6203500000000001,-995.2470245748978
0.6220166666666667,-995.2472527489286
0.6236833333333334,-995.2474297002178
0.6253500000000001,-995.247536802314
0.6270166666666667,-995.2475973382814
0.6286833333333334,-995.2476858139261
0.6303500000000001,-995.2478674218281
0.6320166666666667,-995.2481933847295
0.6336833333333334,-995.2486637026299
0.6353500000000001,-995.249217839562
0.6370166666666667,-995.2497859463327
0.6386833333333334,-995.2502795472975
0.6403500000000001,-995.2506194800375
0.6420166666666667,-995.2507591784237
0.6436833333333334,-995.2506939858434
0.64535,-995.250447185361
0.6470333333333333,-995.2500793129439
0.6487,-995.2496695310109
0.6503666666666666,-995.2492690623036
0.6520333333333334,-995.2489058464994
0.6537000000000001,-995.2485891968238
0.6553666666666667,-995.2483004868255
0.6570333333333334,-995.2480024636016
0.6587000000000001,-995.2476904705389
0.6603666666666667,-995.2473691642505
0.6620333333333334,-995.2471037373166
0.6637000000000001,-995.2469733521561
0.6653666666666667,-995.2470338881235
0.6670333333333334,-995.2473179415089
0.6687000000000001,-995.2477882594093
0.6703666666666667,-995.2483610227929
0.6720333333333334,-995.2489337861766
0.6737000000000001,-995.2494134173028
0.6753833333333333,-995.2497486934298
0.67705,-995.249925644719
0.6787166666666667,-995.2499815240735
0.6803833333333333,-995.2499675542349
0.68205,-995.2499209881062
0.6837166666666668,-995.2498604521387
0.6853833333333333,-995.2497580066555
0.68705,-995.2495717421405
0.6887166666666668,-995.2492504358521
0.6903833333333333,-995.2487801179517
0.69205,-995.2481701016651
0.6937166666666666,-995.2474809229595
0.6953833333333334,-995.2468243405441
0.6970500000000001,-995.2463260829664
0.6987333333333333,-995.2460885957098
0.7004,-995.2461724147415
0.7020666666666667,-995.2465496003845
0.7037333333333333,-995.247127020381
0.7054,-995.2477696329578
0.7070666666666667,-995.2483377397285
0.7087333333333333,-995.2487242385972
0.7104,-995.2488918766607
0.7120666666666667,-995.2488685935963
0.7137333333333333,-995.248733551823
0.7154,-995.2485659137594
0.7170666666666667,-995.2484401852118
0.7187333333333333,-995.2483843058573
0.7204,-995.2483982756959
0.7220666666666667,-995.2484541550505
0.7237333333333333,-995.2484960645663
0.7254,-995.2484914079535
0.7270666666666667,-995.2484122455345
0.7287333333333333,-995.2482725471483
0.7304,-995.2481142223105
0.7320666666666668,-995.2479884937629
0.73375,-995.2479279577956
0.7354166666666667,-995.2479326144085
0.7370833333333334,-995.2479698673114
0.73875,-995.2479698673114
0.7404166666666667,-995.247872078441
0.7420833333333333,-995.2476439044101
0.74375,-995.2472946584445
0.7454166666666667,-995.2469035029629
0.7470833333333333,-995.2465868532875
0.74875,-995.246451811514
0.7504166666666667,-995.2465821966746
0.7520833333333333,-995.246978008769
0.75375,-995.2475833684427
0.7554166666666667,-995.2482911735998
0.7570833333333333,-995.248957069241
0.75875,-995.2494646400444
0.7604166666666667,-995.2497440368169
0.7620833333333333,-995.2497812897199
0.7637666666666667,-995.2496369347208
0.7654333333333334,-995.2493901342384
0.7671,-995.2491247073044
0.7687666666666667,-995.2488872200478
0.7704333333333334,-995.2486869856942
0.7721,-995.248510034405
0.7737666666666667,-995.2483284265028
0.7754333333333334,-995.2481375053749
0.7771,-995.2479652106986
0.7787666666666667,-995.2478813916667
0.7804333333333334,-995.2479652106986
0.7821,-995.2482772037612
0.7837666666666667,-995.2488127142418
0.7854333333333333,-995.2495112061731
0.7871,-995.2502469510074
0.7887666666666667,-995.2508755937456
0.7904333333333333,-995.2512527793884
0.7921,-995.2512807190657
0.7937833333333334,-995.2509500995516
0.79545,-995.2503400832649
0.7971166666666667,-995.2495996818177
0.7987833333333334,-995.2489011898864
0.80045,-995.2483843058573
0.8021166666666667,-995.2481142223105
0.8037833333333334,-995.2480862826333
0.80545,-995.2482213244067
0.8071166666666667,-995.2484122455345
0.8087833333333334,-995.2485519439208
0.81045,-995.2485752269852
0.8121166666666667,-995.2484820947277
0.8137833333333334,-995.2483423963414
0.81545,-995.2482446074711
0.8171166666666667,-995.2482725471483
0.8187833333333334,-995.248472781502
0.82045,-995.2488173708547
0.8221333333333334,-995.2492457792392
0.8238000000000001,-995.2496555611723
0.8254666666666667,-995.2499582410092
0.8271333333333334,-995.2501072526211
0.8288000000000001,-995.2501165658468
0.8304666666666667,-995.250037403428
0.8321333333333334,-995.2499442711705
0.8338,-995.2498977050418
0.8354666666666667,-995.2499023616547
0.8371333333333334,-995.2499442711705
0.8388,-995.249962897622
0.8404666666666667,-995.2499070182675
0.8421333333333334,-995.2497347235911
0.8438,-995.2494553268186
0.8454666666666667,-995.2491293639173
0.8471333333333334,-995.2488313406933
0.8488,-995.2486497327911
0.8504833333333334,-995.2486450761783
0.8521500000000001,-995.2488499671448
0.8538166666666667,-995.2492224961749
0.8554833333333334,-995.2496928140753
0.8571500000000001,-995.2501538187499
0.8588166666666667,-995.2505077213284
0.8604833333333334,-995.2506846726177
0.8621500000000001,-995.2506893292306
0.8638166666666667,-995.2505729139086
0.8654833333333334,-995.2504145890709
0.8671500000000001,-995.2502748906846
0.8688166666666667,-995.25018641504
0.8704833333333334,-995.2501212224597
0.8721500000000001,-995.2500327468151
0.8738166666666667,-995.2498557955258
0.8754833333333334,-995.2495438024632
0.8771500000000001,-995.2490874544014
0.8788166666666667,-995.2485286608564
0.8805000000000001,-995.2479465842471
0.8821666666666667,-995.2474436700566
0.8838333333333334,-995.247089767478
0.8855000000000001,-995.2469128161887
0.8871666666666667,-995.2468988463501
0.8888333333333334,-995.2470106050591
0.8905000000000001,-995.2471828997354
0.8921666666666667,-995.2473458811861
0.8938333333333334,-995.2474576398952
0.8955000000000001,-995.2474948927982
0.8971666666666667,-995.2474716097338
0.8988333333333334,-995.2474157303792
0.9005000000000001,-995.2473412245732
0.9021666666666667,-995.2472248092514
0.9038333333333334,-995.2470292315106
0.9055000000000001,-995.2466892987707
0.9071666666666667,-995.2461584449029
0.9088333333333334,-995.2454273566815
0.9105166666666668,-995.244551913461
0.9121833333333333,-995.2436578437889
0.91385,-995.2428895026645
0.9155166666666668,-995.242386588474
0.9171833333333334,-995.242237576862
0.9188500000000001,-995.2424471244414
0.9205166666666668,-995.2429500386319
0.9221833333333334,-995.2436345607246
0.9238500000000001,-995.2443842753975
0.9255166666666668,-995.2450781107159
0.9271833333333334,-995.2456415608738
0.9288500000000001,-995.2460327163553
0.9305166666666667,-995.246270203612
0.9321833333333334,-995.2463866189338
0.9338500000000001,-995.2464378416754
0.9355166666666667,-995.2464704379656
0.9371833333333334,-995.2465030342557
0.9388500000000001,-995.2465356305458
0.9405333333333333,-995.2465449437716
0.9422,-995.2465123474815
0.9438666666666667,-995.2464424982883
0.9455333333333333,-995.2463819623209
0.9472,-995.2464099019982
0.9488666666666667,-995.2466008231261
0.9505333333333333,-995.246978008769
0.9522,-995.2475088626368
0.9538666666666668,-995.248095595859
0.9555333333333333,-995.2486078232753
0.9572,-995.2489291295637
0.9588666666666668,-995.2489850089182
0.9605333333333334,-995.2487754613388
0.9622,-995.2483610227929
0.9638666666666668,-995.2478627652152
0.9655333333333334,-995.2474064171535
0.9672000000000001,-995.2470990807037
0.9688833333333334,-995.2470106050591
0.97055,-995.2471456468325
0.9722166666666667,-995.247462296508
0.9738833333333334,-995.2478674218281
0.97555,-995.2482492640839
0.9772166666666667,-995.248510034405
0.9788833333333333,-995.2486078232753
0.98055,-995.2485566005337
0.9822166666666667,-995.2484122455345
0.9838833333333333,-995.2482446074711
0.98555,-995.2480909392461
0.9872333333333334,-995.2479326144085
0.9889,-995.2477323800548
0.9905666666666667,-995.2474297002178
0.9922333333333334,-995.2469966352205
0.9939,-995.2464657813528
0.9955666666666667,-995.2458976745819
0.9972333333333334,-995.2453994170043
0.9989,-995.2450687974901
1.0005666666666666,-995.2449710086197
1.0022333333333333,-995.2451339900704
1.0039,-995.2455251455519
1.0055666666666667,-995.2460746258712
1.0072333333333334,-995.2466892987707
1.0089000000000001,-995.2472480923158
1.0105666666666666,-995.247648561023
1.0122333333333333,-995.2478208556994
1.0139,-995.247760319732
1.0155666666666667,-995.247499549411
1.0172333333333334,-995.2471130505423
1.0189000000000001,-995.2466567024805
1.0205666666666666,-995.2461631015158
1.0222333333333333,-995.2456415608738
1.0239,-995.2450687974901
1.0255666666666667,-995.2444448113648
1.0272333333333334,-995.2437928855624
1.0289166666666667,-995.2431921825014
1.0305833333333334,-995.2427265212139
1.0322500000000001,-995.2424890339572
1.0339166666666668,-995.2425169736345
1.0355833333333333,-995.2427917137941
1.03725,-995.2432294354044
1.0389166666666667,-995.243727692982
1.0405833333333334,-995.2441793844309
1.0422500000000001,-995.244514660558
1.0439166666666668,-995.2446916118472
1.0455833333333333,-995.2447148949116
1.04725,-995.244626419267
1.0489166666666667,-995.2444867208807
1.0505833333333334,-995.2443423658816
1.0522500000000001,-995.2441980108824
1.0539166666666666,-995.2440443426576
1.0555833333333333,-995.2438208252396
1.0572666666666668,-995.2434855491125
1.0589333333333333,-995.243019887825
1.0606,-995.2424378112156
1.0622666666666667,-995.2418231383161
1.0639333333333334,-995.241301597674
1.0656,-995.2410082310629
1.0672666666666668,-995.241040827353
1.0689333333333333,-995.241418012996
1.0706,-995.2420792520243
1.0722666666666667,-995.2428848460517
1.0739333333333334,-995.2436764702404
1.0756000000000001,-995.2443004563657
1.0772833333333334,-995.2446590155571
1.07895,-995.2447055816858
1.0806166666666668,-995.2444913774935
1.0822833333333335,-995.2440862521735
1.08395,-995.2436019644344
1.0856166666666667,-995.2431409597598
1.0872833333333334,-995.2427730873426
1.08895,-995.2425262868602
1.0906166666666668,-995.242386588474
1.0922833333333335,-995.2422841429907
1.09395,-995.2421397879916
1.0956166666666667,-995.241902300735
1.0972833333333334,-995.2415763378336
1.09895,-995.2412038088037
1.1006166666666668,-995.2408731892896
1.1022833333333333,-995.2406357020329
1.10395,-995.240519286711
1.1056166666666667,-995.2404960036466
1.1072833333333334,-995.2405099734852
1.10895,-995.2405053168724
1.1106166666666668,-995.240444780905
1.1122833333333333,-995.2403237089702
1.11395,-995.2401746973583
1.1156333333333335,-995.2400396555848
1.1173,-995.2399418667145
1.1189666666666667,-995.2398906439729
1.1206333333333334,-995.2398580476827
1.1223,-995.2398114815539
1.1239666666666668,-995.2397136926836
1.1256333333333335,-995.2395507112329
1.1273,-995.2393318504278
1.1289666666666667,-995.2390943631711
1.1306333333333334,-995.2388894722046
1.1323,-995.2387916833343
1.1339666666666668,-995.2388289362373
1.1356333333333335,-995.2390012309137
1.1373,-995.2392433747832
1.1389666666666667,-995.2394668922012
1.1406333333333334,-995.2395739942973
1.1423166666666666,-995.2395088017171
1.1439666666666668,-995.2392806276862
1.14565,-995.238954664785
1.1473166666666668,-995.238656641561
1.1489833333333335,-995.2385215997875
1.15065,-995.2386333584965
1.1523166666666667,-995.2390152007523
1.1539833333333334,-995.2396065905874
1.15565,-995.2403004259058
1.1573166666666668,-995.2409849479985
1.1589833333333335,-995.2415437415435
1.16065,-995.2419209271865
1.1623166666666667,-995.2420932218629
1.1639833333333334,-995.2420699387985
1.16565,-995.241902300735
1.1673166666666668,-995.2416508436397
1.1689833333333335,-995.2413667902543
1.17065,-995.241078080256
1.1723166666666667,-995.2407893702577
1.1739833333333334,-995.2404773771951
1.1756666666666666,-995.2401234746167
1.1773333333333333,-995.2397230059094
1.179,-995.2393085673634
1.1806666666666668,-995.2389639780107
1.1823333333333335,-995.2388056531729
1.1840000000000002,-995.2389080986562
1.1856666666666666,-995.2392945975248
1.1873333333333334,-995.2399092704244
1.189,-995.2406217321943
1.1906666666666668,-995.2412829712225
1.1923333333333335,-995.2417532891229
1.194,-995.2419348970251
1.1956666666666667,-995.2417951986388
1.1973333333333334,-995.241380760093
1.199,-995.240780057032
1.2006666666666668,-995.2401095047779
1.2023333333333335,-995.239476205427
1.2040166666666667,-995.238954664785
1.2056833333333334,-995.238577479142
1.2073500000000001,-995.2383306786596
1.2090166666666666,-995.2381676972091
1.2106833333333333,-995.2380233422099
1.21235,-995.2378510475335
1.2140166666666667,-995.2376414999541
1.2156833333333334,-995.2374133259232
1.2173500000000002,-995.2372177481825
1.2190166666666666,-995.2370780497962
1.2206833333333333,-995.2370082006031
1.22235,-995.2369849175387
1.2240166666666668,-995.2369709477001
1.2256833333333335,-995.2369243815713
1.2273500000000002,-995.2368172794752
1.2290166666666666,-995.2366310149602
1.2306833333333334,-995.236374901252
1.2323666666666668,-995.2360629081894
1.2340333333333333,-995.2356996923851
1.2357,-995.2352712840006
1.2373666666666667,-995.2347590565844
1.2390333333333334,-995.2341397270719
1.2407000000000001,-995.2334132954634
1.2423666666666666,-995.2326170146617
1.2440333333333333,-995.2318021074085
1.2457,-995.2310477361227
1.2473666666666667,-995.2304377198361
1.2490333333333334,-995.2300512209674
1.2507000000000001,-995.2299441188713
1.2523666666666666,-995.230102443709
1.2540333333333333,-995.2304703161262
1.2557,-995.230926664188
1.2573666666666667,-995.2313364461211
1.2590333333333334,-995.2315785899906
1.2607000000000002,-995.2315832466035
1.2623666666666666,-995.2313504159597
1.2640500000000001,-995.230963917091
1.2657166666666668,-995.230554135158
1.2673833333333333,-995.230256111934
1.26905,-995.230144353225
1.2707166666666667,-995.2302328288696
1.2723833333333334,-995.2304610029005
1.2740500000000001,-995.2307310864472
1.2757166666666668,-995.2309546038653
1.2773833333333333,-995.2310570493485
1.27905,-995.2310104832197
1.2807166666666667,-995.2308288753176
1.2823833333333334,-995.2305494785451
1.2840500000000001,-995.2302142024181
1.2857166666666666,-995.2298463300009
1.2873833333333333,-995.2294551745194
1.28905,-995.2290267661349
1.2907333333333333,-995.2285517916216
1.2924,-995.2280302509796
1.2940666666666667,-995.2274714574346
1.2957333333333334,-995.2269219771152
1.2974,-995.2264563158278
1.2990666666666668,-995.2261629492166
1.3007333333333333,-995.2261070698621
1.3024,-995.2263026476029
1.3040666666666667,-995.2267077729231
1.3057333333333334,-995.2272432834037
1.3074000000000001,-995.227792763723
1.3090666666666668,-995.2282584250105
1.3107333333333333,-995.228575074686
1.3124,-995.228724086298
1.3140666666666667,-995.2287287429109
1.3157333333333334,-995.2286588937178
1.3174000000000001,-995.2285657614602
1.3190666666666668,-995.2284959122671
1.3207333333333333,-995.2284540027513
1.3224166666666668,-995.2284027800097
1.3240833333333335,-995.228314304365
1.32575,-995.2281513229144
1.3274166666666667,-995.2278952092062
1.3290833333333334,-995.2275739029178
1.33075,-995.2272386267908
1.3324166666666668,-995.2269685432441
1.3340833333333333,-995.2268614411479
1.33575,-995.2269592300183
1.3374166666666667,-995.227271223081
1.3390833333333334,-995.2277229145299
1.34075,-995.2282118588818
1.3424166666666668,-995.2286216408147
1.3440833333333333,-995.2288498148456
1.34575,-995.2288451582327
1.3474166666666667,-995.2285983577503
1.3490833333333334,-995.2281513229144
1.3507666666666667,-995.2275739029178
1.3524333333333334,-995.226935946954
1.3541,-995.2262747079257
1.3557666666666668,-995.225627438736
1.3574333333333335,-995.2249987959979
1.3591,-995.2244167193884
1.3607666666666667,-995.2239044919721
1.3624333333333334,-995.2234947100391
1.3641,-995.223233939718
1.3657666666666668,-995.2231547772992
1.3674333333333335,-995.223275849234
1.3691,-995.2235692158451
1.3707666666666667,-995.2239650279395
1.3724333333333334,-995.2243701532597
1.3741,-995.2246635198708
1.3757666666666668,-995.2247566521283
1.3774333333333335,-995.2245797008391
1.3791,-995.2241373226159
1.3807833333333335,-995.2234947100391
1.38245,-995.2227775916563
1.3841166666666667,-995.2221256658538
1.3857833333333334,-995.2216506913405
1.38745,-995.2214038908581
1.3891166666666668,-995.221371294568
1.3907833333333335,-995.2214783966641
1.39245,-995.2216413781148
1.3941166666666667,-995.2217857331138
1.3957833333333334,-995.2218648955328
1.39745,-995.2218881785972
1.3991166666666668,-995.2218881785972
1.4007833333333335,-995.2219254315002
1.40245,-995.222046503435
1.4041166666666667,-995.2222607076271
1.4057833333333334,-995.2225494176255
1.40745,-995.2228614106881
1.4091166666666668,-995.2231501206863
1.4108,-995.2233410418143
1.4124666666666668,-995.2233829513301
1.4141333333333335,-995.2232618793953
1.4158000000000002,-995.2229964524614
1.4174666666666667,-995.222642549883
1.4191333333333334,-995.2222746774657
1.4208,-995.2219347447259
1.4224666666666668,-995.2216367215019
1.4241333333333335,-995.2213759511809
1.4258000000000002,-995.2211244940856
1.4274666666666667,-995.2208683803775
1.4291333333333334,-995.2206076100565
1.4308,-995.220365466187
1.4324666666666668,-995.2201838582848
1.4341333333333335,-995.220104695866
1.4358,-995.2201279789303
1.4374666666666667,-995.2202350810264
1.4391500000000002,-995.2203747794127
1.4408166666666666,-995.2204865381217
1.4424833333333333,-995.2205237910247
1.44415,-995.2204679116702
1.4458166666666667,-995.2203282132839
1.4474833333333335,-995.2201466053818
1.4491500000000002,-995.219988280544
1.4508166666666666,-995.219918431351
1.4524833333333333,-995.2199836239312
1.45415,-995.2201838582848
1.4558166666666668,-995.2204818815088
1.4574833333333335,-995.2207938745714
1.4591500000000002,-995.2210360184409
1.4608166666666667,-995.2211431205371
1.4624833333333334,-995.2210872411827
1.46415,-995.2209056332805
1.4658166666666668,-995.2206774592496
1.4674833333333335,-995.2204911947346
1.4691666666666667,-995.2204166889286
1.4708333333333334,-995.220477224896
1.4725000000000001,-995.220626236508
1.4741666666666668,-995.2207845613457
1.4758333333333333,-995.2208683803775
1.4775,-995.2208264708617
1.4791666666666667,-995.2206402063466
1.4808333333333334,-995.2203608095741
1.4825000000000002,-995.2200767561886
1.4841666666666666,-995.2198858350608
1.4858333333333333,-995.2198625519965
1.4875,-995.2200348466728
1.4891666666666667,-995.2203701227999
1.4908333333333335,-995.2208031877972
1.4925000000000002,-995.2212269395689
1.4941666666666666,-995.2215482458572
1.4958333333333333,-995.2216879442435
1.4975,-995.2216180950504
1.4991833333333333,-995.2213619813423
1.50085,-995.2210034221508
1.5025166666666667,-995.220626236508
1.5041833333333334,-995.2202909603809
1.5058500000000001,-995.2200301900599
1.5075166666666668,-995.2198252990934
1.5091833333333333,-995.2196436911913
1.51085,-995.219466739902
1.5125166666666667,-995.2192897886127
1.5141833333333334,-995.2191454336137
1.5158500000000001,-995.2190848976462
1.5175166666666668,-995.2191733732909
1.5191833333333333,-995.2194527700634
1.52085,-995.2199277445767
1.5225166666666667,-995.2205657005405
1.5241833333333334,-995.2212828189233
1.5258666666666667,-995.2219813108546
1.5275333333333334,-995.2225401043997
1.5292000000000001,-995.2228474408495
1.5308666666666668,-995.2228474408495
1.5325333333333333,-995.2225401043997
1.5342,-995.222004593919
1.5358666666666667,-995.2213526681165
1.5375333333333334,-995.220700742314
1.5392000000000001,-995.2201372921561
1.5408666666666668,-995.2197042271587
1.5425333333333333,-995.2193922340961
1.5442,-995.219168716678
1.5458666666666667,-995.2189964220016
1.5475333333333334,-995.2188613802282
1.5492000000000001,-995.2187775611965
1.5508666666666668,-995.2187729045836
1.5525333333333333,-995.2188660368411
1.5542,-995.2190383315175
1.5558666666666667,-995.219243222484
1.55755,-995.2194155171604
1.5592166666666667,-995.2195086494179
1.5608833333333334,-995.2194853663535
1.56255,-995.2193363547415
1.5642166666666668,-995.2190755844205
1.5658833333333335,-995.2187449649064
1.56755,-995.2183910623279
1.5692166666666667,-995.2180697560394
1.5708833333333334,-995.2178136423313
1.5725500000000001,-995.2176460042677
1.5742166666666668,-995.2175389021717
1.5759,-995.2174597397528
1.57755,-995.2173340112051
1.5792166666666667,-995.2171058371742
1.5809,-995.2167659044344
1.5825666666666667,-995.2163607791142
1.5842333333333334,-995.2159835934714
1.5859,-995.2157274797632
1.5875666666666668,-995.2156390041185
1.5892333333333335,-995.2157135099246
1.5909,-995.2158997744395
1.5925666666666667,-995.2161186352447
1.5942333333333334,-995.2163095563726
1.5959,-995.216444598146
1.5975666666666668,-995.2165144473391
1.5992333333333335,-995.2165470436292
1.6009,-995.2165842965322
1.6025666666666667,-995.2166541457253
1.6042333333333334,-995.2167612478215
1.6059,-995.2169056028206
1.6075666666666668,-995.2170639276584
1.6092333333333335,-995.2172036260447
1.6109,-995.2172781318507
1.6125666666666667,-995.2172455355606
1.6142333333333334,-995.2170872107228
1.6159166666666667,-995.2168357536275
1.6175833333333334,-995.2165656700807
1.61925,-995.2163468092756
1.6209166666666668,-995.2162397071795
1.6225833333333335,-995.2162303939538
1.62425,-995.2162676468567
1.6259166666666667,-995.2162723034696
1.6275833333333334,-995.2161698579863
1.62925,-995.2159323707297
1.6309166666666668,-995.2155691549254
1.6325833333333335,-995.2151547163795
1.63425,-995.2147682175109
1.6359166666666667,-995.2144748508997
1.6375833333333334,-995.2143118694491
1.63925,-995.214279273159
1.6409166666666668,-995.2143444657393
1.6425833333333335,-995.214465537674
1.64425,-995.214577296383
1.6459333333333335,-995.2146331757375
1.6476000000000002,-995.2145726397702
1.6492666666666667,-995.2143956884809
1.6509333333333334,-995.2141162917084
1.6526,-995.2137903288071
1.6542666666666668,-995.2134503960672
1.6559333333333335,-995.2131104633273
1.6576000000000002,-995.2127612173616
1.6592666666666667,-995.2123840317188
1.6609333333333334,-995.2119509667214
1.6626,-995.2114713355952
1.6642666666666668,-995.2109870478562
1.6659333333333335,-995.2105632960845
1.6676,-995.2102932125377
1.6692666666666667,-995.2102373331833
1.6709333333333334,-995.2104096278597
1.6726,-995.2107868135025
1.6742833333333333,-995.2113036975317
1.67595,-995.2118811175283
1.6776166666666668,-995.2124399110733
1.6792833333333335,-995.2129241988123
1.6809500000000002,-995.2132781013909
1.6826166666666666,-995.2134876489702
1.6842833333333334,-995.213571468002
1.68595,-995.2135621547762
1.6876166666666668,-995.2135016188089
1.6892833333333335,-995.2134131431642
1.6909500000000002,-995.2132874146166
1.6926166666666667,-995.2130964934887
1.6942833333333334,-995.2127845004261
1.69595,-995.21233746559
1.6976166666666668,-995.2117740154321
1.6992833333333335,-995.2111686557583
1.7009500000000002,-995.2106378018906
1.7026166666666667,-995.2102978691506
1.7043000000000001,-995.2102233633447
1.7059666666666669,-995.2104049712468
1.7076333333333333,-995.2107914701154
1.7093,-995.2112711012416
1.7109666666666667,-995.2117321059162
1.7126333333333335,-995.2120813518819
1.7143000000000002,-995.2122583031711
1.7159666666666666,-995.212262959784
1.7176333333333333,-995.2121232613978
1.7193,-995.2118811175283
1.7209666666666668,-995.21159240753
1.7226333333333335,-995.2112757578544
1.7243000000000002,-995.2109684214047
1.7259666666666666,-995.2106657415678
1.7276333333333334,-995.2103816881825
1.7293,-995.21010229141
1.7309666666666668,-995.2098275512502
1.7326333333333335,-995.2095854073807
1.7343166666666667,-995.2094177693173
1.7359833333333334,-995.2093712031885
1.7376500000000001,-995.209464335446
1.7393166666666668,-995.2096692264125
1.7409833333333333,-995.2099299967335
1.74265,-995.2101814538288
1.7443166666666667,-995.2103677183438
1.7459833333333334,-995.2104608506013
1.7476500000000001,-995.2104794770528
1.7493166666666669,-995.2104655072142
1.7509833333333333,-995.210470163827
1.75265,-995.2105493262459
1.7543166666666667,-995.2107029944708
1.7559833333333335,-995.2109125420502
1.7576500000000002,-995.2111314028554
1.7593166666666669,-995.2112943843059
1.7609833333333333,-995.2113502636605
1.76265,-995.2112524747901
1.7643333333333333,-995.210991704469
1.766,-995.2106052056005
1.7676666666666667,-995.2101814538288
1.7693333333333334,-995.2098089247987
1.7710000000000001,-995.2095854073807
1.7726666666666668,-995.2095481544777
1.7743333333333333,-995.2096925094769
1.776,-995.2099579364108
1.7776666666666667,-995.2102373331833
1.7793333333333334,-995.2104282543112
1.7810000000000001,-995.2104515373755
1.7826666666666668,-995.2102932125377
1.7843333333333333,-995.2099905327009
1.786,-995.2096040338323
1.7876666666666667,-995.209203565125
1.7893333333333334,-995.2088356927078
1.7910000000000001,-995.2085190430323
1.7926833333333334,-995.2082536160984
1.7943500000000001,-995.2080254420675
1.7960166666666668,-995.2078345209396
1.7976833333333335,-995.2076622262633
1.79935,-995.2075178712641
1.8010166666666667,-995.2074247390067
1.8026833333333334,-995.2073874861036
1.8043500000000001,-995.2074247390067
1.8060166666666668,-995.2075364977156
1.8076833333333335,-995.2076994791663
1.80935,-995.20789971352
1.8110166666666667,-995.2081046044864
1.8126833333333334,-995.2082955256143
1.8143500000000001,-995.208458507065
1.8160166666666668,-995.2086168319026
1.8176833333333333,-995.2088030964177
1.81935,-995.2090592101258
1.8210333333333335,-995.2093944862529
1.8227,-995.2097809851215
1.8243666666666667,-995.2101674839902
1.8260333333333334,-995.2104841336657
1.8277,-995.2106843680193
1.8293666666666668,-995.2107402473738
1.8310333333333335,-995.2106657415678
1.8327,-995.2105027601172
1.8343666666666667,-995.2103025257635
1.8360333333333334,-995.2101069480228
1.8377000000000001,-995.2099299967335
1.8393666666666668,-995.2097530454442
1.8410333333333335,-995.2095295280262
1.8427,-995.2092315048022
1.8443666666666667,-995.2088217228692
1.8460333333333334,-995.20830483884
1.8477000000000001,-995.2077274188435
1.8493666666666668,-995.2071593120728
1.85105,-995.2067262470754
1.8527166666666668,-995.206553952399
1.8543833333333335,-995.2067495301397
1.8560500000000002,-995.2073642030392
1.8577166666666667,-995.2083607181945
1.8593833333333334,-995.2096319735095
1.86105,-995.2110196441463
1.8627166666666668,-995.2123421222029
1.8643833333333335,-995.2134410828414
1.86605,-995.2142094239658
1.8677166666666667,-995.2146098926731
1.8693833333333334,-995.2146657720276
1.87105,-995.2144236281581
1.8727166666666668,-995.213943997032
1.8743833333333335,-995.2132874146166
1.87605,-995.2125144168792
1.8777333333333335,-995.2116948530132
1.8794000000000002,-995.2108985722116
1.8810666666666667,-995.210209393506
1.8827333333333334,-995.2097018227026
1.8844,-995.2094550222203
1.8860666666666668,-995.209501588349
1.8877333333333335,-995.2098508343147
1.8894000000000002,-995.2104468807627
1.8910666666666667,-995.2112012520485
1.8927333333333334,-995.2119789063986
1.8944,-995.2126634284913
1.8960666666666668,-995.213124433166
1.8977333333333335,-995.2132874146166
1.8994000000000002,-995.213124433166
1.9010666666666667,-995.2126773983299
1.9027333333333334,-995.2120347857531
1.9044,-995.2113176673704
1.9060666666666668,-995.2106331452777
1.9077333333333335,-995.2100464120554
1.9094,-995.2096040338323
1.9110833333333335,-995.2093106672211
1.9127500000000002,-995.2091430291576
1.9144166666666667,-995.209087149803
1.9160833333333334,-995.2091104328675
1.91775,-995.209203565125
1.9194166666666668,-995.2093665465757
1.9210833333333335,-995.2095900639936
1.9227500000000002,-995.2098554909276
1.9244166666666667,-995.2101302310872
1.9260833333333334,-995.2103910014082
1.92775,-995.2105912357619
1.9294166666666668,-995.2107169643094
1.9310833333333335,-995.2107542172124
1.9327500000000002,-995.210730934148
1.9344166666666667,-995.2107029944708
1.9360833333333334,-995.2107355907609
1.93775,-995.2108799457601
1.9394333333333333,-995.2111546859197
1.9411,-995.2115272149497
1.9427666666666668,-995.2119183704312
1.9444333333333335,-995.2122443333325
1.9461000000000002,-995.2124259412346
1.9477666666666669,-995.2124212846218
1.9494333333333334,-995.2122396767196
1.9511,-995.2119230270441
1.9527666666666668,-995.2115411847883
1.9544333333333335,-995.2111546859197
1.9561000000000002,-995.210805439954
1.9577666666666667,-995.2105213865686
1.9594333333333334,-995.2102978691506
1.9611,-995.2101209178614
1.9627666666666668,-995.2099719062494
1.9644333333333335,-995.2098275512502
1.9661000000000002,-995.2096785396383
1.9677666666666667,-995.209538841252
1.9694500000000001,-995.2094457089945
1.9711166666666669,-995.2094224259301
1.9727833333333333,-995.209501588349
1.97445,-995.2096831962511
1.9761166666666667,-995.209948623185
1.9777833333333334,-995.2102699294734
1.9794500000000002,-995.2105912357619
1.9811166666666669,-995.2108706325344
1.9827833333333333,-995.2110755235009
1.98445,-995.2111919388227
1.9861166666666668,-995.2112152218871
1.9877833333333335,-995.2111546859197
1.9894500000000002,-995.2110010176948
1.9911166666666669,-995.2107402473738
1.9927833333333334,-995.2103584051181
1.99445,-995.2098648041533
1.9961166666666668,-995.2093013539953
1.9977833333333335,-995.2087146207731
1.9994666666666667,-995.2081558272281
2.001133333333333,-995.2076715394891
2.0028,-995.2073083236847
2.0044666666666666,-995.2070894628796
2.0061333333333335,-995.2070056438479
2.0078,-995.2070335835251
2.009466666666667,-995.2071406856212
2.0111333333333334,-995.2072757273946
2.0128,-995.2073874861036
2.014466666666667,-995.2074387088453
2.0161333333333333,-995.2074154257809
2.0178000000000003,-995.2073502332006
2.0194666666666667,-995.2072757273946
2.0211333333333332,-995.2072384744916
2.0228,-995.207261757556
2.0244666666666666,-995.2073316067491
2.0261333333333336,-995.2074200823938
2.027816666666667,-995.207485274974
2.0294833333333333,-995.2074899315869
2.0311500000000002,-995.2074107691681
2.0328166666666667,-995.2072524443303
2.0344833333333336,-995.2070475533637
2.03615,-995.2068566322358
2.0378166666666666,-995.2067448735269
2.0394833333333335,-995.2067681565912
2.04115,-995.2069590777191
2.042816666666667,-995.2073222935234
2.0444833333333334,-995.2078345209396
2.04615,-995.2084305673877
2.047816666666667,-995.2090405836743
2.0494833333333333,-995.209576094155
2.0511500000000003,-995.2099951893138
2.0528166666666667,-995.2102699294734
2.054483333333333,-995.2104142844726
2.05615,-995.2104561939884
2.0578333333333334,-995.2104096278597
2.0595,-995.210283899312
2.061166666666667,-995.2100743517326
2.0628333333333333,-995.2097856417344
2.0645000000000002,-995.2094363957688
2.0661666666666667,-995.2090638667387
2.0678333333333336,-995.2087379038375
2.0695,-995.2085283562581
2.0711666666666666,-995.2084817901293
2.0728333333333335,-995.2085982054512
2.0745,-995.2088496625464
2.076166666666667,-995.2091942518992
2.0778333333333334,-995.2095807507678
2.0795,-995.2099812194751
2.081166666666667,-995.2103723749567
2.0828333333333333,-995.2107262775352
2.0845000000000002,-995.211028957372
2.0861666666666667,-995.2112711012416
2.08785,-995.2114480525308
2.089516666666667,-995.2115598112399
2.0911833333333334,-995.2116063773686
2.0928500000000003,-995.2115784376914
2.094516666666667,-995.2114573657566
2.0961833333333333,-995.2112338483386
2.09785,-995.2109078854373
2.0995166666666667,-995.2105167299558
2.1011833333333336,-995.2101255744743
2.10285,-995.2098275512502
2.1045166666666666,-995.2096971660898
2.1061833333333335,-995.2097809851215
2.10785,-995.2100464120554
2.109516666666667,-995.2104422241498
2.1111833333333334,-995.2108706325344
2.11285,-995.2112478181772
2.114516666666667,-995.2114899620467
2.1162,-995.2115644678528
2.1178666666666666,-995.2114666789823
2.1195333333333335,-995.2112198785
2.1212,-995.2108799457601
2.122866666666667,-995.2105120733429
2.1245333333333334,-995.210172140603
2.1262000000000003,-995.2099020570563
2.127866666666667,-995.2097157925413
2.1295333333333333,-995.2096040338323
2.1312,-995.2095202148005
2.1328666666666667,-995.2094177693173
2.1345333333333336,-995.2092734143181
2.1362,-995.2091011196417
2.1378666666666666,-995.2089474514169
2.1395333333333335,-995.2088450059335
2.1412,-995.2088217228692
2.142866666666667,-995.2088636323851
2.1445333333333334,-995.208942794804
2.1462166666666667,-995.2090359270614
2.1478833333333336,-995.2091244027062
2.14955,-995.2092315048022
2.1512166666666666,-995.2093851730272
2.1528833333333335,-995.2096226602838
2.15455,-995.2099765628623
2.156216666666667,-995.210432910924
2.1578833333333334,-995.2109591081789
2.1595500000000003,-995.2115039318853
2.161216666666667,-995.2120115026887
2.1628833333333333,-995.2124073147831
2.16455,-995.2126401454269
2.1662166666666667,-995.2126773983299
2.1678833333333336,-995.212528386718
2.16955,-995.2122443333325
2.1712166666666666,-995.2119183704312
2.1729000000000003,-995.211629660433
2.1745666666666668,-995.2114480525308
2.1762333333333332,-995.2113968297892
2.1779,-995.2114620223695
2.1795666666666667,-995.2115830943043
2.1812333333333336,-995.2116995096261
2.1829,-995.2117740154321
2.184566666666667,-995.2118066117223
2.1862333333333335,-995.2118205815609
2.1879,-995.2118764609154
2.189566666666667,-995.2120115026887
2.1912333333333334,-995.2122489899454
2.1929000000000003,-995.2125842660724
2.1945666666666668,-995.2129847347796
2.1962333333333333,-995.2134131431642
2.1979,-995.21379498542
2.1995666666666667,-995.2140697255796
2.2012333333333336,-995.2141954541272
2.2029,-995.2141488879985
2.2045833333333333,-995.2139253705805
2.2062500000000003,-995.2135574981634
2.2079166666666667,-995.2130778670372
2.2095833333333332,-995.2125051036535
2.21125,-995.2118624910768
2.2129166666666666,-995.2111686557583
2.2145833333333336,-995.210432910924
2.21625,-995.2096925094769
2.217916666666667,-995.2090219572228
2.2195833333333335,-995.2085190430323
2.22125,-995.2082768991628
2.222916666666667,-995.2083467483559
2.2245833333333334,-995.2087099641602
2.2262500000000003,-995.2092966973825
2.2279166666666668,-995.2099951893138
2.2295833333333333,-995.2106750547936
2.23125,-995.2112291917257
2.2329166666666667,-995.21159240753
2.2346,-995.2117460757548
2.236266666666667,-995.2117181360776
2.2379333333333333,-995.2115784376914
2.2396000000000003,-995.2114201128536
2.2412666666666667,-995.2113176673704
2.2429333333333332,-995.2112990409188
2.2446,-995.2113642334991
2.2462666666666666,-995.2114573657566
2.2479333333333336,-995.2114946186596
2.2496,-995.2114014864021
2.251266666666667,-995.2111500293069
2.2529333333333335,-995.2107728436639
2.2546,-995.2103490918923
2.256266666666667,-995.2099625930236
2.2579333333333333,-995.2096785396383
2.2596000000000003,-995.2095062449619
2.2612666666666668,-995.2094037994787
2.26295,-995.2093060106082
2.264616666666667,-995.2091430291576
2.2662833333333334,-995.2088776022238
2.26795,-995.2085050731937
2.269616666666667,-995.2080673515834
2.2712833333333333,-995.2076296299731
2.2729500000000002,-995.2072431311045
2.2746166666666667,-995.2069497644934
2.2762833333333337,-995.2067588433655
2.27795,-995.2066424280436
2.2796166666666666,-995.2065632656247
2.2812833333333336,-995.2064561635286
2.28295,-995.2062652424007
2.284616666666667,-995.2059485927252
2.2862833333333334,-995.2055155277278
2.28795,-995.205021926763
2.289616666666667,-995.2045422956369
2.2912833333333333,-995.2041557967682
2.2929666666666666,-995.2039183095116
2.2946333333333335,-995.2038391470927
2.2963,-995.2038996830601
2.297966666666667,-995.2040440380592
2.2996333333333334,-995.2042209893484
2.3013,-995.204388627412
2.302966666666667,-995.2045469522498
2.3046333333333333,-995.2047285601519
2.3063000000000002,-995.2049613907957
2.3079666666666667,-995.2052733838583
2.3096333333333336,-995.205655226114
2.3113,-995.2060696646599
2.3129666666666666,-995.2064515069158
2.3146333333333335,-995.2067169338496
2.3163,-995.2068100661071
2.317966666666667,-995.2066889941724
2.3196333333333334,-995.2063770011097
2.3213166666666667,-995.2059346228866
2.3229833333333336,-995.2054410219217
2.32465,-995.2049893304729
2.3263166666666666,-995.2046261146686
2.3279833333333335,-995.2043653443476
2.32965,-995.2041930496712
2.331316666666667,-995.2040673211236
2.3329833333333334,-995.2039602190274
2.33465,-995.2038810566086
2.336316666666667,-995.20386708677
2.3379833333333333,-995.2039648756403
2.3396500000000002,-995.2042070195098
2.3413166666666667,-995.2045795485399
2.3429833333333336,-995.2050358966017
2.34465,-995.2054922446634
2.3463166666666666,-995.2058647736934
2.3479833333333335,-995.2061069175629
2.34965,-995.2061953932076
2.351316666666667,-995.2061627969174
2.353,-995.2060696646599
2.3546666666666667,-995.2059905022411
2.3563333333333336,-995.205995158854
2.358,-995.2061162307887
2.3596666666666666,-995.2063350915938
2.3613333333333335,-995.2066098317534
2.363,-995.2068612888487
2.364666666666667,-995.2070196136865
2.3663333333333334,-995.2070289269122
2.3680000000000003,-995.2068706020744
2.369666666666667,-995.2065818920762
2.3713333333333333,-995.2062279894977
2.373,-995.2058927133706
2.3746666666666667,-995.2056598827269
2.3763333333333336,-995.2055714070823
2.378,-995.2056365996625
2.3796666666666666,-995.2058228641775
2.3813500000000003,-995.2060743212728
2.383016666666667,-995.2063304349809
2.3846833333333333,-995.2065353259475
2.38635,-995.206665711108
2.3880166666666667,-995.2067262470754
2.3896833333333336,-995.2067309036883
2.39135,-995.2066936507853
2.3930166666666666,-995.2066191449792
2.3946833333333335,-995.2064887598187
2.39635,-995.2062792122393
2.398016666666667,-995.2059718757896
2.3996833333333334,-995.2055574372437
2.4013500000000003,-995.2050405532145
2.403016666666667,-995.2044817596695
2.4046833333333333,-995.2039555624145
2.40635,-995.2035597503202
2.4080166666666667,-995.203378142418
2.4097,-995.203452648224
2.411366666666667,-995.2037739545125
2.4130333333333334,-995.204276868703
2.4147000000000003,-995.2048589453124
2.4163666666666668,-995.2054223954702
2.4180333333333333,-995.2058834001449
2.4197,-995.2062140196591
2.4213666666666667,-995.2064189106255
2.4230333333333336,-995.2065446391732
2.4247,-995.2066238015921
2.426366666666667,-995.2066936507853
2.4280333333333335,-995.2067588433655
2.4297,-995.2068193793328
2.431366666666667,-995.2068612888487
2.4330333333333334,-995.2068892285259
2.4347000000000003,-995.2069171682033
2.436366666666667,-995.2069777041706
2.4380333333333333,-995.2071220591697
2.439716666666667,-995.2073967993293
2.4413833333333335,-995.2078345209396
2.44305,-995.208421254162
2.444716666666667,-995.2091244027062
2.4463833333333334,-995.2098648041533
2.4480500000000003,-995.2105586394716
2.4497166666666668,-995.211108119791
2.4513833333333332,-995.2114620223695
2.45305,-995.2115970641429
2.4547166666666667,-995.2115504980142
2.4563833333333336,-995.2113921731764
2.45805,-995.2111965954356
2.459716666666667,-995.2110103309205
2.4613833333333335,-995.2108613193086
2.46305,-995.2107402473738
2.4647333333333337,-995.210623832052
2.4664,-995.2104887902785
2.4680666666666666,-995.2103351220537
2.4697333333333336,-995.210172140603
2.4714,-995.2100324422167
2.473066666666667,-995.209948623185
2.4747333333333335,-995.2099439665722
2.4764,-995.2100091591524
2.478066666666667,-995.2101209178614
2.4797333333333333,-995.210246646409
2.4814000000000003,-995.2103397786666
2.4830666666666668,-995.2103584051181
2.4847333333333332,-995.2102792426991
2.4864,-995.2101116046357
2.4880666666666666,-995.2099020570563
2.4897333333333336,-995.2097157925413
2.4914,-995.2096226602838
2.493066666666667,-995.2096645697997
2.4947333333333335,-995.209836864476
2.4964,-995.2100883215713
2.498066666666667,-995.2103490918923
2.49975,-995.2105213865686
2.5014166666666666,-995.2105400130201
2.5030833333333335,-995.2103723749567
2.50475,-995.2100324422167
2.506416666666667,-995.2095528110906
2.5080833333333334,-995.2089753910941
2.50975,-995.208342091743
2.511416666666667,-995.2076901659406
2.5130833333333333,-995.2070615232024
2.5147500000000003,-995.2064934164316
2.5164166666666667,-995.2060184419183
2.5180833333333337,-995.2056738525655
2.51975,-995.2054782748248
2.5214166666666666,-995.2054643049862
2.5230833333333336,-995.205655226114
2.52475,-995.2060510382084
2.526416666666667,-995.2066377714307
2.5281000000000002,-995.2073642030392
2.5297666666666667,-995.208160483841
2.5314333333333336,-995.2089241683525
2.5331,-995.2095621243163
2.5347666666666666,-995.2099998459266
2.5364333333333335,-995.210209393506
2.5381,-995.2102233633447
2.539766666666667,-995.2100976347971
2.5414333333333334,-995.209911370282
2.5431,-995.2097204491541
2.544766666666667,-995.2095528110906
2.5464333333333333,-995.2094084560915
2.5481000000000003,-995.2092687577052
2.5497666666666667,-995.2091337159319
2.5514333333333337,-995.2089940175456
2.5531,-995.2088729456109
2.5547666666666666,-995.2088077530306
2.5564500000000003,-995.2088310360949
2.558116666666667,-995.2089893609327
2.5597833333333333,-995.2092966973825
2.5614500000000002,-995.2097577020571
2.5631166666666667,-995.2103444352795
2.5647833333333336,-995.2110056743077
2.56645,-995.2116576001102
2.5681166666666666,-995.2122024238166
2.5697833333333335,-995.2125749528467
2.57145,-995.2127425909101
2.573116666666667,-995.2127239644586
2.5747833333333334,-995.2125423565566
2.57645,-995.2122536465582
2.578116666666667,-995.211890430754
2.5797833333333333,-995.2114946186596
2.5814500000000002,-995.2110988065652
2.5831166666666667,-995.2107402473738
2.5847833333333337,-995.2104468807627
2.58645,-995.2102559596348
2.5881333333333334,-995.2102000802803
2.5898000000000003,-995.2102932125377
2.591466666666667,-995.2105167299558
2.5931333333333333,-995.2108287230185
2.5948,-995.2111639991455
2.5964666666666667,-995.2114666789823
2.5981333333333336,-995.2116715699489
2.5998,-995.2117321059162
2.6014666666666666,-995.2116110339815
2.6031333333333335,-995.2112990409188
2.6048,-995.2108147531798
2.606466666666667,-995.2102233633447
2.6081333333333334,-995.2096040338323
2.6098000000000003,-995.2090266138357
2.611466666666667,-995.2085469827095
2.6131333333333333,-995.2081791102925
2.6148000000000002,-995.2079043701328
2.6164833333333335,-995.2076808527148
2.61815,-995.2074759617483
2.619816666666667,-995.2072803840075
2.6214833333333334,-995.207112745944
2.6231500000000003,-995.2070149570736
2.624816666666667,-995.2070196136865
2.6264833333333333,-995.2071406856212
2.62815,-995.2073595464263
2.6298166666666667,-995.2076482564247
2.6314833333333336,-995.2079788759388
2.63315,-995.2083188086787
2.6348166666666666,-995.2086308017414
2.6364833333333335,-995.2088915720624
2.63815,-995.2090918064159
2.639816666666667,-995.2092501312537
2.6414833333333334,-995.20938982964
2.6431500000000003,-995.2095481544777
2.644816666666667,-995.2097344189928
2.6465,-995.2099393099593
2.648166666666667,-995.2101209178614
2.6498333333333335,-995.2102140501189
2.6515,-995.2101814538288
2.653166666666667,-995.2099998459266
2.6548333333333334,-995.2097157925413
2.6565000000000003,-995.20938982964
2.658166666666667,-995.2091104328675
2.6598333333333333,-995.2089148551267
2.6615,-995.2088124096434
2.6631666666666667,-995.2087798133533
2.6648333333333336,-995.2087751567404
2.6665,-995.2087658435147
2.6681666666666666,-995.2087379038375
2.6698333333333335,-995.2086959943216
2.6715,-995.2086540848057
2.673166666666667,-995.2086354583543
2.67485,-995.2086680546444
2.6765166666666667,-995.2087658435147
2.6781833333333336,-995.2089381381911
2.67985,-995.209166312222
2.681516666666667,-995.2093851730272
2.6831833333333335,-995.2095434978648
2.68485,-995.2095667809292
2.686516666666667,-995.2094224259301
2.6881833333333334,-995.2091150894804
2.6898500000000003,-995.2086959943216
2.691516666666667,-995.2082349896469
2.6931833333333333,-995.2077972680366
2.69485,-995.2074293956196
2.6965166666666667,-995.2071360290083
2.6981833333333336,-995.2069031983646
2.69985,-995.2066983073981
2.701516666666667,-995.2064980730445
2.7031833333333335,-995.2062978386908
2.7048666666666668,-995.2061255440144
2.7065333333333337,-995.2060184419183
2.7082,-995.2060230985312
2.7098666666666666,-995.2061627969174
2.7115333333333336,-995.2064235672385
2.7132,-995.2067821264299
2.714866666666667,-995.2071825951372
2.7165333333333335,-995.2075690940057
2.7182,-995.2078810870684
2.719866666666667,-995.2080626949705
2.7215333333333334,-995.2080906346478
2.7232000000000003,-995.2079555928744
2.7248666666666668,-995.2076808527148
2.7265333333333333,-995.207299010459
2.7282,-995.2068333491715
2.7298666666666667,-995.2063164651423
2.7315333333333336,-995.2057576715973
2.7332,-995.2051662817621
2.7348833333333333,-995.2045562654755
2.7365500000000003,-995.2039648756403
2.7382166666666667,-995.2034386783854
2.7398833333333337,-995.2030568361297
2.74155,-995.202856601776
2.7432166666666666,-995.2028612583889
2.7448833333333336,-995.203047522904
2.74655,-995.2033688291923
2.748216666666667,-995.2037646412867
2.7498833333333335,-995.2041883930583
2.75155,-995.204574891927
2.753216666666667,-995.2048775717639
2.7548833333333334,-995.2050638362789
2.7565500000000003,-995.2051290288591
2.7582166666666668,-995.2050917759561
2.7598833333333332,-995.20498467386
2.761566666666667,-995.2048496320866
2.7632333333333334,-995.2047052770874
2.7649,-995.2045469522498
2.766566666666667,-995.2043560311218
2.7682333333333333,-995.2041045740266
2.7699000000000003,-995.2037879243511
2.7715666666666667,-995.2034200519339
2.7732333333333337,-995.2030661493554
2.7749,-995.2027914091958
2.7765666666666666,-995.2026423975838
2.7782333333333336,-995.2026284277451
2.7799,-995.2027401864541
2.781566666666667,-995.2029357641949
2.7832333333333334,-995.2031639382258
2.7849,-995.2033827990309
2.786566666666667,-995.203569063546
2.7882333333333333,-995.2037087619321
2.7899000000000003,-995.2038205206412
2.7915666666666668,-995.2039276227373
2.79325,-995.2040347248335
2.794916666666667,-995.2041418269296
2.7965833333333334,-995.2042349591871
2.7982500000000003,-995.2042815253159
2.799916666666667,-995.2042442724129
2.8015833333333333,-995.2040859475751
2.8032500000000002,-995.2037972375769
2.8049166666666667,-995.2034060820953
2.8065833333333337,-995.2029730170979
2.80825,-995.202595831455
2.8099166666666666,-995.2023443743598
2.8115833333333335,-995.2022605553279
2.81325,-995.2023304045211
2.814916666666667,-995.2024933859717
2.8165833333333334,-995.2026749938739
2.81825,-995.2027960658087
2.819916666666667,-995.2028053790344
2.8215833333333333,-995.2027029335511
2.8232666666666666,-995.2025120124232
2.8249333333333335,-995.2023071214568
2.8266,-995.2021581098447
2.828266666666667,-995.2021301701675
2.8299333333333334,-995.2022465854893
2.8316000000000003,-995.2025120124232
2.833266666666667,-995.2028798848404
2.8349333333333333,-995.2032896667735
2.8366000000000002,-995.2036854788678
2.8382666666666667,-995.204016098382
2.8399333333333336,-995.2042722120901
2.8416,-995.204458476605
2.8432666666666666,-995.2045935183785
2.8449333333333335,-995.2046913072488
2.8466,-995.2047425299905
2.848266666666667,-995.2047192469262
2.8499333333333334,-995.2045935183785
2.8516166666666667,-995.2043606877347
2.8532833333333336,-995.2040393814464
2.85495,-995.2036947920935
2.8566166666666666,-995.2034014254824
2.8582833333333335,-995.2032524138705
2.85995,-995.2033036366121
2.861616666666667,-995.2035783767717
2.8632833333333334,-995.204053351285
2.8649500000000003,-995.2046726807973
2.866616666666667,-995.2053478896643
2.8682833333333333,-995.2059672191767
2.8699500000000002,-995.2064328804643
2.8716166666666667,-995.2066703677209
2.8732833333333336,-995.206665711108
2.87495,-995.2064515069158
2.8766166666666666,-995.2060976043372
2.8782833333333335,-995.20569713563
2.87995,-995.2053059801484
2.8816333333333333,-995.2049613907957
2.8833,-995.2046633675716
2.8849666666666667,-995.2043932840248
2.8866333333333336,-995.2041418269296
2.8883,-995.2039322793502
2.889966666666667,-995.2038251772541
2.8916333333333335,-995.2038857132214
2.8933,-995.2041651099939
2.894966666666667,-995.204649397733
2.8966333333333334,-995.2052733838583
2.8983000000000003,-995.2059253096608
2.899966666666667,-995.206479446593
2.9016333333333333,-995.2068380057843
2.9033,-995.2069311380419
2.9049666666666667,-995.2067681565912
2.9066333333333336,-995.2063956275612
2.9083,-995.2059113398221
2.9099833333333334,-995.2054130822445
2.9116500000000003,-995.2049939870858
2.9133166666666668,-995.2047099337003
2.9149833333333333,-995.2045655787012
2.91665,-995.2045469522498
2.9183166666666667,-995.2045842051527
2.9199833333333336,-995.2046074882171
2.92165,-995.2045655787012
2.923316666666667,-995.2044538199922
2.9249833333333335,-995.2043001517674
2.92665,-995.2041651099939
2.928316666666667,-995.2040859475751
2.9299833333333334,-995.2040812909622
2.9316500000000003,-995.2041185438652
2.933316666666667,-995.2041511401553
2.9349833333333333,-995.2041092306395
2.93665,-995.2039509058017
2.9383166666666667,-995.2036575391905
2.94,-995.2032384440317
2.941666666666667,-995.2027401864541
2.9433333333333334,-995.2021907061348
2.9450000000000003,-995.2016132861384
2.9466666666666668,-995.2010172396903
2.9483333333333337,-995.2004165366294
2.95,-995.1998065203427
2.9516666666666667,-995.1991918474432
2.9533333333333336,-995.1985958009951
2.955,-995.1980509772887
2.956666666666667,-995.1976132556784
2.9583333333333335,-995.1973524853574
2.96,-995.1973245456802
2.961666666666667,-995.1975527197111
2.9633333333333334,-995.1980137243858
2.9650000000000003,-995.1986516803497
2.966666666666667,-995.1993641421196
2.9683333333333333,-995.2000346943736
2.970016666666667,-995.2005655482415
2.9716833333333335,-995.2008961677556
2.97335,-995.2010358661418
2.975016666666667,-995.2010451793675
2.9766833333333333,-995.2010032698516
2.9783500000000003,-995.2009846434001
2.9800166666666668,-995.2010405227546
2.9816833333333337,-995.2011662513023
2.98335,-995.201329232753
2.9850166666666667,-995.201473587752
2.9866833333333336,-995.2015574067839
2.98835,-995.2015574067839
2.990016666666667,-995.2014922142035
2.9916833333333335,-995.2013944253332
2.99335,-995.2013152629144
2.995016666666667,-995.2012780100113
2.9966833333333334,-995.2012966364629
2.9983666666666666,-995.2013478592045
