min,µS/cm
0.0,-998.2412126838421
0.0016666666666667052,-998.2414082615829
0.003349999999999964,-998.2411568044877
0.005016666666666669,-998.239987994656
0.006683333333333374,-998.2374315141875
0.00835000000000008,-998.2333243816315
0.010016666666666563,-998.2280344694052
0.011683333333333268,-998.2224558471806
0.013349999999999973,-998.2177573247895
0.015016666666666678,-998.2150332062575
0.016683333333333383,-998.2150238930318
0.01835000000000009,-998.2179249628531
0.02001666666666657,-998.2233825131428
0.021683333333333277,-998.2305723234222
0.023349999999999982,-998.2384094028913
0.025016666666666687,-998.245771507847
0.026683333333333392,-998.2516760929728
0.028350000000000097,-998.2554619192404
0.03001666666666658,-998.2568402766515
0.031683333333333286,-998.2559136106893
0.03336666666666677,-998.2531382694157
0.03503333333333325,-998.2491941183104
0.036699999999999955,-998.2448820947878
0.03836666666666666,-998.2409798531984
0.040033333333333365,-998.2381160362801
0.04170000000000007,-998.2366911127402
0.043366666666666775,-998.2368354677394
0.04503333333333326,-998.2384140595042
0.046699999999999964,-998.241068328843
0.04836666666666667,-998.2443046747914
0.050033333333333374,-998.2475596471911
0.05170000000000008,-998.2503210186261
0.05336666666666656,-998.2521790071634
0.05503333333333327,-998.2528868123204
0.05669999999999997,-998.2523932113556
0.05836666666666668,-998.2508332460424
0.06004999999999994,-998.2484816565404
0.06170000000000009,-998.2457109718796
0.06338333333333335,-998.2429263173802
0.06505000000000005,-998.2404676257821
0.06671666666666676,-998.2385910107934
0.06838333333333324,-998.2373802914458
0.07004999999999995,-998.2367097391918
0.07171666666666665,-998.2360252170992
0.07338333333333336,-998.2337341635645
0.07505000000000006,-998.225650283613
0.07671666666666677,-998.2017292632729
0.07838333333333325,-998.1400710521918
0.08004999999999995,-997.9971502898247
0.08171666666666666,-997.6936089795519
0.08338333333333336,-997.0958814942725
0.08505000000000007,-995.9952211920149
0.08671666666666678,-994.08750934251
0.08838333333333326,-990.9585402305045
0.09006666666666674,-986.0805799188468
0.09171666666666667,-978.8251719338937
0.09339999999999993,-968.4964925835359
0.09506666666666663,-954.3869788546054
0.09673333333333334,-935.8532824254843
0.09840000000000004,-912.404987454603
0.10006666666666675,-883.7949674966721
0.10173333333333323,-850.0980636338229
0.10339999999999994,-811.7668381015616
0.10506666666666664,-769.6555698149165
0.10673333333333335,-725.0068153836796
0.10840000000000005,-679.3979325701473
0.11006666666666676,-634.6491773774145
0.11173333333333324,-592.69936317238
0.11339999999999995,-555.4603601598462
0.11506666666666665,-524.6654295011729
0.11673333333333336,-501.72870070754027
0.11840000000000006,-487.6321835851447
0.12008333333333332,-482.85344172401983
0.12175000000000002,-487.3414153639886
0.12341666666666673,-500.5414087793517
0.12508333333333344,-521.4640686854087
0.12674999999999992,-548.788253473485
0.12841666666666662,-580.9844427653516
0.13008333333333333,-616.4442890400273
0.13175000000000003,-653.6022437054675
0.13341666666666674,-691.0375415771443
0.13508333333333322,-727.548422630666
0.13674999999999993,-762.1948843645839
0.13841666666666663,-794.3108355599971
0.14008333333333334,-823.4900565927336
0.14175000000000004,-849.5528767116149
0.14341666666666675,-872.5012377242098
0.14508333333333345,-892.4696971161616
0.14674999999999994,-909.6784707669534
0.14841666666666664,-924.3930088935388
0.15010000000000012,-936.8926570456906
0.15175000000000005,-947.4488119350042
0.1534333333333333,-956.3113054988493
0.15510000000000002,-963.7021696957304
0.15676666666666672,-969.8152500064183
0.15843333333333343,-974.8208527335994
0.1600999999999999,-978.8726135058666
0.16176666666666661,-982.1137604220369
0.16343333333333332,-984.6803457404861
0.16510000000000002,-986.7010968675377
0.16676666666666673,-988.2946875823171
0.16843333333333343,-989.5659615237107
0.17009999999999992,-990.6024164476443
0.17176666666666662,-991.4721087512896
0.17343333333333333,-992.2235184312908
0.17510000000000003,-992.8873837892373
0.17676666666666674,-993.4800867892243
0.17843333333333344,-994.0079464549236
0.1801166666666667,-994.4716286819762
0.1817833333333334,-994.870057792808
0.1834500000000001,-995.2032850101606
0.1851166666666666,-995.4742207170809
0.1867833333333333,-995.6890814917576
0.18845,-995.8569477292974
0.1901166666666667,-995.9885994885063
0.19178333333333342,-996.095105538189
0.1934499999999999,-996.1864729394142
0.1951166666666666,-996.270613277457
0.1967833333333333,-996.3527838682536
0.19845000000000002,-996.4355272224338
0.20011666666666672,-996.5190342611256
0.20178333333333343,-996.6018241814346
0.20345000000000013,-996.6815453938589
0.2051166666666666,-996.7557298935743
0.2068000000000001,-996.8223893068836
0.20845000000000002,-996.880410703309
0.21013333333333328,-996.9296590410777
0.2118,-996.9708980047009
0.2134666666666667,-997.0055525177185
0.2151333333333334,-997.0354107194745
0.2168000000000001,-997.0623166286676
0.2184666666666666,-997.0878767767399
0.2201333333333333,-997.1133065396516
0.2218,-997.1392997527213
0.2234666666666667,-997.1660426804638
0.2251333333333334,-997.193321118687
0.2267999999999999,-997.2206228399746
0.2284666666666666,-997.2473052317497
0.2301333333333333,-997.2727675909515
0.2318,-997.2965256298411
0.2334666666666667,-997.3183325479358
0.23513333333333342,-997.3381557489457
0.23681666666666668,-997.3561908106116
0.2384666666666666,-997.3727730090603
0.24015000000000009,-997.3883121262251
0.2418166666666668,-997.4032505403288
0.24348333333333327,-997.4179747502403
0.24514999999999998,-997.4327967490223
0.24681666666666668,-997.4479214276411
0.2484833333333334,-997.4634093220641
0.2501500000000001,-997.4791952397112
0.2518166666666666,-997.4950836028415
0.25350000000000006,-997.5108276109727
0.25516666666666676,-997.5261385541065
0.25683333333333325,-997.5407696317606
0.25849999999999995,-997.5545345794197
0.26016666666666666,-997.5673728611168
0.26183333333333336,-997.5793217297547
0.26350000000000007,-997.5905255403326
0.26516666666666655,-997.6011659007524
0.2668333333333335,-997.6114383887552
0.26849999999999996,-997.6215152990173
0.27016666666666667,-997.6315270166991
0.27183333333333337,-997.6415620174453
0.2735000000000001,-997.6516622107716
0.2751666666666668,-997.6618275966783
0.27683333333333326,-997.6720348921009
0.27849999999999997,-997.6822049346204
0.2801666666666667,-997.6922492485922
0.2818333333333334,-997.7020514186947
0.2835000000000001,-997.7115136560572
0.28516666666666657,-997.7205614548737
0.2868333333333333,-997.7291529056287
0.2885,-997.7372880083217
0.2901666666666667,-997.7450179856946
0.2918333333333334,-997.752394060489
0.2935000000000001,-997.7594814252851
0.2951666666666668,-997.7663313028246
0.29685000000000006,-997.7729856026233
0.2985,-997.7794582945199
0.30018333333333347,-997.7857819748045
0.30184999999999995,-997.7920032096058
0.30351666666666666,-997.7981871915041
0.30518333333333336,-997.8043991130797
0.30685000000000007,-997.8106808838485
0.3085166666666668,-997.8170325038103
0.31018333333333326,-997.8234120634494
0.31184999999999996,-997.8297171172825
0.31351666666666667,-997.8358265933748
0.31518333333333337,-997.8416194197915
0.3168500000000001,-997.847011777501
0.31851666666666656,-997.8519477871489
0.3201833333333335,-997.8564460751863
0.32184999999999997,-997.8605718341938
0.3235166666666667,-997.8644321662674
0.3251833333333334,-997.8681388301161
0.32686666666666664,-997.8718222109004
0.32853333333333334,-997.8755800974907
0.33020000000000005,-997.8794916523059
0.33186666666666675,-997.883594128249
0.33353333333333346,-997.8878828687072
0.33519999999999994,-997.8922973377129
0.33686666666666665,-997.8967676860731
0.33853333333333335,-997.9011821550788
0.34020000000000006,-997.9054522690855
0.34186666666666676,-997.9094942090611
0.34353333333333325,-997.9132753787159
0.34519999999999995,-997.916777151598
0.34686666666666666,-997.9200321239978
0.34853333333333336,-997.9230775488182
0.3502166666666666,-997.9259506789623
0.3518833333333333,-997.9286887673329
0.35355000000000003,-997.931301127156
0.35521666666666674,-997.9338063848828
0.3568833333333332,-997.9362231669651
0.35855000000000015,-997.938616665983
0.36021666666666663,-997.9410707009682
0.36188333333333333,-997.9436644343397
0.36355000000000004,-997.9464490888391
0.36521666666666674,-997.9494153512406
0.36688333333333345,-997.9524933723511
0.36854999999999993,-997.9555574236231
0.37021666666666664,-997.958472463283
0.37188333333333334,-997.961122076009
0.37355000000000005,-997.9634317559951
0.37521666666666675,-997.9653828767898
0.37688333333333324,-997.9670126912962
0.37854999999999994,-997.9684050185459
0.38021666666666665,-997.9696623040222
0.38188333333333335,-997.9708916498213
0.38355000000000006,-997.9721955014263
0.38521666666666676,-997.9736576778691
0.3869,-997.97534337173
0.3885666666666667,-997.977285179299
0.39023333333333343,-997.9794644741246
0.39190000000000014,-997.9818300334653
0.3935666666666666,-997.9842794118376
0.3952333333333333,-997.9867055071456
0.39690000000000003,-997.9889919040673
0.39856666666666674,-997.9910501269582
0.40023333333333344,-997.9928382663023
0.4018999999999999,-997.9943376956481
0.40356666666666663,-997.9955903245116
0.40523333333333333,-997.99665668886
0.40690000000000004,-997.9976159511123
0.40856666666666674,-997.9985472736873
0.4102333333333332,-997.9995018793268
0.41190000000000015,-998.0005030510949
0.4135833333333334,-998.0015647588305
0.4152499999999999,-998.0026823459206
0.4169166666666668,-998.0038697822038
0.4185833333333333,-998.0051317242929
0.42025,-998.0064542023495
0.4219166666666667,-998.0078279031477
0.4235833333333334,-998.0092062605588
0.42525000000000013,-998.0105520216797
0.4269166666666666,-998.011809307156
0.4285833333333333,-998.0129408640847
0.43025,-998.013900126337
0.4319166666666667,-998.0146591542357
0.43358333333333343,-998.0152039779421
0.4352499999999999,-998.0155392540692
0.4369166666666666,-998.0156882656811
0.4385833333333333,-998.0156975789068
0.44025000000000003,-998.0156370429395
0.44191666666666674,-998.0156230731009
0.4436,-998.0157813979387
0.44525000000000015,-998.0162517158391
0.4469333333333334,-998.0171411288982
0.4485999999999999,-998.0184775767934
0.4502666666666668,-998.0201912103315
0.4519333333333333,-998.0221423311262
0.4536,-998.0241446746626
0.4552666666666667,-998.0260026631998
0.4569333333333334,-998.027562628513
0.4586000000000001,-998.0287547214091
0.4602666666666666,-998.0295696286622
0.4619333333333333,-998.0300725428527
0.4636,-998.0303845359153
0.4652666666666667,-998.0306313363977
0.4669333333333334,-998.0309060765575
0.4685999999999999,-998.0312832622003
0.4702666666666666,-998.0317954896166
0.4719333333333333,-998.0324660418706
0.4736166666666666,-998.0333042321881
0.4752833333333333,-998.034319373795
0.47695,-998.0355207799167
0.4786166666666667,-998.0368758542635
0.4802833333333334,-998.0383333740934
0.4819500000000001,-998.0398095203749
0.4836166666666668,-998.0412158174632
0.4852833333333333,-998.0424498198752
0.48695,-998.0434556482562
0.4886166666666667,-998.0442007063162
0.4902833333333334,-998.0446849940553
0.4919500000000001,-998.044955077602
0.4936166666666666,-998.0450668363111
0.4952833333333333,-998.045071492924
0.49695,-998.0450388966337
0.4986166666666667,-998.0450668363111
0.5002833333333334,-998.0452577574389
0.5019499999999999,-998.0457280753393
0.5036333333333334,-998.0465709222698
0.5053000000000001,-998.0478188945203
0.5069666666666666,-998.0494254259622
0.5086333333333335,-998.0512741012737
0.5103,-998.0531833125526
0.5119666666666667,-998.0549761085095
0.5136333333333334,-998.0564801944682
0.5152999999999999,-998.0575931249455
0.5169666666666668,-998.0582916168768
0.5186333333333333,-998.0586315496166
0.5203,-998.0587339950999
0.5219666666666667,-998.0587526215514
0.5236333333333334,-998.0588317839703
0.5253000000000001,-998.0590972109042
0.5269666666666666,-998.059623408159
0.5286333333333335,-998.0604383154123
0.5303,-998.061527962825
0.5319666666666667,-998.0628457842687
0.5336500000000002,-998.0643172739373
0.5353166666666667,-998.065858612799
0.5369833333333334,-998.0673673553706
0.5386500000000001,-998.0687643392332
0.5403166666666666,-998.0699843718065
0.5419833333333335,-998.0709902001876
0.54365,-998.0717818243763
0.5453166666666667,-998.0723732142114
0.5469833333333334,-998.0727969659831
0.5486499999999999,-998.0730949892071
0.5503166666666668,-998.0732952235608
0.5519833333333333,-998.0734302653342
0.55365,-998.0735233975917
0.5553166666666667,-998.0736351563007
0.5569833333333334,-998.0738493604929
0.5586500000000001,-998.0742684556517
0.5603333333333333,-998.0749948872602
0.562,-998.0760845346731
0.5636666666666668,-998.0775187714387
0.5653333333333332,-998.0792091219123
0.5670000000000002,-998.081015887708
0.5686666666666667,-998.0827574609233
0.5703333333333334,-998.0842522336562
0.5720000000000001,-998.0853511942948
0.5736666666666665,-998.0859844936458
0.5753333333333335,-998.0861521317094
0.577,-998.0859518973557
0.5786666666666667,-998.0855467720355
0.5803333333333334,-998.0851276768768
0.5820000000000001,-998.084894846233
0.5836666666666668,-998.0849972917163
0.5853333333333333,-998.0855188323583
0.5870000000000002,-998.0864874078363
0.5886666666666667,-998.0878285123445
0.5903333333333334,-998.0894210739477
0.5920000000000001,-998.0910834847442
0.5936833333333333,-998.0926574198961
0.59535,-998.094003181017
0.5970166666666668,-998.0950322924624
0.5986833333333332,-998.0957261277808
0.6003500000000002,-998.0961126266495
0.6020166666666666,-998.096280264713
0.6036833333333333,-998.0963361440675
0.60535,-998.096392023422
0.6070166666666665,-998.0965317218082
0.6086833333333335,-998.096801805355
0.61035,-998.0972069306752
0.6120166666666667,-998.0977284713172
0.6136833333333334,-998.0983431442168
0.6153500000000001,-998.0990369795352
0.6170166666666668,-998.0998053206596
0.6186833333333333,-998.1006528242028
0.6203500000000002,-998.1015655203264
0.6220166666666667,-998.1025294391916
0.6236999999999999,-998.1034980146696
0.6253666666666668,-998.1044293372447
0.6270333333333333,-998.1052582143365
0.6287,-998.1059194533648
0.6303666666666667,-998.1063664882008
0.6320333333333332,-998.1065760357802
0.6337000000000002,-998.1065620659415
0.6353666666666666,-998.1063711448137
0.6370333333333333,-998.1060684649767
0.6387,-998.1057564719141
0.6403666666666668,-998.1055515809476
0.6420333333333335,-998.1055795206248
0.6436999999999999,-998.1059660194935
0.6453666666666666,-998.1067855833595
0.6470333333333333,-998.108038212223
0.6487,-998.1096540568907
0.6503666666666668,-998.1114654792992
0.65205,-998.1132536186433
0.6537166666666667,-998.1148182405693
0.6553833333333334,-998.115987050401
0.6570499999999999,-998.1166855423323
0.6587166666666668,-998.1169276862018
0.6603833333333333,-998.1168298973315
0.66205,-998.1165411873332
0.6637166666666667,-998.1162291942705
0.6653833333333332,-998.1160289599169
0.6670500000000001,-998.1160336165298
0.6687166666666666,-998.1162711037864
0.6703833333333333,-998.1167367650739
0.67205,-998.1173886908765
0.6737166666666667,-998.1181942849039
0.6753833333333334,-998.1191023244146
0.6770499999999999,-998.1200522734412
0.6787166666666669,-998.1209975658549
0.6803833333333333,-998.1218683524625
0.6820666666666666,-998.1226227237482
0.6837333333333335,-998.1232234268092
0.6854,-998.1236471785808
0.6870666666666667,-998.123898635676
0.6887333333333334,-998.1239731414821
0.6903999999999999,-998.1239079489019
0.6920666666666668,-998.1237216843869
0.6937333333333333,-998.123456257453
0.6954,-998.1231722040676
0.6970666666666667,-998.1229393734238
0.6987333333333332,-998.122855554392
0.7004000000000001,-998.1230185358427
0.7020666666666666,-998.1235214500332
0.7037333333333333,-998.1243968932538
0.7054,-998.12562158244
0.7070666666666667,-998.1270884154957
0.7087333333333334,-998.1286390675831
0.7104166666666667,-998.1300872741873
0.7120833333333334,-998.1312700538576
0.7137500000000001,-998.1320663346593
0.7154166666666666,-998.1324435203021
0.7170833333333335,-998.1324342070764
0.71875,-998.132150153691
0.7204166666666667,-998.131740371758
0.7220833333333334,-998.1313399030507
0.7237499999999999,-998.1310791327297
0.7254166666666668,-998.1310232533752
0.7270833333333333,-998.1312188311159
0.72875,-998.1316612093391
0.7304166666666667,-998.132336418206
0.7320833333333334,-998.1331885783623
0.7337500000000001,-998.1341431840016
0.7354166666666666,-998.1351117594796
0.7370833333333335,-998.1359918593131
0.73875,-998.1366950078573
0.7404333333333333,-998.1371466993062
0.7421,-998.1373236505954
0.7437666666666667,-998.1372398315636
0.7454333333333334,-998.1369418083397
0.7471000000000001,-998.1365040867294
0.7487666666666666,-998.1360104857646
0.7504333333333335,-998.1355355112513
0.7521,-998.1351536689956
0.7537666666666667,-998.1349208383518
0.7554333333333334,-998.1348975552875
0.7570999999999999,-998.1351303859311
0.7587666666666668,-998.1356658964119
0.7604333333333333,-998.1365133999551
0.7621,-998.1376356436581
0.7637666666666667,-998.138944151876
0.7654333333333334,-998.1403085394485
0.7671000000000001,-998.1415751381505
0.7687666666666666,-998.1425856231444
0.7704500000000001,-998.143237548947
0.7721166666666668,-998.143461066365
0.7737833333333333,-998.14327480185
0.7754500000000002,-998.1427625744337
0.7771166666666667,-998.1420407994381
0.7787833333333334,-998.1412631450879
0.7804500000000001,-998.1405553399309
0.7821166666666666,-998.1400384559017
0.7837833333333335,-998.1397916554193
0.78545,-998.1398615046124
0.7871166666666667,-998.1402526600939
0.7887833333333334,-998.1409325255737
0.7904499999999999,-998.14181728202
0.7921166666666668,-998.1427998273367
0.7937833333333333,-998.1437451197504
0.79545,-998.1445367439392
0.7971166666666667,-998.1450862242584
0.7988,-998.1453749342567
0.8004666666666667,-998.1454354702241
0.8021333333333334,-998.1453469945794
0.8038000000000001,-998.1451933263546
0.8054666666666668,-998.1450582845812
0.8071333333333333,-998.1449791221623
0.8088000000000002,-998.1449744655495
0.8104666666666667,-998.1450396581297
0.8121333333333334,-998.1451653866774
0.8138000000000001,-998.1453656210309
0.8154666666666666,-998.145663644255
0.8171333333333335,-998.1460780828008
0.8188,-998.1466229065073
0.8204666666666667,-998.1472748323098
0.8221333333333334,-998.1479919506926
0.8238000000000001,-998.1487137256883
0.8254666666666668,-998.1493656514908
0.8271333333333333,-998.1498918487457
0.8288166666666668,-998.1502410947113
0.8304833333333335,-998.150404076162
0.83215,-998.1503807930976
0.8338166666666669,-998.1501898719697
0.8354833333333334,-998.1498592524556
0.8371500000000001,-998.1494215308453
0.8388166666666668,-998.1489232732677
0.8404833333333332,-998.1484436421415
0.8421500000000002,-998.1480804263373
0.8438166666666667,-998.147940727951
0.8454833333333334,-998.1481223358531
0.8471500000000001,-998.1486671595595
0.8488166666666666,-998.1495565726187
0.8504833333333335,-998.1506881295473
0.85215,-998.1519035055078
0.8538333333333332,-998.1530304058236
0.8555000000000001,-998.1539058490441
0.8571666666666666,-998.1544227330734
0.8588333333333333,-998.1545344917823
0.8605,-998.1542690648484
0.8621666666666667,-998.1536963014648
0.8638333333333335,-998.1529326169532
0.8654999999999999,-998.1521177097001
0.8671666666666669,-998.1513866214787
0.8688333333333333,-998.1508697374495
0.8705,-998.150664846483
0.8721666666666668,-998.1508324845465
0.8738333333333332,-998.1513633384143
0.8755000000000002,-998.1522061853447
0.8771666666666667,-998.1532492666288
0.8788333333333334,-998.1543621971059
0.8805000000000001,-998.1554099350029
0.8821666666666665,-998.1562807216105
0.8838333333333335,-998.1569047077359
0.8855,-998.1572399838628
0.8871833333333332,-998.1573005198302
0.8888500000000001,-998.1571189119281
0.8905166666666666,-998.1567696659624
0.8921833333333333,-998.1563226311264
0.89385,-998.1558476566131
0.8955166666666667,-998.1554239048415
0.8971833333333334,-998.1551165683917
0.8988499999999999,-998.1549861832312
0.9005166666666669,-998.1550653456501
0.9021833333333333,-998.1553819953256
0.90385,-998.1559035359677
0.9055166666666667,-998.1565834014474
0.9071833333333332,-998.157342429346
0.9088500000000002,-998.1580781741803
0.9105166666666666,-998.1587068169185
0.9121833333333333,-998.1591445385288
0.91385,-998.1593447728825
0.9155166666666668,-998.1593075199795
0.9172,-998.1590514062713
0.9188666666666667,-998.1586416243383
0.9205333333333334,-998.1581480233735
0.9222000000000001,-998.1576590790216
0.9238666666666666,-998.1572399838628
0.9255333333333335,-998.156974556929
0.9272,-998.1569233341874
0.9288666666666667,-998.1571282251539
0.9305333333333334,-998.1575985430543
0.9321999999999999,-998.1582923783726
0.9338666666666668,-998.1591259120773
0.9355333333333333,-998.1599780722335
0.9372,-998.1607184736806
0.9388666666666667,-998.1612307010969
0.9405333333333332,-998.1614262788377
0.9422000000000001,-998.1612865804515
0.9438666666666666,-998.1608488588412
0.9455499999999999,-998.1602109028772
0.9472166666666668,-998.159507754333
0.9488833333333333,-998.1588697983692
0.95055,-998.1584041370817
0.9522166666666667,-998.1581759630508
0.9538833333333334,-998.1582085593409
0.9555500000000001,-998.1584926127263
0.9572166666666666,-998.1589908703039
0.9588833333333335,-998.159661422558
0.96055,-998.1604483901339
0.9622166666666667,-998.1612865804515
0.9638833333333334,-998.1621108009303
0.9655499999999999,-998.1628558589904
0.9672166666666668,-998.16347053189
0.9688833333333333,-998.1639175667259
0.97055,-998.1641829936598
0.9722166666666667,-998.1642621560787
0.9738833333333334,-998.1641783370469
0.9755500000000001,-998.1639455064033
0.9772333333333334,-998.1635916038247
0.9788999999999999,-998.1631585388272
0.9805666666666668,-998.1626975341526
0.9822333333333333,-998.1622877522196
0.9839,-998.1620083554471
0.9855666666666667,-998.1619524760926
0.9872333333333334,-998.162162023672
0.9889,-998.162646311411
0.9905666666666667,-998.1633308335037
0.9922333333333334,-998.1641131444667
0.9939,-998.1648535459138
0.9955666666666667,-998.1654076828461
0.9972333333333334,-998.1656777663928
0.9989,-998.1656079171996
1.0005666666666666,-998.1652074484924
1.0022333333333333,-998.1645462094641
1.0039,-998.1637406154367
1.0055833333333333,-998.1629117383449
1.00725,-998.1621713368977
1.0089166666666667,-998.1616078867398
1.0105833333333334,-998.1612772672257
1.01225,-998.1612167312583
1.0139166666666668,-998.1614449052892
1.0155833333333333,-998.1619478194797
1.01725,-998.162683564314
1.0189166666666667,-998.163577633986
1.0205833333333334,-998.164513613174
1.02225,-998.1653797431687
1.0239166666666668,-998.1660735784872
1.0255833333333333,-998.1665345831618
1.02725,-998.1667441307412
1.0289166666666667,-998.1667208476769
1.0305833333333334,-998.1665252699361
1.0322500000000001,-998.166231903325
1.0339333333333334,-998.165896627198
1.0356,-998.1655613510709
1.0372666666666668,-998.1652400447825
1.0389333333333335,-998.1649513347843
1.0406,-998.1647091909148
1.0422666666666667,-998.1645555226899
1.0439333333333334,-998.1645182697869
1.0456,-998.1646300284958
1.0472666666666668,-998.1649001120426
1.0489333333333333,-998.1653005807499
1.0506,-998.165780211876
1.0522666666666667,-998.1662644996151
1.0539333333333334,-998.1666742815481
1.0556,-998.1669257386434
1.0572666666666668,-998.1669676481592
1.0589333333333333,-998.1667953534828
1.0606,-998.1664321376786
1.0622666666666667,-998.1659431933267
1.06395,-998.165412339459
1.0656166666666667,-998.1649420215585
1.0672833333333334,-998.1646114020443
1.06895,-998.1644996433354
1.0706166666666668,-998.1646393417216
1.0722833333333335,-998.1650304972031
1.07395,-998.1656265436511
1.0756166666666667,-998.1663529752597
1.0772833333333334,-998.1670933767068
1.07895,-998.1677546157351
1.0806166666666668,-998.1682342468613
1.0822833333333335,-998.1684996737952
1.08395,-998.168541583311
1.0856166666666667,-998.168397228312
1.0872833333333334,-998.1681318013781
1.08895,-998.167796525251
1.0906166666666668,-998.1674333094468
1.0922833333333335,-998.1670561238038
1.0939666666666668,-998.1666835947739
1.0956333333333335,-998.166339005421
1.0973,-998.1660689218743
1.0989666666666666,-998.1659385367138
1.1006333333333334,-998.1660176991327
1.1023,-998.1663483186468
1.1039666666666668,-998.1669303952563
1.1056333333333335,-998.1677127062193
1.1073,-998.1686067758914
1.1089666666666667,-998.1694868757247
1.1106333333333334,-998.1702179639461
1.1123,-998.1706882818465
1.1139666666666668,-998.1708372934586
1.1156333333333335,-998.1706556855564
1.1173,-998.1701760544303
1.1189666666666667,-998.1694729058861
1.1206333333333334,-998.1686486854072
1.1223,-998.1678058384767
1.1239833333333333,-998.1670654370296
1.12565,-998.166529926549
1.1273166666666667,-998.1662831260666
1.1289833333333334,-998.1663622884854
1.1306500000000002,-998.1667487873541
1.1323166666666666,-998.1673820867052
1.1339833333333333,-998.1681457712167
1.13565,-998.1689141123411
1.1373166666666668,-998.1695474116921
1.1389833333333335,-998.169961850238
1.1406500000000002,-998.1700968920114
1.1423166666666666,-998.1699758200766
1.1439833333333334,-998.169663827014
1.14565,-998.1692587016938
1.1473166666666668,-998.1688675462124
1.1489833333333335,-998.1685881494399
1.1506666666666667,-998.1684577642793
1.1523333333333334,-998.1685089870209
1.1540000000000001,-998.1687278478261
1.1556666666666666,-998.1691003768561
1.1573333333333333,-998.1695939778209
1.159,-998.1701807110431
1.1606666666666667,-998.17082332362
1.1623333333333334,-998.1714938758739
1.1640000000000001,-998.1721458016765
1.1656666666666666,-998.1727511613503
1.1673333333333333,-998.1732773586052
1.169,-998.173691797151
1.1706666666666667,-998.1739711939236
1.1723333333333334,-998.1740922658583
1.1740000000000002,-998.1740363865039
1.1756666666666666,-998.1737849294086
1.1773333333333333,-998.1733472077983
1.179,-998.1727558179632
1.1806833333333333,-998.1720945789349
1.18235,-998.1715078457125
1.1840166666666667,-998.1711399732955
1.1856833333333334,-998.1711120336182
1.1873500000000001,-998.1714612795838
1.1890166666666668,-998.1721458016765
1.1906833333333333,-998.1730352147357
1.19235,-998.1739432542463
1.1940166666666667,-998.1746836556936
1.1956833333333334,-998.1751074074651
1.1973500000000001,-998.1751400037552
1.1990166666666666,-998.1747907577897
1.2006833333333333,-998.1741574584386
1.20235,-998.1733844607013
1.2040166666666667,-998.1726068063512
1.2056833333333334,-998.1719315974842
1.2073500000000001,-998.1714240266808
1.2090166666666666,-998.1710980637796
1.2106833333333333,-998.1709583653933
1.2123666666666668,-998.1710095881349
1.2140333333333333,-998.1712517320044
1.2157,-998.1716894536147
1.2173666666666667,-998.1722901566757
1.2190333333333334,-998.1729933052198
1.2207000000000001,-998.1737011103768
1.2223666666666668,-998.1743111266635
1.2240333333333333,-998.1747441916609
1.2257,-998.174930456176
1.2273666666666667,-998.1748652635956
1.2290333333333334,-998.1745765535974
1.2307000000000001,-998.1741155489227
1.2323666666666668,-998.1735520987648
1.2340333333333333,-998.1729374258653
1.2357,-998.17231343974
1.2373666666666667,-998.1717127366791
1.2390333333333334,-998.1711818828113
1.2407166666666667,-998.1707721008783
1.2423833333333334,-998.1705439268475
1.24405,-998.1705392702346
1.2457166666666668,-998.1707534744268
1.2473833333333333,-998.1711446299083
1.24905,-998.1716242610345
1.2507166666666667,-998.172089922322
1.2523833333333334,-998.1724158852232
1.25405,-998.1725136740937
1.2557166666666668,-998.1723227529658
1.2573833333333333,-998.1718431218396
1.25905,-998.1711353166826
1.2607166666666667,-998.1702971263651
1.2623833333333334,-998.1694682492732
1.2640500000000001,-998.1687790705677
1.2657166666666668,-998.1683506621832
1.2673833333333333,-998.1682528733128
1.26905,-998.1685136436338
1.2707333333333335,-998.1690957202433
1.2724,-998.1699106274964
1.2740666666666667,-998.17082332362
1.2757333333333334,-998.1716987668404
1.2774,-998.1724112286104
1.2790666666666668,-998.1728675766722
1.2807333333333335,-998.1730398713486
1.2824,-998.1729374258653
1.2840666666666667,-998.1726254328026
1.2857333333333334,-998.1721877111924
1.2874,-998.1717173932919
1.2890666666666668,-998.1712657018431
1.2907333333333333,-998.1708512632972
1.2924,-998.1704647644285
1.2940666666666667,-998.1700922353986
1.2957333333333334,-998.16973833282
1.2974,-998.1694542794346
1.2990833333333334,-998.169328550887
1.30075,-998.1694309963702
1.3024166666666668,-998.1697942121745
1.3040833333333335,-998.1703995718483
1.30575,-998.1711632563598
1.3074166666666667,-998.1719641937743
1.3090833333333334,-998.1726673423185
1.31075,-998.1731655998962
1.3124166666666668,-998.1733844607013
1.3140833333333335,-998.1733146115082
1.31575,-998.1729793353812
1.3174166666666667,-998.1724345116747
1.3190833333333334,-998.1717732726465
1.32075,-998.1710701241024
1.3224166666666668,-998.1704228549127
1.3240833333333335,-998.1699199407221
1.32575,-998.1696405439496
1.3274166666666667,-998.1696452005625
1.3291000000000002,-998.1699665068509
1.3307666666666667,-998.1705718665247
1.3324333333333334,-998.1713914303907
1.3341,-998.1722948132885
1.3357666666666668,-998.173133003606
1.3374333333333335,-998.1737663029571
1.3391,-998.1741015790841
1.3407666666666667,-998.1740876092455
1.3424333333333334,-998.1737569897314
1.3441,-998.173207509412
1.3457666666666668,-998.1725695534482
1.3474333333333335,-998.1719735070001
1.3491,-998.1715078457125
1.3507666666666667,-998.17122844894
1.3524333333333334,-998.1711632563598
1.3541,-998.1713029547461
1.3557666666666668,-998.1716335742602
1.3574333333333335,-998.1721178619993
1.3591166666666668,-998.1727092518344
1.3607833333333335,-998.1733472077983
1.3624500000000002,-998.1739711939236
1.3641166666666666,-998.17451601763
1.3657833333333333,-998.1749211429501
1.36745,-998.1751539735939
1.3691166666666668,-998.1751772566583
1.3707833333333335,-998.1749723656918
1.3724500000000002,-998.1745439573073
1.3741166666666667,-998.1739153145691
1.3757833333333334,-998.1731376602189
1.37745,-998.1722808434499
1.3791166666666668,-998.1714519663581
1.3807833333333335,-998.1707674442654
1.38245,-998.1703623189453
1.3841166666666667,-998.1703343792681
1.3857833333333334,-998.1707208781366
1.3874666666666666,-998.171489219261
1.3891333333333333,-998.1725090174808
1.3908,-998.1736079781193
1.3924666666666667,-998.1745812102102
1.3941333333333334,-998.1752424492386
1.3958000000000002,-998.1754845931081
1.3974666666666666,-998.1752703889158
1.3991333333333333,-998.1746603726291
1.4008,-998.1737942426344
1.4024666666666668,-998.1728303237692
1.4041333333333335,-998.1719315974842
1.4058000000000002,-998.1712237923272
1.4074666666666666,-998.1707814141041
1.4091333333333333,-998.1706324024921
1.4108,-998.1707721008783
1.4124666666666668,-998.1711679129727
1.4141333333333335,-998.1717732726465
1.4158000000000002,-998.1725136740937
1.4174833333333334,-998.1733006416696
1.4191500000000001,-998.1740410431167
1.4208166666666668,-998.1746464027905
1.4224833333333333,-998.1750422148849
1.42415,-998.1751958831098
1.4258166666666667,-998.1751167206909
1.4274833333333334,-998.1748373239184
1.4291500000000001,-998.1744228853725
1.4308166666666666,-998.1739385976334
1.4324833333333333,-998.1734403400558
1.43415,-998.1729653655425
1.4358166666666667,-998.1725369571581
1.4374833333333334,-998.1721877111924
1.4391500000000002,-998.1719548805486
1.4408166666666666,-998.171866404904
1.4424833333333333,-998.1719735070001
1.4441666666666668,-998.1722901566757
1.4458333333333333,-998.1728070407048
1.4475,-998.1734775929589
1.4491666666666667,-998.1742133377932
1.4508333333333334,-998.174930456176
1.4525000000000001,-998.1755171893982
1.4541666666666668,-998.1759036882668
1.4558333333333333,-998.1760154469758
1.4575,-998.1758431522994
1.4591666666666667,-998.1754054306891
1.4608333333333334,-998.1747721313382
1.4625000000000001,-998.1740550129554
1.4641666666666668,-998.1733891173142
1.4658333333333333,-998.1729001729623
1.4675,-998.1727045952215
1.4691666666666667,-998.1728396369949
1.4708333333333334,-998.173286671831
1.4725000000000001,-998.1739432542463
1.4741666666666668,-998.1746696858548
1.47585,-998.1753169550445
1.4775166666666668,-998.1757639898806
1.4791833333333333,-998.1759642242342
1.48085,-998.1759316279441
1.4825166666666667,-998.1757174237518
1.4841833333333334,-998.1754054306891
1.4858500000000001,-998.1750701545621
1.4875166666666668,-998.1747441916609
1.4891833333333333,-998.1744321985982
1.49085,-998.174106235697
1.4925166666666667,-998.1737569897314
1.4941833333333334,-998.173393773927
1.4958500000000001,-998.1730771242516
1.4975166666666668,-998.1728815465108
1.4991833333333333,-998.1728862031237
1.50085,-998.1731469734447
1.5025166666666667,-998.173654544248
1.5041833333333334,-998.1743437229536
1.5058666666666667,-998.1750934376265
1.5075333333333334,-998.1757639898806
1.5092,-998.1762203379424
1.5108666666666668,-998.1763600363286
1.5125333333333335,-998.1761551453621
1.5142,-998.1756242914943
1.5158666666666667,-998.174851293757
1.5175333333333334,-998.1739199711819
1.5192,-998.1729513957039
1.5208666666666668,-998.1720573260319
1.5225333333333335,-998.1713541774877
1.5242,-998.1709537087804
1.5258666666666667,-998.1709397389418
1.5275333333333334,-998.1713308944234
1.5292000000000001,-998.1720992355478
1.5308666666666668,-998.173133003606
1.5325333333333333,-998.1742971568249
1.5342166666666668,-998.1754240571407
1.5358833333333335,-998.1763553797157
1.53755,-998.1769653960024
1.5392166666666667,-998.1771842568075
1.5408833333333334,-998.1770119621311
1.54255,-998.1765043913277
1.5442166666666668,-998.1757639898806
1.5458833333333335,-998.1749211429501
1.54755,-998.1741015790841
1.5492166666666667,-998.1734124003785
1.5508833333333334,-998.1729327692524
1.55255,-998.1727139084472
1.5542166666666668,-998.1727697878018
1.5558833333333335,-998.1730771242516
1.55755,-998.1735800384421
1.5592166666666667,-998.1742040245674
1.5608833333333334,-998.1748652635956
1.56255,-998.1754706232695
1.5642333333333334,-998.1759409411699
1.5659,-998.1762249945552
1.5675666666666668,-998.1762669040711
1.5692333333333335,-998.1760433866531
1.5709000000000002,-998.1755637555269
1.5725666666666667,-998.1748559503699
1.5742333333333334,-998.1739805071494
1.5759,-998.1730398713486
1.5775666666666668,-998.1721551149022
1.5792333333333335,-998.1714612795838
1.5809,-998.1710980637796
1.5825666666666667,-998.1711772261984
1.5842333333333334,-998.1717313631306
1.5859,-998.1727092518344
1.5875666666666668,-998.1739758505365
1.5892333333333335,-998.1753262682703
1.5909,-998.1765369876179
1.5925666666666667,-998.1774170874513
1.5942500000000002,-998.1778408392229
1.5959166666666667,-998.1777803032555
1.5975833333333334,-998.1773239551937
1.59925,-998.1766161500367
1.6009166666666668,-998.1758478089123
1.6025833333333335,-998.1751772566583
1.6042500000000002,-998.1747162519837
1.6059166666666667,-998.1745113610172
1.6075833333333334,-998.1745672403716
1.60925,-998.1748466371441
1.6109166666666668,-998.1752936719802
1.6125833333333335,-998.1758384956865
1.6142500000000002,-998.1763972892317
1.6159166666666667,-998.1769002034222
1.6175833333333334,-998.1772820456779
1.61925,-998.1775055630959
1.6209166666666668,-998.1775521292246
1.6226,-998.1774217440642
1.6242666666666667,-998.1771376906788
1.6259333333333335,-998.1767465351973
1.6276000000000002,-998.1763134701998
1.6292666666666666,-998.175894375041
1.6309333333333333,-998.1755404724626
1.6326,-998.1752843587544
1.6342666666666668,-998.1751213773038
1.6359333333333335,-998.1750561847235
1.6376000000000002,-998.1750841244008
1.6392666666666666,-998.1752331360128
1.6409333333333334,-998.1755218460111
1.6426,-998.1759595676214
1.6442666666666668,-998.1765276743921
1.6459333333333335,-998.1771702869689
1.6476000000000002,-998.1777942730942
1.6492666666666667,-998.1782971872847
1.6509333333333334,-998.1785998671216
1.6526166666666668,-998.1786278067989
1.6542833333333333,-998.1783763497036
1.65595,-998.177878092126
1.6576166666666667,-998.1772075398719
1.6592833333333334,-998.176457825199
1.6609500000000001,-998.1757360502033
1.6626166666666669,-998.1751353471424
1.6642833333333333,-998.1747581614995
1.66595,-998.174665029242
1.6676166666666667,-998.1749071731115
1.6692833333333335,-998.1754659666566
1.6709500000000002,-998.1762808739097
1.6726166666666666,-998.1772261663234
1.6742833333333333,-998.1781574888985
1.67595,-998.1789444564744
1.6776166666666668,-998.1794706537293
1.6792833333333335,-998.1796941711473
1.6809500000000002,-998.1796150087284
1.6826333333333334,-998.1793030156657
1.6843000000000001,-998.178846667604
1.6859666666666668,-998.1783390968005
1.6876333333333333,-998.1778408392229
1.6893,-998.1773751779355
1.6909666666666667,-998.1769653960024
1.6926333333333334,-998.1766208066496
1.6943000000000001,-998.17637866278
1.6959666666666668,-998.1762901871355
1.6976333333333333,-998.1764066024574
1.6993,-998.1767511918101
1.7009666666666667,-998.1773099853551
1.7026333333333334,-998.1780084772864
1.7043000000000001,-998.1787302522821
1.7059666666666669,-998.1793449251817
1.7076333333333333,-998.1797360806631
1.7093,-998.1798292129207
1.7109666666666667,-998.1796196653413
1.71265,-998.1791726305053
1.7143166666666667,-998.1785858972829
1.7159833333333334,-998.1779665677706
1.7176500000000001,-998.1774124308384
1.7193166666666668,-998.176979365841
1.7209833333333333,-998.17671859552
1.72265,-998.1766487463269
1.7243166666666667,-998.176793101326
1.7259833333333334,-998.1771423472917
1.7276500000000001,-998.1776732011595
1.7293166666666668,-998.178320470349
1.7309833333333333,-998.1789910226031
1.73265,-998.1795824124383
1.7343166666666667,-998.1800108208228
1.736,-998.1802157117893
1.7376666666666667,-998.1801924287249
1.7393333333333334,-998.1799735679198
1.741,-998.179628978567
1.7426666666666668,-998.1792331664726
1.7443333333333335,-998.1788606374427
1.746,-998.17858124067
1.7476666666666667,-998.1784275724452
1.7493333333333334,-998.1784322290581
1.7510000000000001,-998.1785905538959
1.7526666666666668,-998.1788792638941
1.7543333333333335,-998.179256449537
1.756,-998.1796429484057
1.7576666666666667,-998.1799595980812
1.7593333333333334,-998.1801318927576
1.7610000000000001,-998.180117922919
1.7626666666666668,-998.1799130319524
1.7643333333333333,-998.1795405029224
1.766,-998.1790422453447
1.7676666666666667,-998.1784834517997
1.76935,-998.1779200016418
1.7710166666666667,-998.1773844911612
1.7726833333333334,-998.1768955468093
1.77435,-998.1764438553604
1.7760166666666668,-998.1760201035887
1.7776833333333335,-998.1756522311715
1.77935,-998.1754007740763
1.7810166666666667,-998.1753448947218
1.7826833333333334,-998.1755637555269
1.78435,-998.1760946093947
1.7860166666666668,-998.176904860035
1.7876833333333335,-998.1779060318032
1.78935,-998.1789351432486
1.7910166666666667,-998.1798292129207
1.7926833333333334,-998.1804345725944
1.7943500000000001,-998.1806580900125
1.7960166666666668,-998.1804671688845
1.7976833333333335,-998.1799083753396
1.7993666666666668,-998.1790701850219
1.8010333333333335,-998.1780922963181
1.8027000000000002,-998.1771097510015
1.8043666666666667,-998.1762482776196
1.8060333333333334,-998.1756103216557
1.8077,-998.1752657323029
1.8093666666666668,-998.1752517624643
1.8110333333333335,-998.1755637555269
1.8127,-998.1761365189105
1.8143666666666667,-998.1768908901964
1.8160333333333334,-998.1776964842238
1.8177,-998.1784415422838
1.8193666666666668,-998.1790236188932
1.8210333333333335,-998.1793542384074
1.8227,-998.179405461149
1.8243666666666667,-998.1791679738924
1.8260333333333334,-998.178697655992
1.8277,-998.178059700028
1.8293833333333334,-998.1773658647096
1.83105,-998.1767092822943
1.8327166666666668,-998.1761877416523
1.8343833333333335,-998.1758710919767
1.8360500000000002,-998.1758058993964
1.8377166666666667,-998.1760061337501
1.8393833333333334,-998.1764485119733
1.84105,-998.1770818113242
1.8427166666666668,-998.1778315259971
1.8443833333333335,-998.1786184935731
1.8460500000000002,-998.1793588950203
1.8477166666666667,-998.1799782245326
1.8493833333333334,-998.1804206027558
1.85105,-998.1806441201738
1.8527166666666668,-998.1806534333996
1.8543833333333335,-998.1804625122717
1.8560500000000002,-998.1801086096932
1.8577166666666667,-998.1796336351799
1.8594000000000002,-998.1790794982478
1.8610666666666666,-998.178511391477
1.8627333333333334,-998.1779991640607
1.8644,-998.1776266350307
1.8660666666666668,-998.1774729668058
1.8677333333333335,-998.1775940387405
1.8694000000000002,-998.1779851942221
1.8710666666666667,-998.1785858972829
1.8727333333333334,-998.179256449537
1.8744,-998.1798431827593
1.8760666666666668,-998.1801970853378
1.8777333333333335,-998.180225025015
1.8794000000000002,-998.1799223451782
1.8810666666666667,-998.1793495817946
1.8827333333333334,-998.1786371200246
1.8844,-998.1779246582547
1.8860666666666668,-998.1773379250324
1.88775,-998.1769467695509
1.8894166666666667,-998.1767791314874
1.8910833333333334,-998.1768117277775
1.8927500000000002,-998.1770259319698
1.8944166666666669,-998.177393804387
1.8960833333333333,-998.1778967185775
1.89775,-998.1785160480898
1.8994166666666668,-998.1792331664726
1.9010833333333335,-998.180001507597
1.9027500000000002,-998.1807698487214
1.9044166666666669,-998.1814497142012
1.9060833333333334,-998.1819619416175
1.90775,-998.1822459950029
1.9094166666666668,-998.1822692780673
1.9110833333333335,-998.1820504172622
1.9127500000000002,-998.1816313221034
1.9144166666666667,-998.1810818417841
1.9160833333333334,-998.1804578556588
1.9177666666666668,-998.1798245563078
1.9194333333333333,-998.1792424796984
1.9211,-998.178772161798
1.9227666666666667,-998.1784787951868
1.9244333333333334,-998.1784229158324
1.9261000000000001,-998.1786278067989
1.9277666666666669,-998.1790748416348
1.9294333333333333,-998.1797081409859
1.9311,-998.1804252593687
1.9327666666666667,-998.1811190946871
1.9344333333333334,-998.1816685750064
1.9361000000000002,-998.1819898812947
1.9377666666666669,-998.1820271341978
1.9394333333333333,-998.1817756771026
1.9411,-998.1812820761378
1.9427666666666668,-998.180639463561
1.9444333333333335,-998.179964254694
1.9461000000000002,-998.1793868346975
1.9477833333333334,-998.1790143056675
1.9494500000000001,-998.1789351432486
1.9511166666666668,-998.1791912569568
1.9527833333333335,-998.1797640203404
1.95445,-998.1805696143679
1.9561166666666667,-998.1814823104913
1.9577833333333334,-998.182353097099
1.9594500000000001,-998.1830562456432
1.9611166666666668,-998.1835079370921
1.9627833333333333,-998.1836709185427
1.96445,-998.1835731296724
1.9661166666666667,-998.1832844196741
1.9677833333333334,-998.1828839509668
1.9694500000000001,-998.1824601991951
1.9711166666666669,-998.1820737003266
1.9727833333333333,-998.1817430808123
1.97445,-998.1814636840398
1.9761333333333335,-998.1812261967832
1.9778,-998.1810306190424
1.9794666666666667,-998.1809188603335
1.9811333333333334,-998.180937486785
1.9828000000000001,-998.1811470343644
1.9844666666666668,-998.1815800993618
1.9861333333333335,-998.1822087420999
1.9878,-998.1829631133857
1.9894666666666667,-998.1837221412844
1.9911333333333334,-998.1843414707968
1.9928000000000001,-998.1847000299882
1.9944666666666668,-998.184709343214
1.9961333333333335,-998.1843554406354
1.9978,-998.183661605317
1.9994666666666667,-998.182725626129
2.001133333333333,-998.1816732316192
2.0028,-998.1806487767867
2.0044666666666666,-998.1798105864692
2.00615,-998.1792797326013
2.007816666666667,-998.179144690828
2.0094833333333333,-998.1794380574391
2.01115,-998.1801318927576
2.0128166666666667,-998.1811423777515
2.0144833333333336,-998.1823391272604
2.01615,-998.1835731296724
2.0178166666666666,-998.1846814035366
2.0194833333333335,-998.18552890708
2.02115,-998.1860225080447
2.022816666666667,-998.1861296101408
2.0244833333333334,-998.1858781530456
2.02615,-998.1853519557907
2.027816666666667,-998.1846767469237
2.0295,-998.1839642851539
2.0311500000000002,-998.1833077027385
2.0328333333333335,-998.182767535645
2.0345,-998.1823717235505
2.036166666666667,-998.1821482061325
2.0378333333333334,-998.1821016400038
2.0395000000000003,-998.1822366817771
2.041166666666667,-998.1825393616141
2.0428333333333333,-998.1829770832243
2.0445,-998.183512593705
2.0461666666666667,-998.1840853570886
2.0478333333333336,-998.184630180795
2.0495,-998.1850679024053
2.0511666666666666,-998.1853426425649
2.0528333333333335,-998.1853845520808
2.0545,-998.1851703478885
2.056166666666667,-998.1846814035366
2.0578333333333334,-998.1839549719281
2.0595,-998.183065558869
2.061166666666667,-998.1821342362939
2.06285,-998.1813239856536
2.0645166666666666,-998.1808024450116
2.0661833333333335,-998.1806999995283
2.06785,-998.1810818417841
2.069516666666667,-998.181906062263
2.0711833333333334,-998.1830515890304
2.0728500000000003,-998.1843042178938
2.074516666666667,-998.1854450880483
2.0761833333333333,-998.18627396514
2.07785,-998.1866697772344
2.0795166666666667,-998.1866138978799
2.0811833333333336,-998.186162206431
2.08285,-998.1854497446611
2.0845166666666666,-998.1846255241821
2.0861833333333335,-998.1838245867676
2.08785,-998.1831540345136
2.089516666666667,-998.182688373226
2.0911833333333334,-998.1824555425823
2.0928500000000003,-998.1824695124209
2.0945333333333336,-998.1827069996775
2.0962,-998.1831354080621
2.0978666666666665,-998.1837035148328
2.0995333333333335,-998.1843368141839
2.1012,-998.1849747701478
2.102866666666667,-998.1855382203057
2.1045333333333334,-998.1859573154645
2.1062000000000003,-998.1861854894954
2.1078666666666668,-998.1861901461083
2.1095333333333333,-998.1859666286903
2.1112,-998.185566159983
2.1128666666666667,-998.1850399627281
2.1145333333333336,-998.1844485728928
2.1162,-998.1838571830577
2.1178666666666666,-998.1833077027385
2.1195333333333335,-998.1828560112896
2.1212,-998.1825533314527
2.1228833333333332,-998.1824369161308
2.12455,-998.182544018227
2.1262166666666666,-998.1828699811282
2.1278833333333336,-998.1833775519316
2.12955,-998.183996881444
2.131216666666667,-998.184630180795
2.1328833333333335,-998.1851750045014
2.13455,-998.1855335636928
2.136216666666667,-998.1856499790147
2.1378833333333334,-998.1854963107899
2.1395500000000003,-998.1851004986954
2.1412166666666668,-998.1845184220861
2.1428833333333333,-998.1838432132191
2.14455,-998.1831819741908
2.1462166666666667,-998.1826604335488
2.1478833333333336,-998.1823996632278
2.14955,-998.1824881388724
2.1512166666666666,-998.1829770832243
2.1529000000000003,-998.1838292433805
2.1545666666666667,-998.1849421738577
2.1562333333333332,-998.1861668630439
2.1579,-998.1873123898112
2.1595666666666666,-998.188215772709
2.1612333333333336,-998.1887605964154
2.1629,-998.1888956381888
2.164566666666667,-998.1886674641579
2.1662333333333335,-998.1881598933545
2.1679,-998.1875033109391
2.169566666666667,-998.1868001623949
2.1712333333333333,-998.1861202969151
2.1729000000000003,-998.185491654177
2.1745666666666668,-998.1849188907933
2.1762333333333332,-998.1844020067641
2.1779,-998.1839735983797
2.1795666666666667,-998.1836802317684
2.1812333333333336,-998.1835917561239
2.182916666666667,-998.1837500809617
2.1845833333333333,-998.1841738327332
2.1862500000000002,-998.1848117886972
2.1879166666666667,-998.1855615033701
2.1895833333333337,-998.1862786217529
2.19125,-998.186832758685
2.1929166666666666,-998.1871121554575
2.1945833333333336,-998.1870655893288
2.19625,-998.1867163433632
2.197916666666667,-998.186124953528
2.1995833333333334,-998.1854031785323
2.20125,-998.1846860601495
2.202916666666667,-998.1840993269273
2.2045833333333333,-998.1837547375745
2.2062500000000003,-998.1837407677359
2.2079166666666667,-998.1840760438629
2.2095833333333332,-998.1847186564397
2.211266666666667,-998.185566159983
2.2129333333333334,-998.1864835127194
2.2146,-998.1873263596498
2.216266666666667,-998.1879875986781
2.2179333333333333,-998.188402037224
2.2196000000000002,-998.1885696752875
2.2212666666666667,-998.1885231091587
2.2229333333333336,-998.1883228748051
2.2246,-998.1880388214197
2.2262666666666666,-998.18773148497
2.2279333333333335,-998.1874427749717
2.2296,-998.1871959744893
2.231266666666667,-998.1869864269099
2.2329333333333334,-998.1868234454593
2.2346,-998.1867070301374
2.236266666666667,-998.186651150783
2.2379333333333333,-998.1866744338473
2.2396000000000003,-998.1867815359434
2.2412833333333335,-998.1869631438456
2.24295,-998.1872052877151
2.244616666666667,-998.1874846844876
2.2462833333333334,-998.1877640812601
2.24795,-998.1880155383553
2.249616666666667,-998.1882064594832
2.2512833333333333,-998.1883042483536
2.2529500000000002,-998.1882809652892
2.2546166666666667,-998.1880947007742
2.2562833333333336,-998.1877268283571
2.25795,-998.1871680348121
2.2596166666666666,-998.1864788561065
2.2612833333333335,-998.185752424498
2.26295,-998.1851424082113
2.264616666666667,-998.1848071320843
2.2662833333333334,-998.1848630114388
2.26795,-998.1853659256293
2.2696333333333336,-998.1862693085271
2.2713,-998.1874427749717
2.2729666666666666,-998.1886860906094
2.2746333333333335,-998.1897710814093
2.2763,-998.1905114828564
2.277966666666667,-998.1907815664032
2.2796333333333334,-998.1905580489853
2.2813000000000003,-998.1899247496342
2.282966666666667,-998.1890306799621
2.2846333333333333,-998.1880714177098
2.2863,-998.1872239141666
2.2879666666666667,-998.1865999280412
2.2896333333333336,-998.1862786217529
2.2913,-998.1862506820756
2.2929666666666666,-998.1864928259452
2.2946333333333335,-998.1869352041683
2.2963,-998.1875172807777
2.297966666666667,-998.1881692065803
2.2996333333333334,-998.1888304456085
2.3013166666666667,-998.1894497751209
2.3029833333333336,-998.1899806289887
2.30465,-998.1903904109217
2.3063166666666666,-998.1906372114041
2.3079833333333335,-998.1906884341457
2.30965,-998.1905161394693
2.311316666666667,-998.1901156707621
2.3129833333333334,-998.1894963412497
2.3146500000000003,-998.1887047170609
2.316316666666667,-998.1878339304532
2.3179833333333333,-998.1870003967485
2.31965,-998.1863391577202
2.3213166666666667,-998.1859992249804
2.3229833333333336,-998.1860737307863
2.324666666666667,-998.1865999280412
2.3263333333333334,-998.1875172807777
2.3280000000000003,-998.1887047170609
2.3296666666666668,-998.1899666591501
2.3313333333333333,-998.1910982160788
2.333,-998.1919224365577
2.3346666666666667,-998.1923182486521
2.3363333333333336,-998.1922530560718
2.338,-998.1917547984941
2.3396666666666666,-998.1909305780152
2.3413333333333335,-998.1899154364085
2.343,-998.1888723551244
2.344666666666667,-998.187955002388
2.3463333333333334,-998.1873123898112
2.3480000000000003,-998.1870469628773
2.349666666666667,-998.1872146009408
2.3513333333333333,-998.1878106473888
2.353,-998.188737313351
2.3546666666666667,-998.1898642136669
2.3563333333333336,-998.1910004272083
2.358016666666667,-998.1919783159121
2.3596833333333334,-998.1926721512306
2.3613500000000003,-998.1930074273577
2.3630166666666668,-998.1929981141319
2.3646833333333332,-998.1927047475207
2.36635,-998.1922251163945
2.3680166666666667,-998.1916383831723
2.3696833333333336,-998.1910050838212
2.37135,-998.1903485014059
2.373016666666667,-998.1896872623776
2.3746833333333335,-998.1890539630265
2.37635,-998.1885277657716
2.378016666666667,-998.1882111160961
2.3796833333333334,-998.1882111160961
2.3813500000000003,-998.1885836451261
2.383016666666667,-998.1893240465732
2.3846833333333333,-998.1903485014059
2.38635,-998.1914940281731
2.3880333333333335,-998.1925603925216
2.3897,-998.1933473600975
2.391366666666667,-998.193701262676
2.3930333333333333,-998.1935569076769
2.3947000000000003,-998.1929282649387
2.3963666666666668,-998.1919317497834
2.3980333333333332,-998.1907350002745
2.3997,-998.1895475639913
2.4013666666666666,-998.1885603620617
2.4030333333333336,-998.1879317193236
2.4047,-998.1877640812601
2.406366666666667,-998.1880667610969
2.4080333333333335,-998.1887931927055
2.4097,-998.1897990210865
2.411366666666667,-998.1909166081766
2.4130333333333334,-998.1919550328478
2.4147000000000003,-998.1927559702624
2.4163666666666668,-998.193216974937
2.41805,-998.1933147638074
2.419716666666667,-998.1930819331636
2.4213833333333334,-998.1926162718761
2.42305,-998.1920295386539
2.424716666666667,-998.1914288355929
2.4263833333333333,-998.1908979817251
2.4280500000000003,-998.1904881997921
2.4297166666666667,-998.1902041464067
2.4313833333333332,-998.190041164956
2.43305,-998.1899852856016
2.4347166666666666,-998.190041164956
2.4363833333333336,-998.1902181162453
2.43805,-998.1905207960822
2.439716666666667,-998.1909352346281
2.4413833333333335,-998.19142417898
2.44305,-998.1919317497834
2.444716666666667,-998.1923927544581
2.4463833333333334,-998.1927420004237
2.4480666666666666,-998.1929329215516
2.4497333333333335,-998.1929422347773
2.4514,-998.1927559702624
2.453066666666667,-998.1923787846195
2.4547333333333334,-998.1918432741388
2.4564,-998.1911960049491
2.458066666666667,-998.1905068262436
2.4597333333333333,-998.1898921533441
2.4614000000000003,-998.1894730581853
2.4630666666666667,-998.1893659560892
2.4647333333333337,-998.1896313830231
2.4664,-998.1902693389869
2.4680666666666666,-998.1911866917234
2.4697333333333336,-998.1922530560718
2.4714,-998.1932868241302
2.473066666666667,-998.1941250144476
2.4747333333333335,-998.1946465550897
2.4764166666666667,-998.1947909100888
2.4780833333333336,-998.1945813625094
2.47975,-998.1941063879962
2.4814166666666666,-998.1935010283224
2.4830833333333335,-998.1929003252615
2.48475,-998.192430007361
2.486416666666667,-998.1921599238143
2.4880833333333334,-998.1921180142984
2.48975,-998.1922809957491
2.491416666666667,-998.1926116152632
2.4930833333333333,-998.1930586500993
2.4947500000000002,-998.1935615642898
2.4964166666666667,-998.1940784483189
2.4980833333333337,-998.194562736058
2.49975,-998.194972517991
2.5014166666666666,-998.195270541215
2.5030833333333335,-998.1954428358914
2.504766666666667,-998.1954614623429
2.5064333333333333,-998.1953310771823
2.5081,-998.1950563370227
2.5097666666666667,-998.1946512117025
2.5114333333333336,-998.1941343276734
2.5131,-998.1935382812254
2.5147666666666666,-998.1929049818743
2.5164333333333335,-998.1922949655877
2.5181,-998.191801364623
2.519766666666667,-998.1915312810762
2.5214333333333334,-998.1915452509148
2.5231000000000003,-998.1918851836547
2.524766666666667,-998.1925184830058
2.5264333333333333,-998.1933752997747
2.5281000000000002,-998.1943392186399
2.5297666666666667,-998.1952845110536
2.5314333333333336,-998.1960854484681
2.5331,-998.196648898626
2.5347666666666666,-998.1969236387857
2.5364500000000003,-998.1969096689471
2.538116666666667,-998.1966535552389
2.5397833333333333,-998.1962298034673
2.54145,-998.195717576051
2.5431166666666667,-998.195196035409
2.5447833333333336,-998.194749000573
2.54645,-998.1944602905747
2.5481166666666666,-998.1943904413815
2.5497833333333335,-998.1945767058966
2.55145,-998.195009770894
2.553116666666667,-998.1956244437935
2.5547833333333334,-998.1963089658861
2.5564500000000003,-998.1969422652372
2.558116666666667,-998.1974079265248
2.5597833333333333,-998.1976407571685
2.5614500000000002,-998.197617474104
2.5631166666666667,-998.1973799868474
2.5648,-998.1970074578174
2.566466666666667,-998.1965883626586
2.5681333333333334,-998.1961972071772
2.5698000000000003,-998.195866587663
2.571466666666667,-998.195605817342
2.5731333333333333,-998.1954009263754
2.5748,-998.1952426015378
2.5764666666666667,-998.1951448126673
2.5781333333333336,-998.1951261862158
2.5798,-998.1952146618605
2.5814666666666666,-998.1954381792785
2.5831333333333335,-998.1957967384699
2.5848,-998.1962623997574
2.586466666666667,-998.1967839403994
2.5881333333333334,-998.1972821979771
2.5898000000000003,-998.1976686968458
2.591466666666667,-998.1978689311993
2.5931333333333333,-998.1978316782963
2.594816666666667,-998.1975615947496
2.5964833333333335,-998.1970912768492
2.59815,-998.1964719473368
2.599816666666667,-998.1957827686313
2.6014833333333334,-998.1951075597643
2.6031500000000003,-998.1945394529936
2.604816666666667,-998.1941669239635
2.6064833333333333,-998.1940598218674
2.60815,-998.1942507429953
2.6098166666666667,-998.1947210608957
2.6114833333333336,-998.1954009263754
2.61315,-998.1961878939514
2.614816666666667,-998.196951578463
2.6164833333333335,-998.1975802212011
2.61815,-998.1979900031341
2.619816666666667,-998.1981483279719
2.6215,-998.1980598523272
2.6231666666666666,-998.1977757989418
2.6248333333333336,-998.197356703783
2.6265,-998.1968631028183
2.628166666666667,-998.196350875402
2.6298333333333335,-998.1958805575016
2.6315,-998.1955219983103
2.633166666666667,-998.195345047021
2.6348333333333334,-998.1954055829883
2.6365000000000003,-998.1957362025025
2.6381666666666668,-998.196313622499
2.6398333333333333,-998.1970726503977
2.6415,-998.1979015274895
2.6431666666666667,-998.1986838384526
2.6448333333333336,-998.1993031679649
2.6465,-998.199675696995
2.648166666666667,-998.1997548594138
2.6498333333333335,-998.1995359986087
2.6515,-998.1990470542568
2.6531833333333337,-998.1983485623255
2.65485,-998.1975196852337
2.6565166666666666,-998.1966628684647
2.6581833333333336,-998.1958852141145
2.65985,-998.1953171073437
2.661516666666667,-998.1950609936356
2.6631833333333335,-998.1952006920219
2.66485,-998.1957362025025
2.666516666666667,-998.1966069891101
2.6681833333333334,-998.1976826666844
2.6698500000000003,-998.1987816273229
2.6715166666666668,-998.1997222631237
2.6731833333333332,-998.2003369360233
2.67485,-998.2005371703768
2.6765166666666667,-998.2002996831202
2.6781833333333336,-998.1996850102207
2.67985,-998.1988049103873
2.681516666666667,-998.1978223650706
2.6832000000000003,-998.1968677594311
2.6848666666666667,-998.1960761352424
2.6865333333333337,-998.1955173416974
2.6882,-998.1952426015378
2.6898666666666666,-998.1952519147635
2.6915333333333336,-998.1955173416974
2.6932,-998.1959830029849
2.694866666666667,-998.1965650795943
2.6965333333333334,-998.197175095881
2.6982,-998.1977292328131
2.699866666666667,-998.1981576411977
2.7015333333333333,-998.1984277247444
2.7032000000000003,-998.1985255136148
2.7048666666666668,-998.1984742908732
2.7065333333333337,-998.1982833697452
2.7082,-998.1979806899084
2.7098666666666666,-998.1975848778139
2.7115500000000003,-998.1971005900749
2.713216666666667,-998.1965604229814
2.7148833333333333,-998.196015599275
2.7165500000000002,-998.1955452813746
2.7182166666666667,-998.1952472581506
2.7198833333333337,-998.1952053486348
2.72155,-998.19545680573
2.7232166666666666,-998.1959923162107
2.7248833333333335,-998.196728061045
2.72655,-998.1975522815238
2.728216666666667,-998.198329935874
2.7298833333333334,-998.1989399521607
2.73155,-998.1993031679649
2.733216666666667,-998.199377673771
2.7348833333333333,-998.1991634695787
2.7365500000000003,-998.1986931516783
2.7382166666666667,-998.1980225994242
2.7398833333333337,-998.1972216620097
2.741566666666667,-998.1963788150792
2.7432333333333334,-998.1955825342776
2.7449000000000003,-998.1949585481524
2.746566666666667,-998.1946046455738
2.7482333333333333,-998.1946139587996
2.7499000000000002,-998.1950190841197
2.7515666666666667,-998.1957687987926
2.7532333333333336,-998.1967560007222
2.7549,-998.1978037386191
2.7565666666666666,-998.1987164347427
2.7582333333333335,-998.1993311076421
2.7599,-998.1995266853829
2.761566666666667,-998.1992705716748
2.7632333333333334,-998.1986186458723
2.7649,-998.197696636523
2.766566666666667,-998.1966721816905
2.7682333333333333,-998.1957222326639
2.7699000000000003,-998.1949632047653
2.7715833333333335,-998.1944742604134
2.77325,-998.1942879958983
2.774916666666667,-998.1943764715429
2.7765833333333334,-998.19471174767
2.7782500000000003,-998.1952379449249
2.779916666666667,-998.1958898707273
2.7815833333333333,-998.196611645723
2.7832500000000002,-998.1973334207187
2.7849166666666667,-998.1980039729727
2.7865833333333336,-998.1985674231306
2.78825,-998.1989818616765
2.7899166666666666,-998.1992193489332
2.7915833333333335,-998.1992798849005
2.79325,-998.1991727828045
2.794916666666667,-998.1989352955478
2.7965833333333334,-998.1986093326466
2.7982500000000003,-998.1982461168423
2.7999333333333336,-998.197920153941
2.8016,-998.1976873232973
2.803266666666667,-998.1976221307169
2.8049333333333335,-998.1977525158775
2.8066,-998.1980598523272
2.808266666666667,-998.1984882607118
2.8099333333333334,-998.1989352955478
2.8116000000000003,-998.1993078245778
2.813266666666667,-998.19952202877
2.8149333333333333,-998.1995266853829
2.8166,-998.1993217944164
2.8182666666666667,-998.1989259823221
2.8199333333333336,-998.1983904718414
2.8216,-998.1977804555547
2.8232666666666666,-998.1971518128166
2.8249333333333335,-998.1965511097557
2.8266,-998.1960109426622
2.828266666666667,-998.1955732210519
2.82995,-998.1952751978279
2.8316166666666667,-998.1951634391188
2.8332833333333336,-998.1952658846021
2.83495,-998.1955918475034
2.836616666666667,-998.1961087315325
2.8382833333333335,-998.1967606573351
2.83995,-998.1974638058792
2.841616666666667,-998.1981110750688
2.8432833333333334,-998.198632615711
2.8449500000000003,-998.198963235225
2.846616666666667,-998.1990936203855
2.8482833333333333,-998.1990284278053
2.84995,-998.1988188802259
2.8516166666666667,-998.1985068871633
2.8532833333333336,-998.1981390147462
2.85495,-998.1977571724904
2.8566166666666666,-998.1973753302345
2.8583000000000003,-998.1970353974947
2.8599666666666668,-998.1967792837866
2.8616333333333333,-998.1966582118519
2.8633,-998.1967234044321
2.8649666666666667,-998.1969934879788
2.8666333333333336,-998.1974591492664
2.8683,-998.1980598523272
2.869966666666667,-998.198702464904
2.8716333333333335,-998.1992845415134
2.8733,-998.1996896668336
2.874966666666667,-998.1998433350585
2.8766333333333334,-998.1997082932851
2.8783000000000003,-998.199298511352
2.879966666666667,-998.1986745252268
2.8816333333333333,-998.1979387803925
2.8833,-998.1972030355582
2.8849666666666667,-998.1965837060458
2.8866333333333336,-998.1961785807257
2.8883,-998.196052852178
2.8899833333333333,-998.1962344600802
2.8916500000000003,-998.1966768383033
2.8933166666666668,-998.1973101376543
2.8949833333333337,-998.1980132861985
2.89665,-998.1986605553882
2.8983166666666667,-998.1991355299015
2.8999833333333336,-998.1993637039324
2.90165,-998.1993124811906
2.903316666666667,-998.1990051447409
2.9049833333333335,-998.1985208570019
2.90665,-998.1979341237796
2.908316666666667,-998.1973334207187
2.9099833333333334,-998.1967839403994
2.9116500000000003,-998.196313622499
2.9133166666666668,-998.1959457500819
2.9149833333333333,-998.1956989495995
2.916666666666667,-998.1956011607291
2.9183333333333334,-998.1956942929867
2.92,-998.1959969728235
2.921666666666667,-998.1965045436269
2.9233333333333333,-998.1971657826552
2.9250000000000003,-998.1978968708767
2.9266666666666667,-998.1985813929692
2.9283333333333337,-998.1991215600628
2.93,-998.1994382097383
2.9316666666666666,-998.1994940890928
2.9333333333333336,-998.1992891981263
2.935,-998.1988794161933
2.936666666666667,-998.1983159660354
2.9383333333333335,-998.1976686968458
2.94,-998.1970074578174
2.941666666666667,-998.1963974415307
2.9433333333333334,-998.1959364368562
2.9450000000000003,-998.1956989495995
2.9466833333333335,-998.1957594855669
2.94835,-998.1961320145969
2.950016666666667,-998.1967699705608
2.9516833333333334,-998.1975755645882
2.95335,-998.1984090982929
2.955016666666667,-998.1991215600628
2.9566833333333333,-998.1995825647374
2.9583500000000003,-998.1997036366722
2.9600166666666667,-998.1994847758671
2.9616833333333337,-998.1989772050637
2.96335,-998.198292682971
2.9650166666666666,-998.1975755645882
2.9666833333333336,-998.1969562350758
2.96835,-998.1965231700784
2.970016666666667,-998.196313622499
2.9716833333333335,-998.1963182791119
2.97335,-998.196499887014
2.975016666666667,-998.1968025668509
2.9767,-998.1971844091067
2.9783666666666666,-998.1976081608783
2.9800333333333335,-998.1980551957143
2.9817,-998.198516200389
2.983366666666667,-998.1989725484508
2.9850333333333334,-998.1993963002225
2.9867000000000004,-998.1997502028009
2.988366666666667,-998.1999876900576
2.9900333333333333,-998.2000621958636
2.9917000000000002,-998.1999457805417
2.9933666666666667,-998.199638444092
2.9950333333333337,-998.1991634695787
2.9967,-998.1985767363564
2.9983666666666666,-998.1979527502311
3.0000333333333336,-998.1973939566861
3.0017,-998.1970121144303
3.003366666666667,-998.1969003557214
3.0050333333333334,-998.1971145599135
3.0067166666666667,-998.1976454137814
3.0083833333333336,-998.1984090982929
3.01005,-998.1992752282877
3.0117166666666666,-998.2000715090893
3.0133833333333335,-998.2006489290859
3.01505,-998.2008910729554
3.016716666666667,-998.200756031182
3.0183833333333334,-998.200271743443
3.0200500000000003,-998.1995266853829
3.021716666666667,-998.1986372723238
3.0233833333333333,-998.1977292328131
3.0250500000000002,-998.1969189821729
3.0267166666666667,-998.1963043092733
3.0283833333333336,-998.1959504066948
3.03005,-998.195903840566
3.0317166666666666,-998.1961785807257
3.0333833333333335,-998.1967373742707
3.03505,-998.1975196852337
3.0367333333333333,-998.1984090982929
3.0384,-998.1992752282877
3.0400666666666667,-998.1999830334447
3.0417333333333336,-998.2004300682808
3.0434,-998.2005604534412
3.045066666666667,-998.2003788455391
3.0467333333333335,-998.1999550937675
3.0484,-998.1993823303839
3.050066666666667,-998.1987723140971
3.0517333333333334,-998.1981995507135
3.0534000000000003,-998.1977199195874
3.055066666666667,-998.197356703783
3.0567333333333333,-998.1971238731393
3.0584000000000002,-998.1970493673333
3.0600666666666667,-998.1971704392681
3.0617333333333336,-998.197510372008
3.0634,-998.1980738221658
3.0650833333333334,-998.1988235368387
3.0667500000000003,-998.1996710403821
3.068416666666667,-998.2004999174738
3.0700833333333333,-998.2011611565022
3.07175,-998.2015150590806
3.0734166666666667,-998.2014545231133
3.0750833333333336,-998.2009376390841
3.07675,-998.200010973122
3.078416666666667,-998.1987909405486
3.0800833333333335,-998.1974544926535
3.08175,-998.1962018637901
3.083416666666667,-998.1952286316991
3.0850833333333334,-998.1946791513798
3.0867500000000003,-998.1946418984768
3.088416666666667,-998.1951261862158
3.0900833333333333,-998.1960481955651
3.09175,-998.1972682281385
3.0934333333333335,-998.1985813929692
3.0951,-998.1997921123168
3.096766666666667,-998.2007420613434
3.0984333333333334,-998.2013334511786
3.1001000000000003,-998.201538342145
3.101766666666667,-998.2014079569846
3.1034333333333333,-998.2010354279545
3.1051,-998.2005371703768
3.1067666666666667,-998.2000063165091
3.1084333333333336,-998.1994987457057
3.1101,-998.1990423976439
3.111766666666667,-998.1986279590981
3.1134333333333335,-998.1982693999066
3.1151,-998.1979853465212
3.116766666666667,-998.1978223650706
3.1184333333333334,-998.1978270216835
3.1201000000000003,-998.1980179428114
3.121766666666667,-998.1983858152286
3.1234333333333333,-998.1988887294191
3.125116666666667,-998.1994475229641
3.1267833333333335,-998.1999644069932
3.12845,-998.2003509058619
3.130116666666667,-998.2005278571511
3.1317833333333334,-998.2004393815065
3.1334500000000003,-998.2000761657023
3.1351166666666668,-998.1994614928027
3.1367833333333337,-998.1986372723238
3.13845,-998.197696636523
3.1401166666666667,-998.1967560007222
3.1417833333333336,-998.1959597199206
3.14345,-998.1954707755687
3.145116666666667,-998.1954102396012
3.1467833333333335,-998.1958433045986
3.14845,-998.1967373742707
3.150116666666667,-998.1979760332955
3.1517833333333334,-998.1993497340937
3.1534666666666666,-998.2006396158602
3.1551333333333336,-998.2016221611768
3.1568,-998.2021437018188
3.158466666666667,-998.2021343885931
3.1601333333333335,-998.2016268177897
3.1618,-998.2007280915047
3.163466666666667,-998.1996198176405
3.1651333333333334,-998.1984929173246
3.1668000000000003,-998.1975150286208
3.1684666666666668,-998.1968118800767
3.1701333333333337,-998.1964626341111
3.1718,-998.1964766039497
3.1734666666666667,-998.1968165366895
3.1751333333333336,-998.197398613299
3.1768,-998.1981157316817
3.178466666666667,-998.1988607897418
3.1801333333333335,-998.1995406552215
3.1818,-998.2000947921538
3.1834833333333337,-998.200495260861
3.18515,-998.2007420613434
3.1868166666666666,-998.2008445068267
3.1884833333333336,-998.2008165671494
3.19015,-998.2006582423116
3.191816666666667,-998.2003741889263
3.1934833333333335,-998.1999644069932
3.19515,-998.1994288965126
3.196816666666667,-998.1988095670001
3.1984833333333333,-998.1981762676492
3.2001666666666666,-998.1976454137814
3.2018333333333335,-998.1973334207187
3.2035,-998.1973473905573
3.205166666666667,-998.1977152629745
3.2068333333333334,-998.19840444168
3.2085000000000004,-998.199298511352
3.210166666666667,-998.2002298339271
3.2118333333333333,-998.2010354279545
3.2135000000000002,-998.2015616252095
3.2151666666666667,-998.2017292632729
3.2168333333333337,-998.2015243723064
3.2185,-998.2010074882772
3.2201666666666666,-998.2002810566687
3.2218333333333335,-998.1994661494156
3.2235,-998.1986791818397
3.225166666666667,-998.1980272560371
3.2268333333333334,-998.1975848778139
3.2285000000000004,-998.1974079265248
3.230166666666667,-998.1975243418466
3.2318333333333333,-998.1979154973282
3.2335000000000003,-998.198516200389
3.2351666666666667,-998.1992426319975
3.2368333333333337,-998.1999783768318
3.2385,-998.2006303026344
3.2401666666666666,-998.2011145903734
3.2418500000000003,-998.2013939871459
3.243516666666667,-998.201463836339
3.2451833333333333,-998.2013520776301
3.2468500000000002,-998.2011006205348
3.2485166666666667,-998.2007606877949
3.2501833333333336,-998.2003648757005
3.25185,-998.199936467316
3.2535166666666666,-998.1994940890928
3.2551833333333335,-998.1990703373211
3.25685,-998.1987071215169
3.258516666666667,-998.1984696342603
3.2601833333333334,-998.1984184115187
3.2618500000000004,-998.1985860495821
3.263516666666667,-998.1989725484508
3.2651833333333333,-998.1995266853829
3.2668500000000003,-998.2001506715083
3.2685166666666667,-998.2007420613434
3.2701833333333337,-998.2011704697279
3.271866666666667,-998.2013381077915
3.2735333333333334,-998.2011797829537
3.2752000000000003,-998.2006908386018
3.276866666666667,-998.1999318107031
3.2785333333333333,-998.1990237711924
3.2802000000000002,-998.1981110750688
3.2818666666666667,-998.1973613603959
3.2835333333333336,-998.1969096689471
3.2852,-998.1968584462054
3.2868666666666666,-998.1972449450741
3.2885333333333335,-998.1980225994242
3.290216666666667,-998.1990843071598
3.2918833333333333,-998.2002577736043
3.29355,-998.2013660474687
3.2952166666666667,-998.2022554605278
3.2968833333333336,-998.2028142540729
3.29855,-998.2030051752008
3.300216666666667,-998.2028515069759
3.3018833333333335,-998.20243706843
3.30355,-998.2018736182721
3.305216666666667,-998.2012682585982
3.3068833333333334,-998.2007048084404
3.3085500000000003,-998.2002205207014
3.310216666666667,-998.1998247086069
3.3118833333333333,-998.19952202877
3.31355,-998.1993078245778
3.3152166666666667,-998.1992100357074
3.3168833333333336,-998.1992519452233
3.31855,-998.1994382097383
3.320216666666667,-998.1997734858653
3.3218833333333335,-998.2002112074756
3.32355,-998.2007048084404
3.325216666666667,-998.2011797829537
3.3268833333333334,-998.2015616252095
3.3285500000000003,-998.2017897992404
3.3302333333333336,-998.2018270521434
3.3319,-998.2016594140798
3.333566666666667,-998.2013008548885
3.3352333333333335,-998.200793284085
3.3369,-998.200197237637
3.338566666666667,-998.1995732515117
3.3402333333333334,-998.1990051447409
3.3419000000000003,-998.1985720797435
3.343566666666667,-998.1983532189383
3.3452333333333333,-998.1984137549058
3.3469,-998.1987676574843
3.3485666666666667,-998.1993963002225
3.3502333333333336,-998.2002158640885
3.3519,-998.2011099337606
3.353566666666667,-998.2019481240781
3.3552333333333335,-998.2026000498806
3.3569,-998.2029865487492
3.358566666666667,-998.2030750243939
3.36025,-998.2028934164917
3.3619166666666667,-998.2025022610102
3.3635833333333336,-998.2019993468197
3.36525,-998.201463836339
3.366916666666667,-998.2009795486
3.3685833333333335,-998.2006116761829
3.37025,-998.2004021286035
3.371916666666667,-998.2003509058619
3.3735833333333334,-998.2004533513451
3.3752500000000003,-998.2006628989245
3.376916666666667,-998.200942295697
3.3785833333333337,-998.2012310056953
3.38025,-998.2014824627905
3.3819166666666667,-998.2016501008541
3.3835833333333336,-998.2017013235957
3.38525,-998.2016268177897
3.386916666666667,-998.2014405532747
3.3886000000000003,-998.2011611565022
3.3902666666666668,-998.2008119105366
3.3919333333333337,-998.2004114418293
3.3936,-998.199973720219
3.3952666666666667,-998.1995034023186
3.3969333333333336,-998.1990423976439
3.3986,-998.1986558987753
3.400266666666667,-998.1984370379702
3.4019333333333335,-998.1984603210345
3.4036,-998.1987676574843
3.405266666666667,-998.1993450774809
3.4069333333333334,-998.2001041053795
3.4086000000000003,-998.2009190126327
3.410266666666667,-998.2016454442412
3.4119333333333337,-998.2021576716575
3.4136,-998.2023811890755
3.4152833333333334,-998.2022834002051
3.4169333333333336,-998.2019015579493
3.418616666666667,-998.2013055115013
3.4202833333333333,-998.2005790798928
3.4219500000000003,-998.1998107387683
3.4236166666666668,-998.1990889637726
3.4252833333333337,-998.198478947486
3.42695,-998.1980551957143
3.4286166666666666,-998.1978642745864
3.4302833333333336,-998.1979341237796
3.43195,-998.198255430068
3.433616666666667,-998.1987862839358
3.4352833333333335,-998.1994382097383
3.43695,-998.2001180752181
3.438616666666667,-998.2007327481176
3.4402833333333334,-998.2011937527923
3.4419500000000003,-998.2014545231133
3.4436166666666668,-998.201501089242
3.4452833333333337,-998.2013613908558
3.446966666666667,-998.2010633676318
3.4486333333333334,-998.2006489290859
3.4503000000000004,-998.2001506715083
3.451966666666667,-998.1995732515117
3.4536333333333333,-998.1989446087736
3.4553000000000003,-998.1983066528096
3.4569666666666667,-998.197733889426
3.4586333333333337,-998.1973147942672
3.4603,-998.1971424995908
3.4619666666666666,-998.1972635715256
3.4636333333333336,-998.1976826666844
3.4653,-998.1983439057126
3.466966666666667,-998.1991494997401
3.4686333333333335,-998.1999690636061
3.4703000000000004,-998.200681525376
3.471966666666667,-998.2011844395665
3.4736333333333334,-998.2014079569846
3.4753000000000003,-998.2013381077915
3.4769666666666668,-998.2009981750515
3.47865,-998.2004440381194
3.480316666666667,-998.1997641726396
3.4819833333333334,-998.199074993934
3.4836500000000004,-998.1984975739375
3.485316666666667,-998.1981483279719
3.4869833333333333,-998.1981110750688
3.4886500000000003,-998.1984090982929
3.4903166666666667,-998.1989958315152
3.4919833333333337,-998.1997595160267
3.49365,-998.2005651100542
3.4953166666666666,-998.2012729152111
3.4969833333333336,-998.2017804860145
3.49865,-998.2020319431099
3.500316666666667,-998.2020412563356
3.5019833333333334,-998.2018689616592
3.5036666666666667,-998.2016035347253
3.5053333333333336,-998.2013334511786
3.507,-998.2011006205348
3.508666666666667,-998.2009143560198
3.5103333333333335,-998.2007653444077
3.512,-998.200644272473
3.513666666666667,-998.2005604534412
3.5153333333333334,-998.2005418269897
3.5170000000000003,-998.2006303026344
3.518666666666667,-998.2008445068267
3.5203333333333333,-998.2011890961794
3.5220000000000002,-998.2016361310154
3.5236666666666667,-998.2021204187545
3.5253333333333337,-998.2025767668163
3.527,-998.2029120429432
3.5286666666666666,-998.2030563979424
3.5303333333333335,-998.2029632656848
3.532,-998.2026093631064
3.533666666666667,-998.2020133166583
3.53535,-998.2012310056953
3.5370166666666667,-998.2003509058619
3.5386833333333336,-998.1994894324799
3.54035,-998.1987909405486
3.542016666666667,-998.1983904718414
3.5436833333333335,-998.1983904718414
3.54535,-998.1988235368387
3.547016666666667,-998.1996477573177
3.5486833333333334,-998.2007467179562
3.5503500000000003,-998.2019388108523
3.552016666666667,-998.2030191450394
3.5536833333333333,-998.2038107692282
3.5553500000000002,-998.2041832982582
3.5570166666666667,-998.204080852775
3.5586833333333336,-998.2035313724557
3.56035,-998.202623332945
3.562016666666667,-998.2014871194034
3.5636833333333335,-998.2002531169915
3.565366666666667,-998.1990517108696
3.5670333333333337,-998.1980132861985
3.5687,-998.1972309752355
3.5703666666666667,-998.1967885970123
3.5720333333333336,-998.1967094345935
3.5737,-998.1969748615273
3.575366666666667,-998.1975150286208
3.5770333333333335,-998.198218177165
3.5787,-998.1989492653864
3.580366666666667,-998.1995872213504
3.5820333333333334,-998.2000295995734
3.5837000000000003,-998.200197237637
3.585366666666667,-998.2000761657023
3.5870333333333333,-998.199675696995
3.5887000000000002,-998.1990656807083
3.5903666666666667,-998.1983159660354
3.5920333333333336,-998.1975196852337
3.5937,-998.1967606573351
3.5953833333333334,-998.1961180447582
3.5970500000000003,-998.1956523834707
3.598716666666667,-998.1954288660527
3.6003833333333337,-998.195494058633
3.60205,-998.1958712442758
3.6037166666666667,-998.1965278266913
3.6053833333333336,-998.1973846434603
3.60705,-998.1983113094225
3.608716666666667,-998.199154156353
3.6103833333333335,-998.1997595160267
3.61205,-998.2000249429606
3.613716666666667,-998.1999131842516
3.6153833333333334,-998.1994568361898
3.6170500000000003,-998.1987536876456
3.618716666666667,-998.1979248105539
3.6203833333333333,-998.1971005900749
3.62205,-998.1963834716921
3.6237166666666667,-998.1958572744372
3.6254,-998.1955778776647
3.627066666666667,-998.1955871908905
3.6287333333333334,-998.1958991839531
3.6304000000000003,-998.1964812605626
3.6320666666666668,-998.1972542582998
3.6337333333333337,-998.1981017618431
3.6354,-998.1988840728062
3.6370666666666667,-998.1994847758671
3.6387333333333336,-998.1998107387683
3.6404,-998.199820051994
3.642066666666667,-998.1995266853829
3.6437333333333335,-998.1989865182894
3.6454,-998.1982740565195
3.647066666666667,-998.1974917455565
3.6487333333333334,-998.1967234044321
3.6504000000000003,-998.1960481955651
3.652066666666667,-998.195531311536
3.65375,-998.1952193184734
3.655416666666667,-998.1951587825059
3.6570833333333335,-998.195382299924
3.6587500000000004,-998.1958759008887
3.660416666666667,-998.1965930192715
3.6620833333333334,-998.1974405228149
3.6637500000000003,-998.1983113094225
3.6654166666666668,-998.1990796505469
3.6670833333333337,-998.1996570705435
3.66875,-998.1999830334447
3.6704166666666667,-998.2000295995734
3.6720833333333336,-998.1998014255425
3.67375,-998.199335764255
3.675416666666667,-998.1986931516783
3.6770833333333335,-998.1979387803925
3.67875,-998.1971704392681
3.680416666666667,-998.1964905737883
3.6821,-998.196015599275
3.6837666666666666,-998.1958526178244
3.6854333333333336,-998.1960714786295
3.6871,-998.1966721816905
3.688766666666667,-998.1975848778139
3.6904333333333335,-998.1986558987753
3.6921000000000004,-998.1997082932851
3.693766666666667,-998.200532513764
3.6954333333333333,-998.2009702353743
3.6971000000000003,-998.200942295697
3.6987666666666668,-998.2004486947322
3.7004333333333337,-998.1995779081245
3.7021,-998.1984929173246
3.7037666666666667,-998.1973799868474
3.7054333333333336,-998.1963974415307
3.7071,-998.1956710099222
3.708766666666667,-998.1952751978279
3.7104333333333335,-998.1952239750863
3.7121166666666667,-998.1954894020201
3.7137833333333337,-998.1960109426622
3.71545,-998.1967047779806
3.7171166666666666,-998.1974777757179
3.7187833333333336,-998.1982414602294
3.72045,-998.1989026992577
3.722116666666667,-998.1993869869967
3.7237833333333334,-998.1996291308662
3.7254500000000004,-998.1996151610276
3.727116666666667,-998.1993497340937
3.7287833333333333,-998.1988887294191
3.7304500000000003,-998.1983019961967
3.7321166666666667,-998.1976733534586
3.7337833333333337,-998.1970679937848
3.73545,-998.1965464531428
3.7371166666666666,-998.1961459844355
3.7387833333333336,-998.1959178104046
3.74045,-998.195903840566
3.7421333333333333,-998.1961320145969
3.7438000000000002,-998.196611645723
3.7454666666666667,-998.1973054810414
3.7471333333333336,-998.1981297015204
3.7488,-998.1989539219993
3.750466666666667,-998.1996524139306
3.7521333333333335,-998.2000947921538
3.7538,-998.2002018942499
3.755466666666667,-998.1999504371546
3.7571333333333334,-998.1993916436096
3.7588000000000004,-998.1986139892595
3.760466666666667,-998.1977385460389
3.7621333333333333,-998.1968863858826
3.7638000000000003,-998.1961599542741
3.7654666666666667,-998.1956337570192
3.7671333333333337,-998.1953543602467
3.7688,-998.1953497036338
3.7704666666666666,-998.1956011607291
3.7721500000000003,-998.1960807918553
3.773816666666667,-998.1967094345935
3.7754833333333333,-998.1973893000733
3.7771500000000002,-998.1980132861985
3.7788166666666667,-998.198478947486
3.7804833333333336,-998.1987117781298
3.78215,-998.1986698686139
3.783816666666667,-998.1983625321641
3.7854833333333335,-998.1978596179736
3.78715,-998.1972449450741
3.788816666666667,-998.1966069891101
3.7904833333333334,-998.1960295691136
3.7921500000000004,-998.1955545946004
3.793816666666667,-998.1952006920219
3.7955,-998.1949771746039
3.797166666666667,-998.1948840423463
3.7988333333333335,-998.1949259518622
3.8005,-998.1951215296029
3.802166666666667,-998.1954707755687
3.8038333333333334,-998.195978346372
3.8055000000000003,-998.1966069891101
3.807166666666667,-998.1972961678157
3.8088333333333337,-998.1979760332955
3.8105,-998.1985487966791
3.8121666666666667,-998.1989399521607
3.8138333333333336,-998.1990703373211
3.8155,-998.1989026992577
3.817166666666667,-998.1984277247444
3.8188333333333335,-998.1976826666844
3.8205,-998.1967653139479
3.822166666666667,-998.1957967384699
3.8238333333333334,-998.1949445783137
3.8255000000000003,-998.1943578450914
3.827166666666667,-998.1941669239635
3.8288333333333333,-998.1944230376716
3.830516666666667,-998.1950796200871
3.8321833333333335,-998.196015599275
3.83385,-998.1970540239462
3.835516666666667,-998.197994659747
3.8371833333333334,-998.1986558987753
3.8388500000000003,-998.1989259823221
3.840516666666667,-998.1987676574843
3.8421833333333337,-998.1982228337779
3.84385,-998.197398613299
3.8455166666666667,-998.1964440076596
3.8471833333333336,-998.1955080284716
3.84885,-998.1947257175086
3.850516666666667,-998.1941808938021
3.8521833333333335,-998.1939340933197
3.85385,-998.1939992859001
3.855516666666667,-998.1943625017043
3.8571833333333334,-998.1949818312168
3.8588500000000003,-998.1957874252441
3.8605333333333336,-998.1966954647548
3.8622,-998.1976081608783
3.863866666666667,-998.1984184115187
3.8655333333333335,-998.1990330844181
3.8672,-998.1993823303839
3.868866666666667,-998.1994335531255
3.8705333333333334,-998.199191409256
3.8722000000000003,-998.1986978082912
3.873866666666667,-998.1980272560371
3.8755333333333337,-998.1972542582998
3.8772,-998.1964486642725
3.8788666666666667,-998.1956849797609
3.8805333333333336,-998.1950283973455
3.8822,-998.194562736058
3.883866666666667,-998.1943531884785
3.8855333333333335,-998.1944370075103
3.8872,-998.1948328196047
3.8888833333333337,-998.1954754321815
3.89055,-998.1962717129832
3.8922166666666667,-998.1970726503977
3.8938833333333336,-998.1977292328131
3.89555,-998.198106418456
3.897216666666667,-998.1981297015204
3.8988833333333335,-998.1977804555547
3.9005500000000004,-998.1971192165264
3.902216666666667,-998.196239116693
3.9038833333333334,-998.1952751978279
3.9055500000000003,-998.1943764715429
3.907216666666667,-998.1936686663859
3.9088833333333337,-998.1932495712272
3.91055,-998.1931657521953
3.9122166666666667,-998.1933985828391
3.9138833333333336,-998.1938689007395
3.91555,-998.1944649471876
3.917216666666667,-998.1950656502485
3.9189000000000003,-998.1955778776647
3.9205666666666668,-998.1959457500819
3.9222333333333337,-998.1961692675
3.9239,-998.196276369596
3.9255666666666666,-998.196313622499
3.9272333333333336,-998.196313622499
3.9289,-998.1962903394347
3.930566666666667,-998.1962251468544
3.9322333333333335,-998.1960854484681
3.9339000000000004,-998.1958339913729
3.935566666666667,-998.1954381792785
3.9372333333333334,-998.1949259518622
3.9389000000000003,-998.1943671583172
3.9405666666666668,-998.1938689007395
3.9422333333333337,-998.1935569076769
3.9439,-998.1935289679997
3.9455666666666667,-998.1938269912237
3.9472333333333336,-998.1944137244459
3.948916666666667,-998.1951913787962
3.9505833333333333,-998.1960342257265
3.9522500000000003,-998.1967885970123
3.9539166666666667,-998.1973334207187
3.9555833333333337,-998.1975755645882
3.95725,-998.1974777757179
3.9589166666666666,-998.197058680559
3.9605833333333336,-998.1963927849179
3.96225,-998.1955778776647
3.963916666666667,-998.194749000573
3.9655833333333335,-998.1940411954159
3.9672500000000004,-998.1935755341284
3.968916666666667,-998.1934498055807
3.9705833333333334,-998.1936919494502
3.9722500000000003,-998.1942600562211
3.9739166666666668,-998.1950563370227
3.9755833333333337,-998.1959271236304
3.977266666666667,-998.196728061045
3.9789333333333334,-998.1973241074929
3.9806000000000004,-998.1976500703943
3.982266666666667,-998.197696636523
3.9839333333333333,-998.1975010587822
3.9856000000000003,-998.197133186365
3.9872666666666667,-998.1966721816905
3.9889333333333337,-998.1961832373386
3.9906,-998.1956942929867
3.992266666666667,-998.1952239750863
3.9939333333333336,-998.1947769402502
3.9956,-998.19437181493
3.997266666666667,-998.1940505086417
3.9989333333333335,-998.1938735573524
