min,µS/cm
0.0,-997.5233678694458
0.0016666666666664831,-997.5234470318646
0.0033333333333334103,-997.5235587905736
0.005016666666666669,-997.5236239831539
0.006666666666666821,-997.5235587905736
0.00835000000000008,-997.5233166467042
0.010016666666666563,-997.522911521384
0.01168333333333349,-997.522427233645
0.013349999999999973,-997.5219941686476
0.015016666666666456,-997.5217380549394
0.016683333333333383,-997.5217613380038
0.018349999999999866,-997.5220966141309
0.020016666666666794,-997.5227159436432
0.021683333333333277,-997.5235261942835
0.023350000000000204,-997.5244109507298
0.025016666666666687,-997.5252351712087
0.02668333333333317,-997.5259010668499
0.028350000000000097,-997.526343445073
0.03001666666666658,-997.526534366201
0.03168333333333351,-997.5265017699109
0.03334999999999999,-997.5262922223314
0.03503333333333325,-997.5259662594301
0.03670000000000018,-997.5255937304001
0.03836666666666666,-997.5252351712087
0.04003333333333314,-997.5249650876619
0.04170000000000007,-997.5248440157272
0.04336666666666655,-997.5249045516946
0.04503333333333348,-997.5251560087898
0.046699999999999964,-997.5255797605615
0.04836666666666645,-997.526119927655
0.050033333333333374,-997.5267020042644
0.05169999999999986,-997.5272607978095
0.053366666666666784,-997.5277357723228
0.05503333333333327,-997.5280943315141
0.056700000000000195,-997.5283131923193
0.05836666666666668,-997.5284156378025
0.06003333333333316,-997.5284249510282
0.06170000000000009,-997.5283830415124
0.06336666666666657,-997.5283271621579
0.06504999999999983,-997.5282945658678
0.06669999999999998,-997.5282899092549
0.06838333333333324,-997.5283178489321
0.07005000000000017,-997.5283504452223
0.07171666666666665,-997.5283737282866
0.07338333333333313,-997.528359758448
0.07505000000000006,-997.5283085357064
0.07671666666666654,-997.5282200600618
0.07838333333333347,-997.5281083013527
0.08004999999999995,-997.5279965426438
0.08171666666666688,-997.5279080669991
0.08338333333333336,-997.5278801273219
0.08504999999999985,-997.5279313500635
0.08671666666666678,-997.5280803616755
0.08838333333333326,-997.5283085357064
0.09005000000000019,-997.5285739626403
0.09171666666666667,-997.5288161065098
0.09338333333333315,-997.5289837445733
0.09506666666666685,-997.5290303107021
0.09673333333333334,-997.5289325218317
0.09839999999999982,-997.5287090044137
0.10006666666666675,-997.5284063245767
0.10173333333333323,-997.5280850182884
0.10340000000000016,-997.5278102781288
0.10506666666666664,-997.5276379834523
0.10673333333333312,-997.5276100437751
0.10840000000000005,-997.5277218024842
0.11006666666666653,-997.5279779161923
0.11173333333333346,-997.5283364753836
0.11339999999999995,-997.5287648837682
0.11506666666666687,-997.5292072619914
0.11673333333333336,-997.5295984174728
0.11841666666666661,-997.5298824708582
0.12006666666666677,-997.5300268258574
0.12175000000000002,-997.5300221692445
0.12341666666666651,-997.529887127471
0.12508333333333344,-997.5296775798918
0.12674999999999992,-997.5294540624737
0.12841666666666685,-997.5292724545716
0.13008333333333333,-997.529183978927
0.1317499999999998,-997.5292026053785
0.13341666666666674,-997.5293190207003
0.13508333333333322,-997.5295006286025
0.13675000000000015,-997.5296915497304
0.13841666666666663,-997.5298452179552
0.14008333333333312,-997.529929036987
0.14175000000000004,-997.5299243803742
0.14341666666666653,-997.5298405613423
0.14508333333333345,-997.5297008629561
0.14674999999999994,-997.5295425381183
0.14841666666666686,-997.5294121529578
0.15008333333333335,-997.5293190207003
0.1517666666666666,-997.5292724545716
0.15341666666666676,-997.5292491715072
0.15510000000000002,-997.5292352016686
0.1567666666666665,-997.5291979487656
0.15843333333333343,-997.5291234429595
0.1600999999999999,-997.528997714412
0.16176666666666684,-997.5288347329613
0.16343333333333332,-997.5286484684462
0.1650999999999998,-997.5284668605442
0.16676666666666673,-997.5283131923193
0.1684333333333332,-997.5282060902232
0.17010000000000014,-997.5281408976429
0.17176666666666662,-997.5281176145785
0.17343333333333355,-997.5281083013527
0.17510000000000003,-997.5281083013527
0.17676666666666652,-997.5280943315141
0.17843333333333344,-997.528061735224
0.18009999999999993,-997.5280058558695
0.18178333333333319,-997.5279266934506
0.18343333333333334,-997.5278289045802
0.1851166666666666,-997.5277311157099
0.18678333333333352,-997.5276426400652
0.18845,-997.5275867607107
0.1901166666666665,-997.5275727908721
0.19178333333333342,-997.5275960739365
0.1934499999999999,-997.5276472966781
0.19511666666666683,-997.5277124892584
0.1967833333333333,-997.5277823384515
0.19845000000000024,-997.5278521876446
0.20011666666666672,-997.5279173802248
0.2017833333333332,-997.5279732595794
0.20345000000000013,-997.5280151690953
0.2051333333333334,-997.5280477653854
0.20678333333333354,-997.5280570786111
0.2084666666666668,-997.5280431087725
0.2101166666666665,-997.5279918860309
0.2118000000000002,-997.5278987537733
0.21344999999999992,-997.5277543987743
0.21513333333333318,-997.5275727908721
0.2168000000000001,-997.5273678999056
0.2184666666666666,-997.5271676655519
0.22013333333333351,-997.5269860576499
0.2218,-997.5268463592636
0.22346666666666648,-997.5267625402319
0.2251333333333334,-997.5267439137804
0.2267999999999999,-997.5267811666833
0.22846666666666682,-997.5268649857151
0.2301333333333333,-997.5269720878111
0.23179999999999978,-997.5270745332945
0.2334666666666667,-997.5271536957133
0.2351333333333332,-997.5271862920034
0.23680000000000012,-997.5271769787777
0.2384666666666666,-997.527130412649
0.24013333333333353,-997.5270698766816
0.2418166666666668,-997.5270093407142
0.24348333333333327,-997.5269720878111
0.2451500000000002,-997.5269720878111
0.24681666666666668,-997.5270046841014
0.24848333333333317,-997.5270512502301
0.2501500000000001,-997.5270838465202
0.2518166666666666,-997.5270745332945
0.2534833333333335,-997.5270093407142
0.25515,-997.5268836121666
0.25681666666666647,-997.5267113174901
0.2584833333333334,-997.5265250529752
0.2601499999999999,-997.5263574149117
0.2618166666666668,-997.5262409995897
0.2634833333333333,-997.5262084032996
0.2651500000000002,-997.5262689392671
0.2668166666666667,-997.5264319207176
0.2684833333333332,-997.5266740645872
0.2701500000000001,-997.526981401037
0.27183333333333337,-997.527316677164
0.27349999999999985,-997.5276286702266
0.2751666666666668,-997.5278894405476
0.27683333333333326,-997.5280663918369
0.2785000000000002,-997.5281455542557
0.2801666666666667,-997.5281408976429
0.28183333333333316,-997.5280757050626
0.2835000000000001,-997.5279918860309
0.28516666666666657,-997.5279266934506
0.2868333333333335,-997.5279266934506
0.2885,-997.5279918860309
0.2901666666666669,-997.5281176145785
0.2918333333333334,-997.5282759394163
0.2935000000000001,-997.5284296076411
0.2951666666666668,-997.5285599928017
0.2968333333333333,-997.5286484684462
0.29851666666666676,-997.5286950345751
0.3001666666666667,-997.5287136610266
0.30184999999999995,-997.5287183176395
0.30351666666666666,-997.5287183176395
0.30518333333333336,-997.5287136610266
0.30685000000000007,-997.5287183176395
0.3085166666666668,-997.5287229742523
0.31018333333333326,-997.5287136610266
0.31184999999999996,-997.5286903779622
0.31351666666666667,-997.5286484684462
0.31518333333333337,-997.528583275866
0.3168500000000001,-997.5285087700601
0.31851666666666656,-997.5284389208668
0.3201833333333335,-997.5283783848995
0.32184999999999997,-997.5283411319965
0.3235166666666667,-997.5283131923193
0.3251833333333334,-997.5282945658678
0.3268500000000001,-997.5282759394163
0.32853333333333334,-997.528247999739
0.3301833333333333,-997.5282014336103
0.33186666666666675,-997.5281315844171
0.33353333333333346,-997.5280291389339
0.33519999999999994,-997.5278940971605
0.33686666666666665,-997.5277171458713
0.33853333333333335,-997.5275122549048
0.34020000000000006,-997.5272980507125
0.34186666666666676,-997.5271210994232
0.34353333333333325,-997.5270326237786
0.34519999999999995,-997.5270745332945
0.34686666666666666,-997.5272607978095
0.34853333333333336,-997.527577447485
0.35020000000000007,-997.5279779161923
0.35186666666666655,-997.5284016679639
0.3535333333333335,-997.5288021366712
0.35519999999999996,-997.5291374127981
0.35686666666666667,-997.5293981831192
0.35855000000000015,-997.5295937608599
0.3602000000000001,-997.5297520856977
0.36188333333333333,-997.5298917840839
0.36355000000000004,-997.5300175126316
0.36521666666666674,-997.5301292713406
0.36688333333333345,-997.5302224035981
0.36854999999999993,-997.5302782829526
0.37021666666666664,-997.5302969094041
0.37188333333333334,-997.5302782829526
0.37355000000000005,-997.5302224035981
0.37521666666666675,-997.530152554405
0.37688333333333324,-997.530078048599
0.37854999999999994,-997.5300081994059
0.38021666666666665,-997.5299476634385
0.38188333333333335,-997.5298964406968
0.38355000000000006,-997.529854531181
0.38521666666666676,-997.5298126216651
0.38688333333333347,-997.5297707121492
0.3885666666666667,-997.5297148327948
0.39023333333333343,-997.529668266666
0.39190000000000014,-997.5296403269887
0.3935666666666666,-997.5296496402144
0.3952333333333333,-997.529705519569
0.39690000000000003,-997.5298219348908
0.39856666666666674,-997.5299802597286
0.40023333333333344,-997.5301711808565
0.4018999999999999,-997.5303714152101
0.40356666666666663,-997.5305576797251
0.40523333333333333,-997.5307160045629
0.40690000000000004,-997.5308370764976
0.40856666666666674,-997.5309069256908
0.4102333333333332,-997.5309441785938
0.41190000000000015,-997.5309534918196
0.41356666666666664,-997.5309534918196
0.4152499999999999,-997.5309628050453
0.4169166666666668,-997.5310000579483
0.4185833333333333,-997.5310885335929
0.42025,-997.5312375452049
0.4219166666666667,-997.5314424361715
0.4235833333333334,-997.5316706102024
0.42525000000000013,-997.5318941276204
0.4269166666666666,-997.5320664222967
0.4285833333333333,-997.5321642111671
0.43025,-997.53216886778
0.4319166666666667,-997.5320803921353
0.43358333333333343,-997.5319127540719
0.4352499999999999,-997.5316799234281
0.4369166666666666,-997.5314144964942
0.4385833333333333,-997.5311397563346
0.44025000000000003,-997.5308789860135
0.44191666666666674,-997.5306508119827
0.4435833333333332,-997.5304692040805
0.44525000000000015,-997.5303434755328
0.44691666666666663,-997.5302875961784
0.4485999999999999,-997.5303062226299
0.4502666666666668,-997.5304086681132
0.4519333333333333,-997.5305902760152
0.4536,-997.5308324198847
0.4552666666666667,-997.531121129883
0.4569333333333334,-997.5314144964942
0.4586000000000001,-997.5316938932667
0.4602666666666666,-997.5319313805234
0.4619333333333333,-997.5321409281028
0.4636,-997.5323178793919
0.4652666666666667,-997.5324855174555
0.4669333333333334,-997.532653155519
0.4685999999999999,-997.5328301068082
0.4702666666666666,-997.5330210279361
0.4719333333333333,-997.5332305755155
0.4736,-997.5334587495464
0.4752833333333333,-997.5336869235773
0.47693333333333343,-997.5339104409953
0.4786166666666667,-997.534110675349
0.4802833333333334,-997.5342783134124
0.4819500000000001,-997.5344180117987
0.4836166666666668,-997.5345530535722
0.4852833333333333,-997.5347020651841
0.48695,-997.5348836730863
0.4886166666666667,-997.5351071905043
0.4902833333333334,-997.5353633042124
0.4919500000000001,-997.5356427009849
0.4936166666666666,-997.5359220977574
0.4952833333333333,-997.5361782114655
0.49695,-997.5363924156578
0.4986166666666667,-997.5365414272699
0.5002833333333334,-997.5366066198501
0.5019499999999999,-997.5365647103342
0.5036166666666668,-997.536420355335
0.5053000000000001,-997.5361875246913
0.50695,-997.5358895014673
0.5086333333333335,-997.5355635385661
0.5103,-997.5352468888905
0.5119666666666667,-997.5349768053437
0.5136333333333334,-997.5347765709901
0.5152999999999999,-997.5346508424425
0.5169666666666668,-997.5345996197009
0.5186333333333333,-997.5345903064751
0.5203,-997.5345903064751
0.5219666666666667,-997.5345670234108
0.5236333333333334,-997.5344925176047
0.5253000000000001,-997.5343388493799
0.5269666666666666,-997.5341060187361
0.5286333333333335,-997.5337986822863
0.5303,-997.5334540929335
0.5319666666666667,-997.5331095035808
0.5336333333333334,-997.5328161369696
0.5353166666666667,-997.5326205592289
0.5369833333333334,-997.5325600232615
0.5386500000000001,-997.5326438422933
0.5403166666666666,-997.5328673597113
0.5419833333333335,-997.5331886659997
0.54365,-997.5335425685781
0.5453166666666667,-997.5338638748666
0.5469833333333334,-997.534073422446
0.5486499999999999,-997.5341199885747
0.5503166666666668,-997.533994260027
0.5519833333333333,-997.5337055500288
0.55365,-997.5333050813215
0.5553166666666667,-997.5328580464856
0.5569833333333334,-997.5324389513268
0.5586500000000001,-997.5320943619739
0.5603166666666666,-997.5318522181044
0.5619833333333335,-997.5317125197182
0.56365,-997.5316612969766
0.5653333333333332,-997.5316706102024
0.5670000000000002,-997.5317264895568
0.5686666666666667,-997.5318009953628
0.5703333333333334,-997.5318941276204
0.5720000000000001,-997.5319872598778
0.5736666666666665,-997.5320710789096
0.5753333333333335,-997.532131614877
0.577,-997.5321642111671
0.5786666666666667,-997.53216886778
0.5803333333333334,-997.53216886778
0.5820000000000001,-997.5321874942315
0.5836666666666668,-997.5322573434246
0.5853333333333333,-997.5323830719723
0.5870000000000002,-997.5325460534228
0.5886666666666667,-997.5327183480993
0.5903333333333334,-997.5328533898727
0.5920000000000001,-997.53291392584
0.5936666666666666,-997.5328859861628
0.59535,-997.532764914228
0.5970166666666668,-997.5325646798743
0.5986833333333332,-997.5323132227791
0.6003500000000002,-997.5320524524581
0.6020166666666666,-997.5318196218143
0.6036833333333333,-997.5316519837509
0.60535,-997.531568164719
0.6070166666666665,-997.5315774779448
0.6086833333333335,-997.5316659535895
0.61035,-997.5318196218143
0.6120166666666667,-997.5320058863293
0.6136833333333334,-997.5321828376186
0.6153500000000001,-997.5323318492306
0.6170166666666668,-997.5324249814881
0.6186833333333333,-997.5324622343911
0.6203500000000002,-997.532466891004
0.6220333333333334,-997.5324529211654
0.6236833333333334,-997.5324575777782
0.6253666666666668,-997.5324994872941
0.6270333333333333,-997.532578649713
0.6287,-997.5326857518091
0.6303666666666667,-997.5327881972923
0.6320333333333332,-997.5328487332598
0.6337000000000002,-997.5328254501953
0.6353666666666666,-997.5326997216478
0.6370333333333333,-997.5324575777782
0.6387,-997.532131614877
0.6403666666666668,-997.5317590858469
0.6420333333333335,-997.5313958700427
0.6436999999999999,-997.5310931902058
0.6453666666666666,-997.530902269078
0.6470333333333333,-997.530860359562
0.6487,-997.5309907447225
0.6503666666666668,-997.5312980811723
0.65205,-997.5317590858469
0.6537000000000002,-997.5323271926177
0.6553833333333334,-997.5329325522915
0.6570499999999999,-997.5334960024494
0.6587166666666668,-997.5339197542211
0.6603833333333333,-997.534147928252
0.66205,-997.534147928252
0.6637166666666667,-997.5339383806726
0.6653833333333332,-997.5335705082555
0.6670500000000001,-997.5331327866452
0.6687166666666666,-997.5326950650349
0.6703833333333333,-997.5323271926177
0.67205,-997.5320664222967
0.6737166666666667,-997.5319267239105
0.6753833333333334,-997.5319034408461
0.6770499999999999,-997.5320012297165
0.6787166666666669,-997.5322014640701
0.6803833333333333,-997.5324948306812
0.6820666666666666,-997.5328487332598
0.6837166666666668,-997.5332305755155
0.6854,-997.5335844780941
0.6870666666666667,-997.5338592182537
0.6887333333333334,-997.5340175430914
0.6903999999999999,-997.53403151293
0.6920666666666668,-997.5339011277696
0.6937333333333333,-997.5336450140614
0.6954,-997.5333097379344
0.6970666666666667,-997.5329465221301
0.6987333333333332,-997.532615902616
0.7004000000000001,-997.5323691021337
0.7020666666666666,-997.5322387169731
0.7037333333333333,-997.5322526868117
0.7054,-997.532392385198
0.7070666666666667,-997.5326391856804
0.70875,-997.5329558353559
0.7104166666666667,-997.53328645487
0.7120833333333334,-997.533589134707
0.7137500000000001,-997.5338126521249
0.7154166666666666,-997.5339290674468
0.7170833333333335,-997.5339150976082
0.71875,-997.5337753992219
0.7204166666666667,-997.5335285987395
0.7220833333333334,-997.5332166056769
0.7237499999999999,-997.5328859861628
0.7254166666666668,-997.5325972761646
0.7270833333333333,-997.5324063550366
0.72875,-997.5323504756822
0.7304166666666667,-997.5324436079396
0.7320833333333334,-997.5326857518091
0.7337500000000001,-997.5330349977747
0.7354166666666666,-997.5334587495464
0.7370833333333335,-997.5339104409953
0.73875,-997.5343295361541
0.7404166666666667,-997.5346741255069
0.7421,-997.5348976429249
0.7437666666666667,-997.5349721487308
0.7454333333333334,-997.5348836730863
0.7471000000000001,-997.5346508424425
0.7487666666666666,-997.5343202229284
0.7504333333333335,-997.5339570071241
0.7521,-997.5336357008357
0.7537666666666667,-997.5334168400306
0.7554333333333334,-997.5333330209988
0.7570999999999999,-997.5333842437404
0.7587666666666668,-997.5335379119653
0.7604333333333333,-997.5337567727704
0.7621,-997.5340035732528
0.7637666666666667,-997.5342503737352
0.7654333333333334,-997.534483204379
0.7671000000000001,-997.5346880953455
0.7687833333333334,-997.5348743598605
0.7704333333333335,-997.5350513111498
0.7721166666666668,-997.5352189492132
0.7737833333333333,-997.5353819306639
0.7754500000000002,-997.5355262856631
0.7771166666666667,-997.5356333877592
0.7787833333333334,-997.5357078935651
0.7804500000000001,-997.5357637729196
0.7821166666666666,-997.5358289655
0.7837833333333335,-997.5359407242089
0.78545,-997.5361176754982
0.7871166666666667,-997.5363598193677
0.7887833333333334,-997.5366438727531
0.7904499999999999,-997.5369186129127
0.7921166666666668,-997.5371374737178
0.7937833333333333,-997.5372538890398
0.79545,-997.5372632022655
0.7971166666666667,-997.537170070008
0.7987833333333334,-997.537021058396
0.8004500000000001,-997.5368580769454
0.8021333333333334,-997.5367323483977
0.8038000000000001,-997.5366764690432
0.8054666666666668,-997.5366904388818
0.8071333333333333,-997.5367649446879
0.8088000000000002,-997.5368673901711
0.8104666666666667,-997.53697914888
0.8121333333333334,-997.5370769377505
0.8138000000000001,-997.5371607567822
0.8154666666666666,-997.5372306059753
0.8171333333333335,-997.5372911419428
0.8188,-997.537356334523
0.8204666666666667,-997.5374261837161
0.8221333333333334,-997.537505346135
0.8238000000000001,-997.5375845085539
0.8254666666666668,-997.5376450445212
0.8271333333333333,-997.5376683275856
0.8288166666666668,-997.5376357312955
0.8304666666666667,-997.5375612254895
0.83215,-997.5374541233933
0.8338166666666669,-997.537356334523
0.8354833333333334,-997.5372911419428
0.8371500000000001,-997.537281828717
0.8388166666666668,-997.5373283948458
0.8404833333333332,-997.5374168704903
0.8421500000000002,-997.5375193159737
0.8438166666666667,-997.5376077916183
0.8454833333333334,-997.5376636709727
0.8471500000000001,-997.5376822974242
0.8488166666666666,-997.5376729841985
0.8504833333333335,-997.5376497011341
0.85215,-997.5376450445212
0.8538166666666667,-997.53769161065
0.8554833333333334,-997.5378080259719
0.8571500000000001,-997.5380082603256
0.8588333333333333,-997.5382643740337
0.8605,-997.5385437708062
0.8621666666666667,-997.5387859146757
0.8638333333333335,-997.5389395829005
0.8654999999999999,-997.5389488961264
0.8671666666666669,-997.5388091977401
0.8688333333333333,-997.5385204877418
0.8705,-997.538138645486
0.8721666666666668,-997.5377242069402
0.8738333333333332,-997.5373423646844
0.8755000000000002,-997.537058311299
0.8771666666666667,-997.5368953298483
0.8788333333333334,-997.5368580769454
0.8805000000000001,-997.536909299687
0.8821666666666665,-997.5370070885574
0.8838333333333335,-997.5371002208149
0.8855,-997.5371374737178
0.8871666666666667,-997.5370862509762
0.8888500000000001,-997.5369325827513
0.8905166666666666,-997.5366764690432
0.8921833333333333,-997.536350506142
0.89385,-997.5359919469505
0.8955166666666667,-997.5356520142107
0.8971833333333334,-997.5353633042124
0.8988499999999999,-997.5351677264716
0.9005166666666669,-997.5350839074399
0.9021833333333333,-997.53511650373
0.90385,-997.5352608587291
0.9055166666666667,-997.5354936893729
0.9071833333333332,-997.5357823993712
0.9088500000000002,-997.5360804225952
0.9105166666666666,-997.5363458495291
0.9121833333333333,-997.5365507404956
0.91385,-997.5366857822689
0.9155166666666668,-997.5367509748493
0.9171833333333335,-997.5367696013008
0.9188666666666667,-997.5367696013008
0.9205333333333334,-997.5367696013008
0.9222000000000001,-997.5367742579136
0.9238666666666666,-997.5367696013008
0.9255333333333335,-997.5367370050105
0.9272,-997.5366624992046
0.9288666666666667,-997.5365414272699
0.9305333333333334,-997.5363877590449
0.9321999999999999,-997.5362247775943
0.9338666666666668,-997.5360757659823
0.9355333333333333,-997.5359640072733
0.9372,-997.535898814693
0.9388666666666667,-997.5358895014673
0.9405333333333332,-997.5359127845317
0.9422000000000001,-997.5359593506604
0.9438666666666666,-997.536010573402
0.9455333333333333,-997.5360664527566
0.9472,-997.5361223321111
0.9488833333333333,-997.5361688982398
0.95055,-997.5361875246913
0.9522166666666667,-997.5361642416269
0.9538833333333334,-997.5360664527566
0.9555500000000001,-997.5358848448544
0.9572166666666666,-997.5356333877592
0.9588833333333335,-997.5353353645352
0.96055,-997.5350326846982
0.9622166666666667,-997.5347626011514
0.9638833333333334,-997.5345716800236
0.9655499999999999,-997.5344738911532
0.9672166666666668,-997.534483204379
0.9688833333333333,-997.5345903064751
0.97055,-997.5347719143772
0.9722166666666667,-997.5349954317952
0.9738833333333334,-997.5352189492132
0.9755500000000001,-997.5353912438896
0.9772166666666666,-997.5354983459857
0.9788999999999999,-997.5355262856631
0.9805666666666668,-997.5354843761471
0.9822333333333333,-997.5353912438896
0.9839,-997.5352748285677
0.9855666666666667,-997.5351491000201
0.9872333333333334,-997.5350094016338
0.9889000000000001,-997.534855733409
0.9905666666666666,-997.534669468894
0.9922333333333335,-997.5344412948631
0.9939,-997.5341572414777
0.9955666666666667,-997.5338312785765
0.9972333333333334,-997.5334820326108
0.9988999999999999,-997.5331514130967
1.0005666666666666,-997.5328720163242
1.00225,-997.5326717819705
1.0039166666666668,-997.5325507100357
1.0055833333333333,-997.5324855174555
1.00725,-997.532429638101
1.0089166666666667,-997.5323365058434
1.0105833333333334,-997.5321455847156
1.01225,-997.5318149652014
1.0139166666666668,-997.5313167076238
1.0155833333333333,-997.5306461553698
1.01725,-997.5298033084393
1.0189166666666667,-997.5288161065098
1.0205833333333334,-997.5276845495811
1.02225,-997.5264132942661
1.0239166666666668,-997.5249744008877
1.0255833333333333,-997.5233352731557
1.02725,-997.521454001554
1.0289166666666667,-997.5193026464057
1.0305833333333334,-997.5168532680333
1.0322500000000001,-997.5140825833726
1.0339166666666668,-997.510967309359
1.0356,-997.5074748497026
1.0372666666666668,-997.5035493250488
1.0389333333333335,-997.4991255428172
1.0406,-997.4941243405892
1.0422666666666667,-997.4884572427201
1.0439333333333334,-997.4820497434036
1.0456,-997.4748226802213
1.0472666666666668,-997.4666922341412
1.0489333333333333,-997.4575792427443
1.0506,-997.4473766039346
1.0522666666666667,-997.435977215616
1.0539333333333334,-997.4232320661765
1.0556,-997.4089735175525
1.0572666666666668,-997.3930246184548
1.0589333333333333,-997.3751804779168
1.0606,-997.3552594880365
1.0622666666666667,-997.3330753842988
1.0639333333333334,-997.308469841866
1.0656166666666667,-997.2812891925132
1.0672833333333334,-997.2513844246284
1.06895,-997.2185785869223
1.0706166666666668,-997.1826714450413
1.0722833333333335,-997.1433975720514
1.07395,-997.1004403182773
1.0756166666666667,-997.0534271546888
1.0772833333333334,-997.0019436427401
1.07895,-996.9455287777565
1.0806166666666668,-996.8837122418377
1.0822833333333335,-996.816023717083
1.08395,-996.7419509760765
1.0856166666666667,-996.660972478176
1.0872833333333334,-996.5724875203206
1.08895,-996.4758581465463
1.0906166666666668,-996.3703672384705
1.0922833333333335,-996.2552278285171
1.09395,-996.1296203528203
1.0956333333333335,-995.9926740247722
1.0973,-995.843490118088
1.0989666666666666,-995.6811233403539
1.1006333333333334,-995.5046004594791
1.1023,-995.3128923640181
1.1039666666666668,-995.1049326896225
1.1056333333333335,-994.8795852227507
1.1073,-994.6356764969582
1.1089666666666667,-994.371977166446
1.1106333333333334,-994.0871833796087
1.1123,-993.7799214356486
1.1139666666666668,-993.4487245015096
1.1156333333333335,-993.0920419251044
1.1173,-992.708229922088
1.1189666666666667,-992.2955934853738
1.1206333333333334,-991.8523677586821
1.1223,-991.3767413196045
1.1239666666666668,-990.8668468663781
1.12565,-990.3207798443366
1.1273166666666667,-989.736570506234
1.1289833333333334,-989.1121885688567
1.1306500000000002,-988.4455478696365
1.1323166666666666,-987.7344923968121
1.1339833333333333,-986.9768149158809
1.13565,-986.1702476563725
1.1373166666666668,-985.3124995647522
1.1389833333333335,-984.4012237081309
1.1406500000000002,-983.4340498705553
1.1423166666666666,-982.4085659265558
1.1439833333333334,-981.3223457808244
1.14565,-980.172935398376
1.1473166666666668,-978.9578434913223
1.1489833333333335,-977.6743785374213
1.15065,-976.3194345758852
1.1523166666666667,-974.8891931841565
1.1540000000000001,-973.3789837795211
1.1556666666666666,-971.7833814079796
1.1573333333333333,-970.0965559902119
1.159,-968.3128450849619
1.1606666666666667,-966.4273219958075
1.1623333333333334,-964.4362754022872
1.1640000000000001,-962.3373909678019
1.1656666666666666,-960.1296023280032
1.1673333333333333,-957.812690622086
1.169,-955.3867210426306
1.1706666666666667,-952.8515352647992
1.1723333333333334,-950.2064860194021
1.1740000000000002,-947.4504044966076
1.1756666666666666,-944.5818704294887
1.1773333333333333,-941.5995008040218
1.179,-938.5022432256966
1.1806666666666668,-935.289515617904
1.1823333333333335,-931.9611224029032
1.1840000000000002,-928.5170402976298
1.1856833333333334,-924.9570690677301
1.1873500000000001,-921.2805288477244
1.1890166666666668,-917.4860459368145
1.1906833333333333,-913.5714876063035
1.19235,-909.5340785149178
1.1940166666666667,-905.3706847621922
1.1956833333333334,-901.0781351947589
1.1973500000000001,-896.6535240861837
1.1990166666666666,-892.0944812205129
1.2006833333333333,-887.3992883075956
1.20235,-882.5668836396965
1.2040166666666667,-877.5967968989148
1.2056833333333334,-872.4890001455736
1.2073500000000001,-867.2436470478976
1.2090166666666666,-861.8602719445994
1.2106833333333333,-856.3374871650419
1.21235,-850.6734347206882
1.2140333333333333,-844.8676116973477
1.2157,-838.9226537379076
1.2173666666666667,-832.8448705528141
1.2190333333333334,-826.6428116833059
1.2207000000000001,-820.324509786593
1.2223666666666668,-813.8945935358734
1.2240333333333333,-807.3521828313136
1.2257,-800.6903393197294
1.2273666666666667,-793.897193294902
1.2290333333333334,-786.9584675817557
1.2307000000000001,-779.8606766294039
1.2323666666666668,-772.5941626227434
1.2340333333333333,-765.1552980603442
1.2357,-757.5473658542835
1.2373666666666667,-749.7800377895031
1.2390333333333334,-741.8677353960777
1.2407000000000001,-733.8272737030999
1.2423666666666666,-725.6754444565976
1.24405,-717.4271208780943
1.2457166666666668,-709.0940981680034
1.2473833333333333,-700.6849212109506
1.24905,-692.2054107730302
1.2507166666666667,-683.6595575714762
1.2523833333333334,-675.0505606993337
1.25405,-666.3815214607779
1.2557166666666668,-657.6559276588522
1.2573833333333333,-648.877718788049
1.25905,-640.0511603057623
1.2607166666666667,-631.1806154582559
1.2623833333333334,-622.2702845103435
1.2640500000000001,-613.3240277940985
1.2657166666666668,-604.3453237993388
1.2673833333333333,-595.3372971133037
1.26905,-586.3028907153304
1.2707166666666667,-577.2450243016915
1.2724,-568.1668224596264
1.2740666666666667,-559.0718149016946
1.2757333333333334,-549.9641134170648
1.2774,-540.8485608831274
1.2790666666666668,-531.7307545485584
1.2807333333333335,-522.6169715275136
1.2824,-513.5140244446294
1.2840666666666667,-504.4289866948635
1.2857333333333334,-495.3689596128506
1.2874,-486.34079307613
1.2890666666666668,-477.3508992406311
1.2907333333333333,-468.4050429930934
1.2924,-459.50817896961615
1.2940666666666667,-450.66463782017337
1.2957333333333334,-441.8786524058686
1.2974,-433.1550516342535
1.2990833333333334,-424.49966558464786
1.30075,-415.9191019907217
1.3024166666666668,-407.4200896580797
1.3040833333333335,-399.0087008099112
1.30575,-390.6897922934451
1.3074166666666667,-382.46681000220906
1.3090833333333334,-374.3419658273188
1.31075,-366.3167266018301
1.3124166666666668,-358.39241480379945
1.3140833333333335,-350.5708046027323
1.31575,-342.85459217748354
1.3174166666666667,-335.24763786012664
1.3190833333333334,-327.75493353966385
1.32075,-320.3823605181567
1.3224166666666668,-313.13630766847
1.3240833333333335,-306.0231918031458
1.32575,-299.0490199527932
1.3274166666666667,-292.2190680597998
1.3290833333333334,-285.5376388344623
1.33075,-279.0080384719223
1.3324333333333334,-272.6326651278104
1.3341,-266.41322777905185
1.3357666666666668,-260.35101630741315
1.3374333333333335,-254.44720417933877
1.3391,-248.70310455965955
1.3407666666666667,-243.120305353366
1.3424333333333334,-237.7007763077043
1.3441,-232.44691092169234
1.3457666666666668,-227.36153110273256
1.3474333333333335,-222.44776609467704
1.3491,-217.70882896040973
1.3507666666666667,-213.14762076975205
1.3524333333333334,-208.7664046365611
1.3541,-204.5665635748611
1.3557666666666668,-200.54861446868097
1.3574333333333335,-196.71238036673162
1.3591,-193.0573304151452
1.3607833333333335,-189.58296635634406
1.3624500000000002,-186.2891484919419
1.3641166666666666,-183.17629126048473
1.3657833333333333,-180.24545171309512
1.36745,-177.49820378492507
1.3691166666666668,-174.93648928354332
1.3707833333333335,-172.56231986571208
1.3724500000000002,-170.3775814596459
1.3741166666666667,-168.38377815130343
1.3757833333333334,-166.58194836535586
1.37745,-164.9725857027679
1.3791166666666668,-163.55569016353957
1.3807833333333335,-162.33086127896365
1.38245,-161.2974284967861
1.3841166666666667,-160.4545722531409
1.3857833333333334,-159.80147298416193
1.38745,-159.33739028840205
1.3891166666666668,-159.06171414957464
1.3908,-158.973983563005
1.3924666666666667,-159.07387256579187
1.3941333333333334,-159.36112504422715
1.3958000000000002,-159.8355174808928
1.3974666666666666,-160.49677513562926
1.3991333333333333,-161.34451150956772
1.4008,-162.37818177900192
1.4024666666666668,-163.5970501990975
1.4041333333333335,-165.00015285098937
1.4058000000000002,-166.58633955129721
1.4074666666666666,-168.3542831653516
1.4091333333333333,-170.30254479977418
1.4108,-172.42963899505776
1.4124666666666668,-174.73406166524353
1.4141333333333335,-177.2143133809857
1.4158000000000002,-179.86890868277703
1.4174666666666667,-182.69637142433612
1.4191333333333334,-185.6952440858331
1.4208166666666668,-188.86408311727644
1.4224833333333333,-192.201444968675
1.42415,-195.7058208974571
1.4258166666666667,-199.3755904023422
1.4274833333333334,-203.20893274769605
1.4291500000000001,-207.20367795191873
1.4308166666666666,-211.35705533034962
1.4324833333333333,-215.6654420381717
1.43415,-220.12412558315515
1.4358166666666667,-224.72740161452788
1.4374833333333334,-229.46887660281214
1.4391500000000002,-234.34211510901434
1.4408166666666666,-239.34146400510406
1.4424833333333333,-244.462858068041
1.44415,-249.7043834299335
1.4458166666666667,-255.06640330658593
1.4474833333333335,-260.55114821556543
1.4491666666666667,-266.1618638160461
1.4508333333333334,-271.90175385768606
1.4525000000000001,-277.77302557498825
1.4541666666666668,-283.77626570117485
1.4558333333333333,-289.9103100830271
1.4575,-296.17250910781905
1.4591666666666667,-302.55923993073367
1.4608333333333334,-309.0664792382468
1.4625000000000001,-315.69026890941444
1.4641666666666668,-322.42695350312954
1.4658333333333333,-329.273212854412
1.4675,-336.22588046650674
1.4691666666666667,-343.28164548765943
1.4708333333333334,-350.436740718054
1.4725000000000001,-357.6866864961044
1.4741666666666668,-365.0261510000686
1.4758333333333333,-372.4489828443383
1.4775,-379.94834612121264
1.4791833333333333,-387.51697651460626
1.48085,-395.14746535343465
1.4825166666666667,-402.83259023112834
1.4841833333333334,-410.56555249288937
1.4858500000000001,-418.34023334939974
1.4875166666666668,-426.1512963223044
1.4891833333333333,-433.9941499913084
1.49085,-441.8645335556308
1.4925166666666667,-449.75802323304026
1.4941833333333334,-457.669678357276
1.4958500000000001,-465.5942788653049
1.4975166666666668,-473.5269772231239
1.4991833333333333,-481.46403417059406
1.50085,-489.4031446843423
1.5025166666666667,-497.34327033969726
1.5041833333333334,-505.2841596795638
1.5058500000000001,-513.2256683489427
1.5075333333333334,-521.1670931992899
1.5092,-529.1067066272286
1.5108666666666668,-537.0415144306801
1.5125333333333335,-544.9672977183793
1.5142,-552.8788038310031
1.5158666666666667,-560.7701933760057
1.5175333333333334,-568.6357759724538
1.5192,-576.4711371513415
1.5208666666666668,-584.2744980865505
1.5225333333333335,-592.0476655438764
1.5242,-599.7960505074803
1.5258666666666667,-607.527345701832
1.5275333333333334,-615.2492205683371
1.5292000000000001,-622.9666623393849
1.5308666666666668,-630.6797268943301
1.5325333333333333,-638.3823420099832
1.5342,-646.0624004928686
1.5358666666666667,-653.7032176990542
1.5375333333333334,-661.2858644972024
1.5392166666666667,-668.791821537908
1.5408833333333334,-676.2052609940084
1.54255,-683.5144435444448
1.5442166666666668,-690.7120489937776
1.5458833333333335,-697.7945755691243
1.54755,-704.7612223330705
1.5492166666666667,-711.6126505246444
1.5508833333333334,-718.3500103272265
1.55255,-724.9743448221005
1.5542166666666668,-731.4864409768425
1.5558833333333335,-737.8869740003194
1.55755,-744.1768100225258
1.5592166666666667,-750.3572854913572
1.5608833333333334,-756.4303561842211
1.56255,-762.3985087323927
1.5642166666666668,-768.2645231337586
1.5658833333333335,-774.031123506851
1.5675666666666668,-779.7006241882689
1.5692333333333335,-785.2746503359054
1.5709000000000002,-790.7540308268527
1.5725666666666667,-796.1388122272393
1.5742333333333334,-801.428407803843
1.5759,-806.6218536377986
1.5775833333333333,-811.7180600816934
1.5792333333333335,-816.7160445902106
1.5809,-821.6151319544833
1.5825833333333335,-826.415042777739
1.5842500000000002,-831.1159307282027
1.5859166666666666,-835.7182940634518
1.5875833333333333,-840.2229337209011
1.58925,-844.6309020950603
1.5909166666666668,-848.9435821999533
1.5925833333333335,-853.1628879034719
1.5942500000000002,-857.291398969149
1.5959166666666667,-861.3323657127713
1.5975833333333334,-865.2894668585107
1.59925,-869.1662833416677
1.6009166666666668,-872.9657302019027
1.6025833333333335,-876.6894838198505
1.6042500000000002,-880.3377118335746
1.6059166666666667,-883.9090451988899
1.6075833333333334,-887.400918122102
1.60925,-890.8100989138754
1.6109166666666668,-894.1333372584234
1.6125833333333335,-897.3679788864068
1.6142500000000002,-900.5123613870295
1.6159166666666667,-903.566005129165
1.6175833333333334,-906.5295527253903
1.61925,-909.4045315447285
1.6209166666666668,-912.1930696592634
1.6226,-914.8975698812387
1.62425,-917.5205048720914
1.6259333333333335,-920.0642867572905
1.6276000000000002,-922.5312252168223
1.6292666666666666,-924.923518171964
1.6309333333333333,-927.243312321251
1.6326,-929.4927124537028
1.6342666666666668,-931.673828014952
1.6359333333333335,-933.7887591374055
1.6376000000000002,-935.8396012968568
1.6392666666666666,-937.8283987463584
1.6409333333333334,-939.7570979500921
1.6426,-941.627519643692
1.6442666666666668,-943.4413169247291
1.6459333333333335,-945.1999752527103
1.6476000000000002,-946.9048031358536
1.6492666666666667,-948.5569600707651
1.6509333333333334,-950.1574984519544
1.6526166666666668,-951.7074008247384
1.6542666666666668,-953.2076357645949
1.65595,-954.659181160228
1.6576166666666667,-956.063056809857
1.6592833333333334,-957.4203616741208
1.6609500000000001,-958.7322366231737
1.6626166666666669,-959.9999063462019
1.6642833333333333,-961.2246327852945
1.66595,-962.407710478831
1.6676166666666667,-963.5504339651906
1.6692833333333335,-964.6540651864624
1.6709500000000002,-965.7198055487684
1.6726166666666666,-966.748795922263
1.6742833333333333,-967.7420980146817
1.6759666666666668,-968.7007036845669
1.6776333333333333,-969.6255721941709
1.6793,-970.517630209456
1.6809666666666667,-971.3778090529972
1.6826333333333334,-972.2070493605952
1.6843000000000001,-973.0063103945024
1.6859666666666668,-973.7765607301968
1.6876333333333333,-974.518787569608
1.6893,-975.2339594882139
1.6909666666666667,-975.9230497181057
1.6926333333333334,-976.5869802686325
1.6943000000000001,-977.2266312396277
1.6959666666666668,-977.8428082251189
1.6976333333333333,-978.4362749096175
1.6993,-979.007725128442
1.7009666666666667,-979.5578294338462
1.7026333333333334,-980.0872537214715
1.7043000000000001,-980.596663886959
1.7059666666666669,-981.0867351391756
1.7076333333333333,-981.558152000214
1.7093,-982.0114173842647
1.7109666666666667,-982.445809516332
1.7126333333333335,-982.8583947303046
1.7143166666666667,-983.2437015060539
1.7159833333333334,-983.5954713558757
1.7176500000000001,-983.9094621054406
1.7193166666666668,-984.1861207895847
1.7209833333333333,-984.4314125294012
1.72265,-984.655786764182
1.7243166666666667,-984.8718489449806
1.7259833333333334,-985.0916550425308
1.7276500000000001,-985.3243506445198
1.7293166666666668,-985.57465289979
1.7309833333333333,-985.8424733326968
1.73265,-986.123495263105
1.7343166666666667,-986.4105102542836
1.7359833333333334,-986.6950712104771
1.7376500000000001,-986.9691408178626
1.7393166666666668,-987.2264000527683
1.7409833333333333,-987.4630491190884
1.7426666666666668,-987.678058905377
1.7443333333333335,-987.8728729616258
1.746,-988.0507835131375
1.7476666666666667,-988.2160513606929
1.7493333333333334,-988.3730537203946
1.7510000000000001,-988.5255671052847
1.7526666666666668,-988.6762644111534
1.7543333333333335,-988.8265472784763
1.756,-988.9765833453166
1.7576666666666667,-989.1255670176472
1.7593333333333334,-989.2721013116055
1.7610000000000001,-989.414593665588
1.7626666666666668,-989.5516051862163
1.7643333333333333,-989.6821300451095
1.766,-989.8057072375927
1.7676666666666667,-989.9224345525365
1.7693333333333334,-990.0328568136473
1.7710000000000001,-990.1378215244682
1.7726666666666668,-990.2382972604773
1.77435,-990.3351920611855
1.7760166666666668,-990.429232358201
1.7776833333333335,-990.5209117524889
1.77935,-990.6104491048541
1.7810166666666667,-990.6978630417482
1.7826833333333334,-990.7829998949463
1.78435,-990.8656268338048
1.7860166666666668,-990.9455296541311
1.7876833333333335,-991.0225500310876
1.78935,-991.096627428707
1.7910166666666667,-991.1678177263437
1.7926833333333334,-991.2362559657713
1.7943500000000001,-991.3021656644075
1.7960166666666668,-991.3658075925734
1.7976833333333335,-991.4274564904289
1.79935,-991.4873638150689
1.8010166666666667,-991.5457065177828
1.8027000000000002,-991.602587044054
1.8043666666666667,-991.6580193637209
1.8060333333333334,-991.7119475974291
1.8077,-991.7642972393727
1.8093666666666668,-991.8149891271325
1.8110333333333335,-991.8639953210317
1.8127,-991.9113670438115
1.8143666666666667,-991.9572113975684
1.8160333333333334,-992.0016867071398
1.8177,-992.0449885502667
1.8193666666666668,-992.0872799083996
1.8210333333333335,-992.128700479925
1.8227,-992.1693387404873
1.8243666666666667,-992.2092319429895
1.8260333333333334,-992.2483800874317
1.8277,-992.2867645473624
1.8293666666666668,-992.3243480698785
1.8310333333333335,-992.3611259983671
1.8327166666666668,-992.3971029894414
1.8343833333333335,-992.4322976695524
1.8360500000000002,-992.4667519482164
1.8377166666666667,-992.5005217047876
1.8393833333333334,-992.5336628186208
1.84105,-992.5662358256831
1.8427166666666668,-992.598264009039
1.8443833333333335,-992.629770651753
1.8460500000000002,-992.6607557538248
1.8477166666666667,-992.691205345416
1.8493833333333334,-992.7211147699138
1.85105,-992.7504654008665
1.8527166666666668,-992.779261894887
1.8543833333333335,-992.8075089085883
1.8560500000000002,-992.8352064419702
1.8577166666666667,-992.8623731214843
1.8593833333333334,-992.8890229169693
1.8610666666666666,-992.915169798264
1.8627333333333334,-992.940846361658
1.8644,-992.9661038298933
1.8660666666666668,-992.9909887690986
1.8677333333333335,-993.0155663718542
1.8694000000000002,-993.0398878609016
1.8710666666666667,-993.0639765193052
1.8727333333333334,-993.0878602867424
1.8744,-993.1115158801487
1.8760666666666668,-993.1349339862983
1.8777333333333335,-993.1580820089011
1.8794000000000002,-993.1809366648928
1.8810666666666667,-993.2035026108863
1.8827333333333334,-993.2257845034943
1.8844,-993.2478056257813
1.8860666666666668,-993.2695846041988
1.88775,-993.291154035037
1.8894166666666667,-993.3125232315215
1.8910833333333334,-993.3337015068781
1.8927500000000002,-993.3546935177197
1.8944166666666669,-993.3755039206592
1.8960833333333333,-993.3961420289223
1.89775,-993.4166218123476
1.8994166666666668,-993.4369665539996
1.9010833333333335,-993.4571855671039
1.9027500000000002,-993.4772974781121
1.9044166666666669,-993.4972929737984
1.9060833333333334,-993.5171394578726
1.90775,-993.5368043340449
1.9094166666666668,-993.5562177531217
1.9110833333333335,-993.5753284923618
1.9127500000000002,-993.5941039554747
1.9144166666666667,-993.6125487990736
1.9160833333333334,-993.6307049326741
1.91775,-993.648628235631
1.9194166666666668,-993.6663792439114
1.9211,-993.6839998670314
1.9227666666666667,-993.701518044668
1.9244333333333334,-993.71891515037
1.9261000000000001,-993.736158587847
1.9277666666666669,-993.7531971343575
1.9294333333333333,-993.7699842237728
1.9311,-993.786473289964
1.9327666666666667,-993.8026550197055
1.9344333333333334,-993.818538726223
1.9361000000000002,-993.8341616624194
1.9377666666666669,-993.8495843642622
1.9394333333333333,-993.864858054493
1.9411,-993.8800479256921
1.9427666666666668,-993.8951958873753
1.9444333333333335,-993.9103205659941
1.9461000000000002,-993.9254266181614
1.9477666666666669,-993.9405047306514
1.9494500000000001,-993.9555409336256
1.9511166666666668,-993.9705352270838
1.9527833333333335,-993.9854689845747
1.95445,-994.0003328928725
1.9561166666666667,-994.0150990123
1.9577833333333334,-994.0297394031797
1.9594500000000001,-994.0442354390603
1.9611166666666668,-994.0585684934904
1.9627833333333333,-994.0727525363084
1.96445,-994.0868155071917
1.9661166666666667,-994.1008086288817
1.9677833333333334,-994.1147691542817
1.9694500000000001,-994.1287436495203
1.9711166666666669,-994.1427507410491
1.9727833333333333,-994.1567811156422
1.97445,-994.1708021770096
1.9761166666666667,-994.1847673590224
1.9777833333333334,-994.1986068124876
1.9794666666666667,-994.2122739712764
1.9811333333333334,-994.2257362390989
1.9828000000000001,-994.2389843027289
1.9844666666666668,-994.2520461018439
1.9861333333333335,-994.2649495761212
1.9878,-994.2777366350767
1.9894666666666667,-994.2904259051618
1.9911333333333334,-994.3030406694407
1.9928000000000001,-994.3155669580752
1.9944666666666668,-994.328000114452
1.9961333333333335,-994.3403354819586
1.9978,-994.3525916870462
1.9994666666666667,-994.3647780429408
2.001133333333333,-994.3769178327066
2.0028,-994.3890157129564
2.0044666666666666,-994.4010809969162
2.0061333333333335,-994.4131183411987
2.007816666666667,-994.4251184325782
2.0094833333333333,-994.4370579879903
2.01115,-994.4489137243708
2.0128166666666667,-994.4606716718807
2.0144833333333336,-994.4723178606818
2.01615,-994.4838662606123
2.0178166666666666,-994.4953354981241
2.0194833333333335,-994.5067535128942
2.02115,-994.5181389313741
2.022816666666667,-994.5294964101769
2.0244833333333334,-994.5408259493023
2.02615,-994.5521135789119
2.027816666666667,-994.5633592990057
2.0294833333333333,-994.5745631095834
2.0311500000000002,-994.5857250106454
2.0328166666666667,-994.5968403455787
2.0344833333333336,-994.607913770996
2.03615,-994.6189452868974
2.0378333333333334,-994.6299442065088
2.0395000000000003,-994.6409058732171
2.041166666666667,-994.6518302870224
2.0428333333333333,-994.6626988214732
2.0445,-994.6735068199567
2.0461666666666667,-994.6842449692471
2.0478333333333336,-994.6949132693442
2.0495,-994.7055117202483
2.0511666666666666,-994.716049635185
2.0528333333333335,-994.7265409839929
2.0545,-994.7369950798978
2.056166666666667,-994.7474165795126
2.0578333333333334,-994.757814796063
2.0595,-994.7681850729361
2.061166666666667,-994.7785134402935
2.0628333333333333,-994.7888045547478
2.0645000000000002,-994.7990584162991
2.0661666666666667,-994.809288994786
2.06785,-994.8195195732729
2.069516666666667,-994.8297548083727
2.0711833333333334,-994.8399853868597
2.0728500000000003,-994.8501740558306
2.074516666666667,-994.8602649359314
2.0761833333333333,-994.8701928345813
2.07785,-994.8799065290391
2.0795166666666667,-994.889392049466
2.0811833333333336,-994.8986680223135
2.08285,-994.9077856703232
2.0845166666666666,-994.9168288125269
2.0861833333333335,-994.9258812679564
2.08785,-994.9349989159662
2.089516666666667,-994.9442143528463
2.0911833333333334,-994.9535322352097
2.0928500000000003,-994.9629013403146
2.094516666666667,-994.9722751020324
2.0962,-994.9815976410088
2.0978666666666665,-994.9908270477274
2.0995333333333335,-994.9999493523501
2.1012,-995.0089738681023
2.102866666666667,-995.0179192214356
2.1045333333333334,-995.0268086954145
2.1062000000000003,-995.0356562598774
2.1078666666666668,-995.0444572582117
2.1095333333333333,-995.0532023771914
2.1112,-995.061872990365
2.1128666666666667,-995.07046444112
2.1145333333333336,-995.0789860426817
2.1162,-995.0874564215017
2.1178666666666666,-995.0959081738703
2.1195333333333335,-995.1043645828516
2.1212,-995.1128489315104
2.122866666666667,-995.1213519066206
2.1245333333333334,-995.1298455685051
2.1262166666666666,-995.1383019774864
2.1278833333333336,-995.146683880662
2.12955,-995.1549726515799
2.131216666666667,-995.1631962299175
2.1328833333333335,-995.1713778987394
2.13455,-995.179568880787
2.136216666666667,-995.1877878025117
2.1378833333333334,-995.1960439771395
2.1395500000000003,-995.2043094649931
2.1412166666666668,-995.212528386718
2.1428833333333333,-995.2206495195724
2.14455,-995.2286169842018
2.1462166666666667,-995.2364074975421
2.1478833333333336,-995.2440210595933
2.14955,-995.2514856100322
2.1512166666666666,-995.2588430583751
2.1528833333333335,-995.2661306575249
2.15455,-995.2733949736103
2.1562333333333332,-995.2806546330828
2.1579,-995.2879329190067
2.1595666666666666,-995.2952438012209
2.1612333333333336,-995.3026059061766
2.1629,-995.3100332037127
2.164566666666667,-995.3175489768934
2.1662333333333335,-995.3251578823315
2.1679,-995.3328506068013
2.169566666666667,-995.3405945540129
2.1712333333333333,-995.3483431578373
2.1729000000000003,-995.3560265690815
2.1745666666666668,-995.3635702819394
2.1762333333333332,-995.3709230736694
2.1779,-995.3780383781427
2.1795833333333334,-995.384934821811
2.18125,-995.3916356877385
2.182916666666667,-995.3982201383441
2.1845833333333333,-995.4047766492724
2.1862500000000002,-995.4113797263295
2.1879166666666667,-995.4181038753214
2.1895833333333337,-995.4249723793124
2.19125,-995.4319945515282
2.1929166666666666,-995.4391238258403
2.1945833333333336,-995.446299666281
2.19625,-995.4534522236573
2.197916666666667,-995.4605256186148
2.1995833333333334,-995.4674825982505
2.20125,-995.4743185059514
2.202916666666667,-995.4810612813947
2.2045833333333333,-995.4877528340965
2.2062500000000003,-995.4944397301853
2.2079166666666667,-995.5011545659514
2.2095833333333332,-995.507925281072
2.21125,-995.5147518755471
2.2129166666666666,-995.5216203795381
2.2146,-995.5285261364321
2.216266666666667,-995.5354412065518
2.2179333333333333,-995.5423562766715
2.2196000000000002,-995.5492527203398
2.2212666666666667,-995.5561165677179
2.2229333333333336,-995.5629198791287
2.2246,-995.5696347148947
2.2262666666666666,-995.5762238221132
2.2279333333333335,-995.5826778875584
2.2296,-995.5889829413914
2.231266666666667,-995.5951622666769
2.2329333333333334,-995.6012717427692
2.2346,-995.6073532791843
2.236266666666667,-995.6134580986637
2.2379333333333333,-995.6196281107234
2.2396000000000003,-995.6258726285891
2.2412666666666667,-995.6321963088736
2.24295,-995.6385851817386
2.244616666666667,-995.6450159641192
2.2462833333333334,-995.6514700295643
2.24795,-995.6579194383966
2.249616666666667,-995.6643502207772
2.2512833333333333,-995.6707530634807
2.2529500000000002,-995.6771093400554
2.2546166666666667,-995.6834237071142
2.2562833333333336,-995.6896821948186
2.25795,-995.6958754899426
2.2596166666666666,-995.7019896226478
2.2612833333333335,-995.708029249547
2.26295,-995.7140083404789
2.264616666666667,-995.7199594917334
2.2662833333333334,-995.7259339260523
2.26795,-995.7319595831129
2.269616666666667,-995.7380690592053
2.2712833333333333,-995.7442576977164
2.2729500000000002,-995.7505022155822
2.2746333333333335,-995.756742076835
2.2763,-995.7629120888947
2.277966666666667,-995.7689656856326
2.2796333333333334,-995.7748795839841
2.2813000000000003,-995.7806491273366
2.282966666666667,-995.7863022553671
2.2846333333333333,-995.7918855342045
2.2863,-995.7974408733646
2.2879666666666667,-995.8030148389763
2.2896333333333336,-995.8086400273296
2.2913,-995.8143164384245
2.2929666666666666,-995.8200207891967
2.2946333333333335,-995.8257111701303
2.2963,-995.8313363584836
2.297966666666667,-995.8368544447408
2.2996333333333334,-995.8422281759988
2.3013,-995.8474528956448
2.3029833333333336,-995.8525518867432
2.30465,-995.857562402197
2.3063166666666666,-995.8625356647477
2.3079833333333335,-995.8675228971371
2.30965,-995.8725473824295
2.311316666666667,-995.8776277470764
2.3129833333333334,-995.8827686476907
2.3146500000000003,-995.8879514578208
2.316316666666667,-995.8931622076282
2.3179833333333333,-995.8983822706614
2.31965,-995.9035976770816
2.3213166666666667,-995.9087898004375
2.3229833333333336,-995.9139539841162
2.32465,-995.919076258279
2.3263166666666666,-995.9241379964743
2.3279833333333335,-995.9291345420895
2.32965,-995.9340612385115
2.3313333333333333,-995.938932055579
2.333,-995.9437609631307
2.3346666666666667,-995.9485759008436
2.3363333333333336,-995.9533954951695
2.338,-995.958229059334
2.3396666666666666,-995.9630672801114
2.3413333333333335,-995.9678961876631
2.343,-995.9726878423116
2.344666666666667,-995.97741430438
2.3463333333333334,-995.9820522908037
2.3480000000000003,-995.9866018015829
2.349666666666667,-995.9910628367173
2.3513333333333333,-995.9954493660458
2.353,-995.9997893292456
2.3546666666666667,-996.0041013527681
2.3563333333333336,-996.0083994064519
2.358,-996.0126928035229
2.3596666666666666,-996.0169675741423
2.3613500000000003,-996.0212097484717
2.3630166666666668,-996.0254007000594
2.3646833333333332,-996.0295264590669
2.36635,-996.0336056519457
2.3680166666666667,-996.0376522485342
2.3696833333333336,-996.0417174715743
2.37135,-996.0458292607432
2.373016666666667,-996.0500295255566
2.3746833333333335,-996.0543136094018
2.37635,-996.0586489159887
2.378016666666667,-996.0629888791884
2.3796833333333334,-996.0672683064208
2.3813500000000003,-996.0714359749442
2.383016666666667,-996.0754639450812
2.3846833333333333,-996.0793429036063
2.38635,-996.0830961335837
2.3880166666666667,-996.0867562313036
2.3896833333333336,-996.0903697628949
2.391366666666667,-996.0939879510989
2.3930333333333333,-996.0976620186575
2.3947000000000003,-996.1014292184735
2.3963666666666668,-996.1053174902244
2.3980333333333332,-996.1093221772971
2.3997,-996.1134293098531
2.4013666666666666,-996.1175876651507
2.4030333333333336,-996.1217460204483
2.4047,-996.1258298699398
2.406366666666667,-996.1297926474967
2.4080333333333335,-996.1336017568286
2.4097,-996.1372525413228
2.411366666666667,-996.1407729406566
2.4130333333333334,-996.1441862378941
2.4147000000000003,-996.1475529690028
2.4163666666666668,-996.1509197001117
2.4180333333333333,-996.1543329973492
2.4197,-996.1578301136185
2.4213833333333334,-996.1614157055325
2.42305,-996.1650758032524
2.424716666666667,-996.1687778104882
2.4263833333333333,-996.172479817724
2.4280500000000003,-996.176139915444
2.4297166666666667,-996.1797441338094
2.4313833333333332,-996.1832924728204
2.43305,-996.1868175287669
2.4347166666666666,-996.1903425847136
2.4363833333333336,-996.1939002369502
2.43805,-996.1974997987028
2.439716666666667,-996.2011226435197
2.4413833333333335,-996.204736175111
2.44305,-996.2083031405733
2.444716666666667,-996.2117769737782
2.4463833333333334,-996.2151390482742
2.4480500000000003,-996.2183986772869
2.4497333333333335,-996.2215791438807
2.4514,-996.2247177009585
2.453066666666667,-996.2278562580365
2.4547333333333334,-996.2310320680174
2.4564,-996.2342637573529
2.458066666666667,-996.2375513260428
2.4597333333333333,-996.24086683441
2.4614000000000003,-996.2441823427771
2.4630666666666667,-996.2474652548542
2.4647333333333337,-996.2506969441896
2.4664,-996.2538867240091
2.4680666666666666,-996.2570532207643
2.4697333333333336,-996.2602243741323
2.4714,-996.2634327804034
2.473066666666667,-996.2666970660289
2.4747333333333335,-996.2700125743961
2.4764166666666667,-996.2733467092148
2.4780833333333336,-996.276657560969
2.47975,-996.2798892503044
2.4814166666666666,-996.2830184941566
2.4830833333333335,-996.2860359792999
2.48475,-996.2889510189598
2.486416666666667,-996.2917915528136
2.4880833333333334,-996.2945948337646
2.48975,-996.2973841448768
2.491416666666667,-996.3001734559891
2.4930833333333333,-996.3029581104885
2.4947500000000002,-996.3057474216007
2.4964166666666667,-996.308536732713
2.4980833333333337,-996.311335357051
2.49975,-996.3141572644535
2.5014166666666666,-996.3170210813718
2.5030833333333335,-996.3199361210316
2.50475,-996.3229163532718
2.506416666666667,-996.3259524648664
2.5080833333333334,-996.3290351425899
2.5097666666666667,-996.3321411033776
2.5114333333333336,-996.3352424075525
2.5131,-996.3383018022116
2.5147666666666666,-996.3413053175161
2.5164333333333335,-996.3442343270146
2.5181,-996.3470934873201
2.519766666666667,-996.349892111658
2.5214333333333334,-996.3526441698673
2.5231000000000003,-996.3553543185608
2.524766666666667,-996.3580318709639
2.5264333333333333,-996.3606907969157
2.5281000000000002,-996.3633357530289
2.5297666666666667,-996.3659900223678
2.5314333333333336,-996.3686722313839
2.5331,-996.3713963499159
2.5347666666666666,-996.3741670345768
2.5364333333333335,-996.3769796287534
2.538116666666667,-996.3798201626073
2.5397833333333333,-996.3826560398483
2.54145,-996.3854453509606
2.5431166666666667,-996.3881415298154
2.5447833333333336,-996.3907026668967
2.54645,-996.3930961659146
2.5481166666666666,-996.3953359967076
2.5497833333333335,-996.3974594121787
2.55145,-996.399536261521
2.553116666666667,-996.4016363939278
2.5547833333333334,-996.4038250019792
2.5564500000000003,-996.4061393385782
2.558116666666667,-996.4085840603377
2.5597833333333333,-996.411145197419
2.5614500000000002,-996.4137948101451
2.5631166666666667,-996.4165049588385
2.5647833333333336,-996.4192383905962
2.56645,-996.4219811355797
2.5681333333333334,-996.4247099107247
2.5698000000000003,-996.4274014329666
2.571466666666667,-996.430032419241
2.5731333333333333,-996.4325935563224
2.5748,-996.4350708743721
2.5764666666666667,-996.4374736866157
2.5781333333333336,-996.4398252761177
2.5798,-996.442162895781
2.5814666666666666,-996.4445098286702
2.5831333333333335,-996.4468847012365
2.5848,-996.4492968267059
2.586466666666667,-996.4517322352397
2.5881333333333334,-996.4541909268378
2.5898000000000003,-996.456644961823
2.591466666666667,-996.4590896835825
2.5931333333333333,-996.4615064656648
2.5948,-996.4638953080698
2.5964833333333335,-996.4662608674105
2.59815,-996.4686403965898
2.599816666666667,-996.4710571786719
2.6014833333333334,-996.4735391533345
2.6031500000000003,-996.4761002904158
2.604816666666667,-996.4787405899161
2.6064833333333333,-996.4814227989323
2.60815,-996.4841050079484
2.6098166666666667,-996.4867266809972
2.6114833333333336,-996.4892598784013
2.61315,-996.4916813170964
2.614816666666667,-996.4940049669211
2.6164833333333335,-996.4962587675528
2.61815,-996.4984939417329
2.619816666666667,-996.5007337725259
2.6214833333333334,-996.5030015429961
2.6231500000000003,-996.5052832833051
2.624816666666667,-996.507560367001
2.6265,-996.509800197794
2.628166666666667,-996.5119841492325
2.6298333333333335,-996.5141168779294
2.6315,-996.5162216669489
2.633166666666667,-996.5183404258072
2.6348333333333334,-996.5205290338586
2.6365000000000003,-996.5228154307803
2.6381666666666668,-996.5252228996368
2.6398333333333333,-996.5277374705895
2.6415,-996.5303358605738
2.6431666666666667,-996.5329528770097
2.6448333333333336,-996.5355326405427
2.6465,-996.5380146152052
2.648166666666667,-996.5403615480942
2.6498333333333335,-996.5425548127585
2.6515,-996.5446130356494
2.653166666666667,-996.5465734696699
2.6548333333333334,-996.5484919941745
2.6565166666666666,-996.550410518679
2.6581833333333336,-996.5523569828608
2.65985,-996.5543406999458
2.661516666666667,-996.5563616699336
2.6631833333333335,-996.5584012663729
2.66485,-996.5604455194252
2.666516666666667,-996.5624758026388
2.6681833333333334,-996.5644734895623
2.6698500000000003,-996.5664385801956
2.6715166666666668,-996.5683710745388
2.6731833333333332,-996.5702663159791
2.67485,-996.5721149912905
2.6765166666666667,-996.5739031306347
2.6781833333333336,-996.5756260773985
2.67985,-996.5772791749692
2.681516666666667,-996.5788857064111
2.6831833333333335,-996.5804829246274
2.6848666666666667,-996.5821267089723
2.6865333333333337,-996.5838636255748
2.6882,-996.5857262707249
2.6898666666666666,-996.5877286142612
2.6915333333333336,-996.5898380598937
2.6932,-996.5920033848807
2.694866666666667,-996.5941547400291
2.6965333333333334,-996.5962502158229
2.6982,-996.5982572159721
2.699866666666667,-996.600166427251
2.7015333333333333,-996.6020011327239
2.7032000000000003,-996.6037846154551
2.7048666666666668,-996.6055541283476
2.7065333333333337,-996.6073236412403
2.7082,-996.60908849752
2.7098666666666666,-996.6108486971868
2.7115333333333336,-996.6125902704022
2.7132,-996.6143085605531
2.7148833333333333,-996.6160128808655
2.7165500000000002,-996.6177125445649
2.7182166666666667,-996.6194308347159
2.7198833333333337,-996.6211770645441
2.72155,-996.6229652038883
2.7232166666666666,-996.6247766262967
2.7248833333333335,-996.6265880487052
2.72655,-996.6283622182107
2.728216666666667,-996.6300479120715
2.7298833333333334,-996.6316265038362
2.73155,-996.6330793670533
2.733216666666667,-996.6344297847871
2.7348833333333333,-996.6357150099407
2.7365500000000003,-996.6369909218685
2.7382166666666667,-996.6383133999251
2.7398833333333337,-996.6397196970133
2.74155,-996.6412191263591
2.7432333333333334,-996.6428116879625
2.7449000000000003,-996.6444694421461
2.746566666666667,-996.6461691058456
2.7482333333333333,-996.6478780827708
2.7499000000000002,-996.6495684332446
2.7515666666666667,-996.6512215308152
2.7532333333333336,-996.6528187490314
2.7549,-996.6543461180545
2.7565666666666666,-996.6558036378844
2.7582333333333335,-996.6571773386827
2.7599,-996.658471877062
2.761566666666667,-996.6596872530224
2.7632333333333334,-996.6608420930155
2.7649,-996.6619736499441
2.766566666666667,-996.6631284899372
2.7682333333333333,-996.664367148962
2.7699166666666666,-996.6657222233088
2.7715833333333335,-996.6672216526546
2.77325,-996.6688607803867
2.774916666666667,-996.6706070102149
2.7765833333333334,-996.6724230892362
2.7782500000000003,-996.6742764211606
2.779916666666667,-996.6761111266334
2.7815833333333333,-996.6778992659775
2.7832500000000002,-996.6796222127414
2.7849166666666667,-996.6812706536991
2.7865833333333336,-996.6828492454639
2.78825,-996.6843579880355
2.7899166666666666,-996.6857968814139
2.7915833333333335,-996.6871798954379
2.79325,-996.6885023734944
2.794916666666667,-996.6897782854222
2.7965833333333334,-996.6909983179955
2.7982500000000003,-996.692176441053
2.799916666666667,-996.6933266244332
2.8015833333333333,-996.6944721512006
2.803266666666667,-996.6956409610322
2.8049333333333335,-996.6968516803797
2.8066,-996.6981182790818
2.808266666666667,-996.6994454137513
2.8099333333333334,-996.7008144579366
2.8116000000000003,-996.7022114417991
2.813266666666667,-996.7036223955004
2.8149333333333333,-996.7050380058145
2.8166,-996.7064489595157
2.8182666666666667,-996.7078552566039
2.8199333333333336,-996.7092568970794
2.8216,-996.7106445677163
2.8232666666666666,-996.7120136119015
2.8249333333333335,-996.7133500597968
2.8266,-996.7146492547889
2.828266666666667,-996.7159018836524
2.8299333333333334,-996.717107946387
2.8316166666666667,-996.7182720996059
2.8332833333333336,-996.7194036565346
2.83495,-996.7205119303989
2.836616666666667,-996.7216248608761
2.8382833333333335,-996.722747104579
2.83995,-996.7238926313463
2.841616666666667,-996.7250707544038
2.8432833333333334,-996.7262907869771
2.8449500000000003,-996.7275573856791
2.846616666666667,-996.7288752071228
2.8482833333333333,-996.7302302814695
2.84995,-996.7315900124291
2.8516166666666667,-996.7329264603243
2.8532833333333336,-996.7342209987036
2.85495,-996.7354643143412
2.8566166666666666,-996.7366703770759
2.8582833333333335,-996.7378671265849
2.85995,-996.7390778459325
2.8616333333333333,-996.7403165049573
2.8633,-996.7415644772078
2.8649666666666667,-996.7428031362327
2.8666333333333336,-996.7440091989673
2.8683,-996.7451733521862
2.869966666666667,-996.7462862826634
2.8716333333333335,-996.7473712734633
2.8733,-996.7484469510375
2.874966666666667,-996.7495412550631
2.8766333333333334,-996.7506774686047
2.8783000000000003,-996.7518555916622
2.879966666666667,-996.753094250687
2.8816333333333333,-996.7543748192277
2.8833,-996.7557019538971
2.8849666666666667,-996.7570477150181
2.8866333333333336,-996.7583841629132
2.8883,-996.7596787012926
2.889966666666667,-996.7608987338659
2.8916500000000003,-996.7620302907945
2.8933166666666668,-996.7630640588529
2.8949833333333337,-996.7640233211051
2.89665,-996.7649313606158
2.8983166666666667,-996.7658394001265
2.8999833333333336,-996.7667986623788
2.90165,-996.7678557135015
2.903316666666667,-996.769033836559
2.9049833333333335,-996.7703330315511
2.90665,-996.771720702188
2.908316666666667,-996.7731269992763
2.9099833333333334,-996.7744867302358
2.9116500000000003,-996.7757253892606
2.9133166666666668,-996.7768150366735
2.9149833333333333,-996.7777603290872
2.91665,-996.7786124892433
2.9183166666666667,-996.7794320531094
2.92,-996.7802935264913
2.921666666666667,-996.781238818905
2.9233333333333333,-996.782281900189
2.9250000000000003,-996.783404143892
2.9266666666666667,-996.7845589838851
2.9283333333333337,-996.785713823878
2.93,-996.7868453808068
2.9316666666666666,-996.787953654671
2.9333333333333336,-996.7890712417611
2.935,-996.7902214251413
2.936666666666667,-996.791427487876
2.9383333333333335,-996.7926940865781
2.94,-996.7939886249574
2.941666666666667,-996.795269193498
2.9433333333333334,-996.7964892260713
2.9450000000000003,-996.7976021565486
2.9466666666666668,-996.7985893584781
2.9483333333333337,-996.7994601450858
2.950016666666667,-996.8002471126617
2.9516833333333334,-996.8010014839475
2.95335,-996.801802421362
2.955016666666667,-996.802701147647
2.9566833333333333,-996.803744228931
2.9583500000000003,-996.8049223519885
2.9600166666666667,-996.8061796374648
2.9616833333333337,-996.8074462361668
2.96335,-996.8086429856758
2.9650166666666666,-996.8097326330886
2.9666833333333336,-996.8107012085667
2.96835,-996.8115859650129
2.970016666666667,-996.8124288119434
2.9716833333333335,-996.8132949419381
2.97335,-996.8142169512874
2.975016666666667,-996.8152227796685
2.9766833333333333,-996.8163124270814
2.9783666666666666,-996.8174672670743
2.9800333333333335,-996.8186640165833
2.9817,-996.8198747359309
2.983366666666667,-996.8210807986655
2.9850333333333334,-996.8222449518844
2.9867000000000004,-996.8233439125229
2.988366666666667,-996.8243543975169
2.9900333333333333,-996.8252764068661
2.9917000000000002,-996.8261239104095
2.9933666666666667,-996.826924847824
2.9950333333333337,-996.8277118153999
2.9967,-996.8285220660403
2.9983666666666666,-996.8293928526479
3.0000333333333336,-996.830356771513
3.0017,-996.8314371057002
3.003366666666667,-996.8326524816606
3.0050333333333334,-996.8339889295557
3.0067,-996.8354185097085
3.0083833333333336,-996.836889999377
3.01005,-996.8383428625941
3.0117166666666666,-996.8397025935536
3.0133833333333335,-996.8409272827398
3.01505,-996.8419843338626
3.016716666666667,-996.8428737469217
3.0183833333333334,-996.8436327748204
3.0200500000000003,-996.8443219535259
3.021716666666667,-996.8450157888443
3.0233833333333333,-996.845774816743
3.0250500000000002,-996.8466362901249
3.0267166666666667,-996.8476141788287
3.0283833333333336,-996.8486945130157
3.03005,-996.8498400397831
3.0317166666666666,-996.8510274760663
3.0333833333333335,-996.8522195689624
3.03505,-996.8533976920198
3.036716666666667,-996.8545292489484
3.0384,-996.8556002699098
3.0400666666666667,-996.856601441678
3.0417333333333336,-996.8575234510272
3.0434,-996.8583616413448
3.045066666666667,-996.8591253258563
3.0467333333333335,-996.8598424442391
3.0484,-996.8605269663318
3.050066666666667,-996.8612161450374
3.0517333333333334,-996.8619425766459
3.0534000000000003,-996.862720230996
3.055066666666667,-996.8635677345393
3.0567333333333333,-996.8644897438886
3.0584000000000002,-996.8654629759795
3.0600666666666667,-996.8664594911348
3.06175,-996.8674466930644
3.063416666666667,-996.8683966420909
3.0650833333333334,-996.869290711763
3.0667500000000003,-996.8701242454677
3.068416666666667,-996.8709018998178
3.0700833333333333,-996.8716516144907
3.07175,-996.8723966725507
3.0734166666666667,-996.8731650136751
3.0750833333333336,-996.8739659510898
3.07675,-996.874813454633
3.078416666666667,-996.8756982110793
3.0800833333333335,-996.8765969373643
3.08175,-996.877500320262
3.083416666666667,-996.8783804200955
3.0850833333333334,-996.8792232670258
3.0867500000000003,-996.8800148912147
3.088416666666667,-996.8807599492748
3.0900833333333333,-996.881458441206
3.09175,-996.8821336500729
3.0934166666666667,-996.8827995457141
3.0950833333333336,-996.8834607847424
3.096766666666667,-996.8841220237706
3.0984333333333334,-996.8847692929603
3.1001000000000003,-996.8854025923114
3.101766666666667,-996.8860079519851
3.1034333333333333,-996.8865853719816
3.1051,-996.8871395089138
3.1067666666666667,-996.8876843326202
3.1084333333333336,-996.8882338129395
3.1101,-996.8888065763232
3.111766666666667,-996.889407279384
3.1134333333333335,-996.8900405787351
3.1151,-996.8907064743762
3.116766666666667,-996.8914003096946
3.1184333333333334,-996.8921034582388
3.1201000000000003,-996.892806606783
3.121766666666667,-996.8935004421014
3.1234333333333333,-996.8941709943555
3.1251,-996.8948042937064
3.1267833333333335,-996.8953956835417
3.12845,-996.8959498204738
3.130116666666667,-996.8964713611158
3.1317833333333334,-996.8969882451449
3.1334500000000003,-996.8975190990127
3.1351166666666668,-996.8980825491707
3.1367833333333337,-996.8986879088444
3.13845,-996.8993351780341
3.1401166666666667,-996.9000103869009
3.1417833333333336,-996.9006855957679
3.14345,-996.9013375215704
3.145116666666667,-996.9019335680184
3.1467833333333335,-996.9024597652733
3.14845,-996.9029300831737
3.150116666666667,-996.9033491783325
3.1517833333333334,-996.9037543036527
3.1534500000000003,-996.9041873686501
3.1551333333333336,-996.9046716563892
3.1568,-996.905235106547
3.158466666666667,-996.9058777191237
3.1601333333333335,-996.9065901808937
3.1618,-996.9073492087924
3.163466666666667,-996.9081454895941
3.1651333333333334,-996.9089510836214
3.1668000000000003,-996.9097566776488
3.1684666666666668,-996.9105343319991
3.1701333333333337,-996.9112793900591
3.1718,-996.9119732253774
3.1734666666666667,-996.91262515118
3.1751333333333336,-996.9132398240796
3.1768,-996.9138451837533
3.178466666666667,-996.9144598566529
3.1801333333333335,-996.9150978126168
3.1818,-996.9157683648708
3.183466666666667,-996.9164808266407
3.18515,-996.9172258847008
3.1868166666666666,-996.9180081956638
3.1884833333333336,-996.918818446304
3.19015,-996.9196286969444
3.191816666666667,-996.920424977746
3.1934833333333335,-996.9211933188705
3.19515,-996.9219150938661
3.196816666666667,-996.9225949593459
3.1984833333333333,-996.9232329153099
3.2001500000000003,-996.9238289617579
3.2018166666666668,-996.9244017251415
3.2034833333333337,-996.9249698319123
3.20515,-996.9255472519088
3.2068166666666666,-996.9261526115827
3.2084833333333336,-996.9267812543208
3.21015,-996.9274238668976
3.211816666666667,-996.9280618228614
3.2135000000000002,-996.928676495761
3.2151666666666667,-996.9292585723704
3.2168333333333337,-996.9297987394639
3.2185,-996.9303156234931
3.2201666666666666,-996.9308325075223
3.2218333333333335,-996.9313819878415
3.2235,-996.9320059739667
3.225166666666667,-996.9327277489624
3.2268333333333334,-996.9335426562156
3.2285000000000004,-996.9344320692747
3.230166666666667,-996.9353447653983
3.2318333333333333,-996.9362388350704
3.2335000000000003,-996.9370630555493
3.2351666666666667,-996.9377941437707
3.2368333333333337,-996.938418129896
3.2385,-996.9389443271509
3.2401666666666666,-996.9393867053741
3.2418333333333336,-996.9397638910169
3.2435,-996.940099167144
3.2451833333333333,-996.9404297866581
3.2468500000000002,-996.9407930024623
3.2485166666666667,-996.9412400372984
3.2501833333333336,-996.9417988308435
3.25185,-996.9424880095489
3.2535166666666666,-996.943307573415
3.2551833333333335,-996.9442156129257
3.25685,-996.9451702185651
3.258516666666667,-996.9461108543659
3.2601833333333334,-996.9469862975865
3.2618500000000004,-996.9477546387109
3.263516666666667,-996.9483972512877
3.2651833333333333,-996.9489141353168
3.2668500000000003,-996.949314604024
3.2685166666666667,-996.9496312536996
3.2701833333333337,-996.9499106504721
3.27185,-996.950213330309
3.2735333333333334,-996.9505812027262
3.2752000000000003,-996.9510422074007
3.276866666666667,-996.9516149707845
3.2785333333333333,-996.9522994928772
3.2802000000000002,-996.9530771472273
3.2818666666666667,-996.9539153375448
3.2835333333333336,-996.9547768109268
3.2852,-996.9556150012443
3.2868666666666666,-996.9563833423687
3.2885333333333335,-996.9570585512356
3.2902,-996.9576266580063
3.291866666666667,-996.9580923192939
3.2935333333333334,-996.9584834747754
3.2952000000000004,-996.9588234075153
3.296866666666667,-996.9591493704166
3.2985333333333333,-996.9594986163822
3.3002000000000002,-996.9599037417024
3.3018833333333335,-996.96036940299
3.30355,-996.9609002568577
3.305216666666667,-996.9614916466928
3.3068833333333334,-996.962120289431
3.3085500000000003,-996.9627861850722
3.310216666666667,-996.9634753637777
3.3118833333333333,-996.9641878255476
3.31355,-996.964918913769
3.3152166666666667,-996.965663971829
3.3168833333333336,-996.9664276563406
3.31855,-996.9671959974651
3.320216666666667,-996.9679643385895
3.3218833333333335,-996.9687140532624
3.32355,-996.9694451414838
3.325216666666667,-996.9701389768022
3.3268833333333334,-996.9708002158304
3.3285500000000003,-996.9714195453429
3.330216666666667,-996.9719969653394
3.3319,-996.97253247582
3.333566666666667,-996.9730353900106
3.3352333333333335,-996.9735196777497
3.3369,-996.9740039654887
3.338566666666667,-996.9744975664535
3.3402333333333334,-996.9750097938697
3.3419000000000003,-996.9755359911246
3.343566666666667,-996.9760715016052
3.3452333333333333,-996.9766209819245
3.3469,-996.9771797754696
3.3485666666666667,-996.9777711653047
3.3502333333333336,-996.97839515143
3.3519,-996.9790610470711
3.353566666666667,-996.9797548823896
3.3552333333333335,-996.980448717708
3.3569,-996.9811053001234
3.3585833333333337,-996.9816920333457
3.36025,-996.9821809776976
3.3619166666666667,-996.9825814464049
3.3635833333333336,-996.9829074093061
3.36525,-996.9832054325301
3.366916666666667,-996.983508112367
3.3685833333333335,-996.9838527017198
3.37025,-996.9842717968786
3.371916666666667,-996.9847886809077
3.3735833333333334,-996.9854266368716
3.3752500000000003,-996.9861903213831
3.376916666666667,-996.9870797344423
3.3785833333333337,-996.988062279759
3.38025,-996.9890960478173
3.3819166666666667,-996.9901205026499
3.3835833333333336,-996.9910704516764
3.38525,-996.9918993287682
3.386916666666667,-996.9925745376352
3.3885833333333335,-996.99310073489
3.39025,-996.9935012035972
3.3919333333333337,-996.99381319666
3.3936,-996.9940879368196
3.3952666666666667,-996.9943393939149
3.3969333333333336,-996.9945815377844
3.3986,-996.9948003985895
3.400266666666667,-996.9949913197173
3.4019333333333335,-996.9951682710066
3.4036,-996.9953545355216
3.405266666666667,-996.9955780529397
3.4069333333333334,-996.9958714195508
3.4086000000000003,-996.9962532618066
3.410266666666667,-996.9967282363199
3.4119333333333337,-996.9972870298649
3.4136,-996.9979063593772
3.4152666666666667,-996.9985536285669
3.4169333333333336,-996.9991915845309
3.4186,-996.9997922875917
3.4202833333333333,-997.0003324546852
3.4219500000000003,-997.0008027725856
3.4236166666666668,-997.0012218677444
3.4252833333333337,-997.0016083666131
3.42695,-997.0019902088688
3.4286166666666666,-997.0024046474148
3.4302833333333336,-997.0028656520894
3.43195,-997.0033732228928
3.433616666666667,-997.0039133899863
3.4352833333333335,-997.0044675269185
3.43695,-997.0050216638507
3.438616666666667,-997.0055571743313
3.4402833333333334,-997.0060787149733
3.4419500000000003,-997.0065816291639
3.4436166666666668,-997.0070705735158
3.4452833333333337,-997.007545548029
3.44695,-997.0080112093166
3.4486333333333334,-997.0084675573784
3.4503000000000004,-997.008928562053
3.451966666666667,-997.009375596889
3.4536333333333333,-997.0098133184993
3.4553000000000003,-997.0102137872066
3.4569666666666667,-997.0105630331722
3.4586333333333337,-997.0108657130091
3.4603,-997.011131139943
3.4619666666666666,-997.0113872536512
3.4636333333333336,-997.0116573371979
3.4653,-997.0119786434863
3.466966666666667,-997.0123558291292
3.4686333333333335,-997.0127842375136
3.4703000000000004,-997.0132498988012
3.471966666666667,-997.0137155600887
3.4736333333333334,-997.0141579383119
3.4753000000000003,-997.0145444371806
3.4769666666666668,-997.0148704000818
3.47865,-997.0151358270157
3.480316666666667,-997.0153640010466
3.4819833333333334,-997.015573548626
3.4836500000000004,-997.0157830962054
3.485316666666667,-997.0160159268491
3.4869833333333333,-997.0162860103959
3.4886500000000003,-997.0166073166843
3.4903166666666667,-997.016993815553
3.4919833333333337,-997.017436193776
3.49365,-997.0179065116764
3.4953166666666666,-997.0183861428026
3.4969833333333336,-997.0188331776386
3.49865,-997.019228989733
3.500316666666667,-997.01956426586
3.5019833333333334,-997.0198529758583
3.5036500000000004,-997.0201184027921
3.505316666666667,-997.0203977995648
3.5069833333333333,-997.020723762466
3.508666666666667,-997.0211149179474
3.5103333333333335,-997.0215712660092
3.512,-997.0220695235869
3.513666666666667,-997.0225724377774
3.5153333333333334,-997.0230287858392
3.5170000000000003,-997.0233966582564
3.518666666666667,-997.0236574285774
3.5203333333333333,-997.0238204100281
3.5220000000000002,-997.0239228555113
3.5236666666666667,-997.0240253009945
3.5253333333333337,-997.024192939058
3.527,-997.0244630226048
3.5286666666666666,-997.024868147925
3.5303333333333335,-997.0253990017927
3.532,-997.0260276445309
3.533666666666667,-997.0267028533978
3.5353333333333334,-997.0273687490389
3.5370000000000004,-997.0279834219385
3.5386833333333336,-997.0285189324192
3.54035,-997.0289706238681
3.542016666666667,-997.0293571227367
3.5436833333333335,-997.0297063687024
3.54535,-997.0300509580551
3.547016666666667,-997.0304095172465
3.5486833333333334,-997.0307867028894
3.5503500000000003,-997.0311778583709
3.552016666666667,-997.0315690138524
3.5536833333333333,-997.0319368862696
3.5553500000000002,-997.0322675057837
3.5570166666666667,-997.0325515591691
3.5586833333333336,-997.0327983596515
3.56035,-997.0330265336823
3.562016666666667,-997.0332547077132
3.5636833333333335,-997.0334968515828
3.56535,-997.0337669351295
3.5670333333333337,-997.0340742715794
3.5687,-997.0344281741578
3.5703666666666667,-997.0348286428651
3.5720333333333336,-997.0352756777011
3.5737,-997.0357553088272
3.575366666666667,-997.0362628796307
3.5770333333333335,-997.0367704504341
3.5787,-997.0372687080118
3.580366666666667,-997.0377297126864
3.5820333333333334,-997.038153464458
3.5837000000000003,-997.0385353067138
3.585366666666667,-997.0388845526794
3.5870333333333333,-997.0392198288065
3.5887000000000002,-997.0395504483206
3.5903666666666667,-997.0398903810604
3.5920333333333336,-997.0402396270262
3.5937,-997.0406028428304
3.595366666666667,-997.0409753718604
3.5970500000000003,-997.041361870729
3.598716666666667,-997.0417669960492
3.6003833333333337,-997.0421814345951
3.60205,-997.0426144995926
3.6037166666666667,-997.0430568778156
3.6053833333333336,-997.043489942813
3.60705,-997.043904381359
3.608716666666667,-997.0442722537761
3.6103833333333335,-997.0445795902259
3.61205,-997.0448217340954
3.613716666666667,-997.0450173118361
3.6153833333333334,-997.0451849498996
3.6170500000000003,-997.0453805276404
3.618716666666667,-997.0456319847357
3.6203833333333333,-997.0459672608627
3.62205,-997.0463910126343
3.6237166666666667,-997.046889270212
3.6253833333333336,-997.047448063757
3.627066666666667,-997.0480254837536
3.6287333333333334,-997.0485982471372
3.6304000000000003,-997.0491384142307
3.6320666666666668,-997.0496180453569
3.6337333333333337,-997.0500324839028
3.6354,-997.0503863864813
3.6370666666666667,-997.0507076927697
3.6387333333333336,-997.0510010593808
3.6404,-997.0512990826048
3.642066666666667,-997.051592449216
3.6437333333333335,-997.0518811592143
3.6454,-997.0521419295353
3.647066666666667,-997.0523607903403
3.6487333333333334,-997.0525191151781
3.6504000000000003,-997.0526215606615
3.652066666666667,-997.0526774400159
3.65375,-997.0527193495318
3.655416666666667,-997.0527938553378
3.6570833333333335,-997.0529428669498
3.6587500000000004,-997.0531943240451
3.660416666666667,-997.0535575398493
3.6620833333333334,-997.0540278577497
3.6637500000000003,-997.0545773380691
3.6654166666666668,-997.0551826977428
3.6670833333333337,-997.0558066838681
3.66875,-997.0564306699933
3.6704166666666667,-997.0570360296672
3.6720833333333336,-997.0576041364379
3.67375,-997.0581256770799
3.675416666666667,-997.0586006515932
3.6770833333333335,-997.0590337165906
3.67875,-997.0594202154592
3.680416666666667,-997.0597834312636
3.6820833333333334,-997.0601466470678
3.6837500000000003,-997.0605191760978
3.6854333333333336,-997.0609196448052
3.6871,-997.0613433965767
3.688766666666667,-997.0617857747999
3.6904333333333335,-997.0622234964102
3.6921000000000004,-997.0626519047947
3.693766666666667,-997.0630616867277
3.6954333333333333,-997.0634481855964
3.6971000000000003,-997.0638020881748
3.6987666666666668,-997.0641233944633
3.7004333333333337,-997.0643934780101
3.7021,-997.0646123388152
3.7037666666666667,-997.0647799768786
3.7054333333333336,-997.0649057054263
3.7071,-997.0650081509095
3.708766666666667,-997.0651152530057
3.7104333333333335,-997.0652549513919
3.7121000000000004,-997.0654551857456
3.7137833333333337,-997.0657252692923
3.71545,-997.0660652020323
3.7171166666666666,-997.0664749839652
3.7187833333333336,-997.0669266754142
3.72045,-997.0673969933146
3.722116666666667,-997.067867311215
3.7237833333333334,-997.0683096894381
3.7254500000000004,-997.0686961883067
3.727116666666667,-997.0690035247566
3.7287833333333333,-997.0692130723359
3.7304500000000003,-997.0693341442707
3.7321166666666667,-997.0694039934638
3.7337833333333337,-997.0694645294312
3.73545,-997.0695530050758
3.7371166666666666,-997.0697159865265
3.7387833333333336,-997.0699721002346
3.74045,-997.0703353160388
3.742116666666667,-997.0708196037779
3.7438000000000002,-997.0714249634517
3.7454666666666667,-997.0721327686086
3.7471333333333336,-997.0728964531203
3.7488,-997.0736741074704
3.750466666666667,-997.074400539079
3.7521333333333335,-997.0750524648814
3.7538,-997.0756112584265
3.755466666666667,-997.0760815763269
3.7571333333333334,-997.076486701647
3.7588000000000004,-997.0768452608385
3.760466666666667,-997.0771805369654
3.7621333333333333,-997.0775064998667
3.7638000000000003,-997.0778464326066
3.7654666666666667,-997.078204991798
3.7671333333333337,-997.0786008038924
3.7688,-997.079029212277
3.7704666666666666,-997.0794948735645
3.7721333333333336,-997.0799745046907
3.773816666666667,-997.0804587924297
3.7754833333333333,-997.0809197971042
3.7771500000000002,-997.0813435488759
3.7788166666666667,-997.0817067646802
3.7804833333333336,-997.0819954746785
3.78215,-997.0822050222579
3.783816666666667,-997.0823447206441
3.7854833333333335,-997.0824518227403
3.78715,-997.0825682380621
3.788816666666667,-997.0827358761256
3.7904833333333334,-997.0829873332209
3.7921500000000004,-997.0833365791865
3.793816666666667,-997.0837789574097
3.7954833333333333,-997.084286528213
3.7971500000000002,-997.0848127254679
3.7988166666666667,-997.0853109830456
3.8004833333333337,-997.0857487046559
3.802166666666667,-997.0861026072345
3.8038333333333334,-997.086382004007
3.8055000000000003,-997.0865915515864
3.807166666666667,-997.0867638462627
3.8088333333333337,-997.0869268277133
3.8105,-997.0871130922284
3.8121666666666667,-997.0873598927108
3.8138333333333336,-997.0876998254506
3.8155,-997.0881468602867
3.817166666666667,-997.0887056538317
3.8188333333333335,-997.0893482664085
3.8205,-997.0900421017269
3.822166666666667,-997.0907219672067
3.8238333333333334,-997.0913319834933
3.8255000000000003,-997.0918255844581
3.827166666666667,-997.092165517198
3.8288333333333333,-997.0923424684872
3.8305000000000002,-997.0923797213902
3.8321833333333335,-997.0923098721971
3.83385,-997.0921981134882
3.835516666666667,-997.0920956680048
3.8371833333333334,-997.0920677283276
3.8388500000000003,-997.0921329209078
3.840516666666667,-997.0923098721971
3.8421833333333337,-997.092575299131
3.84385,-997.0928872921936
3.8455166666666667,-997.0931899720306
3.8471833333333336,-997.093436772513
3.84885,-997.0935857841249
3.850516666666667,-997.0936276936408
3.8521833333333335,-997.0935764708992
3.85385,-997.0934786820288
3.855516666666667,-997.0933902063842
3.8571833333333334,-997.0933669233198
3.8588500000000003,-997.0934507423516
3.860516666666667,-997.0936696031567
3.8622,-997.0940141925095
3.863866666666667,-997.0944472575069
3.8655333333333335,-997.0949082621815
3.8672,-997.0953506404047
3.868866666666667,-997.0957231694347
3.8705333333333334,-997.0960025662072
3.8722000000000003,-997.096198143948
3.873866666666667,-997.0963285291085
3.8755333333333337,-997.0964356312046
3.8772,-997.0965567031393
3.8788666666666667,-997.09671968459
3.8805333333333336,-997.096943202008
3.8822,-997.0972179421676
3.883866666666667,-997.0975252786174
3.8855333333333335,-997.0978233018415
3.8872,-997.0980747589367
3.888866666666667,-997.0982423970001
3.89055,-997.0983029329676
3.8922166666666667,-997.0982656800645
3.8938833333333336,-997.0981585779684
3.89555,-997.0980421626466
3.897216666666667,-997.0979816266791
3.8988833333333335,-997.0980235361951
3.9005500000000004,-997.09820980071
3.902216666666667,-997.0985404202243
3.9038833333333334,-997.0989967682859
3.9055500000000003,-997.0995276221538
3.907216666666667,-997.1000957289245
3.9088833333333337,-997.100635896018
3.91055,-997.1011201837571
3.9122166666666667,-997.1015113392386
3.9138833333333336,-997.1018047058498
3.91555,-997.1020142534292
3.917216666666667,-997.1021492952025
3.9188833333333335,-997.1022377708472
3.9205666666666668,-997.1022843369759
3.9222333333333337,-997.1023122766532
3.9239,-997.1023448729433
3.9255666666666666,-997.1024054089106
3.9272333333333336,-997.1025125110068
3.9289,-997.1026615226187
3.930566666666667,-997.1028477871338
3.9322333333333335,-997.1030387082617
3.9339000000000004,-997.103215659551
3.935566666666667,-997.1033739843887
3.9372333333333334,-997.1035090261621
3.9389000000000003,-997.1036300980968
3.9405666666666668,-997.1037604832574
3.9422333333333337,-997.1039141514823
3.9439,-997.104109729223
3.9455666666666667,-997.1043425598667
3.9472500000000004,-997.1046033301877
3.948916666666667,-997.1048641005088
3.9505833333333333,-997.1051109009912
3.9522500000000003,-997.1053204485705
3.9539166666666667,-997.1054880866341
3.9555833333333337,-997.1056231284075
3.95725,-997.1057442003422
3.9589166666666666,-997.1058745855028
3.9605833333333336,-997.1060282537276
3.96225,-997.1062191748555
3.963916666666667,-997.1064659753379
3.9655833333333335,-997.1067500287232
3.9672500000000004,-997.107062021786
3.968916666666667,-997.1073786714614
3.9705833333333334,-997.1076813512983
3.9722500000000003,-997.107988687748
3.9739166666666668,-997.1083146506494
3.9755833333333337,-997.1086964929051
3.97725,-997.1091388711283
3.9789166666666667,-997.1096464419317
3.9806000000000004,-997.1101866090252
3.982266666666667,-997.1107221195059
3.9839333333333333,-997.1112064072448
3.9856000000000003,-997.1115975627264
3.9872666666666667,-997.111872302886
3.9889333333333337,-997.1120259711109
3.9906,-997.1120725372397
3.992266666666667,-997.1120492541753
3.9939333333333336,-997.111988718208
3.9956,-997.1119281822405
3.997266666666667,-997.1118955859504
3.9989333333333335,-997.1119142124019
4.0006,-997.1120073446594
4.002266666666666,-997.1121889525616
4.003933333333333,-997.1124543794955
4.0056,-997.1128036254611
4.007266666666667,-997.1132227206199
4.0089500000000005,-997.1136976951332
4.0106166666666665,-997.1142052659366
4.012283333333333,-997.1147174933528
4.01395,-997.1152157509305
4.015616666666667,-997.1156674423794
4.017283333333333,-997.1160306581836
4.01895,-997.116277458666
4.020616666666667,-997.1163985306008
4.022283333333333,-997.1164031872137
4.02395,-997.1163333380205
4.025616666666667,-997.1162355491501
4.027283333333333,-997.1161750131828
4.02895,-997.11620295286
4.030616666666667,-997.116356621085
4.032283333333334,-997.1166453310832
4.03395,-997.1170551130161
4.035616666666667,-997.1175580272068
4.0373,-997.1181168207518
4.038966666666667,-997.1186849275225
4.040633333333334,-997.1192297512289
4.0423,-997.1197233521937
4.043966666666667,-997.1201377907396
4.045633333333334,-997.120459097028
4.0473,-997.1206965842846
4.048966666666667,-997.1208735355739
4.050633333333334,-997.1210318604117
4.0523,-997.121204155088
4.053966666666667,-997.1214230158931
4.055633333333334,-997.1217070692786
4.057300000000001,-997.1220516586313
4.058966666666667,-997.1224428141129
4.0606333333333335,-997.1228572526587
4.0623000000000005,-997.1232623779789
4.0639666666666665,-997.123630250396
4.065633333333333,-997.1239282736201
4.067316666666667,-997.1241471344252
4.068983333333334,-997.1242775195857
4.0706500000000005,-997.124338055553
4.072316666666667,-997.1243520253917
4.0739833333333335,-997.1243520253917
4.07565,-997.1243846216818
4.0773166666666665,-997.1244730973265
4.078983333333333,-997.12464073539
4.08065,-997.1248875358724
4.082316666666667,-997.1252088421608
4.083983333333333,-997.1255953410293
4.08565,-997.126019092801
4.087316666666667,-997.1264521577984
4.088983333333333,-997.1268665963444
4.09065,-997.1272437819872
4.092316666666667,-997.1275604316627
4.093983333333333,-997.1278212019838
4.09565,-997.1280121231116
4.097333333333333,-997.1281425082722
4.099,-997.1282123574653
4.100666666666667,-997.1282496103682
4.102333333333333,-997.1282728934326
4.104,-997.1283287727872
4.105666666666667,-997.128445188109
4.107333333333334,-997.128668705527
4.109,-997.1290226081055
4.110666666666667,-997.1295255222961
4.112333333333334,-997.1301774480986
4.114,-997.130945789223
4.115666666666667,-997.1317839795406
4.117333333333334,-997.132626826471
4.119,-997.133409137434
4.120666666666667,-997.1340750330752
4.122333333333334,-997.1345965737172
4.1240000000000006,-997.1349551329087
4.125666666666667,-997.1351739937138
4.12735,-997.135276439197
4.129016666666667,-997.1352950656485
4.130683333333334,-997.135276439197
4.132350000000001,-997.1352624693584
4.134016666666667,-997.1352810958099
4.135683333333334,-997.1353556016159
4.1373500000000005,-997.1355092698408
4.139016666666667,-997.1357374438717
4.1406833333333335,-997.1360494369343
4.14235,-997.136435935803
4.1440166666666665,-997.1368783140261
4.145683333333333,-997.1373486319266
4.14735,-997.1377816969239
4.149016666666667,-997.1381262862767
4.150683333333333,-997.1383451470818
4.15235,-997.1384196528878
4.154016666666667,-997.1383684301462
4.1557,-997.1382287317599
4.157366666666666,-997.1380657503094
4.159033333333333,-997.1379307085359
4.1607,-997.1378794857943
4.162366666666667,-997.1379446783745
4.164033333333333,-997.1381309428896
4.1657,-997.1384336227264
4.167366666666667,-997.1388061517565
4.169033333333333,-997.1392159336895
4.1707,-997.1396210590096
4.172366666666667,-997.1399889314267
4.174033333333334,-997.1402962678766
4.1757,-997.1405337551332
4.177366666666667,-997.1406920799709
4.179033333333334,-997.1407852122285
4.1807,-997.1408317783572
4.182366666666667,-997.1408597180344
4.18405,-997.1408969709374
4.185716666666667,-997.1409761333563
4.187383333333334,-997.1411344581941
4.18905,-997.1413952285151
4.190716666666667,-997.141772414158
4.192383333333334,-997.1422613585099
4.19405,-997.1428248086678
4.195716666666667,-997.1434161985029
4.197383333333334,-997.1439517089836
4.199050000000001,-997.1443521776908
4.200716666666667,-997.1445570686574
4.202383333333334,-997.1445384422059
4.2040500000000005,-997.1443288946265
4.2057166666666665,-997.1439982751124
4.2073833333333335,-997.1436490291467
4.20905,-997.1433696323742
4.210716666666666,-997.1432439038266
4.212383333333333,-997.1432951265682
4.21405,-997.1435046741476
4.2157333333333336,-997.1438213238231
4.2174000000000005,-997.1441705697888
4.2190666666666665,-997.1444825628514
4.2207333333333334,-997.1447060802694
4.2224,-997.1448364654299
4.224066666666667,-997.1448923447844
4.225733333333333,-997.1449202844617
4.2274,-997.1449575373647
4.229066666666667,-997.1450366997835
4.230733333333333,-997.1451484584926
4.2324,-997.1452741870402
4.234066666666667,-997.1453766325234
4.235733333333333,-997.1454185420394
4.2374,-997.1453859457491
4.239066666666667,-997.1452741870402
4.24075,-997.1451065489766
4.242416666666667,-997.1449202844617
4.244083333333333,-997.1447479897853
4.24575,-997.1446362310762
4.247416666666667,-997.144608291399
4.249083333333333,-997.1446921104308
4.25075,-997.1448830315586
4.252416666666667,-997.1451670849441
4.254083333333334,-997.1455209875226
4.25575,-997.1459354260685
4.257416666666667,-997.1463824609045
4.259083333333334,-997.1468527788049
4.26075,-997.1473417231568
4.262416666666667,-997.1478213542829
4.264083333333334,-997.1482683891189
4.265750000000001,-997.1486502313747
4.267416666666667,-997.148938941373
4.269083333333334,-997.1490926095979
4.2707500000000005,-997.1491065794365
4.2724166666666665,-997.1489855075017
4.2741,-997.1487619900837
4.275766666666667,-997.1484825933112
4.277433333333334,-997.1482078531516
4.279100000000001,-997.1479843357336
4.280766666666667,-997.1478632637989
4.2824333333333335,-997.1478725770246
4.2841000000000005,-997.1480262452494
4.2857666666666665,-997.1483196118606
4.287433333333333,-997.1487247371807
4.2891,-997.1491810852425
4.290766666666667,-997.1496420899172
4.292433333333333,-997.1500425586245
4.2941,-997.1503452384613
4.295766666666667,-997.1505315029764
4.297433333333333,-997.1505966955566
4.2991,-997.1505640992665
4.300766666666667,-997.1504523405574
4.30245,-997.1503079855584
4.304116666666667,-997.1501729437849
4.305783333333333,-997.1500937813661
4.30745,-997.1501217210433
4.309116666666667,-997.1502753892682
4.310783333333333,-997.1505640992665
4.31245,-997.1509692245866
4.314116666666667,-997.1514488557127
4.315783333333334,-997.1519517699032
4.31745,-997.1524267444165
4.319116666666667,-997.1528272131238
4.320783333333334,-997.1531345495736
4.32245,-997.1533534103787
4.324116666666667,-997.1535024219908
4.325783333333334,-997.1536234939255
4.32745,-997.1537492224732
4.329116666666667,-997.1539215171495
4.330783333333334,-997.1541403779546
4.332466666666667,-997.1544104615014
4.334133333333334,-997.1547177979512
4.3358,-997.1550344476267
4.337466666666667,-997.1553417840764
4.339133333333334,-997.1556258374618
4.3408,-997.1558866077829
4.342466666666667,-997.1561240950394
4.344133333333334,-997.1563522690703
4.3458000000000006,-997.1565804431012
4.347466666666667,-997.156813273745
4.3491333333333335,-997.1570507610016
4.3508000000000004,-997.1573022180969
4.3524666666666665,-997.1575629884179
4.354133333333333,-997.1578470418034
4.3558,-997.1581450650274
4.357466666666667,-997.1584710279286
4.359133333333333,-997.1588109606685
4.3608,-997.1591695198599
4.3624833333333335,-997.1595234224384
4.36415,-997.1598586985655
4.3658166666666665,-997.160138095338
4.367483333333333,-997.1603383296916
4.36915,-997.1604454317877
4.370816666666667,-997.1604594016263
4.372483333333333,-997.1603942090461
4.37415,-997.1602917635629
4.375816666666667,-997.1601939746924
4.377483333333333,-997.1601334387251
4.37915,-997.1601427519508
4.380816666666667,-997.1602312275954
4.382483333333334,-997.160398865659
4.38415,-997.1606363529156
4.385816666666667,-997.1609436893654
4.387483333333334,-997.1613069051697
4.38915,-997.161702717264
4.390833333333333,-997.1621031859713
4.3925,-997.1624757150013
4.394166666666667,-997.1627830514511
4.395833333333334,-997.1629879424177
4.3975,-997.1630717614494
4.399166666666667,-997.1630345085464
4.400833333333334,-997.1628808403215
4.4025,-997.1626480096777
4.404166666666667,-997.1623825827438
4.405833333333334,-997.1621497521
4.407500000000001,-997.1620147103267
4.409166666666667,-997.1620286801653
4.410833333333334,-997.1622289145189
4.4125000000000005,-997.1626107567747
4.414166666666667,-997.1631322974167
4.4158333333333335,-997.1637376570906
4.4175,-997.1643383601514
4.4191666666666665,-997.1648785272449
4.420850000000001,-997.165325562081
4.422516666666667,-997.1656794646595
4.424183333333334,-997.1659681746578
4.4258500000000005,-997.1662149751402
4.4275166666666665,-997.166447805784
4.4291833333333335,-997.1666666665891
4.43085,-997.1668436178783
4.432516666666666,-997.1669553765873
4.434183333333333,-997.166969346426
4.43585,-997.1668669009426
4.437516666666667,-997.1666573533633
4.439183333333333,-997.1663872698166
4.44085,-997.1661264994955
4.442516666666667,-997.1659402349806
4.444183333333333,-997.1658983254647
4.44585,-997.1660426804638
4.447516666666667,-997.1663779565907
4.449183333333334,-997.166852931104
4.450866666666667,-997.1673930981976
4.452533333333333,-997.1679053256139
4.4542,-997.168310450934
4.455866666666667,-997.1685619080292
4.457533333333333,-997.1686690101254
4.4592,-997.1686690101254
4.460866666666667,-997.1686410704482
4.462533333333334,-997.1686503836739
4.4642,-997.1687528291571
4.465866666666667,-997.1689670333494
4.467533333333334,-997.1692697131863
4.4692,-997.1696236157649
4.470866666666667,-997.1699635485047
4.472533333333334,-997.170252258503
4.474200000000001,-997.1704711193081
4.475866666666667,-997.1706201309202
4.477533333333334,-997.1707412028549
4.479216666666667,-997.1708669314025
4.480883333333334,-997.1710299128532
4.48255,-997.1712394604325
4.484216666666667,-997.1714862609149
4.485883333333334,-997.171742374623
4.487550000000001,-997.1720031449441
4.489216666666667,-997.1722592586523
4.490883333333334,-997.1725386554248
4.4925500000000005,-997.1728599617131
4.4942166666666665,-997.1732464605818
4.4958833333333335,-997.1736934954178
4.49755,-997.1741870963825
4.499216666666667,-997.1746900105732
4.500883333333333,-997.1751603284735
4.50255,-997.1755701104065
4.504216666666667,-997.1759007299206
4.505883333333333,-997.1761615002417
4.50755,-997.1763757044339
4.509233333333333,-997.1765619689489
4.5109,-997.1767342636253
4.512566666666667,-997.1769019016889
4.514233333333333,-997.1770509133008
4.5159,-997.1771673286228
4.517566666666667,-997.1772371778159
4.519233333333333,-997.1772744307189
4.5209,-997.1772837439446
4.522566666666667,-997.1772884005575
4.52425,-997.1773116836218
4.525916666666667,-997.1773582497506
4.527583333333333,-997.1774280989438
4.52925,-997.177530544427
4.530916666666667,-997.1776516163618
4.532583333333333,-997.177791314748
4.53425,-997.1779496395858
4.535916666666667,-997.1781079644236
4.537583333333334,-997.1782616326484
4.53925,-997.1784059876476
4.540916666666667,-997.1785643124853
4.542583333333334,-997.1787505770003
4.54425,-997.1789787510312
4.545916666666667,-997.1792628044166
4.547583333333334,-997.1795794540922
4.54925,-997.1799007603805
4.550916666666667,-997.1801848137659
4.552583333333334,-997.1804083311839
4.554250000000001,-997.1805387163444
4.555916666666667,-997.1805899390861
4.5575833333333335,-997.1805759692475
4.5592500000000005,-997.1805294031186
4.5609166666666665,-997.1804874936028
4.562583333333333,-997.1804921502156
4.56425,-997.1805619994088
4.565916666666667,-997.1807063544079
4.5676000000000005,-997.180925215213
