min,µS/cm
0.0,-998.2881606548503
0.0016666666666667052,-998.2889243393619
0.0033333333333334103,-998.2890035017808
0.004999999999999893,-998.2880535527543
0.006666666666666599,-998.2858835711544
0.008333333333333304,-998.2826192855289
0.010000000000000009,-998.2787449836167
0.011666666666666714,-998.2749777838005
0.01333333333333342,-998.2720767139792
0.014999999999999902,-998.270633163988
0.016683333333333383,-998.270931187212
0.01835000000000009,-998.2728916212325
0.02001666666666657,-998.2761372804065
0.021683333333333277,-998.2800860881247
0.023349999999999982,-998.2840954318103
0.025016666666666687,-998.2875878914667
0.026683333333333392,-998.2901536851609
0.028350000000000097,-998.2915832653136
0.03001666666666658,-998.2918766319249
0.031683333333333286,-998.2911967664451
0.03334999999999999,-998.289818409034
0.035016666666666696,-998.2880814924315
0.0366833333333334,-998.2863352626033
0.038350000000000106,-998.2848730861605
0.04001666666666659,-998.2839277937468
0.041683333333333294,-998.2836064874584
0.04335,-998.2839045106824
0.045016666666666705,-998.2847101047098
0.046699999999999964,-998.2858370050257
0.04836666666666667,-998.2870477243732
0.050033333333333374,-998.2881234019474
0.05170000000000008,-998.288882429846
0.05336666666666656,-998.2892270191988
0.05503333333333327,-998.2891478567799
0.05669999999999997,-998.288696165331
0.05836666666666668,-998.2879790469483
0.06003333333333338,-998.2871082603406
0.06170000000000009,-998.2862141906685
0.06336666666666657,-998.2853899701896
0.06503333333333328,-998.2847333877742
0.06669999999999998,-998.2843236058412
0.06836666666666669,-998.284216503745
0.07003333333333339,-998.2844446777759
0.0717000000000001,-998.284998814708
0.07336666666666658,-998.2858370050257
0.07503333333333329,-998.2868661164711
0.07671666666666677,-998.2879604204967
0.07838333333333325,-998.288961592265
0.08004999999999995,-998.2897159635507
0.08171666666666666,-998.2900884925807
0.08338333333333336,-998.2899907037104
0.08505000000000007,-998.2894132837138
0.08671666666666655,-998.2884027987199
0.08838333333333326,-998.2870756640505
0.09004999999999996,-998.2855948611561
0.09171666666666667,-998.2841419979391
0.09338333333333337,-998.2828986823014
0.09505000000000008,-998.282013925855
0.09671666666666678,-998.2815901740834
0.09838333333333327,-998.2816693365023
0.10004999999999997,-998.2822374432731
0.10171666666666668,-998.2832013621382
0.10338333333333338,-998.2844353645502
0.10506666666666664,-998.2857764690583
0.10673333333333335,-998.2870663508247
0.10840000000000005,-998.2881559982375
0.11006666666666676,-998.2889289959747
0.11173333333333324,-998.2893154948434
0.11339999999999995,-998.2893108382306
0.11506666666666665,-998.2889429658135
0.11673333333333336,-998.2883050098495
0.11840000000000006,-998.2874994158221
0.12006666666666677,-998.2866565688917
0.12173333333333325,-998.2858742579286
0.12339999999999995,-998.2852316453518
0.12506666666666666,-998.2847613274514
0.12673333333333336,-998.2844446777759
0.12840000000000007,-998.284216503745
0.13006666666666677,-998.2838998540695
0.13173333333333326,-998.2831594526224
0.13339999999999996,-998.2813806265041
0.13506666666666667,-998.2774271621729
0.13674999999999993,-998.2692548065769
0.13841666666666663,-998.2533338471565
0.14008333333333334,-998.2237783252373
0.14175000000000004,-998.1711865394242
0.14341666666666675,-998.0810624538367
0.14508333333333323,-997.9319344265069
0.14674999999999994,-997.6930362161683
0.14841666666666664,-997.3216806525932
0.15008333333333335,-996.7605448312873
0.15175000000000005,-995.9351182896341
0.15341666666666676,-994.7517705125509
0.15508333333333346,-993.0967730437856
0.15674999999999994,-990.8365230033344
0.15841666666666665,-987.819042516788
0.16008333333333336,-983.8768565020882
0.16175000000000006,-978.8312115607929
0.16341666666666677,-972.4976732267521
0.16510000000000002,-964.6928454584875
0.16676666666666673,-955.2419236652748
0.16843333333333343,-943.9863967448409
0.17009999999999992,-930.7918050004131
0.17176666666666662,-915.5556656958329
0.17343333333333333,-898.2160179401823
0.17510000000000003,-878.759581073541
0.17676666666666674,-857.2284229366242
0.17843333333333322,-833.7237084441463
0.18009999999999993,-808.4064260164306
0.18176666666666663,-781.4956460061928
0.18343333333333334,-753.2649257934023
0.18510000000000004,-724.0372713301505
0.18676666666666675,-694.1790602608486
0.18845,-664.0929219611422
0.1901166666666667,-634.2092625024771
0.19178333333333342,-604.9759223149046
0.19345000000000012,-576.8458035666708
0.1951166666666666,-550.2630307107526
0.1967833333333333,-525.6488083515544
0.19845000000000002,-503.3883221928907
0.20011666666666672,-483.81974011837497
0.20178333333333343,-467.22604914904855
0.2034499999999999,-453.82977018776796
0.2051166666666666,-443.7904108519622
0.20678333333333332,-437.2038275176677
0.20845000000000002,-434.10307747968614
0.21011666666666673,-434.4602070909274
0.21178333333333343,-438.18895725449033
0.21344999999999992,-445.14830244944824
0.21511666666666662,-455.1468838263056
0.21678333333333333,-467.948331715515
0.21845000000000003,-483.27766381356764
0.22011666666666674,-500.82879629956034
0.22178333333333344,-520.2731445991775
0.2234666666666667,-541.2689086707629
0.2251333333333334,-563.4706516580054
0.2268000000000001,-586.5386131156881
0.2284666666666666,-610.1471980149612
0.2301333333333333,-633.992329535071
0.2318,-657.797251203003
0.2334666666666667,-681.3166573091022
0.23513333333333342,-704.3389420510916
0.2367999999999999,-726.6867862672949
0.2384666666666666,-748.2160771024488
0.2401333333333333,-768.8136029843305
0.24180000000000001,-788.3938591873244
0.24346666666666672,-806.8956531616374
0.24513333333333343,-824.2790917047668
0.24680000000000013,-840.5232200587742
0.2484833333333334,-855.6242477407792
0.2501500000000001,-869.5938907887759
0.2518166666666668,-882.4575789656758
0.2534833333333333,-894.2525092951266
0.25515,-905.0253829476542
0.2568166666666667,-914.830002428419
0.2584833333333334,-923.724668530619
0.2601500000000001,-931.7696191984087
0.2618166666666666,-939.0248269490082
0.2634833333333333,-945.5484947867452
0.26515,-951.3962738920917
0.2668166666666667,-956.6211891158582
0.2684833333333334,-961.2739463156433
0.2701499999999999,-965.4033747340568
0.2718166666666668,-969.0562034813017
0.2734833333333333,-972.2761302125995
0.27515,-975.1028385828728
0.27683333333333326,-977.5723195530345
0.2784833333333334,-979.7186548727186
0.2801500000000001,-981.576405922685
0.2818166666666666,-983.1819548193281
0.2835000000000001,-984.5730620364533
0.2851666666666668,-985.7870782659329
0.2868333333333333,-986.8584624430437
0.2885,-987.8165279458353
0.2901666666666667,-988.6839152261074
0.2918333333333334,-989.4761634010245
0.2935000000000001,-990.2022876731131
0.2951666666666666,-990.8662415067042
0.2968333333333333,-991.4688211825996
0.2985,-992.0096029490277
0.3001666666666667,-992.4886613117944
0.3018333333333334,-992.9077099044378
0.3034999999999999,-993.2706183722571
0.3051666666666668,-993.5833099268299
0.3068333333333333,-993.8532304921436
0.3085,-994.088519827504
0.3101666666666667,-994.2971034880248
0.31184999999999996,-994.4859151702774
0.31351666666666667,-994.6603518885842
0.31518333333333337,-994.8240551142134
0.3168500000000001,-994.9789666547342
0.3185166666666668,-995.1256872132075
0.32018333333333326,-995.2638954833448
0.32184999999999997,-995.3928603769247
0.3235166666666667,-995.511846149113
0.3251833333333334,-995.6204383613637
0.3268500000000001,-995.7186835798057
0.32851666666666657,-995.8071452545967
0.3301833333333333,-995.886824557505
0.33185,-995.9590067136842
0.3335166666666667,-996.0251119900612
0.3351833333333334,-996.0864908043698
0.3368500000000001,-996.144302653216
0.3385166666666668,-996.1994229798203
0.3401833333333333,-996.2523966078891
0.34186666666666676,-996.303461024679
0.34353333333333347,-996.3526208868029
0.34519999999999995,-996.399722526036
0.34686666666666666,-996.4445424249603
0.34853333333333336,-996.4868850058349
0.35020000000000007,-996.5266571364024
0.35186666666666677,-996.56388675634
0.35353333333333326,-996.5987601301628
0.35519999999999996,-996.6315706244817
0.35686666666666667,-996.6626907683269
0.35853333333333337,-996.6925256870187
0.3602000000000001,-996.7214432529739
0.36186666666666656,-996.7497368328039
0.3635333333333335,-996.7776113174751
0.36519999999999997,-996.8051458694065
0.3668666666666667,-996.8323125489206
0.3685333333333334,-996.8589902840829
0.3702000000000001,-996.8850160934427
0.37188333333333334,-996.9102223389364
0.37355000000000005,-996.9344739787907
0.37521666666666675,-996.9576685675223
0.37688333333333346,-996.9797781654539
0.37854999999999994,-997.0008074291985
0.38021666666666665,-997.0208262079492
0.38188333333333335,-997.0399229773507
0.38355000000000006,-997.0582327791761
0.38521666666666676,-997.0758999684248
0.38688333333333325,-997.0930502736443
0.38854999999999995,-997.1098094233823
0.39021666666666666,-997.1262612366705
0.39188333333333336,-997.1424615928636
0.39355000000000007,-997.1584244617999
0.39521666666666655,-997.1741405302538
0.3968833333333335,-997.1895818585482
0.39854999999999996,-997.2046785974896
0.4002333333333332,-997.2193655544983
0.40190000000000015,-997.2335775369935
0.40356666666666663,-997.2472912619111
0.40523333333333333,-997.2605113858639
0.40690000000000004,-997.2733031014321
0.40856666666666674,-997.2857735107121
0.41023333333333345,-997.298057655477
0.41189999999999993,-997.3102812642745
0.41356666666666664,-997.3225607524265
0.41523333333333334,-997.3349519992876
0.41690000000000005,-997.3474689746962
0.41856666666666675,-997.360055799298
0.42023333333333324,-997.3726053709968
0.42189999999999994,-997.3850012744707
0.42356666666666665,-997.3971177811721
0.42523333333333335,-997.4088757286821
0.42690000000000006,-997.4202145810333
0.42856666666666676,-997.4311017419357
0.43025,-997.441541868002
0.4319166666666667,-997.4515535856838
0.43358333333333343,-997.461174147884
0.43525000000000014,-997.4704734037958
0.4369166666666666,-997.4795305158382
0.4385833333333333,-997.48842464643
0.44025000000000003,-997.497230301377
0.44191666666666674,-997.5059940468083
0.44358333333333344,-997.5147251959493
0.4452499999999999,-997.5234051223488
0.44691666666666663,-997.5319872598778
0.44858333333333333,-997.540420385795
0.45025000000000004,-997.5486486207454
0.45191666666666674,-997.5566207419879
0.4535833333333332,-997.5643134664577
0.45525000000000015,-997.5717081677037
0.45691666666666664,-997.57882812879
0.45858333333333334,-997.5857106026195
0.4602666666666668,-997.5924300949986
0.4619333333333333,-997.5990797381844
0.4636,-997.6057619776603
0.4652666666666667,-997.6125606324582
0.4669333333333334,-997.6195641782226
0.4686000000000001,-997.6268378075338
0.4702666666666666,-997.6344141166818
0.4719333333333333,-997.6422744792152
0.4736,-997.6503583591666
0.4752666666666667,-997.6585446846012
0.47693333333333343,-997.6666704740686
0.4785999999999999,-997.6745494630535
0.4802666666666666,-997.6820047002667
0.4819333333333333,-997.6888964873222
0.48360000000000003,-997.6951549750264
0.48526666666666673,-997.7008034464441
0.48695,-997.7059303772197
0.4886166666666667,-997.7106940921911
0.4902833333333334,-997.7152575728089
0.4919499999999999,-997.7197977703622
0.4936166666666668,-997.7244311001731
0.4952833333333333,-997.7292227548218
0.49695,-997.734177390921
0.4986166666666667,-997.739253098955
0.5002833333333332,-997.7443800297307
0.5019500000000001,-997.7494976472806
0.5036166666666666,-997.7545361024116
0.5052833333333333,-997.7594534856079
0.50695,-997.7642125439663
0.5086166666666667,-997.7687946510356
0.5102833333333334,-997.7731951502027
0.5119499999999999,-997.7774326679191
0.5136166666666668,-997.7815491137009
0.5152833333333333,-997.7856096801281
0.51695,-997.7896981862326
0.5186333333333335,-997.7939031076589
0.5203,-997.7982989502132
0.5219666666666667,-997.8029229667983
0.5236333333333334,-997.80775187435
0.5252999999999999,-997.8127251369007
0.5269666666666668,-997.81771236929
0.5286333333333333,-997.8225831863575
0.5303,-997.8272118595555
0.5319666666666667,-997.8315145698523
0.5336333333333334,-997.8354633775705
0.5353000000000001,-997.8390769091617
0.5369666666666666,-997.8424157005933
0.5386333333333335,-997.8455496010582
0.5403,-997.8485717428143
0.5419666666666667,-997.8515426618287
0.5436333333333334,-997.854518237456
0.5452999999999999,-997.8575124395347
0.5469833333333334,-997.8605345812908
0.5486500000000001,-997.8635613796597
0.5503166666666666,-997.8665648949642
0.5519833333333335,-997.869526500753
0.55365,-997.872432227187
0.5553166666666667,-997.875272761041
0.5569833333333334,-997.8780481023146
0.5586499999999999,-997.8807675642338
0.5603166666666668,-997.8834264901856
0.5619833333333333,-997.8860248801699
0.56365,-997.8885580775741
0.5653166666666667,-997.8910400522366
0.5669833333333334,-997.8935034004476
0.5686500000000001,-997.8960040015616
0.5703166666666666,-997.8986163613846
0.5719833333333335,-997.9014149857226
0.57365,-997.9044650671559
0.5753166666666667,-997.9077992019745
0.5770000000000002,-997.9113941071142
0.5786666666666667,-997.915175276769
0.5803333333333334,-997.9190030125524
0.5820000000000001,-997.9227283028525
0.5836666666666666,-997.9261974794447
0.5853333333333335,-997.9292941270066
0.587,-997.9319483963455
0.5886666666666667,-997.9341602874613
0.5903333333333334,-997.9359623966441
0.5920000000000001,-997.9374292296998
0.5936666666666668,-997.9386678887246
0.5953333333333333,-997.9397761625888
0.597,-997.940856496776
0.5986666666666667,-997.942006680156
0.6003333333333334,-997.9433058751483
0.6020000000000001,-997.9448239309456
0.6036666666666666,-997.9465981004511
0.6053333333333335,-997.9486283836648
0.6070166666666668,-997.950858901232
0.6086833333333332,-997.9531918642824
0.6103500000000002,-997.9555108574943
0.6120166666666667,-997.9576808390942
0.6136833333333334,-997.9595853937601
0.6153500000000001,-997.961159328912
0.6170166666666665,-997.9623933313239
0.6186833333333335,-997.9633665634149
0.62035,-997.9642047537324
0.6220166666666667,-997.965080196953
0.6236833333333334,-997.9661791575915
0.6253500000000001,-997.96765064726
0.6270166666666668,-997.9695971114419
0.6286833333333333,-997.9720325199756
0.6303500000000002,-997.9748637406038
0.6320166666666667,-997.9779324484887
0.6336833333333334,-997.9810197828249
0.6353500000000001,-997.9839068828076
0.6370333333333333,-997.9864354235988
0.6387,-997.9885076163283
0.6403666666666668,-997.9901188043832
0.6420333333333332,-997.9913481501823
0.6437000000000002,-997.9922934425958
0.6453666666666666,-997.9930804101718
0.6470333333333333,-997.9938068417804
0.6487,-997.9945425866147
0.6503666666666665,-997.9953202409648
0.6520333333333335,-997.9961537746694
0.6537,-997.9970338745029
0.6553666666666667,-997.9979605404651
0.6570333333333334,-997.9989104894917
0.6587000000000001,-997.9998837215826
0.6603666666666668,-998.0008895499636
0.6620333333333333,-998.0019326312477
0.6637000000000002,-998.0030083088218
0.6653833333333334,-998.0041026128475
0.6670499999999999,-998.0051782904217
0.6687166666666668,-998.0062167150928
0.6703833333333333,-998.0072178868611
0.67205,-998.0082097454035
0.6737166666666667,-998.009234200236
0.6753833333333332,-998.010351787326
0.6770500000000002,-998.0116183860282
0.6787166666666666,-998.0130759058582
0.6803833333333333,-998.0147383166545
0.68205,-998.0165916485789
0.6837166666666668,-998.0185800222766
0.6853833333333335,-998.0206149621031
0.6870499999999999,-998.0226033358009
0.6887166666666669,-998.0244426978866
0.6903833333333333,-998.0260538859415
0.69205,-998.0273996470623
0.6937166666666668,-998.0284753246366
0.6954,-998.0292902318897
0.6970666666666667,-998.0298909349506
0.6987333333333334,-998.0303379697866
0.7003999999999999,-998.0306965289781
0.7020666666666668,-998.031031805105
0.7037333333333333,-998.031408990748
0.7054,-998.031851368971
0.7070666666666667,-998.0323822228389
0.7087333333333332,-998.0329875825126
0.7104000000000001,-998.0336534781538
0.7120666666666666,-998.034356626698
0.7137333333333333,-998.0350737450808
0.7154,-998.0358001766893
0.7170666666666667,-998.0365266082979
0.7187333333333334,-998.037267009745
0.7203999999999999,-998.0380213810308
0.7220666666666669,-998.038799035381
0.7237333333333333,-998.0396046294084
0.7254166666666666,-998.0404241932745
0.7270833333333335,-998.0412716968177
0.72875,-998.0421517966512
0.7304166666666667,-998.0430970890649
0.7320833333333334,-998.0441401703489
0.7337499999999999,-998.0453276066321
0.7354166666666668,-998.0466919942045
0.7370833333333333,-998.0482240198405
0.73875,-998.049881774024
0.7404166666666667,-998.0515954075621
0.7420833333333332,-998.0532624749715
0.7437500000000001,-998.0547898439945
0.7454166666666666,-998.0560843823739
0.7470833333333333,-998.0570762409163
0.74875,-998.0577328233317
0.7504166666666667,-998.0580541296201
0.7520833333333334,-998.0580820692974
0.7537666666666667,-998.0578911481695
0.7554333333333334,-998.0575791551069
0.7571000000000001,-998.0572438789798
0.7587666666666666,-998.0569877652716
0.7604333333333335,-998.0568806631755
0.7621,-998.0569831086588
0.7637666666666667,-998.0572951017215
0.7654333333333334,-998.0578073291377
0.7670999999999999,-998.0584545983273
0.7687666666666668,-998.059176373323
0.7704333333333333,-998.0598981483187
0.7721,-998.060559387347
0.7737666666666667,-998.0611088676662
0.7754333333333334,-998.0615465892765
0.7771000000000001,-998.0619098050809
0.7787666666666666,-998.0622590510465
0.7804333333333335,-998.0626781462053
0.7821166666666668,-998.063246252976
0.7837833333333333,-998.0640332205519
0.7854500000000002,-998.0650669886103
0.7871166666666667,-998.0663568703767
0.7887833333333334,-998.0678702695611
0.7904500000000001,-998.0695280237447
0.7921166666666666,-998.0712183742185
0.7937833333333335,-998.0728109358217
0.79545,-998.0741799800071
0.7971166666666667,-998.075227717904
0.7987833333333334,-998.0758889569323
0.8004499999999999,-998.0761730103177
0.8021166666666668,-998.076126444189
0.8037833333333333,-998.0758563606422
0.80545,-998.0754931448379
0.8071166666666667,-998.0751625253238
0.8087833333333334,-998.0749622909701
0.8104500000000001,-998.0749576343572
0.8121333333333334,-998.0751578687109
0.8138000000000001,-998.0755397109666
0.8154666666666668,-998.0760379685443
0.8171333333333333,-998.0765874488636
0.8188000000000002,-998.0771415857957
0.8204666666666667,-998.0776724396635
0.8221333333333334,-998.0781660406283
0.8238000000000001,-998.0786223886901
0.8254666666666666,-998.0790321706231
0.8271333333333335,-998.0793767599758
0.8288,-998.0796375302968
0.8304666666666667,-998.0797958551346
0.8321333333333334,-998.0798750175535
0.8337999999999999,-998.0799215836822
0.8354666666666668,-998.0800193725527
0.8371333333333333,-998.0802615164222
0.8388,-998.0807504607741
0.8404666666666667,-998.0815560548015
0.84215,-998.0826876117302
0.8438166666666667,-998.0841032220442
0.8454833333333334,-998.0856911270347
0.8471500000000001,-998.0872976584767
0.8488166666666668,-998.0887738047581
0.8504833333333333,-998.0899891807186
0.8521500000000002,-998.0908646239391
0.8538166666666667,-998.0913768513553
0.8554833333333334,-998.0915677724832
0.8571500000000001,-998.0915118931288
0.8588166666666666,-998.0913070021622
0.8604833333333335,-998.0910508884541
0.86215,-998.0908134011975
0.8638166666666667,-998.0906271366824
0.8654833333333334,-998.090496751522
0.8671500000000001,-998.0904082758773
0.8688166666666668,-998.0903523965228
0.8704833333333333,-998.0903337700713
0.8721666666666668,-998.0903710229743
0.8738333333333335,-998.090496751522
0.8755,-998.0907249255529
0.8771666666666669,-998.0910369186155
0.8788333333333334,-998.091390821194
0.8805000000000001,-998.0917307539339
0.8821666666666668,-998.0920287771579
0.8838333333333332,-998.0922709210274
0.8855000000000002,-998.0924897818326
0.8871666666666667,-998.0927598653793
0.8888333333333334,-998.0931603340866
0.8905000000000001,-998.0937843202119
0.8921666666666666,-998.0946830464968
0.8938333333333335,-998.0958658261671
0.8955,-998.0972628100296
0.8971666666666667,-998.0987342996982
0.8988333333333334,-998.1001312835608
0.9005166666666666,-998.1012954367797
0.9021833333333333,-998.1021243138714
0.90385,-998.1025806619332
0.9055166666666667,-998.1026831074165
0.9071833333333335,-998.1024968429015
0.9088499999999999,-998.1021056874199
0.9105166666666669,-998.1015981166165
0.9121833333333333,-998.1010439796844
0.91385,-998.1004944993651
0.9155166666666668,-998.0999962417875
0.9171833333333332,-998.099567833403
0.9188500000000002,-998.0992325572759
0.9205166666666666,-998.0989997266322
0.9221833333333334,-998.0988786546974
0.9238500000000001,-998.0988786546974
0.9255166666666668,-998.0990043832451
0.9271833333333335,-998.0992651535661
0.92885,-998.0996423392089
0.9305333333333332,-998.1001126571093
0.9322000000000001,-998.1006341977513
0.9338666666666666,-998.1011650516191
0.9355333333333333,-998.1016679658096
0.9372,-998.1021336270971
0.9388666666666667,-998.1025760053203
0.9405333333333334,-998.103037009995
0.9421999999999999,-998.1035864903142
0.9438666666666669,-998.1042710124069
0.9455333333333333,-998.1051324857889
0.9472,-998.1061522840085
0.9488666666666667,-998.1072745277114
0.9505333333333332,-998.1084060846401
0.9522000000000002,-998.109453822537
0.9538666666666666,-998.1103432355962
0.9555333333333333,-998.1110324143018
0.9572,-998.1115073888151
0.9588666666666668,-998.1117774723618
0.96055,-998.1118845744579
0.9622166666666667,-998.1118706046193
0.9638833333333334,-998.1117774723618
0.9655500000000001,-998.1116377739755
0.9672166666666666,-998.1114841057507
0.9688833333333335,-998.1113397507515
0.97055,-998.1112279920426
0.9722166666666667,-998.1111674560751
0.9738833333333334,-998.1111814259137
0.9755499999999999,-998.1112931846228
0.9772166666666668,-998.1114934189765
0.9788833333333333,-998.1117635025232
0.98055,-998.1120522125215
0.9822166666666667,-998.1123036696167
0.9838833333333332,-998.1124480246159
0.9855666666666667,-998.1124480246159
0.9872166666666666,-998.1123036696167
0.9888999999999999,-998.1120754955858
0.9905666666666668,-998.1118566347807
0.9922333333333334,-998.1117541892975
0.9939,-998.1118892310708
0.9955666666666667,-998.1123409225197
0.9972333333333334,-998.11315117316
0.9989,-998.1142920433144
1.0005666666666666,-998.115689027177
1.0022333333333333,-998.1172303660387
1.0039,-998.1187717049004
1.0055666666666667,-998.1201919718274
1.0072333333333334,-998.1213794081106
1.0089000000000001,-998.1222688211698
1.0105666666666666,-998.1228229581019
1.0122333333333333,-998.1230278490684
1.0139,-998.1229207469722
1.0155833333333333,-998.1225295914908
1.0172333333333334,-998.1219242318169
1.0189166666666667,-998.1211791737569
1.0205833333333334,-998.1203782363424
1.02225,-998.1196052386051
1.0239166666666668,-998.1189533128025
1.0255833333333333,-998.118487651515
1.02725,-998.1182455076455
1.0289166666666667,-998.1182315378069
1.0305833333333334,-998.118413145709
1.0322500000000001,-998.1187437652231
1.0339166666666668,-998.119162860382
1.0355833333333333,-998.1195959253794
1.03725,-998.1199963940867
1.0389166666666667,-998.1203223569879
1.0405833333333334,-998.1205645008574
1.0422500000000001,-998.1207507653725
1.0439166666666668,-998.1209230600488
1.0456,-998.1211605473054
1.04725,-998.1215330763355
1.0489333333333333,-998.1221058397191
1.0506,-998.1229067771336
1.0522666666666667,-998.1239312319663
1.0539333333333334,-998.125137294701
1.0556,-998.1264364896931
1.0572666666666668,-998.1277263714595
1.0589333333333333,-998.1288951812912
1.0606,-998.1298404737049
1.0622666666666667,-998.1304877428945
1.0639333333333334,-998.1308137057958
1.0656,-998.1308276756345
1.0672666666666668,-998.1306088148293
1.0689333333333333,-998.1302549122508
1.0706,-998.1298870398336
1.0722833333333335,-998.1295936732225
1.07395,-998.1294213785461
1.0756166666666667,-998.1293841256431
1.0772833333333334,-998.1294679446748
1.07895,-998.1296262695126
1.0806166666666668,-998.1298311604792
1.0822833333333335,-998.1300500212843
1.08395,-998.1302642254766
1.0856166666666667,-998.1304784296688
1.0872833333333334,-998.130692633861
1.08895,-998.1308928682147
1.0906166666666668,-998.131069819504
1.0922833333333335,-998.131214174503
1.09395,-998.1313073067606
1.0956166666666667,-998.1313585295022
1.0972833333333334,-998.1313957824052
1.09895,-998.1314702882113
1.1006166666666668,-998.1316472395005
1.1022833333333333,-998.1320104553048
1.10395,-998.1326111583656
1.1056333333333335,-998.1334866015862
1.1073,-998.1346041886762
1.1089666666666667,-998.1359033836685
1.1106333333333334,-998.1372584580151
1.1123,-998.1385390265558
1.1139666666666668,-998.13961470413
1.1156333333333335,-998.1403923584802
1.1173,-998.1408067970261
1.1189666666666667,-998.1408580197677
1.1206333333333334,-998.1405972494467
1.1223,-998.1401083050948
1.1239666666666668,-998.139502945421
1.1256333333333335,-998.1388836159086
1.1273,-998.1383341355894
1.1289666666666667,-998.1378917573662
1.1306333333333334,-998.1375564812391
1.1323166666666666,-998.1373143373696
1.1339666666666668,-998.1371373860804
1.13565,-998.1370209707585
1.1373166666666668,-998.1369557781783
1.1389833333333335,-998.1369557781783
1.1406500000000002,-998.1370256273714
1.1423166666666666,-998.1371560125319
1.1439833333333334,-998.1373376204341
1.14565,-998.1375564812391
1.1473166666666668,-998.1377939684958
1.1489833333333335,-998.1380687086555
1.15065,-998.1384086413954
1.1523166666666667,-998.1388743026829
1.1539833333333334,-998.1395262284854
1.15565,-998.1404296113832
1.1573166666666668,-998.1415984212149
1.1589833333333335,-998.1430047183032
1.16065,-998.1445460571649
1.1623333333333334,-998.1460873960266
1.1639833333333334,-998.1474610968248
1.1656666666666666,-998.1485181479475
1.1673333333333333,-998.1491607605243
1.169,-998.1493516816522
1.1706666666666667,-998.1491328208471
1.1723333333333334,-998.1485879971407
1.1740000000000002,-998.147866222145
1.1756666666666666,-998.1471025376335
1.1773333333333333,-998.1464273287665
1.179,-998.1459337278018
1.1806666666666668,-998.1456543310293
1.1823333333333335,-998.1455984516747
1.1840000000000002,-998.1457241802224
1.1856666666666666,-998.1459802939305
1.1873333333333334,-998.1463109134446
1.189,-998.1466741292489
1.1906666666666668,-998.147042001666
1.19235,-998.1474005608575
1.194,-998.1477404935973
1.1956833333333334,-998.1480385168213
1.1973500000000001,-998.148276004078
1.1990166666666666,-998.1484436421415
1.2006833333333333,-998.1485274611732
1.20235,-998.1485554008505
1.2040166666666667,-998.1485740273021
1.2056833333333334,-998.148648533108
1.2073500000000001,-998.1488673939132
1.2090166666666666,-998.1492958022977
1.2106833333333333,-998.1499756677774
1.21235,-998.1509023337396
1.2140166666666667,-998.1520245774426
1.2156833333333334,-998.1532492666288
1.2173500000000002,-998.154473955815
1.2190166666666666,-998.1555775730664
1.2206833333333333,-998.1564809559642
1.2223666666666668,-998.1571282251539
1.2240333333333333,-998.1575007541838
1.2257,-998.1576125128929
1.2273666666666667,-998.1574914409581
1.2290333333333334,-998.157198074347
1.2307000000000001,-998.1567882924139
1.2323666666666668,-998.1563319443521
1.2340333333333333,-998.1558802529032
1.2357,-998.1554844408089
1.2373666666666667,-998.1551724477463
1.2390333333333334,-998.1549629001669
1.2407000000000001,-998.1548697679093
1.2423666666666666,-998.154879081135
1.2440333333333333,-998.1549722133926
1.2457,-998.1551025985531
1.2473666666666667,-998.1552097006493
1.2490333333333334,-998.1552516101651
1.2507000000000001,-998.1551957308106
1.2523833333333334,-998.1550606890372
1.25405,-998.1549023641994
1.2557166666666668,-998.1548138885548
1.2573833333333333,-998.1549070208123
1.25905,-998.1552702366166
1.2607166666666667,-998.1559687285479
1.2623833333333334,-998.1570024966062
1.2640500000000001,-998.1583203180498
1.2657166666666668,-998.1598150907829
1.2673833333333333,-998.1613378031931
1.26905,-998.1627347870557
1.2707166666666667,-998.1638803138229
1.2723833333333334,-998.1646765946247
1.2740500000000001,-998.1650910331705
1.2757166666666668,-998.1651282860735
1.2773833333333333,-998.1648395760752
1.27905,-998.1642947523688
1.2807166666666667,-998.1635916038247
1.2824,-998.1628092928617
1.2840666666666667,-998.1620316385115
1.2857333333333334,-998.1613284899673
1.2874,-998.1607510699707
1.2890666666666668,-998.1603459446507
1.2907333333333333,-998.1601363970713
1.2924,-998.1601224272326
1.2940666666666667,-998.160294721909
1.2957333333333334,-998.1606113715845
1.2974,-998.1610351233562
1.2990666666666668,-998.1615100978695
1.3007333333333333,-998.1619897289956
1.3024,-998.1624321072187
1.3040666666666667,-998.1628279193131
1.3057333333333334,-998.1631725086659
1.3074000000000001,-998.1634845017286
1.3090666666666668,-998.1637918381783
1.3107333333333333,-998.1641410841439
1.3124166666666668,-998.1645788057542
1.3140833333333335,-998.1651329426863
1.31575,-998.165817464779
1.3174166666666667,-998.166599775742
1.3190833333333334,-998.1674379660597
1.32075,-998.1682761563771
1.3224166666666668,-998.1690677805659
1.3240833333333335,-998.1697709291101
1.32575,-998.1703623189453
1.3274166666666667,-998.1708279802328
1.3290833333333334,-998.1711492865212
1.33075,-998.1713169245847
1.3324166666666668,-998.1713215811976
1.3340833333333333,-998.1711772261984
1.33575,-998.1708978294259
1.3374166666666667,-998.1705253003959
1.3391,-998.1700968920114
1.34075,-998.1696777968526
1.3424333333333334,-998.1693099244354
1.3441,-998.1690351842758
1.3457666666666668,-998.1688675462124
1.3474333333333335,-998.1687976970192
1.3491,-998.168802353632
1.3507666666666667,-998.1688628895995
1.3524333333333334,-998.1689513652441
1.3541,-998.1690398408887
1.3557666666666668,-998.1691190033076
1.3574333333333335,-998.1691841958879
1.3591,-998.1692354186295
1.3607666666666667,-998.1692959545968
1.3624333333333334,-998.1693797736286
1.3641,-998.1695194720148
1.3657666666666668,-998.1697616158843
1.3674333333333335,-998.1701667412045
1.3691166666666668,-998.170786070717
1.3707833333333335,-998.171642887486
1.3724500000000002,-998.1727139084472
1.3741166666666667,-998.1739292844077
1.3757833333333334,-998.1751772566583
1.37745,-998.1763320966513
1.3791166666666668,-998.1772634192264
1.3807833333333335,-998.1778641222874
1.38245,-998.1780690132538
1.3841166666666667,-998.1778734355131
1.3857833333333334,-998.1773053287422
1.38745,-998.1764531685861
1.3891166666666668,-998.1754333703665
1.3907833333333335,-998.1743856324695
1.39245,-998.17343102683
1.3941166666666667,-998.1726673423185
1.3957833333333334,-998.1721597715151
1.39745,-998.1719222842585
1.3991333333333333,-998.1719362540971
1.4007833333333335,-998.1721504582894
1.4024666666666668,-998.1724997042551
1.4041333333333335,-998.1729048295751
1.4058000000000002,-998.173286671831
1.4074666666666666,-998.1735893516678
1.4091333333333333,-998.1737942426344
1.4108,-998.1739153145691
1.4124666666666668,-998.1739991336009
1.4141333333333335,-998.1741202055356
1.4158000000000002,-998.174367006018
1.4174666666666667,-998.1748326673055
1.4191333333333334,-998.1755823819784
1.4208,-998.176644089714
1.4224666666666668,-998.1779851942221
1.4241333333333335,-998.1795125632451
1.4258000000000002,-998.1810771851713
1.4274666666666667,-998.1824927954852
1.4291500000000001,-998.1835964127367
1.4308166666666666,-998.184257651765
1.4324833333333333,-998.1844252898285
1.43415,-998.1841319232174
1.4358166666666667,-998.1834613709633
1.4374833333333334,-998.182544018227
1.4391500000000002,-998.1815381898459
1.4408166666666666,-998.180602210658
1.4424833333333333,-998.179857152598
1.44415,-998.1794008045362
1.4458166666666667,-998.1792843892142
1.4474833333333335,-998.1794892801807
1.4491500000000002,-998.1799689113069
1.4508166666666666,-998.180639463561
1.4524833333333333,-998.1813938348467
1.45415,-998.182129579681
1.4558166666666668,-998.1827442525806
1.4574833333333335,-998.1831773175779
1.4591666666666667,-998.1833775519316
1.4608333333333334,-998.1833309858029
1.4625000000000001,-998.1830562456432
1.4641666666666668,-998.1825998975814
1.4658333333333333,-998.1820457606493
1.4675,-998.1815009369428
1.4691666666666667,-998.1810818417841
1.4708333333333334,-998.180900233882
1.4725000000000001,-998.1810539021069
1.4741666666666668,-998.1815894125875
1.4758333333333333,-998.1824927954852
1.4775,-998.1836895449942
1.4791666666666667,-998.1850446193409
1.4808333333333334,-998.1863950370747
1.4825000000000002,-998.1875824733579
1.4841666666666666,-998.1884858562557
1.4858500000000001,-998.1890306799621
1.4875,-998.1892076312514
1.4891833333333333,-998.1890306799621
1.49085,-998.1885743319003
1.4925166666666667,-998.1879084362592
1.4941833333333334,-998.187130781909
1.4958500000000001,-998.1863298444945
1.4975166666666668,-998.1855940996602
1.4991833333333333,-998.1849840833736
1.50085,-998.1845370485375
1.5025166666666667,-998.1842623083779
1.5041833333333334,-998.1841412364431
1.5058500000000001,-998.184145893056
1.5075166666666668,-998.1842390253136
1.5091833333333333,-998.1843740670869
1.51085,-998.1845230786989
1.5125166666666667,-998.1846488072465
1.5141833333333334,-998.1847419395041
1.5158666666666667,-998.1848117886972
1.5175166666666668,-998.1849049209546
1.5192,-998.1850632457924
1.5208666666666668,-998.1853519557907
1.5225333333333335,-998.1858362435297
1.5242,-998.1865580185254
1.5258666666666667,-998.1875359072292
1.5275333333333334,-998.188737313351
1.5292000000000001,-998.1900737612463
1.5308666666666668,-998.1914148657543
1.5325333333333333,-998.1926116152632
1.5342,-998.1935429378383
1.5358666666666667,-998.1941157012219
1.5375333333333334,-998.1942833392854
1.5392000000000001,-998.194073791706
1.5408666666666668,-998.1935615642898
1.5425333333333333,-998.192844445907
1.5442,-998.1920528217182
1.5458833333333335,-998.1912891372067
1.5475333333333334,-998.190641868017
1.5492166666666667,-998.1901715501166
1.5508833333333334,-998.1899061231827
1.55255,-998.1898455872154
1.5542166666666668,-998.1899666591501
1.5558833333333335,-998.1902274294711
1.55755,-998.1905766754368
1.5592166666666667,-998.1909631743054
1.5608833333333334,-998.1913357033354
1.56255,-998.1916523530109
1.5642166666666668,-998.1918665572032
1.5658833333333335,-998.1919503762349
1.56755,-998.1918991534933
1.5692166666666667,-998.1917315154298
1.5708833333333334,-998.1914800583345
1.5725500000000001,-998.1912099747877
1.5742166666666668,-998.1909864573697
1.5759,-998.1908979817251
1.5775666666666668,-998.1910004272083
1.5792333333333335,-998.1913403599483
1.5809,-998.1919317497834
1.5825666666666667,-998.1927233739722
1.5842333333333334,-998.1936500399344
1.5859,-998.1946139587996
1.5875666666666668,-998.195531311536
1.5892333333333335,-998.1963089658861
1.5909,-998.1968956991084
1.5925666666666667,-998.1972449450741
1.5942333333333334,-998.1973241074929
1.5959,-998.1971285297521
1.5975666666666668,-998.1966721816905
1.5992333333333335,-998.1959830029849
1.6009,-998.1951261862158
1.6025666666666667,-998.1941902070279
1.6042333333333334,-998.1932821675173
1.6059166666666667,-998.192504513167
1.6075833333333334,-998.1919364063963
1.60925,-998.1916290699465
1.6109166666666668,-998.1915778472049
1.6125833333333335,-998.1917315154298
1.6142500000000002,-998.1919783159121
1.6159166666666667,-998.192206489943
1.6175833333333334,-998.1922903089749
1.61925,-998.1921459539757
1.6209166666666668,-998.1917547984941
1.6225833333333335,-998.1911727218848
1.62425,-998.190525452695
1.6259166666666667,-998.1899899422144
1.6275833333333334,-998.1897477983449
1.62925,-998.1899526893114
1.6309166666666668,-998.19067912092
1.6325833333333335,-998.1919270931705
1.63425,-998.1935941605799
1.6359333333333335,-998.1954894020201
1.6376000000000002,-998.1973799868474
1.6392666666666666,-998.1990237711924
1.6409333333333334,-998.2002298339271
1.6426,-998.2008631332782
1.6442666666666668,-998.2008957295683
1.6459333333333335,-998.2003881587649
1.6476000000000002,-998.1994661494156
1.6492666666666667,-998.1982973395839
1.6509333333333334,-998.1970633371719
1.6526,-998.1959271236304
1.6542666666666668,-998.1950051142811
1.6559333333333335,-998.1943625017043
1.6576000000000002,-998.1940225689644
1.6592833333333334,-998.1939480631584
1.6609333333333334,-998.1940877615447
1.6626166666666669,-998.1943671583172
1.6642833333333333,-998.1947257175086
1.66595,-998.1951029031515
1.6676166666666667,-998.1954521491172
1.6692833333333335,-998.1957362025025
1.6709500000000002,-998.1959224670175
1.6726166666666666,-998.1959923162107
1.6742833333333333,-998.1959504066948
1.67595,-998.1958200215342
1.6776166666666668,-998.1956710099222
1.6792833333333335,-998.195568564439
1.6809500000000002,-998.1956104739548
1.6826166666666666,-998.195866587663
1.6842833333333334,-998.1963695018535
1.68595,-998.1971145599135
1.6876166666666668,-998.19803191265
1.6892833333333335,-998.1990237711924
1.6909500000000002,-998.1999690636061
1.6926333333333334,-998.2007700010206
1.6942833333333334,-998.2013474210172
1.6959666666666668,-998.2016687273056
1.6976333333333333,-998.20172460666
1.6993,-998.201542998758
1.7009666666666667,-998.201165813115
1.7026333333333334,-998.2006489290859
1.7043000000000001,-998.2000668524764
1.7059666666666669,-998.1994801192542
1.7076333333333333,-998.198963235225
1.7093,-998.1985720797435
1.7109666666666667,-998.1983252792611
1.7126333333333335,-998.198218177165
1.7143000000000002,-998.1982088639393
1.7159666666666666,-998.1982368036165
1.7176333333333333,-998.1982461168423
1.7193,-998.198180924262
1.7209666666666668,-998.1980086295856
1.72265,-998.1977385460389
1.7243166666666667,-998.1973893000733
1.7259833333333334,-998.1970214276561
1.7276500000000001,-998.1967001213677
1.7293166666666668,-998.1964905737883
1.7309833333333333,-998.1964393510467
1.73265,-998.1965837060458
1.7343166666666667,-998.1969282953986
1.7359833333333334,-998.1974870889436
1.7376500000000001,-998.198255430068
1.7393166666666668,-998.1992146923203
1.7409833333333333,-998.2003276227975
1.74265,-998.2015336855321
1.7443166666666667,-998.2027583747183
1.7459833333333334,-998.2038945882599
1.7476500000000001,-998.2048491938993
1.7493166666666669,-998.2055244027663
1.7509833333333333,-998.2058503656675
1.7526666666666668,-998.2057898297002
1.7543166666666667,-998.205347451477
1.756,-998.2045558272882
1.7576666666666667,-998.2034987761656
1.7593333333333334,-998.2022927134309
1.7610000000000001,-998.2010680242447
1.7626666666666668,-998.1999504371546
1.7643333333333333,-998.1990470542568
1.766,-998.1984230681315
1.7676666666666667,-998.1981017618431
1.7693333333333334,-998.198069165553
1.7710000000000001,-998.1982787131324
1.7726666666666668,-998.1986558987753
1.7743333333333333,-998.1991075902242
1.776,-998.1995453118344
1.7776666666666667,-998.1998805879615
1.7793333333333334,-998.2000668524764
1.7810000000000001,-998.2001134186053
1.7826833333333334,-998.2000528826378
1.78435,-998.1999644069932
1.7860166666666668,-998.1999318107031
1.7876833333333335,-998.2000342561863
1.78935,-998.200346249249
1.7910166666666667,-998.200905042794
1.7926833333333334,-998.2017013235957
1.7943500000000001,-998.2026838689123
1.7960166666666668,-998.2037595464866
1.7976833333333335,-998.2048165976092
1.79935,-998.2057386069586
1.8010166666666667,-998.2064184724383
1.8026833333333334,-998.2067816882426
1.8043500000000001,-998.2067863448555
1.8060166666666668,-998.2064464121156
1.8076833333333335,-998.2058131127645
1.8093666666666668,-998.2049795790599
1.8110166666666667,-998.2040529130977
1.8127,-998.2031495301999
1.8143666666666667,-998.2023672192369
1.8160333333333334,-998.2017804860145
1.8177,-998.2014126135974
1.8193666666666668,-998.2012682585982
1.8210333333333335,-998.2013101681142
1.8227,-998.2014917760163
1.8243666666666667,-998.2017525463373
1.8260333333333334,-998.2020319431099
1.8277,-998.2022694303664
1.8293666666666668,-998.202399815527
1.8310333333333335,-998.2023858456884
1.8327,-998.2022182076248
1.8343666666666667,-998.201915527788
1.8360333333333334,-998.201538342145
1.8377000000000001,-998.2011797829537
1.8393833333333334,-998.2009376390841
1.8410333333333335,-998.2009190126327
1.8427166666666668,-998.201203066018
1.8443833333333335,-998.2018317087562
1.8460500000000002,-998.2027816577828
1.8477166666666667,-998.2039551242273
1.8493833333333334,-998.2052217229294
1.85105,-998.2064091592125
1.8527166666666668,-998.2073730780777
1.8543833333333335,-998.207997064203
1.8560500000000002,-998.2082252382339
1.8577166666666667,-998.2080576001704
1.8593833333333334,-998.2075593425927
1.86105,-998.2068189411456
1.8627166666666668,-998.205948154538
1.8643833333333335,-998.2050447716401
1.86605,-998.2041739850324
1.8677166666666667,-998.2033823608436
1.8694000000000002,-998.2026745556866
1.87105,-998.2020552261743
1.8727333333333334,-998.2015243723064
1.8744,-998.2010819940833
1.8760666666666668,-998.2007327481176
1.8777333333333335,-998.2004906042481
1.8794000000000002,-998.2003555624748
1.8810666666666667,-998.2003229661847
1.8827333333333334,-998.2003741889263
1.8844,-998.2004906042481
1.8860666666666668,-998.200644272473
1.8877333333333335,-998.2008258803752
1.8894000000000002,-998.2010447411802
1.8910666666666667,-998.2013334511786
1.8927333333333334,-998.2017432331115
1.8944,-998.202325309721
1.8960666666666668,-998.2031122772969
1.8977333333333335,-998.2041041358393
1.8994166666666668,-998.2052403493809
1.9010666666666667,-998.2064277856641
1.9027500000000002,-998.2075407161412
1.9044166666666669,-998.2084534122648
1.9060833333333334,-998.2090680851643
1.90775,-998.209338168711
1.9094166666666668,-998.2092357232278
1.9110833333333335,-998.2087980016175
1.9127500000000002,-998.2080808832347
1.9144166666666667,-998.2071681871113
1.9160833333333334,-998.2061530455044
1.91775,-998.2051472171233
1.9194166666666668,-998.2042438342256
1.9210833333333335,-998.20352205923
1.9227500000000002,-998.2030238016523
1.9244166666666667,-998.2027770011699
1.9260833333333334,-998.202772344557
1.92775,-998.2029679222977
1.9294333333333333,-998.2033078550377
1.9311,-998.2037176369706
1.9327666666666667,-998.2041041358393
1.9344333333333334,-998.2043928458376
1.9361000000000002,-998.2045325442239
1.9377666666666669,-998.2045046045466
1.9394333333333333,-998.2043369664831
1.9411,-998.204080852775
1.9427666666666668,-998.2038107692282
1.9444333333333335,-998.2036105348745
1.9461000000000002,-998.2035453422943
1.9477666666666669,-998.2036803840676
1.9494333333333334,-998.2040296300333
1.9511,-998.2045791103526
1.9527666666666668,-998.2052869155096
1.9544333333333335,-998.2060599132469
1.9561166666666667,-998.2068096279198
1.9577833333333334,-998.2074615537224
1.9594500000000001,-998.2079504980743
1.9611166666666668,-998.2082485212983
1.9627833333333333,-998.2083463101686
1.96445,-998.2082438646854
1.9661166666666667,-998.2079504980743
1.9677833333333334,-998.2074941500125
1.9694500000000001,-998.2069074167902
1.9711166666666669,-998.2062554909877
1.9727833333333333,-998.2056035651851
1.97445,-998.2050214885758
1.9761166666666667,-998.204565140514
1.9777833333333334,-998.2042717739029
1.9794500000000002,-998.2041460453552
1.9811166666666669,-998.2041832982582
1.9827833333333333,-998.2043369664831
1.98445,-998.2045558272882
1.9861166666666668,-998.2047653748676
1.9877833333333335,-998.2049050732538
1.9894666666666667,-998.2049097298667
1.9911333333333334,-998.2047560616419
1.9928000000000001,-998.2044580384178
1.9944666666666668,-998.2040622263235
1.9961333333333335,-998.2036571010033
1.9978,-998.2033637343922
1.9994666666666667,-998.2033031984248
2.001133333333333,-998.2035872518102
2.0028,-998.2042764305157
2.0044666666666666,-998.2053521080899
2.0061333333333335,-998.2067258088881
2.0078,-998.2082438646854
2.009466666666667,-998.2097339808055
2.0111333333333334,-998.2110285191848
2.0128,-998.2119877814371
2.014466666666667,-998.2125512315951
2.01615,-998.2126816167555
2.0178000000000003,-998.2124161898216
2.0194833333333335,-998.2118108301479
2.02115,-998.210944700153
2.022816666666667,-998.2099295585463
2.0244833333333334,-998.2088585375849
2.02615,-998.2078340827524
2.027816666666667,-998.2069400130804
2.0294833333333333,-998.2062415211491
2.0311500000000002,-998.2057805164744
2.0328166666666667,-998.205570968895
2.0344833333333336,-998.2055849387336
2.03615,-998.2057618900229
2.0378166666666666,-998.2060180037311
2.0394833333333335,-998.2062648042134
2.04115,-998.2064138158254
2.042816666666667,-998.2063998459868
2.0444833333333334,-998.2062135814718
2.0461666666666667,-998.2058829619576
2.047816666666667,-998.205496463089
2.0495,-998.2051705001877
2.0511666666666666,-998.2050308018015
2.0528333333333335,-998.2051937832521
2.0545,-998.2057199805071
2.056166666666667,-998.2066000803404
2.0578333333333334,-998.2077409504949
2.0595,-998.2089889227454
2.061166666666667,-998.2101484193514
2.0628333333333333,-998.2110471456363
2.0645000000000002,-998.2115640296655
2.0661666666666667,-998.2116478486972
2.0678333333333336,-998.2113451688604
2.0695,-998.2107491224123
2.0711666666666666,-998.2100040643522
2.0728333333333335,-998.2092496930665
2.0745,-998.2086024238768
2.0761833333333333,-998.2081227927506
2.0778333333333334,-998.2078294261395
2.0795166666666667,-998.2076850711404
2.0811833333333336,-998.207624535173
2.08285,-998.2075733124314
2.0845166666666666,-998.2074848367868
2.0861833333333335,-998.2073311685618
2.08785,-998.2071029945309
2.089516666666667,-998.2068096279198
2.0911833333333334,-998.20646969518
2.0928500000000003,-998.2060971661499
2.094516666666667,-998.2057199805071
2.0961833333333333,-998.2053660779285
2.09785,-998.2050587414788
2.0995166666666667,-998.2048352240607
2.1011833333333336,-998.204714152126
2.10285,-998.2047234653518
2.1045166666666666,-998.2048864468023
2.1062000000000003,-998.2052310361552
2.1078666666666668,-998.2057712032487
2.1095333333333333,-998.2065116046958
2.1112,-998.2074196442065
2.1128666666666667,-998.2084394424262
2.1145333333333336,-998.2094732104845
2.1162,-998.210423159511
2.1178666666666666,-998.2111821874097
2.1195333333333335,-998.2116757883745
2.1212,-998.2118480830509
2.122866666666667,-998.2116990714388
2.1245333333333334,-998.2112613498285
2.1262000000000003,-998.2106187372518
2.127866666666667,-998.2098690225789
2.1295333333333333,-998.2091239645189
2.1312,-998.2084720387163
2.1328666666666667,-998.2079644679129
2.1345333333333336,-998.2076105653343
2.136216666666667,-998.2073963611421
2.1378833333333334,-998.2072659759816
2.1395500000000003,-998.207177500337
2.1412166666666668,-998.2070843680794
2.1428833333333333,-998.2069632961447
2.14455,-998.2068096279198
2.1462166666666667,-998.206614050179
2.1478833333333336,-998.206390532761
2.14955,-998.2061483888915
2.1512166666666666,-998.2059015884091
2.1528833333333335,-998.2056873842168
2.15455,-998.2055430292178
2.156216666666667,-998.2055244027663
2.1578833333333334,-998.2056966974427
2.1595500000000003,-998.2061064793756
2.161216666666667,-998.2067770316297
2.1629,-998.2076757579147
2.16455,-998.2087281524244
2.1662333333333335,-998.2098084866115
2.1679,-998.2107863753153
2.169566666666667,-998.2115454032139
2.1712333333333333,-998.2119970946628
2.1729000000000003,-998.2120948835333
2.1745666666666668,-998.2118480830509
2.1762333333333332,-998.2113079159574
2.1779,-998.2105628578972
2.1795666666666667,-998.2097200109669
2.1812333333333336,-998.2088678508107
2.1829,-998.2080855398476
2.184566666666667,-998.207401017755
2.1862333333333335,-998.2068422242099
2.1879,-998.2064138158254
2.189566666666667,-998.2061157926014
2.1912333333333334,-998.2059388413122
2.1929000000000003,-998.2058829619576
2.1945666666666668,-998.2059295280864
2.19625,-998.2060506000212
2.197916666666667,-998.2062042682461
2.1995833333333334,-998.206353279858
2.20125,-998.2064510687285
2.202916666666667,-998.2064790084057
2.2045833333333333,-998.2064557253414
2.2062500000000003,-998.2064045025996
2.2079166666666667,-998.2063812195353
2.2095833333333332,-998.2064370988899
2.21125,-998.2066233634048
2.2129166666666666,-998.2069865792091
2.2145833333333336,-998.2075407161412
2.21625,-998.2082718043627
2.217916666666667,-998.209119307906
2.2195833333333335,-998.2099994077394
2.22125,-998.2108189716055
2.2229333333333336,-998.2114941804723
2.2245833333333334,-998.2119644983727
2.2262666666666666,-998.2122112988551
2.2279333333333335,-998.2122392385323
2.2296,-998.2120855703075
2.231266666666667,-998.2118108301479
2.2329333333333334,-998.2114615841822
2.2346,-998.2110890551522
2.236266666666667,-998.210721182735
2.2379333333333333,-998.2103719367694
2.2396000000000003,-998.2100273474166
2.2412666666666667,-998.2096734448381
2.2429333333333332,-998.2093102290338
2.2446,-998.208933043391
2.2462666666666666,-998.2085651709738
2.2479333333333336,-998.208220581621
2.249616666666667,-998.2079179017842
2.251266666666667,-998.2076524748503
2.2529500000000002,-998.2074149875937
2.2546166666666667,-998.207177500337
2.2562833333333336,-998.2069353564675
2.25795,-998.2067025258237
2.2596166666666666,-998.2065209179216
2.2612833333333335,-998.2064650385671
2.26295,-998.2066233634048
2.264616666666667,-998.2070703982408
2.2662833333333334,-998.2078387393652
2.26795,-998.2089190735524
2.269616666666667,-998.2102229251574
2.2712833333333333,-998.2116152524071
2.2729500000000002,-998.2129144473993
2.2746166666666667,-998.2139621852962
2.2762833333333337,-998.2146280809374
2.27795,-998.2148469417425
2.2796166666666666,-998.2146327375502
2.2812833333333336,-998.2140320344894
2.282966666666667,-998.2131519346559
2.2846333333333333,-998.2120855703075
2.2863,-998.2109353869273
2.2879666666666667,-998.2097805469342
2.2896333333333336,-998.2087048693601
2.2913,-998.2077782033979
2.2929666666666666,-998.2070703982408
2.2946333333333335,-998.2066233634048
2.2963,-998.2064557253414
2.297966666666667,-998.206544200986
2.2996333333333334,-998.2068422242099
2.3013,-998.2072659759816
2.302966666666667,-998.2077130108177
2.3046333333333333,-998.2080948530734
2.3063000000000002,-998.20833234033
2.3079666666666667,-998.2083882196846
2.3096333333333336,-998.2082671477498
2.3113,-998.2080436303318
2.3129833333333334,-998.2078061430751
2.3146500000000003,-998.2076804145275
2.316316666666667,-998.2077595769464
2.3179833333333333,-998.2081134795249
2.31965,-998.2087514354888
2.3213166666666667,-998.2096222220965
2.3229833333333336,-998.2106233938647
2.32465,-998.2116338788586
2.3263166666666666,-998.2125186353048
2.3279833333333335,-998.213184530946
2.32965,-998.2135710298147
2.331316666666667,-998.2136641620722
2.3329833333333334,-998.2134918673958
2.33465,-998.2131053685272
2.336316666666667,-998.2125605448208
2.3379833333333333,-998.211917932244
2.3396500000000002,-998.2112334101513
2.3413166666666667,-998.2105675145101
2.343,-998.2099621548364
2.344666666666667,-998.2094499274201
2.3463333333333334,-998.2090541153257
2.3480000000000003,-998.2087700619403
2.349666666666667,-998.2085977672639
2.3513333333333333,-998.2085139482322
2.353,-998.2085139482322
2.3546666666666667,-998.2085651709738
2.3563333333333336,-998.2086443333927
2.358,-998.2087048693601
2.3596666666666666,-998.2087048693601
2.3613333333333335,-998.2086257069412
2.363,-998.2084580688777
2.364666666666667,-998.2082438646854
2.3663333333333334,-998.2080389737189
2.3680000000000003,-998.2079179017842
2.369666666666667,-998.2079691245258
2.3713333333333333,-998.2082671477498
2.373016666666667,-998.2088445677463
2.3746833333333335,-998.2096874146768
2.37635,-998.2107304959608
2.378016666666667,-998.2118667095024
2.3796833333333334,-998.2129703267537
2.3813500000000003,-998.2139156191674
2.383016666666667,-998.2146001412601
2.3846833333333333,-998.2149540438386
2.38635,-998.214940074
2.3880166666666667,-998.2145722015829
2.3896833333333336,-998.213896992716
2.39135,-998.2130029230439
2.3930166666666666,-998.2119970946628
2.3946833333333335,-998.2110098927333
2.39635,-998.2101437627385
2.398016666666667,-998.2094778670973
2.3996833333333334,-998.2090494587128
2.4013666666666666,-998.2088399111334
2.4030333333333336,-998.2088026582304
2.4047,-998.2088585375849
2.406366666666667,-998.2089377000038
2.4080333333333335,-998.2089749529068
2.4097,-998.2089190735524
2.411366666666667,-998.2087654053274
2.4130333333333334,-998.2085279180708
2.4147000000000003,-998.2082764609755
2.4163666666666668,-998.208071570009
2.4180333333333333,-998.2080017208159
2.4197,-998.2081321059765
2.4213666666666667,-998.2085092916193
2.4230333333333336,-998.2091472475832
2.4247,-998.2100273474166
2.426366666666667,-998.211098368378
2.4280333333333335,-998.2122764914353
2.4297,-998.213445301267
2.431366666666667,-998.2144837259383
2.43305,-998.2152846633528
2.4347166666666666,-998.2157689510918
2.4363833333333336,-998.2158853664137
2.43805,-998.2156432225441
2.439716666666667,-998.2150797723863
2.4413833333333335,-998.2142881481975
2.44305,-998.2133801086868
2.444716666666667,-998.212476725789
2.4463833333333334,-998.2116897582131
2.4480500000000003,-998.2111076816037
2.4497166666666668,-998.2107537790251
2.4513833333333332,-998.2106233938647
2.45305,-998.2106653033806
2.4547166666666667,-998.2108050017667
2.4563833333333336,-998.2109679832174
2.45805,-998.2110843985394
2.459716666666667,-998.2111169948295
2.4614000000000003,-998.2110285191848
2.4630666666666667,-998.2108189716055
2.4647333333333337,-998.2104930087041
2.4664,-998.2100599437067
2.4680666666666666,-998.2095663427419
2.4697333333333336,-998.2090494587128
2.4714,-998.2085884540381
2.473066666666667,-998.2082531779112
2.4747333333333335,-998.2081181361377
2.4764,-998.208257834524
2.478066666666667,-998.2087234958116
2.4797333333333333,-998.2095197766132
2.4814000000000003,-998.2106094240261
2.4830666666666668,-998.2118946491796
2.4847333333333332,-998.2132404103005
2.4864,-998.2144883825512
2.4880666666666666,-998.2154942109322
2.4897333333333336,-998.2161461367347
2.491416666666667,-998.2163696541527
2.4930833333333333,-998.2161601065733
2.4947500000000002,-998.215573373351
2.4964166666666667,-998.214716556582
2.4980833333333337,-998.2137293546524
2.49975,-998.2127421527229
2.5014166666666666,-998.2118620528895
2.5030833333333335,-998.2111495911196
2.50475,-998.2106233938647
2.506416666666667,-998.2102694912861
2.5080833333333334,-998.2100599437067
2.50975,-998.2099481849978
2.511416666666667,-998.2098923056433
2.5130833333333333,-998.2098317696758
2.5147500000000003,-998.2097293241926
2.5164166666666667,-998.2095477162904
2.5180833333333337,-998.2092636629051
2.519766666666667,-998.2089051037137
2.5214333333333334,-998.2085139482322
2.5231000000000003,-998.2081693588794
2.524766666666667,-998.2079504980743
2.5264333333333333,-998.2079551546872
2.5281000000000002,-998.2082485212983
2.5297666666666667,-998.2088725074236
2.5314333333333336,-998.2098177998372
2.5331,-998.2110098927333
2.5347666666666666,-998.212327714177
2.5364500000000003,-998.2136036261048
2.538116666666667,-998.2146839602918
2.5397833333333333,-998.2154290183519
2.54145,-998.2157689510918
2.5431166666666667,-998.2156897886729
2.5447833333333336,-998.215242753837
2.54645,-998.2145256354542
2.5481166666666666,-998.2136595054593
2.5497833333333335,-998.2127561225615
2.55145,-998.2119132756311
2.553116666666667,-998.2111868440226
2.5547833333333334,-998.210614080639
2.5564500000000003,-998.2101810156415
2.558116666666667,-998.2098736791918
2.5597833333333333,-998.2096501617738
2.5614500000000002,-998.2095058067746
2.5631166666666667,-998.2094219877429
2.5647833333333336,-998.2094126745171
2.56645,-998.2094825237102
2.5681166666666666,-998.2096222220965
2.5697833333333335,-998.2097991733857
2.57145,-998.209976124675
2.5731333333333333,-998.2100971966098
2.5747833333333334,-998.2101344495128
2.57645,-998.2100878833841
2.578116666666667,-998.2099807812879
2.5798,-998.2098829924175
2.5814666666666666,-998.2098829924175
2.5831333333333335,-998.2100599437067
2.5848,-998.210460412414
2.586466666666667,-998.2110750853136
2.5881333333333334,-998.211843426438
2.5898000000000003,-998.2126816167555
2.591466666666667,-998.2134872107829
2.5931333333333333,-998.2141670762627
2.5948,-998.2146560206146
2.5964666666666667,-998.2149354173871
2.5981333333333336,-998.2149959533546
2.5998,-998.2148748814197
2.6014666666666666,-998.2146141110987
2.6031500000000003,-998.2142602085203
2.6048,-998.2138504265872
2.606466666666667,-998.2133940785254
2.60815,-998.2129097907864
2.6098166666666667,-998.2124068765959
2.6114833333333336,-998.211917932244
2.61315,-998.2114802106337
2.614816666666667,-998.2111449345067
2.6164833333333335,-998.2109353869273
2.61815,-998.2108515678956
2.619816666666667,-998.2108655377342
2.6214833333333334,-998.2109167604758
2.6231500000000003,-998.2109167604758
2.624816666666667,-998.2108096583796
2.6264833333333333,-998.2105535446715
2.62815,-998.2101670458029
2.6298333333333335,-998.2097246675797
2.6315,-998.209338168711
2.633166666666667,-998.2091379343575
2.6348333333333334,-998.2092450364536
2.6365000000000003,-998.2097246675797
2.6381666666666668,-998.2105814843488
2.6398333333333333,-998.2117456375676
2.6415,-998.2130960553014
2.6431666666666667,-998.2144837259383
2.6448333333333336,-998.2157503246403
2.6465,-998.2167561530214
2.648166666666667,-998.217403422211
2.6498333333333335,-998.2176362528547
2.6515,-998.2174406751141
2.653166666666667,-998.2168585985046
2.6548333333333334,-998.2159645288326
2.6565000000000003,-998.2148562549683
2.658166666666667,-998.2136408790078
2.6598333333333333,-998.2124348162731
2.6615,-998.2113265424089
2.6631666666666667,-998.2103719367694
2.6648333333333336,-998.2096175654837
2.6665,-998.2090727417772
2.6681833333333334,-998.2087234958116
2.6698500000000003,-998.2085372312965
2.6715166666666668,-998.2084673821034
2.6731833333333332,-998.2084627254906
2.67485,-998.2084720387163
2.6765166666666667,-998.2084766953292
2.6781833333333336,-998.2084953217807
2.67985,-998.2085698275866
2.681516666666667,-998.2087654053274
2.6831833333333335,-998.2091379343575
2.68485,-998.2097106977411
2.686516666666667,-998.2104790388655
2.6881833333333334,-998.211396391602
2.6898500000000003,-998.2124115332088
2.691516666666667,-998.213445301267
2.6931833333333333,-998.2144138767451
2.69485,-998.2152380972241
2.6965333333333334,-998.2158481135107
2.6982,-998.2162066727021
2.699866666666667,-998.2162904917338
2.7015333333333333,-998.2161135404446
2.7032000000000003,-998.2157084151245
2.7048666666666668,-998.2151403083536
2.7065333333333337,-998.2144604428738
2.7082,-998.2137386678781
2.7098666666666666,-998.213040175947
2.7115333333333336,-998.2124255030474
2.7132,-998.2119412153083
2.714866666666667,-998.2116245656329
2.7165333333333335,-998.2114848672466
2.7182,-998.211503493698
2.719866666666667,-998.2116478486972
2.7215333333333334,-998.2118620528895
2.7232000000000003,-998.2120902269204
2.7248833333333335,-998.2122718348224
2.72655,-998.21236496708
2.728216666666667,-998.2123370274028
2.7298833333333334,-998.2121693893392
2.73155,-998.2118899925667
2.733216666666667,-998.2115314333753
2.7348833333333333,-998.2111635609582
2.7365500000000003,-998.2108469112827
2.7382166666666667,-998.2106559901548
2.7398833333333337,-998.2106653033806
2.74155,-998.2109307303144
2.7432166666666666,-998.2114755540208
2.7448833333333336,-998.212290461274
2.74655,-998.2132823198165
2.748216666666667,-998.214344027552
2.7498833333333335,-998.2153358860944
2.75155,-998.2161275102832
2.753216666666667,-998.2166304244737
2.7549,-998.2167980625372
2.7565666666666666,-998.2166350810866
2.7582333333333335,-998.2161880462506
2.7599,-998.2155221506094
2.761566666666667,-998.2147212131948
2.7632333333333334,-998.213859739813
2.7649,-998.2130029230439
2.766566666666667,-998.2121880157907
2.7682333333333333,-998.2114522709564
2.7699000000000003,-998.2108143149925
2.7715666666666667,-998.2102927743505
2.7732333333333337,-998.2098969622562
2.7749,-998.2096315353223
2.7765666666666666,-998.2094825237102
2.7782333333333336,-998.20941733113
2.7799,-998.2093987046785
2.781566666666667,-998.2093847348399
2.7832333333333334,-998.2093567951626
2.7849,-998.2093195422595
2.7865833333333336,-998.2092869459694
2.78825,-998.2093009158081
2.7899166666666666,-998.2093987046785
2.7915833333333335,-998.209640848548
2.79325,-998.2100646003196
2.794916666666667,-998.2107025562835
2.7965833333333334,-998.211540746601
2.7982500000000003,-998.2125232919177
2.799916666666667,-998.2135430901375
2.8015833333333333,-998.2144837259383
2.8032500000000002,-998.2152241273855
2.8049166666666667,-998.2156758188343
2.8065833333333337,-998.2157829209305
2.80825,-998.2155594035124
2.8099166666666666,-998.2150425194833
2.8115833333333335,-998.2143300577134
2.81325,-998.213524463686
2.8149333333333333,-998.21273749611
2.8166,-998.2120483174045
2.8182666666666667,-998.211503493698
2.8199333333333336,-998.2111076816037
2.8216,-998.2108469112827
2.8232666666666666,-998.2107072128964
2.8249333333333335,-998.2106699599934
2.8266,-998.2107258393479
2.828266666666667,-998.2108608811213
2.8299333333333334,-998.2110518022491
2.8316000000000003,-998.2112706630543
2.833266666666667,-998.2114662407951
2.8349333333333333,-998.2115779995041
2.8366000000000002,-998.2115593730526
2.8382666666666667,-998.2113777651505
2.8399333333333336,-998.211056458862
2.841616666666667,-998.2106513335419
2.8432833333333334,-998.2102462082217
2.8449500000000003,-998.2099481849978
2.846616666666667,-998.2098690225789
2.8482833333333333,-998.2100832267711
2.84995,-998.2106280504776
2.8516166666666667,-998.2114615841822
2.8532833333333336,-998.2124860390147
2.85495,-998.2135756864276
2.8566166666666666,-998.2145815148086
2.8582833333333335,-998.2153777956103
2.85995,-998.2158807098008
2.861616666666667,-998.2160436912515
2.8632833333333334,-998.2158807098008
2.8649500000000003,-998.2154336749647
2.866616666666667,-998.2147724359365
2.8682833333333333,-998.2139901249735
2.8699500000000002,-998.2131659044945
2.8716166666666667,-998.2123789369186
2.8733,-998.2116804449873
2.874966666666667,-998.2111123382166
2.8766333333333334,-998.2106932430578
2.8783000000000003,-998.2104417859625
2.879966666666667,-998.2103393404793
2.8816333333333333,-998.2103533103179
2.8833,-998.2104278161239
2.8849666666666667,-998.2104836954784
2.8866333333333336,-998.2104417859625
2.8883,-998.2102462082217
2.889966666666667,-998.2098923056433
2.8916333333333335,-998.2094359575815
2.8933,-998.2089656396811
2.894966666666667,-998.2086163937154
2.8966333333333334,-998.208518604845
2.8983000000000003,-998.2087700619403
2.899966666666667,-998.2094266443557
2.9016333333333333,-998.2104557558011
2.903316666666667,-998.2117596074062
2.9049833333333335,-998.213184530946
2.90665,-998.2145442619056
2.908316666666667,-998.2156897886729
2.9099833333333334,-998.216509352539
2.9116500000000003,-998.2169424175364
2.9133166666666668,-998.2170029535038
2.9149833333333333,-998.2167375265699
2.91665,-998.2162299557665
2.9183166666666667,-998.2155547468996
2.9199833333333336,-998.2147957190009
2.92165,-998.214008751425
2.923316666666667,-998.2132310970748
2.9249833333333335,-998.2124906956276
2.92665,-998.2118154867608
2.928316666666667,-998.2112147836998
2.9299833333333334,-998.2107072128964
2.9316500000000003,-998.2103067441891
2.9333333333333336,-998.2100226908037
2.935,-998.2098503961274
2.936666666666667,-998.20978986016
2.9383333333333335,-998.2098410829017
2.94,-998.2099900945136
2.941666666666667,-998.2102182685445
2.9433333333333334,-998.2105162917685
2.9450000000000003,-998.2108608811213
2.9466666666666668,-998.2112380667642
2.9483333333333337,-998.2116338788586
2.95,-998.2120250343401
2.9516666666666667,-998.2123975633701
2.9533333333333336,-998.2127281828842
2.955,-998.2130075796567
2.956666666666667,-998.2132264404619
2.9583333333333335,-998.2133847652997
2.96,-998.2135011806215
2.9616833333333337,-998.2135943128791
2.96335,-998.2136921017494
2.9650166666666666,-998.2138085170714
2.9666833333333336,-998.2139482154575
2.96835,-998.2140879138439
2.970016666666667,-998.2141996725528
2.9716833333333335,-998.2142415820688
2.97335,-998.2141857027142
2.975016666666667,-998.2140134080379
2.9766833333333333,-998.213747981104
2.9783500000000003,-998.2134313314284
2.9800166666666668,-998.21311002514
2.9816833333333337,-998.2128352849804
2.98335,-998.2126303940139
2.9850166666666667,-998.2124860390147
2.9866833333333336,-998.2123835935315
2.98835,-998.2122764914353
2.990016666666667,-998.2121135099848
2.9917000000000002,-998.211843426438
2.9933666666666667,-998.2114429577307
2.9950333333333337,-998.2109121038629
2.9967,-998.2103067441891
2.9983666666666666,-998.2097106977411
3.0000333333333336,-998.2092357232278
3.0017,-998.208970296294
3.003366666666667,-998.2089935793583
3.0050333333333334,-998.2093428253239
3.0067,-998.2100040643522
3.008366666666667,-998.2109307303144
3.0100333333333333,-998.2120343475658
3.0117000000000003,-998.2131985007846
3.0133666666666667,-998.214306774649
3.0150333333333337,-998.2152474104498
3.0167,-998.2159179627038
3.0183666666666666,-998.2162578954437
3.0200333333333336,-998.2162299557665
3.021716666666667,-998.2158481135107
3.0233833333333333,-998.2151589348051
3.0250500000000002,-998.2142602085203
3.0267166666666667,-998.213263693365
3.0283833333333336,-998.2122764914353
3.03005,-998.2113917349891
3.0317166666666666,-998.2106559901548
3.0333833333333335,-998.2100878833841
3.03505,-998.2096641316124
3.036716666666667,-998.2093614517755
3.0383833333333334,-998.2091472475832
3.0400500000000004,-998.2089935793583
3.041716666666667,-998.208895790488
3.0433833333333333,-998.208853880972
3.0450500000000003,-998.2088864772622
3.0467166666666667,-998.2090122058098
3.0483833333333337,-998.2092357232278
3.050066666666667,-998.2095663427419
3.0517333333333334,-998.2099900945136
3.0534000000000003,-998.2104930087041
3.055066666666667,-998.2110378324105
3.0567333333333333,-998.2116152524071
3.0584000000000002,-998.2122112988551
3.0600666666666667,-998.2128399415933
3.0617333333333336,-998.2134965240086
3.0634,-998.2141763894884
3.0650666666666666,-998.2148469417425
3.0667333333333335,-998.2154569580292
3.0684,-998.2159412457681
3.070066666666667,-998.2162346123794
3.0717333333333334,-998.2162904917338
3.0734000000000004,-998.2160856007673
3.0750833333333336,-998.2156245960927
3.0767333333333333,-998.2149540438386
3.0784000000000002,-998.2141437931983
3.0800833333333335,-998.213300946268
3.08175,-998.2125093220791
3.083416666666667,-998.211843426438
3.0850833333333334,-998.2113405122475
3.0867500000000003,-998.2110052361204
3.088416666666667,-998.2108050017667
3.0900833333333333,-998.2107025562835
3.09175,-998.2106373637033
3.0934166666666667,-998.2105675145101
3.0950833333333336,-998.210460412414
3.09675,-998.2103020875762
3.0984166666666666,-998.2100878833841
3.1000833333333335,-998.2098317696758
3.10175,-998.2095477162904
3.103416666666667,-998.2092636629051
3.1050833333333334,-998.2090122058098
3.1067500000000003,-998.2088305979076
3.1084333333333336,-998.208779375166
3.1101,-998.2089423566167
3.111766666666667,-998.2093893914528
3.1134333333333335,-998.21016238919
3.1151,-998.2112520366028
3.116766666666667,-998.2125652014337
3.1184333333333334,-998.2139808117477
3.1201000000000003,-998.2153265728687
3.121766666666667,-998.2164488165716
3.1234333333333333,-998.2172357841475
3.1251,-998.2176222830161
3.1267666666666667,-998.2176036565646
3.1284333333333336,-998.217217157696
3.130116666666667,-998.2165512620548
3.1317833333333334,-998.2156991018987
3.1334500000000003,-998.2147677793237
3.1351166666666668,-998.2138411133615
3.1367833333333337,-998.2129703267537
3.13845,-998.2121880157907
3.1401166666666667,-998.2114895238594
3.1417833333333336,-998.2108562245085
3.14345,-998.2102788045119
3.145116666666667,-998.2097619204827
3.1467833333333335,-998.2093102290338
3.14845,-998.2089470132296
3.150116666666667,-998.2086862429086
3.1517833333333334,-998.2085372312965
3.1534500000000003,-998.2084906651678
3.155116666666667,-998.2085465445223
3.1567833333333333,-998.2086955561343
3.15845,-998.2089423566167
3.1601166666666667,-998.2093148856467
3.1617833333333336,-998.2098457395145
3.16345,-998.210576827736
3.165116666666667,-998.2115221201495
3.1667833333333335,-998.2126443638525
3.1684666666666668,-998.2138643964258
3.1701333333333337,-998.2150658025477
3.1718,-998.2161135404446
3.1734666666666667,-998.2168772249561
3.1751333333333336,-998.2172776936634
3.1768,-998.2172823502763
3.178466666666667,-998.2169144778591
3.1801333333333335,-998.216248582218
3.1818,-998.2153777956103
3.183466666666667,-998.2144231899708
3.1851333333333334,-998.2134732409443
3.1868000000000003,-998.2126071109495
3.188466666666667,-998.2118760227281
3.1901333333333333,-998.2113265424089
3.191816666666667,-998.2109912662818
3.1934666666666667,-998.2108934774114
3.19515,-998.2110285191848
3.196816666666667,-998.2113684519247
3.1984833333333333,-998.2118480830509
3.2001500000000003,-998.21236496708
3.2018166666666668,-998.2127980320774
3.2034833333333337,-998.2130122362696
3.20515,-998.2129097907864
3.2068166666666666,-998.2124534427246
3.2084833333333336,-998.2116897582131
3.21015,-998.210758435638
3.211816666666667,-998.2098457395145
3.2134833333333335,-998.2091658740347
3.21515,-998.2088864772622
3.216816666666667,-998.2091053380673
3.2184833333333334,-998.2098131432243
3.2201500000000003,-998.2109074472501
3.2218166666666668,-998.2122206120808
3.2234833333333337,-998.2135663732018
3.22515,-998.2147724359365
3.2268333333333334,-998.2157223849631
3.2285000000000004,-998.2163510277012
3.230166666666667,-998.2166537075381
3.2318333333333333,-998.2166397376994
3.2335000000000003,-998.2163556843141
3.2351666666666667,-998.2158481135107
3.2368333333333337,-998.2151729046437
3.2385,-998.2143859370678
3.2401666666666666,-998.2135384335246
3.2418333333333336,-998.2126909299812
3.2435,-998.2118853359539
3.245166666666667,-998.211172874184
3.2468333333333335,-998.2105861409617
3.2485,-998.2101484193514
3.250166666666667,-998.2098736791918
3.2518333333333334,-998.2097479506441
3.2535000000000003,-998.2097339808055
3.2551666666666668,-998.2097619204827
3.25685,-998.2097712337085
3.258516666666667,-998.2097013845154
3.2601833333333334,-998.2095430596776
3.2618500000000004,-998.2093428253239
3.263516666666667,-998.2091705306476
3.2651833333333333,-998.2091379343575
3.2668500000000003,-998.2093474819368
3.2685166666666667,-998.2098690225789
3.2701833333333337,-998.2107398091865
3.27185,-998.2119272454697
3.2735166666666666,-998.2133288859452
3.2751833333333336,-998.2148003756138
3.27685,-998.2161787330248
3.278516666666667,-998.2173102899535
3.2801833333333335,-998.2180693178522
3.2818500000000004,-998.2183766543019
3.283516666666667,-998.2182090162385
3.2852,-998.2176036565646
3.2868666666666666,-998.2166304244737
3.2885333333333335,-998.2154010786746
3.2902,-998.2140506609409
3.291866666666667,-998.2127281828842
3.2935333333333334,-998.2115686862784
3.2952000000000004,-998.2106932430578
3.296866666666667,-998.21016238919
3.2985333333333333,-998.2099947511265
3.3002000000000002,-998.2101437627385
3.3018666666666667,-998.2105256049942
3.3035333333333337,-998.2110145493461
3.3052,-998.2114848672466
3.3068666666666666,-998.2118154867608
3.3085333333333335,-998.2119412153083
3.3102,-998.2118341132123
3.311866666666667,-998.2115314333753
3.3135333333333334,-998.2111076816037
3.3152166666666667,-998.210683929832
3.3168833333333336,-998.2103626235437
3.31855,-998.2102275817703
3.320216666666667,-998.2103253706406
3.3218833333333335,-998.2106559901548
3.32355,-998.2111868440226
3.325216666666667,-998.2118573962766
3.3268833333333334,-998.2126071109495
3.3285500000000003,-998.2133661388482
3.330216666666667,-998.2140599741666
3.3318833333333333,-998.214642050776
3.3335500000000002,-998.2150751157734
3.3352166666666667,-998.2153312294815
3.3368833333333336,-998.2153964220618
3.33855,-998.2152753501271
3.3402166666666666,-998.2149912967417
3.3418833333333335,-998.2145815148086
3.34355,-998.2141018836825
3.3452333333333333,-998.2136129393306
3.3469,-998.2131659044945
3.3485666666666667,-998.2127933754646
3.3502333333333336,-998.2125093220791
3.3519,-998.212290461274
3.353566666666667,-998.2120995401461
3.3552333333333335,-998.211880679341
3.3569,-998.2116012825685
3.358566666666667,-998.2112473799899
3.3602333333333334,-998.2108236282183
3.3619000000000003,-998.2103579669308
3.363566666666667,-998.2098783358047
3.3652333333333333,-998.2094219877429
3.3669000000000002,-998.2090215190356
3.3685666666666667,-998.208709525973
3.3702333333333336,-998.2085092916193
3.3719,-998.2084580688777
3.3735833333333334,-998.2085884540381
3.3752500000000003,-998.2089470132296
3.376916666666667,-998.2095616861291
3.3785833333333337,-998.2104278161239
3.38025,-998.2115081503109
3.3819166666666667,-998.2127048998199
3.3835833333333336,-998.2139063059417
3.38525,-998.2149726702902
3.386916666666667,-998.2157829209305
3.3885833333333335,-998.2162346123794
3.39025,-998.2162672086695
3.391916666666667,-998.215871396575
3.3935833333333334,-998.2150937422249
3.3952500000000003,-998.2140366911023
3.396916666666667,-998.2128306283676
3.3985833333333333,-998.21161990902
3.40025,-998.2105256049942
3.4019166666666667,-998.2096315353223
3.4036,-998.2089656396811
3.405266666666667,-998.2085279180708
3.4069333333333334,-998.2082857742013
3.4086000000000003,-998.2082019551696
3.410266666666667,-998.2082392080725
3.4119333333333337,-998.2083556233944
3.4136,-998.2085092916193
3.4152666666666667,-998.20867227307
3.4169333333333336,-998.2087980016175
3.4186,-998.2088678508107
3.420266666666667,-998.2088678508107
3.4219333333333335,-998.2088259412948
3.4236,-998.2087886883918
3.425266666666667,-998.2088259412948
3.4269333333333334,-998.2090261756484
3.4286000000000003,-998.2094499274201
3.4302833333333336,-998.2101297928999
3.43195,-998.2110285191848
3.433616666666667,-998.2120436607917
3.4352833333333335,-998.2130448325598
3.43695,-998.2138876794902
3.438616666666667,-998.2144604428738
3.4402833333333334,-998.2147072433562
3.4419500000000003,-998.2146327375502
3.4436166666666668,-998.2142881481975
3.4452833333333337,-998.2137712641684
3.44695,-998.2131798743332
3.4486166666666667,-998.2126071109495
3.4502833333333336,-998.2121088533719
3.45195,-998.2117083846646
3.453616666666667,-998.2114010482148
3.4552833333333335,-998.2111682175711
3.45695,-998.2109866096689
3.458616666666667,-998.2108515678956
3.4602833333333334,-998.2107491224123
3.4619500000000003,-998.2106746166063
3.4636333333333336,-998.210614080639
3.4653,-998.2105442314457
3.466966666666667,-998.2104371293497
3.4686333333333335,-998.210274147899
3.4703000000000004,-998.2100226908037
3.471966666666667,-998.2096734448381
3.4736333333333334,-998.2092496930665
3.4753000000000003,-998.2087980016175
3.4769666666666668,-998.2083975329103
3.4786333333333337,-998.208150732428
3.4803,-998.2081414192022
3.4819666666666667,-998.2084347858133
3.4836333333333336,-998.209040145487
3.4853,-998.2099109320948
3.486966666666667,-998.2109353869273
3.4886333333333335,-998.2119831248242
3.4903,-998.2129144473993
3.4919833333333337,-998.2136315657821
3.49365,-998.2140786006181
3.4953166666666666,-998.2142462386817
3.4969833333333336,-998.2141670762627
3.49865,-998.213896992716
3.500316666666667,-998.2134918673958
3.5019833333333334,-998.2129889532052
3.5036500000000004,-998.2124115332088
3.505316666666667,-998.2117689206319
3.5069833333333333,-998.2110704287007
3.5086500000000003,-998.2103346838664
3.5103166666666668,-998.2095989390322
3.5119833333333337,-998.2089190735524
3.51365,-998.2083416535557
3.5153166666666666,-998.2079085885584
3.5169833333333336,-998.207624535173
3.51865,-998.2074801801739
3.5203333333333333,-998.2074196442065
3.5220000000000002,-998.2073963611421
3.5236666666666667,-998.2073684214648
3.5253333333333337,-998.2073171987232
3.527,-998.2072659759816
3.5286666666666666,-998.2072752892074
3.5303333333333335,-998.2074103309808
3.532,-998.2077549203335
3.533666666666667,-998.2083602800072
3.5353333333333334,-998.209231066615
3.5370000000000004,-998.2103020875762
3.538666666666667,-998.2114569275693
3.5403333333333333,-998.2125465749822
3.5420000000000003,-998.2134220182027
3.5436666666666667,-998.2139761551348
3.5453333333333337,-998.2141670762627
3.547,-998.2140040948121
3.5486666666666666,-998.2135570599761
3.5503500000000003,-998.2129377304636
3.552016666666667,-998.2122438951452
3.5536833333333333,-998.2115733428913
3.5553500000000002,-998.2109912662818
3.5570166666666667,-998.2105302616071
3.5586833333333336,-998.2102042987059
3.56035,-998.2100087209651
3.562016666666667,-998.2099202453205
3.5636833333333335,-998.2099155887076
3.56535,-998.2099574982235
3.567016666666667,-998.2100087209651
3.5686833333333334,-998.2100226908037
3.5703500000000004,-998.2099668114492
3.572016666666667,-998.2097991733857
3.5736833333333333,-998.2095011501617
3.5753500000000003,-998.2090587719385
3.5770166666666667,-998.2085092916193
3.5786833333333337,-998.2078992753327
3.580366666666667,-998.2073125421103
3.5820333333333334,-998.2068468808228
3.5837000000000003,-998.2066093935662
3.585366666666667,-998.206693212598
3.5870333333333333,-998.2071402474339
3.5887000000000002,-998.2079365282357
3.5903666666666667,-998.2090075491969
3.5920333333333336,-998.2102275817703
3.5937,-998.2114708974079
3.595366666666667,-998.2126071109495
3.5970333333333335,-998.2135477467504
3.5987,-998.2142462386817
3.600366666666667,-998.2146653338403
3.6020333333333334,-998.214791062388
3.6037000000000003,-998.2146141110987
3.605366666666667,-998.2141531064241
3.6070333333333333,-998.2134313314284
3.6087000000000002,-998.212513978692
3.6103833333333335,-998.2114895238594
3.61205,-998.210460412414
3.613716666666667,-998.2095337464518
3.6153833333333334,-998.2087840317789
3.6170500000000003,-998.208257834524
3.618716666666667,-998.2079551546872
3.6203833333333333,-998.2078433959781
3.62205,-998.2078433959781
3.6237166666666667,-998.2078806488811
3.6253833333333336,-998.207885305494
3.62705,-998.2078014864622
3.628716666666667,-998.2076198785601
3.6303833333333335,-998.2073730780777
3.63205,-998.2071402474339
3.633716666666667,-998.2070005490477
3.6353833333333334,-998.2070378019507
3.6370500000000003,-998.2073218553361
3.6387333333333336,-998.2078946187198
3.6404,-998.2087560921017
3.642066666666667,-998.2098690225789
3.6437333333333335,-998.2111495911196
3.6454,-998.212476725789
3.647066666666667,-998.2137014149752
3.6487333333333334,-998.2146979301305
3.6504000000000003,-998.215349855933
3.652066666666667,-998.2155873431897
3.6537333333333337,-998.2153964220618
3.6554,-998.2148003756138
3.6570666666666667,-998.213896992716
3.6587333333333336,-998.2128073453032
3.6604,-998.2116664751487
3.662066666666667,-998.2106187372518
3.6637333333333335,-998.2097479506441
3.6654,-998.209119307906
3.6670833333333337,-998.2087467788759
3.66875,-998.2086117371025
3.6704166666666667,-998.2086629598442
3.6720833333333336,-998.2088445677463
3.67375,-998.2090820550029
3.675416666666667,-998.2093102290338
3.6770833333333335,-998.2094778670973
3.67875,-998.209529089839
3.680416666666667,-998.2094406141944
3.6820833333333334,-998.2092124401635
3.6837500000000003,-998.2088771640365
3.685416666666667,-998.2084720387163
3.6870833333333337,-998.2080622567833
3.68875,-998.2077130108177
3.6904166666666667,-998.2074801801739
3.6920833333333336,-998.207438270658
3.69375,-998.207624535173
3.695416666666667,-998.2080436303318
3.6970833333333335,-998.2086629598442
3.6987666666666668,-998.2094126745171
3.7004333333333337,-998.2101903288673
3.7021,-998.2109121038629
3.7037666666666667,-998.2114941804723
3.7054333333333336,-998.2118760227281
3.7071,-998.2120250343401
3.708766666666667,-998.2119412153083
3.7104333333333335,-998.2116478486972
3.7121000000000004,-998.2111961572483
3.713766666666667,-998.2106466769291
3.7154333333333334,-998.2100832267711
3.7171000000000003,-998.2095663427419
3.7187666666666668,-998.2091332777446
3.7204333333333337,-998.2087980016175
3.7221,-998.2085232614579
3.7237666666666667,-998.2082671477498
3.7254500000000004,-998.2079737811387
3.727116666666667,-998.2076105653343
3.7287833333333333,-998.207177500337
3.7304500000000003,-998.2066792427594
3.7321166666666667,-998.2061344190529
3.7337833333333337,-998.2055849387336
3.73545,-998.2050680547045
3.7371166666666666,-998.20463964632
3.7387833333333336,-998.2043509363217
3.74045,-998.20426711729
3.742116666666667,-998.2044254421277
3.7437833333333335,-998.2048724769637
3.7454500000000004,-998.2056268482495
3.747116666666667,-998.2066652729206
3.7487833333333334,-998.2079318716228
3.7504500000000003,-998.2093148856467
3.7521166666666668,-998.2106699599934
3.7537833333333337,-998.2118480830509
3.75545,-998.2127048998199
3.7571333333333334,-998.2131565912688
3.7588000000000004,-998.2131798743332
3.760466666666667,-998.2128073453032
3.7621333333333333,-998.2121367930491
3.7638000000000003,-998.2113079159574
3.7654666666666667,-998.2104650690269
3.7671333333333337,-998.2097246675797
3.7688,-998.2091658740347
3.7704666666666666,-998.2088119714562
3.7721333333333336,-998.2086396767799
3.7738,-998.2085884540381
3.775466666666667,-998.2085884540381
3.7771333333333335,-998.2085791408124
3.7788000000000004,-998.2085139482322
3.780466666666667,-998.2083882196846
3.7821333333333333,-998.2081926419438
3.7838000000000003,-998.2079458414614
3.7854833333333335,-998.2076478182374
3.78715,-998.2073078854975
3.788816666666667,-998.2069353564675
3.7904833333333334,-998.2065581708246
3.7921500000000004,-998.2062368645362
3.793816666666667,-998.206055256634
3.7954833333333333,-998.2061064793756
3.7971500000000002,-998.2064603819542
3.7988166666666667,-998.2071542172727
3.8004833333333337,-998.2081414192022
3.80215,-998.2093195422595
3.803816666666667,-998.21053491822
3.8054833333333336,-998.2115966259556
3.80715,-998.2123509972414
3.808816666666667,-998.2126862733684
3.8104833333333334,-998.2125745146594
3.8121500000000004,-998.212066943856
3.813816666666667,-998.2112846328929
3.8155,-998.2103626235437
3.817166666666667,-998.2094592406459
3.8188333333333335,-998.2086815862957
3.8205,-998.2080855398476
3.822166666666667,-998.2076850711404
3.8238333333333334,-998.2074429272709
3.8255000000000003,-998.2073032288846
3.827166666666667,-998.2072054400143
3.8288333333333333,-998.2071076511438
3.8305000000000002,-998.2069772659834
3.8321666666666667,-998.2068235977584
3.8338333333333336,-998.2066559596949
3.8355,-998.2064929782443
3.837166666666667,-998.2063393100194
3.8388333333333335,-998.2061856417946
3.8405,-998.2060040338924
3.842166666666667,-998.2057991429259
3.8438333333333334,-998.2055756255079
3.8455166666666667,-998.2053753911542
3.8471833333333336,-998.2052543192195
3.84885,-998.2052822588968
3.850516666666667,-998.2055197461534
3.8521833333333335,-998.2060086905053
3.85385,-998.2067490919525
3.855516666666667,-998.2076897277533
3.8571833333333334,-998.2087467788759
3.8588500000000003,-998.2098177998372
3.860516666666667,-998.2107817187024
3.8621833333333333,-998.2115500598269
3.8638500000000002,-998.2120529740174
3.8655166666666667,-998.2122718348224
3.8671833333333336,-998.2122206120808
3.86885,-998.2119319020826
3.870516666666667,-998.2114662407951
3.8721833333333335,-998.2108701943471
3.873866666666667,-998.2102089553188
3.8755333333333337,-998.2095384030647
3.8772,-998.2089004471009
3.8788666666666667,-998.2083276837171
3.8805333333333336,-998.2078433959781
3.8822,-998.2074475838838
3.883866666666667,-998.2071309342082
3.8855333333333335,-998.2068794771129
3.8872,-998.2066606163078
3.888866666666667,-998.2064510687285
3.8905333333333334,-998.2062182380847
3.8922000000000003,-998.205948154538
3.893866666666667,-998.2056501313139
3.8955333333333337,-998.2053521080899
3.8972,-998.2051006509946
3.8988666666666667,-998.2049702658342
3.9005333333333336,-998.2050261451886
3.9022,-998.2053288250255
3.9038833333333334,-998.2059109016349
3.9055500000000003,-998.2067537485653
3.907216666666667,-998.2077921732365
3.9088833333333337,-998.2089144169395
3.91055,-998.2099807812879
3.9122166666666667,-998.2108655377342
3.9138833333333336,-998.2114569275693
3.91555,-998.211694414826
3.917216666666667,-998.2115640296655
3.9188833333333335,-998.2111076816037
3.92055,-998.2103998764467
3.922216666666667,-998.209529089839
3.9238833333333334,-998.2086024238768
3.9255500000000003,-998.2077083542048
3.927216666666667,-998.2069213866289
3.9288833333333337,-998.2062927438907
3.93055,-998.2058410524418
3.9322166666666667,-998.2055616556693
3.9339000000000004,-998.2054126440572
3.935566666666667,-998.2053521080899
3.9372333333333334,-998.205347451477
3.9389000000000003,-998.205347451477
3.9405666666666668,-998.2053148551869
3.9422333333333337,-998.2052310361552
3.9439,-998.2050773679302
3.9455666666666667,-998.2048678203508
3.9472333333333336,-998.2046303330942
3.9489,-998.204411472289
3.950566666666667,-998.2042624606771
3.9522333333333335,-998.2042391776127
3.9539,-998.2043881892247
3.955566666666667,-998.204751405029
3.9572333333333334,-998.2053288250255
3.9589000000000003,-998.2061064793756
3.960566666666667,-998.2070145188864
3.96225,-998.2079691245258
3.963916666666667,-998.2088678508107
3.9655833333333335,-998.2096175654837
3.9672500000000004,-998.2101577325772
3.968916666666667,-998.2104557558011
3.9705833333333334,-998.2104930087041
3.9722500000000003,-998.2102927743505
3.9739166666666668,-998.2098736791918
3.9755833333333337,-998.2092916025823
3.97725,-998.2086070804896
3.9789166666666667,-998.207889962107
3.9805833333333336,-998.2072054400143
3.98225,-998.2066187067919
3.983916666666667,-998.2061530455044
3.9855833333333335,-998.2058177693774
3.9872500000000004,-998.2055942519594
3.988916666666667,-998.2054359271216
3.9905833333333334,-998.2052962287354
3.9922666666666675,-998.2051518737362
3.9939333333333336,-998.2049702658342
3.9956000000000005,-998.204751405029
3.9972666666666674,-998.2044952913209
3.9989333333333335,-998.2042205511611
