min,µS/cm
0.0,-997.8449908075132
0.0016666666666667052,-997.8451910418669
0.0033333333333334103,-997.8450466868677
0.004999999999999893,-997.843919786552
0.006666666666666599,-997.8412562039873
0.008333333333333304,-997.8369581503034
0.010000000000000009,-997.8315751058196
0.011666666666666714,-997.8261967179487
0.01333333333333342,-997.8221082118442
0.014999999999999902,-997.8203945783061
0.016666666666666607,-997.8216798034598
0.018333333333333313,-997.8259871703693
0.020000000000000018,-997.8327392590385
0.021666666666666723,-997.8409488675376
0.023333333333333428,-997.8493913066803
0.02499999999999991,-997.8568744835709
0.026666666666666616,-997.8624484491826
0.028350000000000097,-997.8655683798089
0.03001666666666658,-997.8661690828699
0.031683333333333286,-997.8646277440082
0.03334999999999999,-997.8616661382194
0.035016666666666696,-997.8581690219502
0.0366833333333334,-997.8549792421306
0.038350000000000106,-997.8527440679505
0.04001666666666659,-997.8518174019883
0.041683333333333294,-997.8522271839214
0.04335,-997.8537219566543
0.045016666666666705,-997.8558593419641
0.04668333333333341,-997.8581224558214
0.04834999999999989,-997.8600176972617
0.0500166666666666,-997.8611725372547
0.0516833333333333,-997.8613727716083
0.05335000000000001,-997.8605951172582
0.055016666666666714,-997.858993242429
0.05669999999999997,-997.8568279174422
0.05836666666666668,-997.854406478747
0.06003333333333338,-997.8519338173103
0.06170000000000009,-997.8491864157138
0.06336666666666657,-997.8445670557415
0.06503333333333328,-997.8328137648444
0.06669999999999998,-997.7998309758491
0.06836666666666669,-997.712938579597
0.07003333333333339,-997.5046110327843
0.0717000000000001,-997.0488962703612
0.07336666666666658,-996.131683232324
0.07503333333333329,-994.4187016200361
0.07669999999999999,-991.4284436923584
0.0783666666666667,-986.5192561347593
0.0800333333333334,-978.9003808884418
0.0817000000000001,-967.6758204436283
0.08336666666666659,-951.925064880366
0.0850333333333333,-930.8183337239634
0.0867,-903.7546445167412
0.08838333333333326,-870.5040257752426
0.09004999999999996,-831.3304050040107
0.09171666666666667,-787.0721168755889
0.09338333333333337,-739.1610977887926
0.09505000000000008,-689.5692835979021
0.09671666666666678,-640.6811022389127
0.09838333333333327,-595.102208012297
0.10004999999999997,-555.4253936537659
0.10171666666666668,-523.9826769214043
0.10338333333333338,-502.61614401946593
0.10505000000000009,-492.49812052235853
0.10671666666666657,-494.0242695128658
0.10838333333333328,-506.7922642951795
0.11004999999999998,-529.6662731699954
0.11171666666666669,-560.9156380225511
0.11338333333333339,-598.4068664714727
0.1150500000000001,-639.8223436622984
0.11673333333333336,-682.8774887523043
0.11840000000000006,-725.5105491380722
0.12006666666666677,-766.0251719718916
0.12173333333333325,-803.1744560241581
0.12339999999999995,-836.1845839937146
0.12506666666666666,-864.7247873548068
0.12673333333333336,-888.8364959921857
0.12840000000000007,-908.8379940524874
0.13006666666666677,-925.2212107764656
0.13173333333333326,-938.5548489813483
0.13339999999999996,-949.4037884051929
0.13506666666666667,-958.2717814288436
0.13673333333333337,-965.569620470316
0.13840000000000008,-971.6079248914532
0.14006666666666656,-976.6084053444715
0.14173333333333327,-980.7258243582797
0.14339999999999997,-984.0723364539781
0.14508333333333323,-986.7388852810202
0.14674999999999994,-988.8105005905081
0.14841666666666664,-990.3745963193358
0.15008333333333335,-991.5228984279199
0.15175000000000005,-992.34862764941
0.15341666666666676,-992.941069879076
0.15508333333333346,-993.3795505172478
0.15674999999999994,-993.7284984596672
0.15841666666666665,-994.0345869371829
0.16008333333333336,-994.3263935830101
0.16175000000000006,-994.6163608667517
0.16341666666666677,-994.9044748185689
0.16508333333333325,-995.1828471362511
0.16674999999999995,-995.4402972922848
0.16841666666666666,-995.6662594320561
0.17008333333333336,-995.8535251188341
0.17175000000000007,-995.9996449742465
0.17341666666666655,-996.1070264671496
0.17510000000000003,-996.1820445005699
0.17676666666666674,-996.2335419823572
0.17843333333333322,-996.2711022218089
0.18009999999999993,-996.3034843077434
0.18176666666666663,-996.337463611894
0.18343333333333334,-996.3771845197199
0.18510000000000004,-996.4241045510508
0.18676666666666675,-996.4773482626664
0.18843333333333345,-996.5344616195813
0.19009999999999994,-996.5922315589116
0.19176666666666664,-996.6475102103536
0.19343333333333335,-996.697810942632
0.19510000000000005,-996.7416762359169
0.19676666666666676,-996.7787475310167
0.19843333333333324,-996.8096069045409
0.20009999999999994,-996.8355162985788
0.20176666666666665,-996.8580589615079
0.20343333333333335,-996.8788134850929
0.2051166666666666,-996.8991116606161
0.20678333333333332,-996.9198708408139
0.20845000000000002,-996.9415380605225
0.21011666666666673,-996.9641319461931
0.21178333333333343,-996.987317221699
0.21344999999999992,-997.0105863162365
0.21511666666666662,-997.0333990627124
0.21678333333333333,-997.0552991130647
0.21845000000000003,-997.0759884440694
0.22011666666666674,-997.0953273573402
0.22178333333333344,-997.1133391359417
0.22344999999999993,-997.1301401951956
0.22511666666666663,-997.145916799617
0.22678333333333334,-997.160883153398
0.22845000000000004,-997.1752441475053
0.23011666666666675,-997.1891720766151
0.23178333333333323,-997.2027926692753
0.23344999999999994,-997.2161664614529
0.23513333333333342,-997.2293120795997
0.2367999999999999,-997.2421876141998
0.2384666666666666,-997.2547651255759
0.2401333333333333,-997.2670166740506
0.24180000000000001,-997.2789376030113
0.24346666666666672,-997.290555852135
0.24513333333333343,-997.301904017712
0.24680000000000013,-997.3130193526451
0.2484666666666666,-997.3239018569346
0.2501333333333333,-997.3345282475159
0.2518,-997.3448473016474
0.25346666666666673,-997.3547891701361
0.25513333333333343,-997.3642793471759
0.2567999999999999,-997.3732805798637
0.2584666666666666,-997.3817602719096
0.2601333333333333,-997.3897417063777
0.2618166666666666,-997.3972761060098
0.2634833333333333,-997.4044705729021
0.26515,-997.4114554922149
0.2668166666666667,-997.418361249109
0.2684833333333334,-997.425304258906
0.2701499999999999,-997.4323171178961
0.2718166666666668,-997.4393672297892
0.2734833333333333,-997.4463568057149
0.27515,-997.453146147287
0.2768166666666667,-997.4596002127322
0.2784833333333334,-997.4656351830184
0.2801500000000001,-997.4712091486301
0.2818166666666666,-997.4763453926315
0.2834833333333333,-997.4810997943772
0.28515,-997.4855608295117
0.2868166666666667,-997.4898356001311
0.2884833333333334,-997.494017238493
0.2901499999999999,-997.4982175033066
0.2918333333333334,-997.5025202136032
0.2935000000000001,-997.5069812487378
0.2951666666666666,-997.5116192351616
0.2968333333333333,-997.5164015765844
0.2985,-997.5212491105875
0.3001666666666667,-997.5260593916877
0.3018333333333334,-997.53071134795
0.3034999999999999,-997.5350932206657
0.3051666666666668,-997.5391165341898
0.3068333333333333,-997.5427114393295
0.3085,-997.5458639662461
0.3101666666666667,-997.5485834281652
0.3118333333333334,-997.550944330893
0.3135000000000001,-997.5530724029769
0.3151666666666666,-997.5551166560292
0.3168333333333333,-997.5572307582745
0.3185,-997.5595311250349
0.3201666666666667,-997.5620736356648
0.3218333333333334,-997.5648256938741
0.3235166666666667,-997.5676988240181
0.3251833333333334,-997.5705486710978
0.3268500000000001,-997.5732355367268
0.32851666666666657,-997.5756430055833
0.3301833333333333,-997.5776919152484
0.33185,-997.5793776091092
0.3335166666666667,-997.5807280268431
0.3351833333333334,-997.5818269874816
0.3368500000000001,-997.5827955629596
0.3385166666666668,-997.5837548252119
0.3401833333333333,-997.5848305027861
0.34185,-997.5861110713269
0.3435166666666667,-997.5876291271242
0.3451833333333334,-997.589352073888
0.3468500000000001,-997.5912100624253
0.3485166666666666,-997.5930913340268
0.3501833333333333,-997.5948887865967
0.35186666666666677,-997.5965046312643
0.35353333333333326,-997.5978829886755
0.35519999999999996,-997.5989866059268
0.35686666666666667,-997.5998108264058
0.35853333333333337,-997.6003696199508
0.3602000000000001,-997.6007095526908
0.36186666666666656,-997.6009097870443
0.3635333333333335,-997.6010774251079
0.36519999999999997,-997.6013614784932
0.3668666666666667,-997.6018876757481
0.3685333333333334,-997.6027398359043
0.3702000000000001,-997.6039319288004
0.3718666666666668,-997.6054127316947
0.3735333333333333,-997.6070658292655
0.3752,-997.6087422099005
0.3768666666666667,-997.6102788921494
0.3785333333333334,-997.6115501474643
0.3802000000000001,-997.6124907832651
0.38188333333333335,-997.6131007995517
0.38355000000000006,-997.6134779851947
0.38521666666666676,-997.6137573819672
0.38688333333333325,-997.6141252543842
0.38854999999999995,-997.614735270671
0.39021666666666666,-997.6156991895361
0.39188333333333336,-997.6170542638828
0.39355000000000007,-997.6187492709694
0.39521666666666655,-997.6206771086997
0.3968833333333335,-997.6226934220748
0.39854999999999996,-997.6246585127082
0.40021666666666667,-997.626455965278
0.40188333333333337,-997.628020587204
0.4035500000000001,-997.629329095422
0.4052166666666668,-997.6304001163833
0.40688333333333326,-997.631270902991
0.40854999999999997,-997.6319880213738
0.41023333333333345,-997.6326259773376
0.41189999999999993,-997.6332639333016
0.41356666666666664,-997.6340136479745
0.41523333333333334,-997.6349775668397
0.41690000000000005,-997.6362441655417
0.41856666666666675,-997.6378506969837
0.42023333333333324,-997.6397645648753
0.42189999999999994,-997.6418786671207
0.42356666666666665,-997.6440533053335
0.42523333333333335,-997.6461161848372
0.42690000000000006,-997.6479322638586
0.42856666666666676,-997.64940841014
0.43023333333333347,-997.6505213406173
0.43189999999999995,-997.6513083081932
0.43356666666666666,-997.6518671017382
0.43523333333333336,-997.6523560460901
0.43690000000000007,-997.6529334660866
0.43856666666666677,-997.6537576865655
0.44025000000000003,-997.654935809623
0.44191666666666674,-997.6564957749362
0.44358333333333344,-997.6583723899249
0.4452499999999999,-997.6604445826543
0.44691666666666663,-997.662549371674
0.44858333333333333,-997.664528432146
0.45025000000000004,-997.6662886318128
0.45191666666666674,-997.6677880611586
0.4535833333333332,-997.6690546598606
0.45525000000000015,-997.6701443072735
0.45691666666666664,-997.6711315092031
0.45858333333333334,-997.6720628317781
0.46025000000000005,-997.6729941543532
0.46191666666666675,-997.6739673864441
0.46358333333333346,-997.6750244375668
0.46524999999999994,-997.6762165304629
0.46691666666666665,-997.6775809180352
0.46858333333333335,-997.679122256897
0.4702666666666666,-997.6808265772094
0.4719333333333333,-997.6826379996178
0.4736,-997.6844913315422
0.4752666666666667,-997.6862980973377
0.47693333333333343,-997.6879791345857
0.4785999999999999,-997.6894552808672
0.4802666666666666,-997.6906473737632
0.4819333333333333,-997.6915274735966
0.48360000000000003,-997.6921188634318
0.48526666666666673,-997.6925007056875
0.4869333333333332,-997.6928080421374
0.48860000000000015,-997.6931991976188
0.49026666666666663,-997.6937999006798
0.49193333333333333,-997.6946753439003
0.49360000000000004,-997.6958162140547
0.49526666666666674,-997.6971386921113
0.49693333333333345,-997.6985217061352
0.4986166666666667,-997.6998348709661
0.5002833333333332,-997.7009850543462
0.5019500000000001,-997.7019210335342
0.5036166666666666,-997.702638151917
0.5052833333333333,-997.7032016020748
0.50695,-997.703681233201
0.5086166666666667,-997.7041841473915
0.5102833333333334,-997.7047941636782
0.5119499999999999,-997.7055904444799
0.5136166666666668,-997.7066009294738
0.5152833333333333,-997.7078302752728
0.51695,-997.7092226025226
0.5186166666666667,-997.710698748804
0.5202833333333332,-997.7121609252468
0.5219500000000001,-997.7135253128193
0.5236166666666666,-997.7147267189412
0.5252833333333333,-997.7157372039351
0.52695,-997.7165521111882
0.5286333333333333,-997.7171807539264
0.5303,-997.717641758601
0.5319666666666667,-997.717977034728
0.5336333333333334,-997.7182471182748
0.5353000000000001,-997.7185451414988
0.5369666666666666,-997.7189642366576
0.5386333333333335,-997.7195928793957
0.5403,-997.720477635842
0.5419666666666667,-997.7216045361579
0.5436333333333334,-997.7228990745372
0.5452999999999999,-997.7242448356582
0.5469666666666668,-997.7255021211345
0.5486333333333333,-997.7265452024185
0.5503,-997.7272902604785
0.5519666666666667,-997.7277093556373
0.55365,-997.7278397407978
0.5553166666666667,-997.7277652349918
0.5569833333333334,-997.7276162233798
0.5586499999999999,-997.7275417175738
0.5603166666666668,-997.7276814159601
0.5619833333333333,-997.7281237941831
0.56365,-997.728915418372
0.5653166666666667,-997.7300143790105
0.5669833333333334,-997.7313275438414
0.5686500000000001,-997.7327245277039
0.5703166666666666,-997.7340749454378
0.5719833333333335,-997.7352670383339
0.57365,-997.7362495836505
0.5753166666666667,-997.7370179247749
0.5769833333333334,-997.73760931461
0.5786499999999999,-997.7380703192847
0.5803166666666668,-997.7384475049276
0.5819833333333333,-997.7387781244418
0.58365,-997.7390947741172
0.5853166666666667,-997.7394160804057
0.587,-997.739774639597
0.5886666666666667,-997.7401937347558
0.5903333333333334,-997.7406826791077
0.5920000000000001,-997.7412275028141
0.5936666666666668,-997.7417956095849
0.5953333333333333,-997.7423450899042
0.597,-997.7428247210304
0.5986666666666667,-997.7431972500603
0.6003333333333334,-997.7434487071556
0.6020000000000001,-997.7435930621548
0.6036666666666666,-997.7436489415093
0.6053333333333335,-997.7436629113479
0.607,-997.7437141340895
0.6086666666666667,-997.7438957419917
0.6103333333333334,-997.7443148371505
0.6119999999999999,-997.745041268759
0.6136666666666668,-997.7460936632688
0.6153333333333333,-997.7473928582609
0.6170166666666665,-997.7488038119621
0.6186833333333335,-997.7501402598574
0.62035,-997.7512252506573
0.6220166666666667,-997.7519423690401
0.6236833333333334,-997.7522683319413
0.6253500000000001,-997.7522590187156
0.6270166666666668,-997.7520355012975
0.6286833333333333,-997.7517374780736
0.6303500000000002,-997.7515093040427
0.6320166666666667,-997.7514487680753
0.6336833333333334,-997.7516257193646
0.6353500000000001,-997.7520727542005
0.6370166666666666,-997.7527852159704
0.6386833333333335,-997.7537165385455
0.64035,-997.7547922161198
0.6420166666666667,-997.755900489984
0.6436833333333334,-997.7569202882037
0.6453666666666666,-997.7577491652955
0.6470333333333333,-997.7583033022277
0.6487,-997.75855010271
0.6503666666666665,-997.7584895667427
0.6520333333333335,-997.7581729170671
0.6537,-997.7576839727152
0.6553666666666667,-997.7571205225573
0.6570333333333334,-997.7565943253024
0.6587000000000001,-997.7562357661111
0.6603666666666668,-997.7561472904664
0.6620333333333333,-997.7564080607874
0.6637000000000002,-997.7570460167514
0.6653666666666667,-997.7580145922294
0.6670333333333334,-997.7592066851255
0.6687000000000001,-997.7604732838275
0.6703666666666666,-997.761651406885
0.6720333333333335,-997.7626060125244
0.6737,-997.763253281714
0.6753666666666667,-997.7635652747767
0.6770500000000002,-997.7635792446154
0.6787166666666666,-997.7633790102617
0.6803833333333333,-997.763071673812
0.68205,-997.7627922770394
0.6837166666666668,-997.7626618918789
0.6853833333333335,-997.7627783072007
0.6870499999999999,-997.7631741192952
0.6887166666666669,-997.7638260450977
0.6903833333333333,-997.7646456089637
0.69205,-997.7655303654101
0.6937166666666668,-997.7663732123405
0.6953833333333332,-997.7670903307232
0.6970500000000002,-997.767621184591
0.6987166666666667,-997.7679424908794
0.7003833333333334,-997.7680542495884
0.7020666666666668,-997.7679704305567
0.7037166666666665,-997.7677329433001
0.7054,-997.7673883539472
0.7070666666666667,-997.7670018550787
0.7087333333333332,-997.7666758921773
0.7104000000000001,-997.7665082541139
0.7120666666666666,-997.7665734466941
0.7137333333333333,-997.7669180360468
0.7154,-997.7675280523335
0.7170666666666667,-997.768328989748
0.7187333333333334,-997.7692044329686
0.7203999999999999,-997.7700193402218
0.7220666666666669,-997.7706433263471
0.7237333333333333,-997.7709879156998
0.7254,-997.7710158553771
0.7270666666666667,-997.7707550850561
0.7287333333333332,-997.7702987369943
0.7304000000000002,-997.7697958228038
0.7320833333333334,-997.7694186371609
0.7337499999999999,-997.7693348181291
0.7354166666666668,-997.7696561244176
0.7370833333333333,-997.7704104957033
0.73875,-997.7715187695676
0.7404166666666667,-997.7728272777855
0.7420833333333332,-997.7741450992293
0.7437500000000001,-997.7752906259966
0.7454166666666666,-997.7761474427656
0.7470833333333333,-997.7766736400205
0.74875,-997.776878530987
0.7504166666666667,-997.7768179950197
0.7520833333333334,-997.7765665379244
0.7537499999999999,-997.7761986655072
0.7554166666666668,-997.7757935401871
0.7570833333333333,-997.775421011157
0.75875,-997.7751648974489
0.7604166666666667,-997.7750950482558
0.7621,-997.7752673429321
0.7637666666666667,-997.7756957513167
0.7654333333333334,-997.7763430205064
0.7670999999999999,-997.777139301308
0.7687666666666668,-997.777963521787
0.7704333333333333,-997.7786899533955
0.7721,-997.7792021808118
0.7737666666666667,-997.7794303548427
0.7754333333333334,-997.7793511924237
0.7771000000000001,-997.7790112596839
0.7787666666666666,-997.7785083454934
0.7804333333333335,-997.7779774916256
0.7821,-997.7775677096926
0.7837666666666667,-997.7774186980805
0.7854333333333334,-997.7775909927569
0.7870999999999999,-997.7780892503346
0.7887666666666668,-997.7788249951689
0.7904333333333333,-997.7796445590349
0.7921166666666666,-997.7803756472563
0.7937833333333335,-997.7808552783824
0.79545,-997.7809949767687
0.7971166666666667,-997.7807761159636
0.7987833333333334,-997.7802732017731
0.8004499999999999,-997.7796166193576
0.8021166666666668,-997.7789600369423
0.8037833333333333,-997.7784431529132
0.80545,-997.7781730693663
0.8071166666666667,-997.7781916958178
0.8087833333333334,-997.778485062429
0.8104500000000001,-997.7789786633938
0.8121166666666666,-997.7795840230675
0.8137833333333335,-997.7801893827414
0.81545,-997.7807155799962
0.8171166666666667,-997.7811160487034
0.8187833333333334,-997.781358192573
0.8204499999999999,-997.7814466682177
0.8221333333333334,-997.781395445476
0.8238000000000001,-997.7812231507996
0.8254666666666666,-997.78094841064
0.8271333333333335,-997.7806038212872
0.8288,-997.7802359488701
0.8304666666666667,-997.7799286124203
0.8321333333333334,-997.7797749441954
0.8337999999999999,-997.7798773896786
0.8354666666666668,-997.7802918282246
0.8371333333333333,-997.7810182598331
0.8388,-997.7819775220854
0.8404666666666667,-997.7830485430467
0.8421333333333334,-997.7840590280407
0.8438000000000001,-997.7848599654552
0.8454666666666666,-997.7853349399685
0.8471333333333335,-997.7854420420646
0.8488166666666668,-997.7852092114208
0.8504833333333333,-997.7847249236818
0.8521500000000002,-997.7841102507823
0.8538166666666667,-997.7835188609471
0.8554833333333334,-997.7830764827239
0.8571500000000001,-997.7828995314347
0.8588166666666666,-997.7830206033694
0.8604833333333335,-997.7834164154639
0.86215,-997.7839938354604
0.8638166666666667,-997.7846224781986
0.8654833333333334,-997.7851719585178
0.8671500000000001,-997.7855444875479
0.8688166666666668,-997.7856795293212
0.8704833333333333,-997.7855724272251
0.8721500000000002,-997.7852557775495
0.8738166666666667,-997.7847761464234
0.8754833333333334,-997.7841847565883
0.8771500000000001,-997.7835468006243
0.8788333333333334,-997.7829367843377
0.8805000000000001,-997.7824618098244
0.8821666666666668,-997.7822289791807
0.8838333333333332,-997.7823360812768
0.8855000000000002,-997.7828296822415
0.8871666666666667,-997.7836818423978
0.8888333333333334,-997.784790116262
0.8905000000000001,-997.7860008356096
0.8921666666666666,-997.7871370491512
0.8938333333333335,-997.788040432049
0.8955,-997.7886085388197
0.8971666666666667,-997.788785490109
0.8988333333333334,-997.7885945689811
0.9005000000000001,-997.7881009680164
0.9021666666666668,-997.7874117893108
0.9038333333333333,-997.7866760444765
0.9055000000000002,-997.7860474017384
0.9071666666666667,-997.7856562462568
0.9088499999999999,-997.785577083838
0.9105166666666669,-997.7858238843204
0.9121833333333333,-997.7863500815753
0.91385,-997.7870485735066
0.9155166666666668,-997.7877982881795
0.9171833333333332,-997.7884688404336
0.9188500000000002,-997.7889624413983
0.9205166666666666,-997.7892138984936
0.9221833333333334,-997.7891813022034
0.9238500000000001,-997.7888693091408
0.9255166666666668,-997.7883151722086
0.9271833333333335,-997.7875840839872
0.92885,-997.7867691767341
0.9305166666666667,-997.7859915223838
0.9321833333333334,-997.7853815060972
0.9338500000000001,-997.7850369167445
0.9355166666666668,-997.7850182902929
0.9371833333333333,-997.785316313517
0.9388666666666667,-997.7858518239976
0.9405333333333334,-997.786513063026
0.9421999999999999,-997.7871556756027
0.9438666666666669,-997.7876585897932
0.9455333333333333,-997.7879426431786
0.9472,-997.7879752394688
0.9488666666666667,-997.787779661728
0.9505333333333332,-997.7874350723752
0.9522000000000002,-997.787034603668
0.9538666666666666,-997.7867179539924
0.9555333333333333,-997.7865922254448
0.9572,-997.786731923831
0.9588666666666668,-997.7871556756027
0.9605333333333335,-997.787816914631
0.9621999999999999,-997.7886085388197
0.9638666666666669,-997.78941878946
0.9655333333333334,-997.7901172813913
0.9672000000000001,-997.7906248521947
0.9688833333333335,-997.7908809659028
0.97055,-997.79087630929
0.9722166666666667,-997.7906201955818
0.9738833333333334,-997.7901452210685
0.9755499999999999,-997.7895026084918
0.9772166666666668,-997.788785490109
0.9788833333333333,-997.7880869981777
0.98055,-997.7875282046327
0.9822166666666667,-997.7872068983443
0.9838833333333333,-997.7871882718928
0.98555,-997.7874769818911
0.9872166666666667,-997.788003179146
0.9888833333333333,-997.7886737314
0.99055,-997.7893535968798
0.9922166666666667,-997.7899170470376
0.9938833333333333,-997.7902662930034
0.9955666666666667,-997.7903501120351
0.9972166666666668,-997.7901498776814
0.9989,-997.7896935296197
1.0005666666666666,-997.7890509170429
1.0022333333333333,-997.7883291420472
1.0039,-997.7876492765674
1.0055666666666667,-997.7871463623769
1.0072333333333334,-997.7869228449589
1.0089000000000001,-997.787034603668
1.0105666666666666,-997.7874769818911
1.0122333333333333,-997.7881987568867
1.0139,-997.7890928265588
1.0155666666666667,-997.7900334623596
1.0172333333333334,-997.7908809659028
1.0189000000000001,-997.7915142652539
1.0205666666666666,-997.7918402281551
1.0222333333333333,-997.7918122884779
1.0239,-997.7914444160608
1.0255833333333333,-997.7908111167097
1.0272333333333334,-997.7900427755853
1.0289166666666667,-997.7892790910738
1.0305833333333334,-997.7886551049485
1.0322500000000001,-997.7882779193056
1.0339166666666668,-997.7881894436609
1.0355833333333333,-997.7883803647888
1.03725,-997.7887901467219
1.0389166666666667,-997.7893303138154
1.0405833333333334,-997.7898891073604
1.0422500000000001,-997.7903640818737
1.0439166666666668,-997.7906621050978
1.0455833333333333,-997.7907412675166
1.04725,-997.7905875992917
1.0489166666666667,-997.7902383533261
1.0505833333333334,-997.7897913184901
1.0522500000000001,-997.7893629101055
1.0539166666666666,-997.789083513333
1.0556,-997.7890555736558
1.05725,-997.7893210005897
1.0589333333333333,-997.789865824296
1.0606,-997.790615538969
1.0622666666666667,-997.7914630425123
1.0639333333333334,-997.7922872629912
1.0656,-997.7929764416967
1.0672666666666668,-997.7934560728229
1.0689333333333333,-997.7936889034667
1.0706,-997.7936563071765
1.0722666666666667,-997.793376910404
1.0739333333333334,-997.7928786528264
1.0756000000000001,-997.7922360402496
1.0772666666666668,-997.7915422049311
1.0789333333333333,-997.790913562193
1.0806,-997.7904711839699
1.0822666666666667,-997.790280262842
1.0839333333333334,-997.7903594252608
1.0856166666666667,-997.7906574484849
1.0872833333333334,-997.7910718870307
1.08895,-997.7914770123509
1.0906166666666668,-997.7917564091234
1.0922833333333335,-997.7918309149294
1.09395,-997.7916679334788
1.0956166666666667,-997.7912954044488
1.0972833333333334,-997.7907785204196
1.09895,-997.7902150702618
1.1006166666666668,-997.7897354391356
1.1022833333333333,-997.7894560423631
1.10395,-997.7894746688146
1.1056166666666667,-997.7898239147802
1.1072833333333334,-997.7904804971956
1.10895,-997.7913373139646
1.1106166666666668,-997.7922546667011
1.1122833333333333,-997.7930835437928
1.11395,-997.7937168431439
1.1156333333333335,-997.7940986853997
1.1173,-997.7942290705602
1.1189666666666667,-997.7941405949156
1.1206333333333334,-997.7938891378203
1.1223,-997.7935212654031
1.1239666666666668,-997.7930975136316
1.1256333333333335,-997.792669105247
1.1273,-997.7923152026684
1.1289666666666667,-997.792105655089
1.1306333333333334,-997.7920963418633
1.1323,-997.7923152026684
1.1339666666666668,-997.7927296412144
1.1356333333333335,-997.7932698083079
1.1373,-997.7938379150787
1.1389666666666667,-997.7943222028177
1.1406333333333334,-997.7946295392675
1.1423166666666666,-997.7946993884606
1.1439833333333334,-997.7945224371713
1.14565,-997.7941452515284
1.1473166666666668,-997.7936423373379
1.1489833333333335,-997.7931394231474
1.15065,-997.7927575808916
1.1523166666666667,-997.7926132258925
1.1539833333333334,-997.792780863956
1.15565,-997.7932604950821
1.1573166666666668,-997.7939822700778
1.1589833333333335,-997.7948158037825
1.16065,-997.7956120845841
1.1623166666666667,-997.7962314140965
1.1639833333333334,-997.796589973288
1.16565,-997.7966551658682
1.1673166666666668,-997.7964549315145
1.1689833333333335,-997.7960544628073
1.17065,-997.7955142957137
1.1723333333333334,-997.7949042794271
1.1739833333333334,-997.7942896065275
1.1756666666666666,-997.793749439434
1.1773333333333333,-997.7933722537912
1.179,-997.7932558384692
1.1806666666666668,-997.79345141621
1.1823333333333335,-997.7939543304005
1.1840000000000002,-997.7946993884606
1.1856666666666666,-997.795542235391
1.1873333333333334,-997.796329202967
1.189,-997.7968926531248
1.1906666666666668,-997.7971161705428
1.1923333333333335,-997.796957845705
1.194,-997.796436305063
1.1956666666666667,-997.7956539941
1.1973333333333334,-997.7947738942665
1.199,-997.793972956852
1.2006666666666668,-997.7934234765328
1.20235,-997.793265151695
1.204,-997.7935305786289
1.2056833333333334,-997.7941825044314
1.2073500000000001,-997.7950719174906
1.2090166666666666,-997.7960172099042
1.2106833333333333,-997.7968181473188
1.21235,-997.7973303747351
1.2140166666666667,-997.7974840429599
1.2156833333333334,-997.7973164048965
1.2173500000000002,-997.796920592802
1.2190166666666666,-997.7964409616759
1.2206833333333333,-997.7960172099042
1.22235,-997.7957564395832
1.2240166666666668,-997.7957098734545
1.2256833333333335,-997.7958868247438
1.2273500000000002,-997.7962546971609
1.2290166666666666,-997.7967482981256
1.2306833333333334,-997.7973070916707
1.2323666666666668,-997.7978612286029
1.2340333333333333,-997.7983641427934
1.2357,-997.7987739247264
1.2373666666666667,-997.799053321499
1.2390333333333334,-997.7991743934336
1.2407000000000001,-997.7991138574663
1.2423666666666666,-997.7988391173067
1.2440333333333333,-997.7983455163419
1.2457,-997.797633054572
1.2473666666666667,-997.7967576113515
1.2490333333333334,-997.7958262887764
1.2507000000000001,-997.7949694720073
1.2523666666666666,-997.7943454858821
1.2540333333333333,-997.7940567758837
1.2557,-997.7941405949156
1.2573666666666667,-997.7945503768485
1.2590333333333334,-997.7951603931352
1.2607000000000002,-997.7958123189378
1.2623833333333334,-997.7963524860313
1.2640333333333333,-997.7966691357068
1.2657166666666668,-997.7967063886098
1.2673833333333333,-997.7964782145789
1.26905,-997.7960591194202
1.2707166666666667,-997.7955468920039
1.2723833333333334,-997.795057947652
1.2740500000000001,-997.7947180149121
1.2757166666666668,-997.7946062562031
1.2773833333333333,-997.7947832074923
1.27905,-997.7952395555541
1.2807166666666667,-997.7959240776468
1.2823833333333334,-997.7967529547385
1.2840500000000001,-997.7976190847334
1.2857166666666666,-997.7983967390835
1.2873833333333333,-997.7989974421445
1.28905,-997.7993513447229
1.2907166666666667,-997.7994072240774
1.2924,-997.799160423595
1.2940666666666667,-997.7986249131144
1.2957333333333334,-997.79785657199
1.2974,-997.796957845705
1.2990666666666668,-997.7960917157103
1.3007333333333333,-997.795430476682
1.3024,-997.7951184836194
1.3040666666666667,-997.7952209291026
1.3057333333333334,-997.7957145300674
1.3074000000000001,-997.7964642447403
1.3090666666666668,-997.7972838086064
1.3107333333333333,-997.7979636740861
1.3124,-997.7983315465033
1.3140666666666667,-997.7982896369874
1.3157333333333334,-997.7978379455385
1.3174000000000001,-997.7970556345755
1.3190833333333334,-997.7960917157103
1.3207333333333333,-997.7951464232966
1.3224166666666668,-997.7944013652366
1.3240833333333335,-997.7940195229808
1.32575,-997.7940986853997
1.3274166666666667,-997.7946388524932
1.3290833333333334,-997.7955655184554
1.33075,-997.7967203584484
1.3324166666666668,-997.7979264211831
1.3340833333333333,-997.7989974421445
1.33575,-997.7997937229461
1.3374166666666667,-997.800245414395
1.3390833333333334,-997.8003432032654
1.34075,-997.8001289990731
1.3424166666666668,-997.7996679943984
1.3440833333333333,-997.7990346950475
1.34575,-997.7983082634389
1.3474166666666667,-997.7975818318304
1.3491,-997.7969485324793
1.3507500000000001,-997.7965108108691
1.3524333333333334,-997.7963385161927
1.3541,-997.7964549315145
1.3557666666666668,-997.7968321171575
1.3574333333333335,-997.7973862540896
1.3591,-997.7979916137634
1.3607666666666667,-997.7985084977926
1.3624333333333334,-997.7988065210166
1.3641,-997.7988111776294
1.3657666666666668,-997.7984898713411
1.3674333333333335,-997.7978798550544
1.3691,-997.797074261027
1.3707666666666667,-997.7962174442579
1.3724333333333334,-997.7954770428107
1.3741,-997.7950067249103
1.3757666666666668,-997.7949042794271
1.3774333333333335,-997.7952023026511
1.3791166666666668,-997.7958495718408
1.3807666666666667,-997.7967250150613
1.38245,-997.7976749640878
1.3841166666666667,-997.7985410940827
1.3857833333333334,-997.7992209595625
1.38745,-997.7996586811727
1.3891166666666668,-997.7998589155263
1.3907833333333335,-997.7998542589135
1.39245,-997.7996912774629
1.3941166666666667,-997.7994258505289
1.3957833333333334,-997.7991092008534
1.39745,-997.7987925511779
1.3991166666666668,-997.7985457506956
1.4007833333333335,-997.7984107089221
1.40245,-997.7984339919865
1.4041166666666667,-997.79860163005
1.4057833333333334,-997.7988810268225
1.40745,-997.7991883632723
1.4091333333333333,-997.7994398203676
1.4107833333333335,-997.7995515790766
1.4124666666666668,-997.7994677600449
1.4141333333333335,-997.7991743934336
1.4158000000000002,-997.7986714792431
1.4174666666666667,-997.7980102402149
1.4191333333333334,-997.797260525542
1.4208,-997.7965294373206
1.4224833333333333,-997.7959380474854
1.4241333333333335,-997.7955888015198
1.4258166666666667,-997.7955562052297
1.4274833333333334,-997.7958216321636
1.4291500000000001,-997.7963152331283
1.4308166666666666,-997.7969066229634
1.4324833333333333,-997.7974467900569
1.43415,-997.7978379455385
1.4358166666666667,-997.7980148968278
1.4374833333333334,-997.7979823005377
1.4391500000000002,-997.7977913794098
1.4408166666666666,-997.7975073260244
1.4424833333333333,-997.7972093028003
1.44415,-997.796957845705
1.4458166666666667,-997.7968228039317
1.4474833333333335,-997.7968460869961
1.4491500000000002,-997.7970602911884
1.4508166666666666,-997.7974561032827
1.4524833333333333,-997.7979962703763
1.45415,-997.7986155998886
1.4558166666666668,-997.7992256161754
1.4574833333333335,-997.7997425002045
1.4591500000000002,-997.800096402783
1.4608166666666667,-997.8002267879435
1.4625000000000001,-997.8001196858473
1.46415,-997.7997797531075
1.4658333333333333,-997.7992349294011
1.4674833333333335,-997.7985410940827
1.4691666666666667,-997.7977774095712
1.4708333333333334,-997.7970463213497
1.4725000000000001,-997.7964782145789
1.4741666666666668,-997.7961801913549
1.4758333333333333,-997.7962221008708
1.4775,-997.7966132563523
1.4791666666666667,-997.7972884652193
1.4808333333333334,-997.7981126856981
1.4825000000000002,-997.7989322495641
1.4841666666666666,-997.7995795187538
1.4858333333333333,-997.7999380779453
1.4875,-997.7999427345582
1.4891666666666667,-997.7995981452053
1.4908333333333335,-997.7989695024672
1.4925000000000002,-997.7981778782784
1.4941666666666666,-997.7973862540896
1.4958500000000001,-997.7967436415128
1.4975,-997.79639905216
1.4991833333333333,-997.7964223352244
1.50085,-997.7968228039317
1.5025166666666667,-997.7975259524759
1.5041833333333334,-997.7983874258578
1.5058500000000001,-997.7992349294011
1.5075166666666668,-997.7998868552036
1.5091833333333333,-997.8002314445564
1.51085,-997.8002128181049
1.5125166666666667,-997.7998635721392
1.5141833333333334,-997.7992721823041
1.5158500000000001,-997.798564377147
1.5175166666666668,-997.7978751984415
1.5192,-997.797335031348
1.5208666666666668,-997.7970416647369
1.5225333333333335,-997.7970509779626
1.5242,-997.797372284251
1.5258666666666667,-997.7979497042475
1.5275333333333334,-997.7986714792431
1.5292000000000001,-997.7994025674645
1.5308666666666668,-997.7999986139126
1.5325333333333333,-997.8003338900396
1.5342,-997.8003292334267
1.5358666666666667,-997.7999427345582
1.5375333333333334,-997.7991976764981
1.5392000000000001,-997.7981732216655
1.5408666666666668,-997.796995098608
1.5425333333333333,-997.7958123189378
1.5442,-997.7948064905568
1.5458666666666667,-997.7941545647542
1.5475333333333334,-997.7939822700778
1.5492166666666667,-997.7943361726564
1.5508666666666668,-997.7951650497481
1.5525333333333333,-997.796329202967
1.5542,-997.7976004582819
1.5558833333333335,-997.7987459850492
1.5575333333333334,-997.7995608923023
1.5592166666666667,-997.7999147948808
1.5608833333333334,-997.7997750964946
1.56255,-997.7992069897239
1.5642166666666668,-997.7983315465033
1.5658833333333335,-997.797335031348
1.56755,-997.7963943955472
1.5692166666666667,-997.7956819337772
1.5708833333333334,-997.7953094047473
1.5725500000000001,-997.7953420010374
1.5742166666666668,-997.7957610961961
1.5758833333333333,-997.7964828711918
1.57755,-997.797372284251
1.5792166666666667,-997.7982803237617
1.5808833333333334,-997.799053321499
1.5825500000000001,-997.7995702055281
1.5842166666666668,-997.7997657832689
1.5859,-997.7996353981083
1.5875666666666668,-997.7992209595625
1.5892333333333335,-997.7986062866629
1.5909,-997.7978798550544
1.5925666666666667,-997.7971673932844
1.5942333333333334,-997.796589973288
1.5959,-997.7962779802253
1.5975666666666668,-997.7963198897412
1.5992333333333335,-997.7967482981256
1.6009,-997.797521295863
1.6025666666666667,-997.7985317808569
1.6042333333333334,-997.7996167716568
1.6059,-997.8005900037477
1.6075666666666668,-997.8012931522919
1.6092333333333335,-997.8016051453545
1.6109,-997.801479416807
1.6125666666666667,-997.8009532195521
1.6142333333333334,-997.8001150292345
1.6159166666666667,-997.799123170692
1.6175833333333334,-997.7981499386011
1.61925,-997.7973536577995
1.6209166666666668,-997.7968600568347
1.6225833333333335,-997.7967203584484
1.62425,-997.7968973097377
1.6259166666666667,-997.797297778445
1.6275833333333334,-997.7977774095712
1.62925,-997.7982104745685
1.6309166666666668,-997.7984852147282
1.6325833333333335,-997.7985550639213
1.63425,-997.798415365535
1.6359166666666667,-997.7981033724724
1.6375833333333334,-997.797670307475
1.63925,-997.7971767065102
1.6409166666666668,-997.7966924187712
1.6425833333333335,-997.7962966066768
1.64425,-997.7960730892588
1.6459333333333335,-997.796101028936
1.6476000000000002,-997.796436305063
1.6492666666666667,-997.7970696044141
1.6509333333333334,-997.797931077796
1.6526,-997.798899653274
1.6542666666666668,-997.7998123493976
1.6559333333333335,-997.8005248111675
1.6576000000000002,-997.8009252798748
1.6592666666666667,-997.8009532195521
1.6609333333333334,-997.8006319132636
1.6626,-997.8000265535899
1.6642666666666668,-997.7992675256912
1.6659333333333335,-997.7985038411797
1.6676,-997.7978984815059
1.6692666666666667,-997.7975818318304
1.6709333333333334,-997.7976283979591
1.6726166666666666,-997.7980195534407
1.6742666666666668,-997.7986575094045
1.67595,-997.7993885976259
1.6776166666666668,-997.8000451800414
1.6792833333333335,-997.8004922148774
1.6809500000000002,-997.800659852941
1.6826166666666666,-997.800543437619
1.6842833333333334,-997.8001988482663
1.68595,-997.7997192171401
1.6876166666666668,-997.7991930198851
1.6892833333333335,-997.7987040755332
1.6909500000000002,-997.7982942936003
1.6926166666666667,-997.7980009269892
1.6942833333333334,-997.7978426021514
1.69595,-997.7978239756999
1.6976166666666668,-997.7979450476346
1.6992833333333335,-997.7981778782784
1.7009500000000002,-997.7984991845668
1.7026333333333334,-997.798862400371
1.7042833333333334,-997.7992069897239
1.7059666666666669,-997.7994910431092
1.7076333333333333,-997.7996540245598
1.7093,-997.7996679943984
1.7109666666666667,-997.7995143261736
1.7126333333333335,-997.7992116463367
1.7143000000000002,-997.7988065210166
1.7159666666666666,-997.7983734560191
1.7176333333333333,-997.7980242100535
1.7193,-997.7978612286029
1.7209666666666668,-997.7979497042475
1.7226333333333335,-997.7982989502132
1.7243000000000002,-997.7988484305324
1.7259666666666666,-997.7994817298835
1.7276333333333334,-997.8000544932671
1.7293166666666668,-997.8004456487487
1.7309666666666668,-997.800580690522
1.73265,-997.8004409921358
1.7343166666666667,-997.8000777763315
1.7359833333333334,-997.7995655489152
1.7376500000000001,-997.7990067553702
1.7393166666666668,-997.798494527954
1.7409833333333333,-997.7981033724724
1.74265,-997.7978798550544
1.7443166666666667,-997.79785657199
1.7459833333333334,-997.7980102402149
1.7476500000000001,-997.7983082634389
1.7493166666666669,-997.7986807924689
1.7509833333333333,-997.7990579781118
1.75265,-997.7993606579487
1.7543166666666667,-997.7995282960122
1.7559833333333335,-997.7995143261736
1.7576500000000002,-997.7993001219813
1.7593166666666669,-997.7988763702097
1.7609833333333333,-997.798266353923
1.7626666666666668,-997.7975073260244
1.7643333333333333,-997.7966924187712
1.766,-997.795952017324
1.7676666666666667,-997.7954351332949
1.7693333333333334,-997.7952814650699
1.7710000000000001,-997.7955608618425
1.7726666666666668,-997.7962593537737
1.7743333333333333,-997.797260525542
1.776,-997.7983827692449
1.7776666666666667,-997.7994118806903
1.7793333333333334,-997.8001615953632
1.7810000000000001,-997.8005154979418
1.7826666666666668,-997.8004456487487
1.7843333333333333,-997.7999939572998
1.786,-997.799276838917
1.7876666666666667,-997.7984386485994
1.7893333333333334,-997.7976423677977
1.7910000000000001,-997.7970276948982
1.7926833333333334,-997.7966831055454
1.7943500000000001,-997.7966365394167
1.7960166666666668,-997.7968554002218
1.7976833333333335,-997.7972558689291
1.79935,-997.797744813281
1.8010166666666667,-997.7982197877943
1.8026833333333334,-997.7986062866629
1.8043500000000001,-997.7988577437582
1.8060166666666668,-997.7989462194028
1.8076833333333335,-997.7988717135968
1.80935,-997.798638882953
1.8110166666666667,-997.7982477274716
1.8126833333333334,-997.7977401566682
1.8143500000000001,-997.7971860197359
1.8160166666666668,-997.7966877621583
1.8176833333333333,-997.7963711124828
1.8193666666666668,-997.7963338595798
1.8210166666666667,-997.7966272261909
1.8227,-997.7972139594132
1.8243666666666667,-997.7979916137634
1.8260333333333334,-997.7987878945651
1.8277,-997.7994398203676
1.8293666666666668,-997.7997890663332
1.8310333333333335,-997.7997704398817
1.8327,-997.7993699711744
1.8343666666666667,-997.7986575094045
1.8360333333333334,-997.7977541265068
1.8377000000000001,-997.796813490706
1.8393666666666668,-997.7960078966785
1.8410333333333335,-997.7954910126493
1.8427,-997.7953699407146
1.8443666666666667,-997.7956633073258
1.8460333333333334,-997.7963012632897
1.8477000000000001,-997.7971394536072
1.8493833333333334,-997.7980009269892
1.8510333333333335,-997.798718045372
1.8527166666666668,-997.7991650802079
1.8543833333333335,-997.799276838917
1.8560500000000002,-997.7990579781118
1.8577166666666667,-997.7985690337599
1.8593833333333334,-997.7978891682801
1.86105,-997.7971347969943
1.8627166666666668,-997.7964037087729
1.8643833333333335,-997.7958030057121
1.86605,-997.7954118502305
1.8677166666666667,-997.7953094047473
1.8693833333333334,-997.7955282655523
1.87105,-997.7960498061944
1.8727166666666668,-997.7968088340931
1.8743833333333335,-997.7977122169908
1.87605,-997.7986249131144
1.8777166666666667,-997.7994351637547
1.8794000000000002,-997.8000405234285
1.88105,-997.8003757995555
1.8827333333333334,-997.8004130524585
1.8844,-997.8001429689117
1.8860666666666668,-997.7996074584311
1.8877333333333335,-997.7988903400483
1.8894000000000002,-997.7981126856981
1.8910666666666667,-997.7974188503797
1.8927333333333334,-997.7969438758664
1.8944,-997.7967715811901
1.8960666666666668,-997.7969252494149
1.8977333333333335,-997.7973583144123
1.8994000000000002,-997.7979636740861
1.9010666666666667,-997.7986249131144
1.9027500000000002,-997.7992069897239
1.9044,-997.7996028018182
1.9060666666666668,-997.7997518134302
1.9077333333333335,-997.7996307414954
1.9094166666666668,-997.7992721823041
1.9110833333333335,-997.7987506416621
1.9127500000000002,-997.798191848117
1.9144166666666667,-997.7977355000553
1.9160833333333334,-997.7975119826373
1.91775,-997.7976097715076
1.9194166666666668,-997.7980335232793
1.9210833333333335,-997.7987040755332
1.9227500000000002,-997.7994677600449
1.9244166666666667,-997.8001429689117
1.9260833333333334,-997.8005620640705
1.92775,-997.8006226000379
1.9294166666666668,-997.8003106069752
1.9310833333333335,-997.7996912774629
1.9327500000000002,-997.7988810268225
1.9344166666666667,-997.7980102402149
1.9360833333333334,-997.7972139594132
1.93775,-997.7966132563523
1.9394333333333333,-997.7963012632897
1.9411,-997.7963245463541
1.9427666666666668,-997.7966784489325
1.9444333333333335,-997.7973070916707
1.9461000000000002,-997.7981080290853
1.9477666666666669,-997.7989508760157
1.9494333333333334,-997.7997192171401
1.9511,-997.8003059503624
1.9527666666666668,-997.8006365698765
1.9544333333333335,-997.8006691661667
1.9561000000000002,-997.8004083958456
1.9577666666666667,-997.7998821985907
1.9594333333333334,-997.799160423595
1.9611,-997.7983455163419
1.9627666666666668,-997.7975818318304
1.9644333333333335,-997.7970090684468
1.9661000000000002,-997.7967529547385
1.9677666666666667,-997.7968693700604
1.9694500000000001,-997.7973443445737
1.9711166666666669,-997.7980754327951
1.9727833333333333,-997.7989043098869
1.97445,-997.7996633377855
1.9761166666666667,-997.8001988482663
1.9777833333333334,-997.8004223656843
1.9794500000000002,-997.8003106069752
1.9811166666666669,-997.7999054816551
1.9827833333333333,-997.7992861521427
1.98445,-997.7985597205342
1.9861166666666668,-997.7978519153771
1.9877833333333335,-997.7972744953806
1.9894500000000002,-997.7969392192535
1.9911166666666669,-997.7969066229634
1.9927833333333334,-997.7971953329617
1.99445,-997.7977587831197
1.9961166666666668,-997.7985131544054
1.9977833333333335,-997.7993420314972
1.9994666666666667,-997.8001196858473
2.001133333333333,-997.800729702134
2.0028,-997.8010789480996
2.0044666666666666,-997.8011162010026
2.0061333333333335,-997.8008181777786
2.0078,-997.8002174747178
2.009466666666667,-997.7993699711744
2.0111333333333334,-997.7983920824706
2.0128,-997.7974421334441
2.014466666666667,-997.7967063886098
2.0161333333333333,-997.7963245463541
2.0178000000000003,-997.7963897389343
2.0194833333333335,-997.7968693700604
2.0211333333333332,-997.7976563376363
2.022816666666667,-997.7985504073084
2.0244833333333334,-997.7993420314972
2.02615,-997.7998496023006
2.027816666666667,-997.7999567043968
2.0294833333333333,-997.7996493679469
2.0311500000000002,-997.7990067553702
2.0328166666666667,-997.7981871915041
2.0344833333333336,-997.797372284251
2.03615,-997.7967482981256
2.0378166666666666,-997.7964456182888
2.0394833333333335,-997.7965387505463
2.04115,-997.7970044118339
2.042816666666667,-997.7977634397325
2.0444833333333334,-997.7986854490817
2.04615,-997.7996214282697
2.047816666666667,-997.8004596185873
2.0494833333333333,-997.801102231164
2.0511500000000003,-997.8015166697099
2.0528166666666667,-997.8016889643864
2.054483333333333,-997.8016284284189
2.05615,-997.8013536882593
2.0578333333333334,-997.8009019968104
2.0595,-997.8003059503624
2.061166666666667,-997.7996493679469
2.0628333333333333,-997.7990253818217
2.0645000000000002,-997.7985410940827
2.0661666666666667,-997.798303606826
2.0678333333333336,-997.7983594861805
2.0695,-997.7987133887591
2.0711666666666666,-997.7992814955298
2.0728333333333335,-997.7999380779453
2.0745,-997.8005108413289
2.076166666666667,-997.8008554306816
2.0778333333333334,-997.8008600872945
2.0795,-997.8004968714903
2.081166666666667,-997.7998076927847
2.0828333333333333,-997.7989182797255
2.0845000000000002,-997.7979916137634
2.0861833333333335,-997.7972279292518
2.08785,-997.7967855510287
2.089516666666667,-997.7967576113515
2.0911833333333334,-997.797148766833
2.0928500000000003,-997.7978612286029
2.094516666666667,-997.7987413284363
2.0961833333333333,-997.7996028018182
2.09785,-997.8003012937495
2.0995166666666667,-997.8007343587469
2.1011833333333336,-997.800878713746
2.10285,-997.8007716116499
2.1045166666666666,-997.8004735884259
2.1061833333333335,-997.8000731197186
2.10785,-997.7996400547212
2.109516666666667,-997.7992349294011
2.1111833333333334,-997.7989275929513
2.11285,-997.7987692681136
2.114516666666667,-997.7988298040809
2.1162,-997.7991278273049
2.1178666666666666,-997.7996586811727
2.1195333333333335,-997.8003478598782
2.1212,-997.8010882613254
2.122866666666667,-997.801740187128
2.1245333333333334,-997.8021639388996
2.1262000000000003,-997.8022477579314
2.127866666666667,-997.8019357648687
2.1295333333333333,-997.8012419295503
2.1312,-997.8002640408465
2.1328666666666667,-997.7991511103693
2.1345333333333336,-997.7980987158595
2.1362,-997.7973117482836
2.1378666666666666,-997.7969531890922
2.1395333333333335,-997.7970975440913
2.1412,-997.7977122169908
2.142866666666667,-997.7986668226303
2.1445333333333334,-997.7997471568174
2.1462166666666667,-997.8007390153598
2.1478833333333336,-997.8014701035812
2.14955,-997.8018426326112
2.1512166666666666,-997.8018566024498
2.1528833333333335,-997.8015772056773
2.15455,-997.8011115443898
2.156216666666667,-997.8005713772963
2.1578833333333334,-997.8000498366542
2.1595500000000003,-997.7996167716568
2.161216666666667,-997.7993280616586
2.1628833333333333,-997.7992209595625
2.16455,-997.7993094352071
2.1662166666666667,-997.7995981452053
2.1678833333333336,-997.8000405234285
2.16955,-997.8005760339091
2.1712166666666666,-997.8011115443898
2.1728833333333335,-997.8015446093872
2.17455,-997.801777440031
2.1762333333333332,-997.801740187128
2.1779,-997.801404911001
2.1795666666666667,-997.8007809248757
2.1812333333333336,-997.799947391171
2.1829,-997.7990300384346
2.184566666666667,-997.7981965047298
2.1862333333333335,-997.7976283979591
2.1879,-997.7974607598956
2.189566666666667,-997.7977541265068
2.1912333333333334,-997.798452618438
2.1929000000000003,-997.7993932542388
2.1945666666666668,-997.8003711429426
2.1962333333333333,-997.8011767369701
2.1979,-997.8016470548705
2.1995666666666667,-997.8017262172893
2.2012333333333336,-997.8014281940654
2.2029,-997.8008694005202
2.2045666666666666,-997.8001941916534
2.2062500000000003,-997.7995608923023
2.2079166666666667,-997.7990952310148
2.2095833333333332,-997.7988949966611
2.21125,-997.7990020987573
2.2129166666666666,-997.7994118806903
2.2145833333333336,-997.8000731197186
2.21625,-997.8009066534233
2.217916666666667,-997.8018146929339
2.2195833333333335,-997.8026901361545
2.22125,-997.8034351942146
2.222916666666667,-997.8039707046952
2.2245833333333334,-997.8042314750162
2.2262500000000003,-997.8041616258231
2.2279166666666668,-997.8037565005029
2.2295833333333333,-997.8030347255072
2.23125,-997.8020708066421
2.2329166666666667,-997.800990472455
2.2345833333333336,-997.7999567043968
2.236266666666667,-997.7991464537564
2.2379333333333333,-997.7986947623075
2.2396000000000003,-997.7986668226303
2.2412666666666667,-997.7990114119831
2.2429333333333332,-997.7995981452053
2.2446,-997.800245414395
2.2462666666666666,-997.800766955037
2.2479333333333336,-997.8010090989065
2.2496,-997.8009066534233
2.251266666666667,-997.8004735884259
2.2529333333333335,-997.799798379559
2.2546,-997.7990207252088
2.256266666666667,-997.7982803237617
2.2579333333333333,-997.7977168736037
2.2596000000000003,-997.7974235069926
2.2612666666666668,-997.7974421334441
2.2629333333333332,-997.7977494698939
2.264616666666667,-997.798266353923
2.2662833333333334,-997.798899653274
2.26795,-997.7995282960122
2.269616666666667,-997.8000777763315
2.2712833333333333,-997.8004875582645
2.2729500000000002,-997.8007436719727
2.2746166666666667,-997.8008461174559
2.2762833333333337,-997.8008228343915
2.27795,-997.8006831360053
2.2796166666666666,-997.8004503053616
2.2812833333333336,-997.8001569387503
2.28295,-997.799835632462
2.284616666666667,-997.7995608923023
2.2862833333333334,-997.7993885976259
2.28795,-997.799383941013
2.289616666666667,-997.7995515790766
2.2912833333333333,-997.7998496023006
2.2929666666666666,-997.8001941916534
2.2946333333333335,-997.8004735884259
2.2963,-997.8005853471349
2.297966666666667,-997.8004409921358
2.2996333333333334,-997.8000032705255
2.3013,-997.7992908087556
2.302966666666667,-997.798378112632
2.3046333333333333,-997.797409537154
2.3063000000000002,-997.7965480637721
2.3079666666666667,-997.7959799570012
2.3096333333333336,-997.795840258615
2.3113,-997.7962034744193
2.3129666666666666,-997.7970323515111
2.3146333333333335,-997.7982058179556
2.3163,-997.7995422658508
2.317966666666667,-997.8008321476173
2.3196333333333334,-997.80188919874
2.3213166666666667,-997.8025876906712
2.3229833333333336,-997.8028810572824
2.32465,-997.8027739551862
2.3263166666666666,-997.8023408901888
2.3279833333333335,-997.8016703379349
2.32965,-997.8008694005202
2.331316666666667,-997.8000498366542
2.3329833333333334,-997.7993327182714
2.33465,-997.7988158342423
2.336316666666667,-997.7985690337599
2.3379833333333333,-997.7986062866629
2.3396500000000002,-997.798899653274
2.3413166666666667,-997.7993560013358
2.3429833333333336,-997.7998635721392
2.34465,-997.8002966371366
2.3463166666666666,-997.8005480942319
2.3479833333333335,-997.8005480942319
2.34965,-997.8002733540723
2.351316666666667,-997.7997471568174
2.353,-997.7990346950475
2.3546666666666667,-997.7982477274716
2.3563333333333336,-997.7975259524759
2.358,-997.7970323515111
2.3596666666666666,-997.7968926531248
2.3613333333333335,-997.7971906763488
2.363,-997.7979217645702
2.364666666666667,-997.7989881289187
2.3663333333333334,-997.8002174747178
2.3680000000000003,-997.8014002543881
2.369666666666667,-997.8023315769631
2.3713333333333333,-997.8028717440567
2.373,-997.8029648763141
2.3746666666666667,-997.8026296001872
2.3763333333333336,-997.8019683611589
2.378,-997.8011068877769
2.3796666666666666,-997.8001941916534
2.3813333333333335,-997.7993979108517
2.383016666666667,-997.7988484305324
2.3846833333333333,-997.798638882953
2.38635,-997.7988065210166
2.3880166666666667,-997.7993001219813
2.3896833333333336,-997.8000125837513
2.39135,-997.8007995513271
2.3930166666666666,-997.8015073564842
2.3946833333333335,-997.8020056140618
2.39635,-997.8022291314799
2.398016666666667,-997.8021546256739
2.3996833333333334,-997.8018333193854
2.4013500000000003,-997.8013304051949
2.403016666666667,-997.8007390153598
2.4046833333333333,-997.8001569387503
2.40635,-997.7996773076242
2.4080166666666667,-997.7993792844002
2.4096833333333336,-997.7993047785942
2.411366666666667,-997.799463103432
2.4130333333333334,-997.7998123493976
2.4147000000000003,-997.8002686974594
2.4163666666666668,-997.800729702134
2.4180333333333333,-997.8010929179383
2.4197,-997.8012791824533
2.4213666666666667,-997.8012419295503
2.4230333333333336,-997.8009951290679
2.4247,-997.8005946603606
2.426366666666667,-997.8001196858473
2.4280333333333335,-997.7996679943984
2.4297,-997.7993466881101
2.431366666666667,-997.7992302727882
2.4330333333333334,-997.7993932542388
2.4347000000000003,-997.7998402890748
2.436366666666667,-997.8005294677804
2.4380333333333333,-997.8013536882593
2.4397,-997.8021825653511
2.4413833333333335,-997.8028764006696
2.44305,-997.8033327487312
2.444716666666667,-997.8035003867948
2.4463833333333334,-997.8033700016343
2.4480500000000003,-997.80300678583
2.4497166666666668,-997.8024899018009
2.4513833333333332,-997.8019217950301
2.45305,-997.8013909411623
2.4547166666666667,-997.800990472455
2.4563833333333336,-997.8007809248757
2.45805,-997.80080420794
2.459716666666667,-997.8010510084224
2.4613833333333335,-997.8014654469683
2.46305,-997.8019730177717
2.464716666666667,-997.8024759319622
2.4663833333333334,-997.8028857138953
2.4680500000000003,-997.8031278577648
2.469716666666667,-997.8031697672807
2.4714,-997.80300678583
2.473066666666667,-997.8026575398644
2.4747333333333335,-997.8021685955125
2.4764,-997.8016144585803
2.478066666666667,-997.8010789480996
2.4797333333333333,-997.800659852941
2.4814000000000003,-997.8004549619744
2.4830666666666668,-997.8005341243933
2.4847333333333332,-997.8009113100362
2.4864,-997.801549266
2.4880666666666666,-997.8023455468017
2.4897333333333336,-997.8031651106678
2.4914,-997.803868259212
2.493066666666667,-997.8043339204995
2.4947333333333335,-997.8045062151758
2.4964,-997.8043665167896
2.498066666666667,-997.8039520782437
2.49975,-997.80334671857
2.5014166666666666,-997.8026482266387
2.5030833333333335,-997.8019683611589
2.50475,-997.8014142242267
2.506416666666667,-997.8010742914868
2.5080833333333334,-997.8010090989065
2.50975,-997.8012139898731
2.511416666666667,-997.8016470548705
2.5130833333333333,-997.8022198182541
2.5147500000000003,-997.802820521315
2.5164166666666667,-997.803342061957
2.5180833333333337,-997.8036913079227
2.51975,-997.8038123798574
2.5214166666666666,-997.8036866513098
2.5230833333333336,-997.8033280921184
2.52475,-997.8027692985734
2.526416666666667,-997.8020661500292
2.5280833333333335,-997.8013117787434
2.5297666666666667,-997.8006272566507
2.5314333333333336,-997.8001476255246
2.5331,-997.7999893006869
2.5347666666666666,-997.800208161492
2.5364333333333335,-997.8007902381014
2.5381,-997.8016284284189
2.539766666666667,-997.8025644076068
2.5414333333333334,-997.8034165677631
2.5431,-997.8040265840497
2.544766666666667,-997.8042826977578
2.5464333333333333,-997.804166282436
2.5481000000000003,-997.8037052777613
2.5497666666666667,-997.8029974726043
2.5514333333333337,-997.8021779087383
2.5531,-997.801404911001
2.5547666666666666,-997.8008274910044
2.5564333333333336,-997.8005667206834
2.5581,-997.8006738227796
2.5597833333333333,-997.8011208576155
2.5614500000000002,-997.8018100363211
2.5631166666666667,-997.8026063171227
2.5647833333333336,-997.8033560317957
2.56645,-997.8039334517922
2.5681166666666666,-997.8042547580806
2.5697833333333335,-997.804273384532
2.57145,-997.804012614211
2.573116666666667,-997.8035190132463
2.5747833333333334,-997.8028577742181
2.57645,-997.8021359992224
2.578116666666667,-997.8014607903555
2.5797833333333333,-997.8009625327778
2.5814500000000002,-997.8007390153598
2.5831166666666667,-997.8008600872945
2.5847833333333337,-997.8013210919692
2.58645,-997.8020708066421
2.5881333333333334,-997.802969532927
2.5898000000000003,-997.8038775724377
2.591466666666667,-997.8046319437235
2.5931333333333333,-997.8051115748497
2.5948,-997.8052373033972
2.5964666666666667,-997.8049998161406
2.5981333333333336,-997.8044503358213
2.5998,-997.8036959645356
2.6014666666666666,-997.8028764006696
2.6031333333333335,-997.8021732521254
2.6048,-997.8017262172893
2.606466666666667,-997.8016423982576
2.6081333333333334,-997.8019357648687
2.6098000000000003,-997.8025318113167
2.611466666666667,-997.8032908392154
2.6131333333333333,-997.8040312406625
2.6148000000000002,-997.8046086606591
2.6164833333333335,-997.8049159971089
2.61815,-997.8049253103346
2.619816666666667,-997.8046645400136
2.6214833333333334,-997.8042081919518
2.6231500000000003,-997.8036307719553
2.624816666666667,-997.8030160990558
2.6264833333333333,-997.8024293658335
2.62815,-997.8019543913202
2.6298166666666667,-997.8016749945477
2.6314833333333336,-997.801665681322
2.63315,-997.801963704546
2.6348166666666666,-997.8025457811553
2.6364833333333335,-997.8033513751828
2.63815,-997.8042501014677
2.639816666666667,-997.8051069182368
2.6414833333333334,-997.8057914403295
2.6431500000000003,-997.8061919090367
2.644816666666667,-997.806252445004
2.6465,-997.8059451085543
2.648166666666667,-997.8053164658162
2.6498333333333335,-997.8044363659827
2.6515,-997.8034491640532
2.653166666666667,-997.8025178414781
2.6548333333333334,-997.8018193495468
2.6565000000000003,-997.8014701035812
2.658166666666667,-997.8015166697099
2.6598333333333333,-997.8019078251915
2.6615,-997.8025131848652
2.6631666666666667,-997.8031837371193
2.6648333333333336,-997.8037658137287
2.6665,-997.8041523125974
2.6681666666666666,-997.8042920109835
2.6698333333333335,-997.8041895655003
2.6715,-997.8039008555021
2.673166666666667,-997.8035003867948
2.6748333333333334,-997.803081291636
2.6765166666666667,-997.8027367022833
2.6781833333333336,-997.8025364679296
2.67985,-997.8025457811553
2.681516666666667,-997.8027692985734
2.6831833333333335,-997.8031837371193
2.68485,-997.8037378740514
2.686516666666667,-997.8043385771124
2.6881833333333334,-997.8048880574316
2.6898500000000003,-997.8053118092033
2.691516666666667,-997.8055539530728
2.6931833333333333,-997.8056005192016
2.69485,-997.805470134041
2.6965166666666667,-997.80520936372
2.6981833333333336,-997.8048787442059
2.69985,-997.8045388114659
2.701516666666667,-997.8042640713063
2.7031833333333335,-997.8041197163072
2.70485,-997.8041569692102
2.7065333333333337,-997.8044037696926
2.7082,-997.80483683469
2.7098666666666666,-997.8053863150093
2.7115333333333336,-997.8059637350058
2.7132,-997.8064619925834
2.714866666666667,-997.8067879554848
2.7165333333333335,-997.8068857443551
2.7182,-997.8067274195173
2.719866666666667,-997.8063502338745
2.7215333333333334,-997.8057960969423
2.7232000000000003,-997.8051488277526
2.7248666666666668,-997.8045155284016
2.7265333333333333,-997.804012614211
2.7282,-997.80375184389
2.7298666666666667,-997.8038077232445
2.7315333333333336,-997.8041802522746
2.7332,-997.8048088950127
2.7348833333333333,-997.8055772361372
2.7365500000000003,-997.806331607423
2.7382166666666667,-997.806927653871
2.7398833333333337,-997.8072675866109
2.74155,-997.8072908696753
2.7432166666666666,-997.806997503064
2.7448833333333336,-997.8064480227448
2.74655,-997.805730904362
2.748216666666667,-997.8049625632376
2.7498833333333335,-997.804273384532
2.75155,-997.8037937534059
2.753216666666667,-997.8036261153425
2.7548833333333334,-997.803826349696
2.7565500000000003,-997.8043665167896
2.7582166666666668,-997.8051627975913
2.7598833333333332,-997.806070837102
2.76155,-997.8069229972581
2.7632166666666667,-997.8075656098349
2.7649,-997.8078822595104
2.766566666666667,-997.8078310367688
2.7682333333333333,-997.8074165982229
2.7699000000000003,-997.8067181062916
2.7715666666666667,-997.8058566329097
2.7732333333333337,-997.8049765330762
2.7749,-997.8042407882419
2.7765666666666666,-997.803789096793
2.7782333333333336,-997.8037239042128
2.7799,-997.8040824634043
2.781566666666667,-997.8048135516257
2.7832333333333334,-997.8057914403295
2.7849,-997.8068624612907
2.786566666666667,-997.8078356933817
2.7882333333333333,-997.8085574683773
2.7899000000000003,-997.8089160275687
2.7915666666666668,-997.8088601482142
2.79325,-997.8084131133782
2.794916666666667,-997.8076680553181
2.7965833333333334,-997.8067507025817
2.7982500000000003,-997.8058240366196
2.799916666666667,-997.8050417256565
2.8015833333333333,-997.8045341548531
2.8032500000000002,-997.804389799854
2.8049166666666667,-997.8046272871106
2.8065833333333337,-997.8051860806556
2.80825,-997.8059637350058
2.8099166666666666,-997.8068112385491
2.8115833333333335,-997.8075842362864
2.81325,-997.8081616562829
2.814916666666667,-997.8084736493456
2.8165833333333334,-997.8085015890229
2.81825,-997.8082594451533
2.819916666666667,-997.8078124103173
2.8215833333333333,-997.8072349903207
2.8232500000000003,-997.806629630647
2.8249333333333335,-997.8061220598436
2.8266,-997.8058333498453
2.828266666666667,-997.8058612895226
2.8299333333333334,-997.8062384751654
2.8316000000000003,-997.806927653871
2.833266666666667,-997.8078030970916
2.8349333333333333,-997.8087111366021
2.8366000000000002,-997.8094701645009
2.8382666666666667,-997.8099311691755
2.8399333333333336,-997.8100103315944
2.8416,-997.8096843686931
2.8432666666666666,-997.8089951899876
2.8449333333333335,-997.8080452409611
2.8466,-997.806997503064
2.848266666666667,-997.8060196143603
2.8499333333333334,-997.8052885261388
2.8516000000000004,-997.8049346235604
2.8532833333333336,-997.8050277558178
2.85495,-997.8055446398471
2.8566166666666666,-997.8063874867775
2.8582833333333335,-997.8073979717714
2.85995,-997.8083898303138
2.861616666666667,-997.809200080954
2.8632833333333334,-997.8097123083704
2.8649500000000003,-997.809875289821
2.866616666666667,-997.8096936819189
2.8682833333333333,-997.8092187074056
2.8699500000000002,-997.8085295287001
2.8716166666666667,-997.8077146214468
2.8732833333333336,-997.8069043708066
2.87495,-997.806215192101
2.8766166666666666,-997.8057821271036
2.8782833333333335,-997.805693651459
2.87995,-997.8059683916186
2.8816333333333333,-997.8065644380667
2.8833,-997.8073514056426
2.8849666666666667,-997.8081709695086
2.8866333333333336,-997.8088461783756
2.8883,-997.80924199047
2.889966666666667,-997.8092652735344
2.8916333333333335,-997.8089113709558
2.8933,-997.808236162089
2.894966666666667,-997.8073700320941
2.8966333333333334,-997.8064852756478
2.8983000000000003,-997.805768157265
2.899966666666667,-997.8053909716222
2.9016333333333333,-997.8054468509766
2.9033,-997.8059357953285
2.9049666666666667,-997.8067600158074
2.9066333333333336,-997.8077565309628
2.908316666666667,-997.8087344196666
2.9099833333333334,-997.8095260438554
2.9116500000000003,-997.8100289580459
2.9133166666666668,-997.8101965961094
2.9149833333333333,-997.8100522411103
2.91665,-997.8096610856287
2.9183166666666667,-997.8091116053095
2.9199833333333336,-997.8085015890229
2.92165,-997.8079288256391
2.923316666666667,-997.8074911040288
2.9249833333333335,-997.8072536167723
2.92665,-997.8072536167723
2.928316666666667,-997.8074911040288
2.9299833333333334,-997.807933482252
2.9316500000000003,-997.8085248720872
2.933316666666667,-997.8091861111154
2.9349833333333333,-997.8098287236922
2.93665,-997.8103688907858
2.9383166666666667,-997.8107227933643
2.9399833333333336,-997.8108345520733
2.941666666666667,-997.8106622573969
2.9433333333333334,-997.8102152225609
2.9450000000000003,-997.8095493269198
2.9466666666666668,-997.8087809857954
2.9483333333333337,-997.8080731806383
2.95,-997.8075842362864
2.9516666666666667,-997.8074445379001
2.9533333333333336,-997.8076959949954
2.955,-997.8082920414435
2.956666666666667,-997.8090836656322
2.9583333333333335,-997.8098892596596
2.96,-997.8105132457849
2.961666666666667,-997.8108205822347
2.9633333333333334,-997.8107693594931
2.9650000000000003,-997.8103875172372
2.966666666666667,-997.8097914707893
2.9683333333333333,-997.8091255751481
2.97,-997.8085202154743
2.9716833333333335,-997.8081011203155
2.97335,-997.8079474520906
2.975016666666667,-997.808082493864
2.9766833333333333,-997.8084783059585
2.9783500000000003,-997.8090696957936
2.9800166666666668,-997.8097449046605
2.9816833333333337,-997.8104014870759
2.98335,-997.8109369975566
2.9850166666666667,-997.8112862435222
2.9866833333333336,-997.8114166286828
2.98835,-997.8113188398123
2.990016666666667,-997.8110115033626
2.9916833333333335,-997.8105039325592
2.99335,-997.8098333803051
2.995016666666667,-997.809055725955
2.9966833333333334,-997.8082501319276
2.9983500000000003,-997.8075283569319
3.0000333333333336,-997.8070068162898
3.0017,-997.8067693290333
3.003366666666667,-997.8068578046779
3.0050333333333334,-997.8072536167723
3.0067,-997.807858976446
3.008366666666667,-997.808534185313
3.0100333333333333,-997.8091255751481
3.0117000000000003,-997.8095167306296
3.0133666666666667,-997.8096284893386
3.0150333333333337,-997.8094515380494
3.0167,-997.8090370995035
3.0183666666666666,-997.80849693241
3.0200333333333336,-997.8079567653164
3.0217,-997.8075656098349
3.023366666666667,-997.8074445379001
3.0250333333333335,-997.8076633987052
3.0267,-997.8082221922502
3.0283833333333336,-997.8090417561164
3.03005,-997.8099963617558
3.0317166666666666,-997.8109463107824
3.0333833333333335,-997.8117705312612
3.03505,-997.8123712343221
3.036716666666667,-997.8127018538363
3.0383833333333334,-997.8127344501264
3.0400500000000004,-997.8124783364183
3.041716666666667,-997.8119567957763
3.0433833333333333,-997.8112257075549
3.0450500000000003,-997.8103642341729
3.0467166666666667,-997.8095074174039
3.0483833333333337,-997.8087996122468
3.05005,-997.8083898303138
3.0517166666666666,-997.8083665472494
3.0533833333333336,-997.8087623593439
3.05505,-997.8094981041781
3.056716666666667,-997.8104340833661
3.0583833333333335,-997.8113793757797
3.0600666666666667,-997.8121477169042
3.0617333333333336,-997.8125807819015
3.0634,-997.8126087215787
3.0650666666666666,-997.8122455057745
3.0667333333333335,-997.8115702969076
3.0684,-997.8107460764287
3.070066666666667,-997.8099591088528
3.0717333333333334,-997.809391002082
3.0734000000000004,-997.8091954243412
3.075066666666667,-997.8094515380494
3.0767333333333333,-997.8101453733677
3.0784000000000002,-997.8111605149746
3.0800666666666667,-997.8123293248062
3.0817333333333337,-997.8134562251221
3.0834,-997.8143828910843
3.0850666666666666,-997.8150022205966
3.0867333333333336,-997.8152816173691
3.088416666666667,-997.8152536776919
3.0900833333333333,-997.8149789375323
3.09175,-997.8145272460833
3.0934166666666667,-997.8139731091512
3.0950833333333336,-997.8133817193161
3.09675,-997.812822925771
3.0984166666666666,-997.812375890935
3.1000833333333335,-997.8121058073882
3.10175,-997.8120592412595
3.103416666666667,-997.8122408491616
3.1050833333333334,-997.8126087215787
3.1067500000000003,-997.8130697262534
3.108416666666667,-997.8135121044766
3.1100833333333333,-997.8138147843134
3.1117500000000002,-997.8138846335066
3.1134166666666667,-997.8136657727015
3.1150833333333336,-997.8131488886723
3.11675,-997.8123898607737
3.1184333333333334,-997.8115004477145
3.1201000000000003,-997.8106436309454
3.121766666666667,-997.8100010183687
3.1234333333333333,-997.8097123083704
3.1251,-997.8098706332081
3.1267666666666667,-997.8104573664305
3.1284333333333336,-997.8113700625539
3.1301,-997.8124410835153
3.131766666666667,-997.8134701949607
3.1334333333333335,-997.814280445601
3.1351,-997.8147554201142
3.136766666666667,-997.8148671788233
3.1384333333333334,-997.8146716010825
3.1401000000000003,-997.8142711323752
3.141766666666667,-997.8138054710877
3.1434333333333333,-997.8133910325419
3.1451000000000002,-997.8131302622209
3.1467833333333335,-997.8130883527049
3.14845,-997.8132746172199
3.150116666666667,-997.8136611160886
3.1517833333333334,-997.8141826567306
3.1534500000000003,-997.8147507635014
3.155116666666667,-997.8152769607563
3.1567833333333333,-997.8156727728507
3.15845,-997.8158683505915
3.1601166666666667,-997.815812471237
3.1617833333333336,-997.8154911649485
3.16345,-997.814913744952
3.165116666666667,-997.8141267773761
3.1667833333333335,-997.8132094246397
3.16845,-997.8122827586775
3.170116666666667,-997.8115051043274
3.1717833333333334,-997.8110115033626
3.1734500000000003,-997.8109183711051
3.175116666666667,-997.8112443340063
3.1768,-997.8119381693248
3.178466666666667,-997.8128648352869
3.1801333333333335,-997.8138520372165
3.1818,-997.8147181672113
3.183466666666667,-997.8153188702722
3.1851333333333334,-997.8155703273675
3.1868000000000003,-997.8154539120455
3.188466666666667,-997.8150301602739
3.1901333333333333,-997.8144015175358
3.1918,-997.8137169954431
3.1934666666666667,-997.8131209489951
3.1951333333333336,-997.8127391067393
3.1968,-997.8126646009333
3.198466666666667,-997.8129114014157
3.2001333333333335,-997.8134282854448
3.2018,-997.8141128075375
3.2034833333333337,-997.8148392391461
3.20515,-997.8154865083357
3.2068166666666666,-997.8159661394618
3.2084833333333336,-997.8162315663957
3.21015,-997.8162688192987
3.211816666666667,-997.8160918680095
3.2134833333333335,-997.8157193389794
3.21515,-997.8152024549503
3.216816666666667,-997.8146017518894
3.2184833333333334,-997.8140010488285
3.2201500000000003,-997.8135027912508
3.2218166666666668,-997.8131954548011
3.2234833333333337,-997.8131395754466
3.22515,-997.8133537796388
3.2268166666666667,-997.8137868446362
3.2284833333333336,-997.8143456381813
3.23015,-997.8148904618877
3.231816666666667,-997.8152909305949
3.2334833333333335,-997.815435285594
3.2351666666666667,-997.8152629909176
3.2368333333333337,-997.8147693899529
3.2385,-997.8140150186671
3.2401666666666666,-997.8131302622209
3.2418333333333336,-997.812264132226
3.2435,-997.8116028931977
3.245166666666667,-997.811295556748
3.2468333333333335,-997.8114492249729
3.2485,-997.812077867711
3.250166666666667,-997.8130883527049
3.2518333333333334,-997.8143223551168
3.2535000000000003,-997.8155749839804
3.2551666666666668,-997.8166460049416
3.2568333333333337,-997.8173817497759
3.2585,-997.8177077126771
3.2601666666666667,-997.8176145804197
3.2618333333333336,-997.8171675455836
3.2635,-997.8164690536523
3.2651833333333333,-997.815626206722
3.2668500000000003,-997.8147600767271
3.2685166666666667,-997.813982422377
3.2701833333333337,-997.8134143156062
3.27185,-997.8131302622209
3.2735166666666666,-997.8131768283496
3.2751833333333336,-997.8135214177023
3.27685,-997.8140895244732
3.278516666666667,-997.8147740465657
3.2801833333333335,-997.8154445988198
3.2818500000000004,-997.8159847659133
3.283516666666667,-997.8163014155889
3.2851833333333333,-997.8163479817176
3.2868500000000003,-997.8161011812352
3.2885166666666668,-997.8156075802705
3.2901833333333337,-997.8149463412421
3.29185,-997.8142525059237
3.2935166666666666,-997.8136797425401
3.2952000000000004,-997.8133724060904
3.296866666666667,-997.813423628832
3.2985333333333333,-997.8138520372165
3.3002000000000002,-997.8145970952766
3.3018666666666667,-997.8155191046258
3.3035333333333337,-997.8164643970395
3.3052,-997.8172793042927
3.3068666666666666,-997.8178427544506
3.3085333333333335,-997.8180942115458
3.3102,-997.8180243623527
3.311866666666667,-997.8176658031613
3.3135333333333334,-997.8170883831648
3.3152000000000004,-997.8163852346206
3.316866666666667,-997.8156727728507
3.3185333333333333,-997.8150580999511
3.3202000000000003,-997.814652974631
3.3218666666666667,-997.8145225894705
3.32355,-997.8146716010825
3.325216666666667,-997.8150767264027
3.3268833333333334,-997.8156401765606
3.3285500000000003,-997.8162641626858
3.330216666666667,-997.8168276128438
3.3318833333333333,-997.8172373947767
3.3335500000000002,-997.8174376291304
3.3352166666666667,-997.8173910630017
3.3368833333333336,-997.8171070096163
3.33855,-997.8166180652644
3.3402166666666666,-997.815994079139
3.3418833333333335,-997.8153421533366
3.34355,-997.8147880164043
3.345216666666667,-997.8144573968902
3.3468833333333334,-997.8144154873744
3.3485500000000004,-997.8146716010825
3.350216666666667,-997.8151698586602
3.3518833333333333,-997.8157985013984
3.353566666666667,-997.8164411139751
3.3552333333333335,-997.8169579980042
3.3569,-997.8172653344541
3.358566666666667,-997.8173025873571
3.3602333333333334,-997.8170744133262
3.3619000000000003,-997.8166227218773
3.363566666666667,-997.8160266754292
3.3652333333333333,-997.8153980326911
3.3669000000000002,-997.8148718354362
3.3685666666666667,-997.8145505291477
3.3702333333333336,-997.8145179328576
3.3719,-997.8147833597915
3.373566666666667,-997.8152909305949
3.3752333333333335,-997.8159335431717
3.3769,-997.8165761557485
3.378566666666667,-997.8170883831648
3.3802333333333334,-997.817377093163
3.3819166666666667,-997.8173910630017
3.3835833333333336,-997.8171349492935
3.38525,-997.816669288006
3.386916666666667,-997.8160685849451
3.3885833333333335,-997.815435285594
3.39025,-997.814876492049
3.391916666666667,-997.8144760233417
3.3935833333333334,-997.8143083852782
3.3952500000000003,-997.8144108307615
3.396916666666667,-997.8147507635014
3.3985833333333333,-997.8152676475305
3.40025,-997.81584972414
3.4019166666666667,-997.8163759213949
3.4035833333333336,-997.816743793812
3.40525,-997.816892805424
3.406916666666667,-997.816818299618
3.4085833333333335,-997.8165621859099
3.41025,-997.816185000267
3.411916666666667,-997.815770561721
3.4136,-997.8153980326911
3.4152666666666667,-997.8151279491443
3.4169333333333336,-997.8150348168867
3.4186,-997.8151558888216
3.420266666666667,-997.8154911649485
3.4219333333333335,-997.8159987357519
3.4236,-997.8165994388129
3.425266666666667,-997.8171768588094
3.4269333333333334,-997.8176238936454
3.4286000000000003,-997.8178567242892
3.430266666666667,-997.8178241279991
3.4319333333333333,-997.8175261047751
3.4336,-997.8170185339717
3.4352666666666667,-997.8163619515562
3.4369333333333336,-997.8156494897863
3.4386,-997.8149789375323
3.440266666666667,-997.8144434270516
3.4419500000000003,-997.8141407472148
3.4436166666666668,-997.8141407472148
3.4452833333333337,-997.8144620535031
3.44695,-997.8150813830156
3.4486166666666667,-997.8159335431717
3.4502833333333336,-997.8169160884884
3.45195,-997.817898633805
3.453616666666667,-997.8187694204128
3.4552833333333335,-997.819430659441
3.45695,-997.8198078450839
3.458616666666667,-997.8198870075028
3.4602833333333334,-997.8196867731491
3.4619500000000003,-997.8192630213775
3.463616666666667,-997.818718197671
3.4652833333333337,-997.8181687173518
3.46695,-997.8177356523544
3.4686166666666667,-997.8175167915493
3.4703000000000004,-997.8175633576781
3.471966666666667,-997.8178567242892
3.4736333333333334,-997.8183270421896
3.4753000000000003,-997.8188672092831
3.4769666666666668,-997.8193375271835
3.4786333333333337,-997.8196122673431
3.4803,-997.819616923956
3.4819666666666667,-997.8193142441191
3.4836333333333336,-997.8187321675098
3.4853,-997.8179498565466
3.486966666666667,-997.817079069939
3.4886333333333335,-997.8162641626858
3.4903,-997.8156401765606
3.491966666666667,-997.815328183498
3.4936333333333334,-997.8153747496267
3.4953000000000003,-997.8157752183339
3.496966666666667,-997.8164504272008
3.49865,-997.817269991067
3.500316666666667,-997.8181035247716
3.5019833333333334,-997.8188206431544
3.5036500000000004,-997.8193328705706
3.505316666666667,-997.819579671053
3.5069833333333333,-997.8195377615372
3.5086500000000003,-997.8192257684746
3.5103166666666668,-997.8186856013809
3.5119833333333337,-997.8180010792884
3.51365,-997.817269991067
3.5153166666666666,-997.8166134086515
3.5169833333333336,-997.816147747364
3.51865,-997.8159661394618
3.520316666666667,-997.8160965246224
3.5219833333333335,-997.8165016499424
3.52365,-997.8170976963905
3.525316666666667,-997.8177403089672
3.5269833333333334,-997.8182944458995
3.5286500000000003,-997.8186343786393
3.5303333333333335,-997.8186716315423
3.532,-997.8183782649312
3.533666666666667,-997.8177635920317
3.5353333333333334,-997.8169021186498
3.5370000000000004,-997.8158962902687
3.538666666666667,-997.8148997751134
3.5403333333333333,-997.8140708980216
3.5420000000000003,-997.8135493573795
3.5436666666666667,-997.8134143156062
3.5453333333333337,-997.8136704293144
3.547,-997.814243192698
3.5486666666666666,-997.814988250758
3.5503333333333336,-997.8157379654309
3.552,-997.8163386684919
3.553666666666667,-997.816669288006
3.5553333333333335,-997.8166879144575
3.5570000000000004,-997.816408517685
3.558666666666667,-997.8158823204301
3.56035,-997.8152024549503
3.562016666666667,-997.8144573968902
3.5636833333333335,-997.8137542483461
3.56535,-997.8131861415753
3.567016666666667,-997.8128462088354
3.5686833333333334,-997.8127949860938
3.5703500000000004,-997.8130324733504
3.572016666666667,-997.8135167610894
3.5736833333333333,-997.8141500604405
3.5753500000000003,-997.8148112994687
3.5770166666666667,-997.8153700930138
3.5786833333333337,-997.8157193389794
3.58035,-997.8157938447854
3.5820166666666666,-997.8155703273675
3.5836833333333336,-997.8150767264027
3.58535,-997.81439220431
3.587016666666667,-997.8136424896371
3.5887000000000002,-997.8129765939959
3.5903666666666667,-997.8125388723856
3.5920333333333336,-997.8124364269024
3.5937,-997.8126925406106
3.595366666666667,-997.8132420209298
3.5970333333333335,-997.8139498260869
3.5987,-997.8146390047924
3.600366666666667,-997.8151419189829
3.6020333333333334,-997.8153328401108
3.6037000000000003,-997.8151698586602
3.605366666666667,-997.8146809143083
3.6070333333333333,-997.8139591393126
3.6087000000000002,-997.8131349188337
3.6103666666666667,-997.8123526078706
3.6120333333333337,-997.8117332783582
3.6137,-997.8113886890054
3.615366666666667,-997.811365405941
3.6170500000000003,-997.811668085778
3.618716666666667,-997.8122501623874
3.6203833333333333,-997.8130045336732
3.62205,-997.8138240975392
3.6237166666666667,-997.8145970952766
3.6253833333333336,-997.8152257380146
3.62705,-997.8156494897863
3.628716666666667,-997.8158357543014
3.6303833333333335,-997.8157798749468
3.63205,-997.8154818517228
3.633716666666667,-997.8149649676936
3.6353833333333334,-997.8142711323752
3.6370500000000003,-997.8134888214122
3.638716666666667,-997.8127437633522
3.6403833333333333,-997.8121709999685
3.6420500000000002,-997.8119009164218
3.6437166666666667,-997.8119940486793
3.6453833333333336,-997.8124224570638
3.64705,-997.813083696092
3.6487333333333334,-997.8138101277005
3.6504000000000003,-997.8144154873744
3.652066666666667,-997.8147321370499
3.6537333333333337,-997.8146576312439
3.6554,-997.8141733435049
3.6570666666666667,-997.8133491230259
3.6587333333333336,-997.8123479512577
3.6604,-997.811365405941
3.662066666666667,-997.8106063780424
3.6637333333333335,-997.8102524754639
3.6654,-997.8103828606244
3.667066666666667,-997.8109789070725
3.6687333333333334,-997.8119241994862
3.6704000000000003,-997.8130138468989
3.672066666666667,-997.8140336451186
3.6737333333333333,-997.8147926730172
3.6754000000000002,-997.815174515273
3.6770833333333335,-997.8151326057572
3.67875,-997.8146995407598
3.680416666666667,-997.8139637959255
3.6820833333333334,-997.8130278167375
3.6837500000000003,-997.8120173317436
3.685416666666667,-997.8110580694913
3.6870833333333337,-997.8102804151412
3.68875,-997.8097961274021
3.6904166666666667,-997.8096936819189
3.6920833333333336,-997.8099730786914
3.69375,-997.8105877515909
3.695416666666667,-997.8114119720699
3.6970833333333335,-997.8122781020646
3.69875,-997.8130185035118
3.700416666666667,-997.8134934780251
3.7020833333333334,-997.813609893347
3.7037500000000003,-997.8133398098001
3.705416666666667,-997.8127251369007
3.7071,-997.811854350293
3.708766666666667,-997.8108624917505
3.7104333333333335,-997.8099171993368
3.7121000000000004,-997.8091954243412
3.713766666666667,-997.8088461783756
3.7154333333333334,-997.8089439672459
3.7171000000000003,-997.8094794777267
3.7187666666666668,-997.8103456077214
3.7204333333333337,-997.8113700625539
3.7221,-997.8123479512577
3.7237666666666667,-997.8131162923822
3.7254333333333336,-997.8135772970568
3.7271,-997.8137030256045
3.728766666666667,-997.8135400441538
3.7304333333333335,-997.8131582018981
3.7321,-997.8126320046432
3.733766666666667,-997.8120313015822
3.73545,-997.811407315457
3.7371166666666666,-997.8108298954604
3.7387833333333336,-997.81035957756
3.74045,-997.810061554336
3.742116666666667,-997.8099823919172
3.7437833333333335,-997.810136060142
3.7454500000000004,-997.8104899627206
3.747116666666667,-997.8109742504596
3.7487833333333334,-997.8114864778759
3.7504500000000003,-997.8119055730347
3.7521166666666668,-997.8121290904526
3.7537833333333337,-997.8120685544852
3.75545,-997.8117006820681
3.7571166666666667,-997.8110627261042
3.7587833333333336,-997.8102571320768
3.76045,-997.8094329115978
3.762116666666667,-997.8087670159567
3.7637833333333335,-997.8083944869267
3.7654666666666667,-997.8083944869267
3.7671333333333337,-997.8087623593439
3.7688,-997.8094049719206
3.7704666666666666,-997.8101779696578
3.7721333333333336,-997.8109044012664
3.7738,-997.8114166286828
3.775466666666667,-997.8116075498106
3.7771333333333335,-997.8114585381986
3.7788000000000004,-997.8110021901368
3.780466666666667,-997.8103456077214
3.7821333333333333,-997.8096145195
3.7838000000000003,-997.8089439672459
3.7854666666666668,-997.808455022894
3.7871333333333337,-997.8082268488631
3.7888,-997.8082966980563
3.7904666666666667,-997.8086506006348
3.7921500000000004,-997.8092187074056
3.793816666666667,-997.8098846030467
3.7954833333333333,-997.8105365288493
3.7971500000000002,-997.8110534128784
3.7988166666666667,-997.8113514361024
3.8004833333333337,-997.8113840323925
3.80215,-997.8111512017488
3.803816666666667,-997.8106808838485
3.8054833333333336,-997.8100382712717
3.80715,-997.8093025264374
3.808816666666667,-997.8085807514417
3.8104833333333334,-997.8079847049937
3.8121500000000004,-997.8076168325765
3.813816666666667,-997.8075423267705
3.8154833333333333,-997.8077891272529
3.8171500000000003,-997.8083013546692
3.8188166666666667,-997.8089719069233
3.8204833333333337,-997.8096471157901
3.82215,-997.8101779696578
3.8238333333333334,-997.8104294267532
3.8255000000000003,-997.8103456077214
3.827166666666667,-997.8099265125626
3.8288333333333333,-997.80924199047
3.8305000000000002,-997.8084131133782
3.8321666666666667,-997.8075935495121
3.8338333333333336,-997.8069369670967
3.8355,-997.8065784079054
3.837166666666667,-997.8065970343569
3.8388333333333335,-997.8070068162898
3.8405,-997.8077332478983
3.842166666666667,-997.8086506006348
3.8438333333333334,-997.8095958930485
3.8455000000000004,-997.8104247701402
3.847166666666667,-997.8110208165883
3.8488333333333333,-997.8113421228767
3.8505000000000003,-997.8113980022312
3.8521666666666667,-997.8112257075549
3.85385,-997.8108857748149
3.855516666666667,-997.810438739979
3.8571833333333334,-997.8099358257883
3.8588500000000003,-997.8094329115978
3.860516666666667,-997.8089998466005
3.8621833333333333,-997.8086925101506
3.8638500000000002,-997.8085434985387
3.8655166666666667,-997.8085621249902
3.8671833333333336,-997.8086971667635
3.86885,-997.8088787746657
3.870516666666667,-997.809018473052
3.8721833333333335,-997.8090231296649
3.87385,-997.8088275519241
3.875516666666667,-997.8083944869267
3.8771833333333334,-997.8077285912855
3.8788500000000004,-997.8068950575808
3.880516666666667,-997.8060009879088
3.8821833333333333,-997.8051860806556
3.883866666666667,-997.8046086606591
3.8855333333333335,-997.8043804866282
3.8872,-997.8045714077562
3.888866666666667,-997.8051488277526
3.8905333333333334,-997.8060056445216
3.8922000000000003,-997.8069695633868
3.893866666666667,-997.8078496632203
3.8955333333333337,-997.8084783059585
3.8972,-997.8087530461181
3.8988666666666667,-997.8086459440219
3.9005333333333336,-997.8082128790245
3.9022,-997.8075562966092
3.903866666666667,-997.806815895162
3.9055333333333335,-997.8061267164564
3.9072,-997.8056098324273
3.908866666666667,-997.8053537187192
3.9105333333333334,-997.8054049414608
3.9122166666666667,-997.8057495308135
3.9138833333333336,-997.806331607423
3.91555,-997.8070440691929
3.917216666666667,-997.8077611875757
3.9188833333333335,-997.8083618906365
3.92055,-997.8087623593439
3.922216666666667,-997.80890205773
3.9238833333333334,-997.8087623593439
3.9255500000000003,-997.8083479207979
3.927216666666667,-997.8076913383825
3.9288833333333337,-997.8068484914521
3.93055,-997.8059078556513
3.9322166666666667,-997.8049951595277
3.9338833333333336,-997.8042594146934
3.93555,-997.8038449761476
3.937216666666667,-997.8038589459862
3.9388833333333335,-997.8043199506608
3.94055,-997.8051627975913
3.9422333333333337,-997.8062477883911
3.9439,-997.8073793453199
3.9455666666666667,-997.8083712038623
3.9472333333333336,-997.8090650391807
3.9489,-997.8093630624047
3.950566666666667,-997.8092513036958
3.9522333333333335,-997.8087670159567
3.9539,-997.8080173012838
3.955566666666667,-997.8071558279019
3.9572333333333334,-997.806368860326
3.9589000000000003,-997.805810066781
3.960566666666667,-997.8056005192016
3.9622333333333337,-997.805768157265
3.9639,-997.8062571016169
3.9655666666666667,-997.8069416237096
3.9672333333333336,-997.8076494288666
3.9689,-997.8082175356374
3.9705833333333334,-997.8085248720872
3.9722500000000003,-997.8085062456357
3.9739166666666668,-997.8081663128958
3.9755833333333337,-997.8075702664478
3.97725,-997.8068065819363
3.9789166666666667,-997.8059777048444
3.9805833333333336,-997.8051907372685
3.9822500000000005,-997.8045527813046
3.9839166666666674,-997.8041616258231
3.9855833333333335,-997.80409177663
3.9872500000000004,-997.8043665167896
3.9889166666666673,-997.8049439367861
3.9905833333333334,-997.8057122779105
3.9922500000000003,-997.8065271851638
3.9939166666666672,-997.8072303337078
3.995583333333334,-997.807672711931
3.99725,-997.8077565309628
3.998916666666667,-997.8074445379001
