min,µS/cm
0.0,-998.3761613249668
0.0016666666666667052,-998.3769762322199
0.0033333333333334103,-998.3771438702835
0.005016666666666669,-998.376338276256
0.006683333333333374,-998.3742428004622
0.00835000000000008,-998.3707270577413
0.010016666666666563,-998.3660518184146
0.011683333333333268,-998.3608690082845
0.013349999999999973,-998.3560913234745
0.015016666666666678,-998.352636116721
0.016683333333333383,-998.3511879101168
0.01835000000000009,-998.3520307570473
0.02001666666666657,-998.3550109892874
0.021683333333333277,-998.3595977529695
0.023349999999999982,-998.3650087371306
0.025016666666666687,-998.3703778117757
0.026683333333333392,-998.3749412923935
0.028350000000000097,-998.3781543552774
0.03001666666666658,-998.3797841697838
0.031683333333333286,-998.3798912718798
0.03336666666666677,-998.3788109376928
0.03503333333333325,-998.3770321115744
0.036699999999999955,-998.3750996172312
0.03836666666666666,-998.3734744593378
0.040033333333333365,-998.3724779441825
0.04170000000000007,-998.3722218304744
0.043366666666666775,-998.3726269557944
0.04503333333333326,-998.3734698027249
0.046699999999999964,-998.3744616612673
0.04836666666666667,-998.3753091648106
0.050033333333333374,-998.375779482711
0.05170000000000008,-998.3757515430337
0.05336666666666656,-998.3752067193274
0.05503333333333327,-998.3742474570751
0.05669999999999997,-998.3730600207919
0.05836666666666668,-998.3718679278958
0.06003333333333338,-998.370890039192
0.06171666666666664,-998.3703079625826
0.06338333333333335,-998.3702288001637
0.06505000000000005,-998.3706851482254
0.06671666666666676,-998.3716304406391
0.06838333333333324,-998.3729296356314
0.07004999999999995,-998.3743871554612
0.07171666666666665,-998.3757608562595
0.07338333333333336,-998.376822563995
0.07505000000000006,-998.3773813575401
0.07671666666666677,-998.3773394480243
0.07838333333333325,-998.3766968354474
0.08004999999999995,-998.3755699351316
0.08171666666666666,-998.3741729512691
0.08338333333333336,-998.3727759674065
0.08505000000000007,-998.3716397538649
0.08671666666666678,-998.3709831714496
0.08838333333333326,-998.3708993524177
0.09004999999999996,-998.371374326931
0.09173333333333344,-998.3722823664417
0.09339999999999993,-998.3734418630477
0.09506666666666663,-998.374619986105
0.09673333333333334,-998.3756211578733
0.09840000000000004,-998.3762823969015
0.10006666666666675,-998.3765012577066
0.10173333333333323,-998.37626377045
0.10339999999999994,-998.3756025314217
0.10506666666666664,-998.3746153294921
0.10673333333333335,-998.373427893209
0.10840000000000005,-998.3721612945069
0.11006666666666676,-998.3709319487078
0.11173333333333324,-998.3698423012951
0.11339999999999995,-998.36891097872
0.11506666666666665,-998.3680588185639
0.11673333333333336,-998.3669784843768
0.11840000000000006,-998.3649528577761
0.12006666666666677,-998.3605011358674
0.12175000000000002,-998.3507641583452
0.12341666666666673,-998.3305311754023
0.12508333333333344,-998.2906845390288
0.12674999999999992,-998.2160390346386
0.12841666666666662,-998.082398901732
0.13008333333333333,-997.8529489589171
0.13175000000000003,-997.4741474713544
0.13341666666666674,-996.8714560367499
0.13508333333333322,-995.9453209284438
0.13674999999999993,-994.567899496559
0.13841666666666663,-992.5811276736581
0.14008333333333334,-989.7967153181306
0.14175000000000004,-985.9985490264364
0.14341666666666675,-980.9477818109783
0.14508333333333345,-974.3906375832812
0.14674999999999994,-966.0687628044136
0.14841666666666664,-955.7314547503979
0.15008333333333335,-943.1494124900314
0.1517666666666666,-928.1299640089878
0.1534333333333333,-910.5334388606872
0.15510000000000002,-890.2892148542634
0.15676666666666672,-867.4094923154495
0.15843333333333343,-841.9988587694237
0.1600999999999999,-814.259061969006
0.16176666666666661,-784.4893405141725
0.16343333333333332,-753.0823074062738
0.16510000000000002,-720.5150000380887
0.16676666666666673,-687.3349243250373
0.16843333333333343,-654.1415027594853
0.17009999999999992,-621.564309402166
0.17176666666666662,-590.2397029987721
0.17343333333333333,-560.7876044515463
0.17510000000000003,-533.7898947921534
0.17676666666666674,-509.7715233032459
0.17843333333333344,-489.1848892388795
0.1801166666666667,-472.39759027603907
0.1817833333333334,-459.6833607459829
0.1834500000000001,-451.2162043020204
0.1851166666666666,-447.06777224646305
0.1867833333333333,-447.20805736594275
0.18845,-451.5094684676777
0.1901166666666667,-459.75431355636294
0.19178333333333342,-471.6454448512035
0.1934499999999999,-486.81965120454305
0.1951166666666666,-504.8629923280622
0.1967833333333333,-525.3272785457444
0.19845000000000002,-547.7467321547432
0.20011666666666672,-571.65393632448
0.20178333333333343,-596.5943776986536
0.20345000000000013,-622.1388842082298
0.2051166666666666,-647.8935622833174
0.2068000000000001,-673.5067445195778
0.2084666666666668,-698.6731294070711
0.21013333333333328,-723.1352667897638
0.2118,-746.6832598423042
0.2134666666666667,-769.15302815342
0.2151333333333334,-790.4235137581935
0.2168000000000001,-810.4129511911482
0.2184666666666666,-829.0743366019215
0.2201333333333333,-846.3904684625521
0.2218,-862.368741474286
0.2234666666666667,-877.0359171913173
0.2251333333333334,-890.4331693846887
0.2267999999999999,-902.6117487357053
0.2284666666666666,-913.6297232069213
0.2301333333333333,-923.5496776753802
0.2318,-932.437414737622
0.2334666666666667,-940.3611770553333
0.23513333333333342,-947.3911910072859
0.23680000000000012,-953.5992289677258
0.2384666666666666,-959.0579247842812
0.24015000000000009,-963.8397027570007
0.2418166666666668,-968.0145564340123
0.24348333333333327,-971.6477668712138
0.24514999999999998,-974.7982961008317
0.24681666666666668,-977.5194390572233
0.2484833333333334,-979.8608585167028
0.2501500000000001,-981.8707923320452
0.2518166666666666,-983.596765894255
0.2534833333333333,-985.0847911951527
0.25515,-986.3775228086754
0.2568166666666667,-987.5122508907282
0.2584833333333334,-988.5193505270962
0.2601499999999999,-989.4216391208682
0.2618166666666668,-990.2347209817891
0.2634833333333333,-990.9681980456078
0.26515,-991.6274300737434
0.2668166666666667,-992.2154019550492
0.26849999999999996,-992.7345165017688
0.27016666666666667,-993.187833108561
0.27183333333333337,-993.5798500634636
0.2735000000000001,-993.9166489028916
0.2751666666666668,-994.205610358252
0.27683333333333326,-994.4548462491738
0.27849999999999997,-994.6724311423825
0.2801666666666667,-994.8657317994468
0.2818333333333334,-995.0408623530719
0.2835000000000001,-995.2023676574241
0.28516666666666657,-995.353172065389
0.2868333333333333,-995.494788976151
0.2885,-995.6276281716431
0.2901666666666667,-995.7514521646087
0.2918333333333334,-995.865772010696
0.2935000000000001,-995.9701965544234
0.2951666666666668,-996.064646633372
0.2968333333333333,-996.1494714935075
0.29851666666666676,-996.22544878918
0.30018333333333347,-996.2936635111895
0.30184999999999995,-996.3554055413024
0.30351666666666666,-996.4119787311237
0.30518333333333336,-996.4645938000011
0.30685000000000007,-996.5142658895413
0.3085166666666668,-996.5617447144174
0.31018333333333326,-996.6075425020454
0.31184999999999996,-996.6519479624237
0.31351666666666667,-996.6950728542614
0.31518333333333337,-996.7368985511068
0.3168500000000001,-996.7773365773155
0.31851666666666656,-996.816247234501
0.3201833333333335,-996.8534768544387
0.32184999999999997,-996.8889090218064
0.3235166666666667,-996.9224552609596
0.3251833333333334,-996.954096945447
0.3268500000000001,-996.9838759847842
0.32853333333333334,-997.0118855112288
0.33020000000000005,-997.0382698797799
0.33186666666666675,-997.0632153549526
0.33353333333333346,-997.0869175144876
0.33519999999999994,-997.1095765927386
0.33686666666666665,-997.1313788542204
0.33853333333333335,-997.1524639973195
0.34020000000000006,-997.1729437807448
0.34186666666666676,-997.1928927103024
0.34353333333333325,-997.2123480388952
0.34519999999999995,-997.2313190797489
0.34686666666666666,-997.249791863025
0.34853333333333336,-997.2677570754978
0.35020000000000007,-997.2851821208769
0.35186666666666655,-997.3020576859368
0.3535333333333335,-997.318397740516
0.35519999999999996,-997.3342348809048
0.3568833333333332,-997.3496575827476
0.35855000000000015,-997.364758978302
0.36021666666666663,-997.379650826277
0.36188333333333333,-997.3944216023174
0.36355000000000004,-997.4091132159388
0.36521666666666674,-997.4237303237542
0.36688333333333345,-997.4381984199575
0.36854999999999993,-997.4524150590656
0.37021666666666664,-997.4662451993051
0.37188333333333334,-997.4795631121283
0.37355000000000005,-997.4922756652777
0.37521666666666675,-997.5043316360118
0.37688333333333324,-997.5157449941689
0.37854999999999994,-997.5265949021683
0.38021666666666665,-997.5369977753317
0.38188333333333335,-997.5471072818838
0.38355000000000006,-997.5570770900497
0.38521666666666676,-997.5670422416027
0.3869,-997.5770679291231
0.3885666666666667,-997.5871774356752
0.39023333333333343,-997.5973148819047
0.39190000000000014,-997.6073871355538
0.3935666666666666,-997.617268468075
0.3952333333333333,-997.6268378075338
0.39690000000000003,-997.6359880518336
0.39856666666666674,-997.6446819480717
0.40023333333333344,-997.6529334660866
0.4018999999999999,-997.6608171116844
0.40356666666666663,-997.6684539567998
0.40523333333333333,-997.6760069828835
0.40690000000000004,-997.6836484846117
0.40856666666666674,-997.6915228169837
0.4102333333333332,-997.6997137990313
0.41190000000000015,-997.708235400593
0.41356666666666664,-997.7170038026371
0.4152499999999999,-997.7258606803258
0.4169166666666668,-997.7346151125313
0.4185833333333333,-997.7430808347385
0.42025,-997.7510902088839
0.4219166666666667,-997.7585687291615
0.4235833333333334,-997.7654884558941
0.42525000000000013,-997.7719052684363
0.4269166666666666,-997.7778983292067
0.4285833333333333,-997.7835933667532
0.43025,-997.7890974831716
0.4319166666666667,-997.7945177805584
0.43358333333333343,-997.7999334213324
0.4352499999999999,-997.8054095980737
0.4369166666666666,-997.810960280621
0.4385833333333333,-997.8165854689743
0.44025000000000003,-997.8222525668434
0.44191666666666674,-997.827905694874
0.4435833333333332,-997.8334936303243
0.4452666666666667,-997.8389744636784
0.4469333333333334,-997.8443295684849
0.4485999999999999,-997.8495868844211
0.4502666666666668,-997.8548116040671
0.4519333333333333,-997.8600922030677
0.4536,-997.865526470293
0.4552666666666667,-997.8711749417107
0.4569333333333334,-997.8770515871593
0.4586000000000001,-997.8830865574456
0.4602666666666666,-997.8891494674092
0.4619333333333333,-997.8950726789865
0.4636,-997.9006838975012
0.4652666666666667,-997.9058527377927
0.4669333333333334,-997.9105000374421
0.4685999999999999,-997.914611826611
0.4702666666666666,-997.9182532978795
0.4719333333333333,-997.9215501797952
0.4736,-997.92465148397
0.4752833333333333,-997.927715535242
0.47695,-997.9308773753843
0.4786166666666667,-997.934211510203
0.4802833333333334,-997.9377505359881
0.4819500000000001,-997.9414665130626
0.4836166666666668,-997.9452895922332
0.4852833333333333,-997.9491266412424
0.48695,-997.9528659013812
0.4886166666666667,-997.9564188970049
0.4902833333333334,-997.9597297487593
0.4919500000000001,-997.9627844868055
0.4936166666666666,-997.9656157074336
0.4952833333333333,-997.9683118862883
0.49695,-997.9709894386916
0.4986166666666667,-997.9737880630297
0.5002833333333334,-997.9768381444629
0.5019666666666667,-997.9802188454104
0.5036333333333334,-997.9839487923234
0.5053000000000001,-997.9879721058477
0.5069666666666666,-997.9921677140483
0.5086333333333335,-997.9963493524102
0.5103,-998.0003307564185
0.5119666666666667,-998.0039396313969
0.5136333333333334,-998.0070595620233
0.5152999999999999,-998.0096579520077
0.5169666666666668,-998.0117906807045
0.5186333333333333,-998.0135741634358
0.5203,-998.0151760382648
0.5219666666666667,-998.0167546300296
0.5236333333333334,-998.0184449805033
0.5253000000000001,-998.0203262521048
0.5269666666666666,-998.0224077580601
0.5286333333333335,-998.024652245466
0.5303,-998.0269805519036
0.5319666666666667,-998.0293042017283
0.5336500000000002,-998.0315440325213
0.5353166666666667,-998.033648821541
0.5369833333333334,-998.0356045989486
0.5386500000000001,-998.0374393044214
0.5403166666666666,-998.0392134739269
0.5419833333333335,-998.0410109264967
0.54365,-998.0429387642271
0.5453166666666667,-998.0450808061497
0.5469833333333334,-998.0475022448448
0.5486499999999999,-998.0502123935382
0.5503166666666668,-998.0531600294883
0.5519833333333333,-998.0562427072116
0.55365,-998.0593300415479
0.5553166666666667,-998.0622730208851
0.5569833333333334,-998.0649412600626
0.5586500000000001,-998.06723697021
0.5603166666666666,-998.0691135851988
0.5619833333333335,-998.0705757616416
0.5636666666666668,-998.0716793788931
0.5653333333333332,-998.0725175692106
0.5670000000000002,-998.0732020913033
0.5686666666666667,-998.0738586737187
0.5703333333333334,-998.0746083883917
0.5720000000000001,-998.0755443675795
0.5736666666666665,-998.0767131774112
0.5753333333333335,-998.0781334443382
0.577,-998.0797539456188
0.5786666666666667,-998.0814908622212
0.5803333333333334,-998.0832277788237
0.5820000000000001,-998.084862249943
0.5836666666666668,-998.0863337396115
0.5853333333333333,-998.0876236213779
0.5870000000000002,-998.0887924312096
0.5886666666666667,-998.0899286447511
0.5903333333333334,-998.0911440207116
0.5920000000000001,-998.092545661187
0.5936833333333333,-998.0941847889192
0.59535,-998.0960614039078
0.5970166666666668,-998.0981149701859
0.5986833333333332,-998.1002244158184
0.6003500000000002,-998.1022640122577
0.6020166666666666,-998.104117344182
0.6036833333333333,-998.1057192190111
0.60535,-998.1070370404548
0.6070166666666665,-998.1080940915775
0.6086833333333335,-998.108932281895
0.61035,-998.1096121473748
0.6120166666666667,-998.1101988805971
0.6136833333333334,-998.1107576741422
0.6153500000000001,-998.1113397507515
0.6170166666666668,-998.1119916765541
0.6186833333333333,-998.1127320780013
0.6203500000000002,-998.113560955093
0.6220333333333334,-998.1144550247651
0.6236999999999999,-998.1153770341144
0.6253666666666668,-998.1162804170121
0.6270333333333333,-998.1171186073298
0.6287,-998.1178403823254
0.6303666666666667,-998.1184410853863
0.6320333333333332,-998.1189393429639
0.6337000000000002,-998.1194143174772
0.6353666666666666,-998.1199870808608
0.6370333333333333,-998.1208066447269
0.6387,-998.1219940810101
0.6403666666666668,-998.1236238955164
0.6420333333333335,-998.1256728051816
0.6436999999999999,-998.1280337079093
0.6453666666666666,-998.1305389656362
0.6470333333333333,-998.1329836873957
0.6487,-998.13517695206
0.6503833333333333,-998.136965091404
0.65205,-998.1382735996219
0.6537166666666667,-998.1390978201009
0.6553833333333334,-998.1394982888081
0.6570499999999999,-998.1395821078399
0.6587166666666668,-998.1394703491309
0.6603833333333333,-998.1392887412288
0.66205,-998.1391397296168
0.6637166666666667,-998.139093163488
0.6653833333333332,-998.1391862957455
0.6670500000000001,-998.1394424094536
0.6687166666666666,-998.1398568479996
0.6703833333333333,-998.140401671706
0.67205,-998.1410442842828
0.6737166666666667,-998.1417381196012
0.6753833333333334,-998.1424366115324
0.6770499999999999,-998.143088537335
0.6787166666666669,-998.143684583783
0.6804000000000001,-998.1442387207152
0.6820666666666666,-998.144802170873
0.6837333333333335,-998.1454447834499
0.6854,-998.1462643473159
0.6870666666666667,-998.1473120852128
0.6887333333333334,-998.1486205934308
0.6903999999999999,-998.1501572756796
0.6920666666666668,-998.1518289997018
0.6937333333333333,-998.1535286634013
0.6954,-998.1551165683917
0.6970666666666667,-998.1564809559642
0.6987333333333332,-998.1575147240225
0.7004000000000001,-998.158166649825
0.7020666666666666,-998.158427420146
0.7037333333333333,-998.158357570953
0.7054,-998.1580595477288
0.7070666666666667,-998.1576497657959
0.7087333333333334,-998.1572586103143
0.7104166666666667,-998.1569792135418
0.7120833333333334,-998.1568767680586
0.7137500000000001,-998.1569699003161
0.7154166666666666,-998.1572586103143
0.7170833333333335,-998.1577103017632
0.71875,-998.1582644386954
0.7204166666666667,-998.1588558285306
0.7220833333333334,-998.1594192786885
0.7237499999999999,-998.159922192879
0.7254166666666668,-998.1603599144893
0.7270833333333333,-998.1607696964223
0.72875,-998.1612353577098
0.7304166666666667,-998.1618453739965
0.7320833333333334,-998.1626789077011
0.7337500000000001,-998.1637825249526
0.7354166666666666,-998.1651375992992
0.7370833333333335,-998.1666696249353
0.73875,-998.1682668431514
0.7404333333333333,-998.1697895555616
0.7421,-998.1711166902311
0.7437666666666667,-998.1721504582894
0.7454333333333334,-998.1728442936078
0.7471000000000001,-998.1732028527991
0.7487666666666666,-998.1732680453795
0.7504333333333335,-998.1731097205417
0.7521,-998.1728303237692
0.7537666666666667,-998.1725229873194
0.7554333333333334,-998.1722715302242
0.7570999999999999,-998.1721411450636
0.7587666666666668,-998.1721597715151
0.7604333333333333,-998.1723274095787
0.7621,-998.1726254328026
0.7637666666666667,-998.1729979618327
0.7654333333333334,-998.1733891173142
0.7671000000000001,-998.1737383632799
0.7687833333333334,-998.1740084468266
0.7704500000000001,-998.1741993679545
0.7721166666666668,-998.1743576927922
0.7737833333333333,-998.1745718969845
0.7754500000000002,-998.174930456176
0.7771166666666667,-998.1755218460111
0.7787833333333334,-998.1763972892317
0.7804500000000001,-998.1775521292246
0.7821166666666666,-998.1789304866357
0.7837833333333335,-998.1804392292073
0.78545,-998.1819665982304
0.7871166666666667,-998.1833915217702
0.7887833333333334,-998.1846115543435
0.7904499999999999,-998.1855428769186
0.7921166666666668,-998.1861342667537
0.7937833333333333,-998.1863670973975
0.7954666666666665,-998.1862599953014
0.7971333333333335,-998.1858688398198
0.7988,-998.1852634801461
0.8004666666666667,-998.1845510183762
0.8021333333333334,-998.183847869832
0.8038000000000001,-998.1832704498355
0.8054666666666668,-998.1829212038698
0.8071333333333333,-998.1828653245153
0.8088000000000002,-998.1831074683848
0.8104666666666667,-998.1836150391882
0.8121333333333334,-998.1842995612809
0.8138000000000001,-998.1850492759538
0.8154666666666666,-998.185752424498
0.8171333333333335,-998.1863438143331
0.8188,-998.1868001623949
0.8204666666666667,-998.1871540649735
0.8221333333333334,-998.1875033109391
0.8238000000000001,-998.1879456891622
0.8254666666666668,-998.188588301739
0.8271333333333333,-998.1894730581853
0.8288166666666668,-998.1905906452754
0.8304833333333335,-998.1918572439774
0.83215,-998.1931657521953
0.8338166666666669,-998.1943857847687
0.8354833333333334,-998.1954055829883
0.8371500000000001,-998.1961552976612
0.8388166666666668,-998.1965883626586
0.8404833333333332,-998.1967234044321
0.8421500000000002,-998.1966023324973
0.8438166666666667,-998.1962903394347
0.8454833333333334,-998.1958712442758
0.8471500000000001,-998.1954242094398
0.8488166666666666,-998.1950377105712
0.8504833333333335,-998.1947676270245
0.85215,-998.1946744947669
0.8538166666666667,-998.1947676270245
0.8554833333333334,-998.1950377105712
0.8571666666666666,-998.1954195528269
0.8588333333333333,-998.1958386479857
0.8605,-998.1962065204029
0.8621666666666667,-998.1964579774982
0.8638333333333335,-998.1965976758844
0.8654999999999999,-998.196690808142
0.8671666666666669,-998.1968537895925
0.8688333333333333,-998.1972402884612
0.8705,-998.1979853465212
0.8721666666666668,-998.1991588129658
0.8738333333333332,-998.2007467179562
0.8755000000000002,-998.202623332945
0.8771666666666667,-998.204602393417
0.8788333333333334,-998.2064510687285
0.8805000000000001,-998.2079737811387
0.8821666666666665,-998.2090448020999
0.8838333333333335,-998.2096175654837
0.8855,-998.2097246675797
0.8871833333333332,-998.209454584033
0.8888500000000001,-998.2089144169395
0.8905166666666666,-998.2082345514597
0.8921833333333333,-998.2075174330769
0.89385,-998.2068608506614
0.8955166666666667,-998.2063253401808
0.8971833333333334,-998.2059574677637
0.8988499999999999,-998.2057851730873
0.9005166666666669,-998.2058270826032
0.9021833333333333,-998.2060878529242
0.90385,-998.2065488575988
0.9055166666666667,-998.2071681871113
0.9071833333333332,-998.2078806488811
0.9088500000000002,-998.2086117371025
0.9105166666666666,-998.2093102290338
0.9121833333333333,-998.2099435283849
0.91385,-998.2105395748329
0.9155166666666668,-998.2111495911196
0.9172,-998.2118294565994
0.9188666666666667,-998.212625737401
0.9205333333333334,-998.2135570599761
0.9222000000000001,-998.214604797873
0.9238666666666666,-998.2157084151245
0.9255333333333335,-998.2167840926986
0.9272,-998.2177340417252
0.9288666666666667,-998.2184790997852
0.9305333333333334,-998.218935447847
0.9321999999999999,-998.2190751462332
0.9338666666666668,-998.2189168213955
0.9355333333333333,-998.2185210093011
0.9372,-998.2179948120462
0.9388666666666667,-998.2174639581784
0.9405333333333332,-998.2170588328582
0.9422166666666667,-998.2168632551175
0.9438666666666666,-998.2169284476978
0.9455499999999999,-998.2172404407604
0.9472166666666668,-998.2177433549509
0.9488833333333333,-998.2183254315603
0.95055,-998.2188655986538
0.9522166666666667,-998.2192753805869
0.9538833333333334,-998.2194849281663
0.9555500000000001,-998.2195128678435
0.9572166666666666,-998.2194150789732
0.9588833333333335,-998.2192986636512
0.96055,-998.2192800371997
0.9622166666666667,-998.2194756149405
0.9638833333333334,-998.219978529131
0.9655499999999999,-998.2208120628356
0.9672166666666668,-998.221957589603
0.9688833333333333,-998.2233266337884
0.97055,-998.2247981234569
0.9722333333333335,-998.2262416734483
0.9738833333333334,-998.2275129287632
0.9755666666666667,-998.2285094439185
0.9772333333333334,-998.2291520564953
0.9788999999999999,-998.2294128268163
0.9805666666666668,-998.2293196945587
0.9822333333333333,-998.2289518221417
0.9839,-998.2284209682739
0.9855666666666667,-998.227852861503
0.9872333333333334,-998.2273592605383
0.9889000000000001,-998.2270193277984
0.9905666666666666,-998.2268610029606
0.9922333333333334,-998.2268796294121
0.9939,-998.2270379542499
0.9955666666666667,-998.2272707848937
0.9972333333333334,-998.2275036155374
0.9989,-998.2276945366654
1.0005666666666666,-998.2278295784387
1.00225,-998.2279273673091
1.0039166666666668,-998.2280577524696
1.0055833333333333,-998.2283092095648
1.00725,-998.2287748708524
1.0089166666666667,-998.2295199289124
1.0105833333333334,-998.2305676668093
1.01225,-998.2318715184144
1.0139166666666668,-998.2333243816315
1.0155833333333333,-998.2347912146872
1.01725,-998.2361323191952
1.0189166666666667,-998.2372359364467
1.0205833333333334,-998.2380182474097
1.02225,-998.2384466557943
1.0239166666666668,-998.2385258182131
1.0255833333333333,-998.2382929875694
1.02725,-998.2378133564432
1.0289166666666667,-998.2371754004793
1.0305833333333334,-998.2364722519352
1.0322666666666667,-998.2358016996811
1.0339333333333334,-998.2352568759748
1.0356,-998.2349169432348
1.0372666666666668,-998.2348424374288
1.0389333333333335,-998.235061298234
1.0406,-998.2355642124245
1.0422666666666667,-998.2362813308073
1.0439333333333334,-998.2371008946733
1.0456,-998.2379018320878
1.0472666666666668,-998.238567727729
1.0489333333333333,-998.239052015468
1.0506,-998.2393733217564
1.0522666666666667,-998.2396201222388
1.0539333333333334,-998.2399041756242
1.0556,-998.2403698369118
1.0572666666666668,-998.2411055817461
1.0589333333333333,-998.2421393498043
1.0606,-998.243419918345
1.0622833333333335,-998.2448262154334
1.06395,-998.2461952596186
1.0656166666666667,-998.2473733826761
1.0672833333333334,-998.248234856058
1.06895,-998.2487191437971
1.0706166666666668,-998.2488215892803
1.0722833333333335,-998.248607385088
1.07395,-998.2481743200907
1.0756166666666667,-998.2476201831585
1.0772833333333334,-998.247042763162
1.07895,-998.2465025960685
1.0806166666666668,-998.2460462480067
1.0822833333333335,-998.2457063152667
1.08395,-998.2454921110746
1.0856166666666667,-998.2454176052685
1.0872833333333334,-998.245473484623
1.08895,-998.2456318094607
1.0906333333333333,-998.2458553268788
1.0923,-998.2461160971998
1.0939666666666668,-998.2463861807465
1.0956333333333335,-998.2466748907448
1.0973,-998.2469961970332
1.0989666666666666,-998.2474106355791
1.1006333333333334,-998.2479880555757
1.1023,-998.2487750231516
1.1039666666666668,-998.249804134597
1.1056333333333335,-998.251033480396
1.1073,-998.2523978679685
1.1089666666666667,-998.2537715687666
1.1106333333333334,-998.2550195410173
1.1123,-998.2560113995597
1.1139666666666668,-998.2566446989107
1.1156333333333335,-998.256858903103
1.1173,-998.2566493555236
1.1189666666666667,-998.2560719355271
1.1206333333333334,-998.2552430584352
1.1223166666666666,-998.2543070792474
1.1239833333333333,-998.2533990397367
1.12565,-998.252640011838
1.1273166666666667,-998.2520905315188
1.1289833333333334,-998.251778538456
1.1306500000000002,-998.2516854061986
1.1323166666666666,-998.2517738818432
1.1339833333333333,-998.252006712487
1.13565,-998.2523466452269
1.1373166666666668,-998.2527703969985
1.1389833333333335,-998.2532593413504
1.1406500000000002,-998.2538134782826
1.1423166666666666,-998.254432807795
1.1439833333333334,-998.2551219865005
1.14565,-998.2558810143992
1.1473166666666668,-998.2567192047168
1.1489833333333335,-998.2576319008402
1.15065,-998.2585911630925
1.1523333333333334,-998.2595643951835
1.1540000000000001,-998.2604864045328
1.1556666666666666,-998.2612919985602
1.1573333333333333,-998.2619159846855
1.159,-998.2623117967798
1.1606666666666667,-998.2624654650048
1.1623333333333334,-998.2623769893602
1.1640000000000001,-998.2620929359748
1.1656666666666666,-998.261673840816
1.1673333333333333,-998.2612035229156
1.169,-998.2607658013053
1.1706666666666667,-998.2604305251783
1.1723333333333334,-998.2602396040504
1.1740000000000002,-998.2602209775989
1.1756666666666666,-998.2603699892109
1.1773333333333333,-998.2606540425963
1.179,-998.2610219150134
1.1806666666666668,-998.261413070495
1.18235,-998.2617530032348
1.1840166666666667,-998.2619811772657
1.1856833333333334,-998.262083622749
1.1873500000000001,-998.2620696529103
1.1890166666666668,-998.2620044603301
1.1906833333333333,-998.2619998037172
1.19235,-998.2621627851679
1.1940166666666667,-998.2625958501653
1.1956833333333334,-998.2633362516125
1.1973500000000001,-998.2643560498321
1.1990166666666666,-998.2655714257926
1.2006833333333333,-998.2668519943333
1.20235,-998.2680720269066
1.2040166666666667,-998.2691057949648
1.2056833333333334,-998.2698694794764
1.2073500000000001,-998.2703072010867
1.2090166666666666,-998.2704143031829
1.2107,-998.2702000989906
1.2123666666666668,-998.2697111546387
1.2140333333333333,-998.2690219759331
1.2157,-998.2682163819057
1.2173666666666667,-998.2674014746525
1.2190333333333334,-998.2666703864311
1.2207000000000001,-998.266116249499
1.2223666666666668,-998.2657949432106
1.2240333333333333,-998.2657297506303
1.2257,-998.2659067019196
1.2273666666666667,-998.2662559478853
1.2290333333333334,-998.2666843562697
1.2307000000000001,-998.2671081080414
1.2323666666666668,-998.2674666672328
1.2340333333333333,-998.2677507206182
1.2357,-998.2679882078749
1.2373666666666667,-998.2682489781959
1.23905,-998.268616850613
1.2407166666666667,-998.2691616743193
1.2423833333333334,-998.2699113889923
1.24405,-998.2708427115673
1.2457166666666668,-998.2718718230128
1.2473833333333333,-998.272872994781
1.24905,-998.2737251549371
1.2507166666666667,-998.2743305146109
1.2523833333333334,-998.2746378510607
1.25405,-998.2746425076735
1.2557166666666668,-998.2743817373525
1.2573833333333333,-998.2739253892908
1.25905,-998.2733665957458
1.2607166666666667,-998.2728031455878
1.2623833333333334,-998.2723328276874
1.2640500000000001,-998.2720301478505
1.2657166666666668,-998.2719277023673
1.2673833333333333,-998.2720208346248
1.2690666666666668,-998.2722583218814
1.2707333333333335,-998.2725796281698
1.2724,-998.2729195609097
1.2740666666666667,-998.2732175841337
1.2757333333333334,-998.2734271317131
1.2774,-998.2735295771963
1.2790666666666668,-998.2735388904221
1.2807333333333335,-998.2734876676805
1.2824,-998.273431788326
1.2840666666666667,-998.2734504147775
1.2857333333333334,-998.2736273660668
1.2874,-998.2740324913868
1.2890666666666668,-998.2746937304152
1.2907333333333333,-998.275597113313
1.2924,-998.2766681342742
1.2940666666666667,-998.2778090044287
1.2957333333333334,-998.27888002539
1.2974,-998.2797647818363
1.2990833333333334,-998.2803515150586
1.30075,-998.2806029721538
1.3024166666666668,-998.2805144965092
1.3040833333333335,-998.280146624092
1.30575,-998.279587830547
1.3074166666666667,-998.2789359047446
1.3090833333333334,-998.2782700091034
1.31075,-998.2776367097523
1.3124166666666668,-998.2770499765301
1.3140833333333335,-998.2765191226623
1.31575,-998.2760301783104
1.3174166666666667,-998.275597113313
1.3190833333333334,-998.2752385541215
1.32075,-998.2749824404134
1.3224166666666668,-998.2748753383173
1.3240833333333335,-998.2749498441233
1.32575,-998.2752338975087
1.3274166666666667,-998.2757321550863
1.3291000000000002,-998.2764306470176
1.3307666666666667,-998.2773060902382
1.3324333333333334,-998.2783352016836
1.3341,-998.2794714152252
1.3357666666666668,-998.2806681647342
1.3374333333333335,-998.2818462877915
1.3391,-998.2829079955271
1.3407666666666667,-998.2837508424575
1.3424333333333334,-998.2842863529381
1.3441,-998.2844586476145
1.3457666666666668,-998.2842491000351
1.3474333333333335,-998.2836996197159
1.3491,-998.2828986823014
1.3507666666666667,-998.2819627031134
1.3524333333333334,-998.2810174106997
1.3541,-998.2801838769951
1.3557666666666668,-998.2795366078054
1.35745,-998.2791221692595
1.3591166666666668,-998.2789498745832
1.3607833333333335,-998.278991784099
1.3624500000000002,-998.2792106449042
1.3641166666666666,-998.2795552342569
1.3657833333333333,-998.27996501619
1.36745,-998.2803747981229
1.3691166666666668,-998.2807426705401
1.3707833333333335,-998.2810220673126
1.3724500000000002,-998.2812083318277
1.3741166666666667,-998.2813247471495
1.3757833333333334,-998.2814039095684
1.37745,-998.2815156682774
1.3791166666666668,-998.2817065894053
1.3807833333333335,-998.2820232390808
1.38245,-998.2824795871426
1.3841333333333334,-998.2830663203648
1.3858000000000001,-998.2837554990704
1.3874666666666666,-998.2845005571304
1.3891333333333333,-998.2852549284162
1.3908,-998.2859580769604
1.3924666666666667,-998.2865541234085
1.3941333333333334,-998.2869871884058
1.3958000000000002,-998.2872200190495
1.3974666666666666,-998.2872200190495
1.3991333333333333,-998.2869825317929
1.4008,-998.2865215271183
1.4024666666666668,-998.2858789145415
1.4041333333333335,-998.2851198866429
1.4058000000000002,-998.2843236058412
1.4074666666666666,-998.2835552647167
1.4091333333333333,-998.2828800558499
1.4108,-998.2823166056919
1.4124666666666668,-998.2818649142431
1.4141333333333335,-998.2814970418259
1.4158000000000002,-998.2811990186019
1.4174833333333334,-998.2809755011839
1.4191500000000001,-998.280859085862
1.4208166666666668,-998.2809149652165
1.4224833333333333,-998.2812223016663
1.42415,-998.2818416311786
1.4258166666666667,-998.2828055500438
1.4274833333333334,-998.2840768053588
1.4291500000000001,-998.2855576082532
1.4308166666666666,-998.2871175735663
1.4324833333333333,-998.2885983764606
1.43415,-998.2898510053241
1.4358166666666667,-998.2907543882219
1.4374833333333334,-998.2912293627352
1.4391500000000002,-998.2912526457995
1.4408166666666666,-998.2908568337051
1.4424833333333333,-998.2901071190322
1.44415,-998.289105947264
1.4458333333333333,-998.2879697337225
1.4475,-998.2868009238908
1.4491666666666667,-998.2857159330908
1.4508333333333334,-998.2848032369674
1.4525000000000001,-998.2841559677777
1.4541666666666668,-998.2838253482636
1.4558333333333333,-998.2838300048764
1.4575,-998.2841187148747
1.4591666666666667,-998.2846030026137
1.4608333333333334,-998.285152482933
1.4625000000000001,-998.2856553971235
1.4641666666666668,-998.2860186129278
1.4658333333333333,-998.2862281605071
1.4675,-998.2863166361518
1.4691666666666667,-998.2863678588934
1.4708333333333334,-998.2864842742152
1.4725000000000001,-998.2867497011492
1.4741666666666668,-998.2872293322753
1.47585,-998.2879045411422
1.4775166666666668,-998.2887194483955
1.4791833333333333,-998.2895622953258
1.48085,-998.2903120099987
1.4825166666666667,-998.2908754601566
1.4841833333333334,-998.2911921098322
1.4858500000000001,-998.2912573024124
1.4875166666666668,-998.2911082908004
1.4891833333333333,-998.290824237415
1.49085,-998.2904936179009
1.4925166666666667,-998.2901816248383
1.4941833333333334,-998.2899441375816
1.4958500000000001,-998.2897904693567
1.4975166666666668,-998.2897019937121
1.4991833333333333,-998.2896600841962
1.50085,-998.2896228312932
1.5025166666666667,-998.2895390122615
1.5041833333333334,-998.2893760308108
1.5058666666666667,-998.2891012906512
1.5075333333333334,-998.2887054785568
1.5092,-998.2882072209791
1.5108666666666668,-998.2876577406598
1.5125333333333335,-998.2871548264693
1.5142,-998.2868148937295
1.5158666666666667,-998.2867683276007
1.5175333333333334,-998.2871362000178
1.5192,-998.2879650771097
1.5208666666666668,-998.2892456456503
1.5225333333333335,-998.2908708035437
1.5242,-998.2926682561136
1.5258666666666667,-998.294409829329
1.5275333333333334,-998.2958766623847
1.5292000000000001,-998.2968871473786
1.5308666666666668,-998.297320212376
1.5325333333333333,-998.2971618875382
1.5342166666666668,-998.2964820220584
1.5358833333333335,-998.2954110010971
1.53755,-998.2941257759436
1.5392166666666667,-998.292803297887
1.5408833333333334,-998.2915925785394
1.54255,-998.2905867501584
1.5442166666666668,-998.2898370354854
1.5458833333333335,-998.2893387779078
1.54755,-998.2890454112967
1.5492166666666667,-998.2889150261361
1.5508833333333334,-998.2888963996846
1.55255,-998.2889569356521
1.5542166666666668,-998.2890733509739
1.5558833333333335,-998.2892456456503
1.55755,-998.2894971027456
1.5592166666666667,-998.2898556619369
1.5608833333333334,-998.2903492629017
1.56255,-998.2909918754785
1.5642333333333334,-998.291792812893
1.5659,-998.2927334486939
1.5675666666666668,-998.2937672167521
1.5692333333333335,-998.2948428943264
1.5709000000000002,-998.2958720057718
1.5725666666666667,-998.296761418831
1.5742333333333334,-998.2974133446335
1.5759,-998.297767247212
1.5775666666666668,-998.2977812170507
1.5792333333333335,-998.297469223988
1.5809,-998.2968918039915
1.5825666666666667,-998.2961420893186
1.5842333333333334,-998.2953318386783
1.5859,-998.2945867806183
1.5875666666666668,-998.2940093606217
1.5892333333333335,-998.2936740844947
1.5909,-998.2936135485273
1.5925833333333335,-998.293809126268
1.5942500000000002,-998.2942002817496
1.5959166666666667,-998.2946752562628
1.5975833333333334,-998.2950990080345
1.59925,-998.2953504651298
1.6009166666666668,-998.295341151904
1.6025833333333335,-998.2950524419058
1.6042500000000002,-998.2945495277152
1.6059166666666667,-998.2939441680414
1.6075833333333334,-998.2933900311093
1.60925,-998.2930361285307
1.6109166666666668,-998.2929942190149
1.6125833333333335,-998.2933155253032
1.6142500000000002,-998.2939767643315
1.6159166666666667,-998.2948848038423
1.6175833333333334,-998.2959092586748
1.61925,-998.2968964606043
1.6209166666666668,-998.2977206810832
1.6226,-998.2982887878541
1.6242666666666667,-998.2985588714008
1.6259333333333335,-998.2985355883364
1.6276000000000002,-998.2982515349511
1.6292666666666666,-998.297767247212
1.6309333333333333,-998.2971292912481
1.6326,-998.2963888898009
1.6342666666666668,-998.2955972656122
1.6359333333333335,-998.2947963281975
1.6376000000000002,-998.2940466135246
1.6392666666666666,-998.2933993443351
1.6409333333333334,-998.2928824603059
1.6426,-998.2924959614372
1.6442666666666668,-998.2922119080519
1.6459333333333335,-998.2919790774081
1.6476000000000002,-998.2917695298287
1.6492666666666667,-998.2915739520879
1.6509333333333334,-998.2914435669275
1.6526166666666668,-998.2914668499918
1.6542833333333333,-998.2917555599901
1.65595,-998.2924074857926
1.6576166666666667,-998.2934691935282
1.6592833333333334,-998.2948894604551
1.6609500000000001,-998.2965518712516
1.6626166666666669,-998.298256191564
1.6642833333333333,-998.2997882171999
1.66595,-998.3009523704187
1.6676333333333335,-998.3015996396083
1.6693,-998.3016834586401
1.6709666666666667,-998.3012364238041
1.6726333333333334,-998.300379607035
1.6743000000000001,-998.2992899596222
1.6759666666666668,-998.2981537460806
1.6776333333333333,-998.2971479176996
1.6793,-998.2963888898009
1.6809666666666667,-998.2959418549649
1.6826333333333334,-998.2958068131916
1.6843000000000001,-998.2959465115778
1.6859666666666668,-998.2962817877049
1.6876333333333333,-998.2967241659279
1.6893,-998.2971805139897
1.6909666666666667,-998.2975576996326
1.6926333333333334,-998.2977858736635
1.6943000000000001,-998.2978231265665
1.6959666666666668,-998.2976648017287
1.6976333333333333,-998.2973667785047
1.6993,-998.2970128759263
1.7009666666666667,-998.296719509315
1.7026333333333334,-998.2966170638318
1.7043000000000001,-998.2967940151211
1.7059666666666669,-998.297282959473
1.7076333333333333,-998.2980513005974
1.7093,-998.2989872797854
1.7109833333333335,-998.2999465420377
1.71265,-998.3007614492908
1.7143166666666667,-998.3012969597714
1.7159833333333334,-998.301464597835
1.7176500000000001,-998.301241080417
1.7193166666666668,-998.300682286872
1.7209833333333333,-998.2998860060702
1.72265,-998.2989965930111
1.7243166666666667,-998.2981537460806
1.7259833333333334,-998.2974599107622
1.7276500000000001,-998.2969663097974
1.7293166666666668,-998.2966682865734
1.7309833333333333,-998.2965146183486
1.73265,-998.296421486091
1.7343166666666667,-998.296314383995
1.7359833333333334,-998.2961327760928
1.7376500000000001,-998.295862692546
1.7393333333333334,-998.2955181031932
1.741,-998.2951642006147
1.7426666666666668,-998.2948708340036
1.7443333333333335,-998.2947264790045
1.746,-998.2948149546492
1.7476666666666667,-998.2951735138405
1.7493333333333334,-998.2958254396431
1.7510000000000001,-998.2967381357665
1.7526666666666668,-998.2978510662438
1.7543333333333335,-998.2990571289785
1.756,-998.3002445652617
1.7576666666666667,-998.3012923031586
1.7593333333333334,-998.3021025537988
1.7610166666666667,-998.3025961547636
1.7626833333333334,-998.3027265399242
1.76435,-998.3024983658933
1.7660166666666668,-998.3019581987998
1.7676833333333335,-998.3011805444496
1.76935,-998.3002818181646
1.7710166666666667,-998.2993644654282
1.7726833333333334,-998.2985542147879
1.77435,-998.2979302286626
1.7760166666666668,-998.2975576996326
1.7776833333333335,-998.2974505975365
1.77935,-998.2975716694713
1.7810166666666667,-998.2978464096309
1.7826833333333334,-998.2981630593064
1.78435,-998.298437799466
1.7860166666666668,-998.2986007809167
1.7876833333333335,-998.2986566602711
1.78935,-998.2986473470454
1.7910166666666667,-998.2986520036583
1.7926833333333334,-998.2987684189802
1.7943500000000001,-998.2990804120428
1.7960166666666668,-998.2996205791363
1.7976833333333335,-998.3003656371964
1.7993666666666668,-998.301241080417
1.8010333333333335,-998.3021211802503
1.8027000000000002,-998.302884864762
1.8043666666666667,-998.3034203752426
1.8060333333333334,-998.3036718323378
1.8077,-998.3036345794349
1.8093666666666668,-998.3033505260495
1.8110333333333335,-998.3028941779877
1.8127,-998.3023400410555
1.8143666666666667,-998.3017579644461
1.8160333333333334,-998.3011991709011
1.8177,-998.3007055699363
1.8193666666666668,-998.3003144144548
1.8210333333333335,-998.3000489875209
1.8227,-998.2999232589732
1.8243666666666667,-998.2999279155862
1.8260333333333334,-998.3000210478436
1.8277166666666667,-998.3001281499397
1.8293833333333334,-998.300156089617
1.83105,-998.3000163912308
1.8327166666666668,-998.2996671452651
1.8343833333333335,-998.2991269781716
1.8360500000000002,-998.2984983354335
1.8377166666666667,-998.2979302286626
1.8393833333333334,-998.2975856393099
1.84105,-998.2976089223743
1.8427166666666668,-998.2980885535004
1.8443833333333335,-998.2990152194626
1.8460500000000002,-998.300305101229
1.8477166666666667,-998.3018045305748
1.8493833333333334,-998.303327242985
1.85105,-998.3046962871704
1.8527166666666668,-998.3057486816801
1.8543833333333335,-998.3063586979669
1.8560500000000002,-998.3064658000629
1.8577333333333335,-998.3060513615171
1.8594000000000002,-998.3051619484579
1.8610666666666666,-998.3038767233044
1.8627333333333334,-998.3023353844426
1.8644,-998.3006916000977
1.8660666666666668,-998.2991176649458
1.8677333333333335,-998.2977719038249
1.8694000000000002,-998.2967847018954
1.8710666666666667,-998.2962398781889
1.8727333333333334,-998.2961420893186
1.8744,-998.2964121728653
1.8760666666666668,-998.2969290568944
1.8777333333333335,-998.2975344165683
1.8794000000000002,-998.2980838968875
1.8810666666666667,-998.2984890222077
1.8827333333333334,-998.2987451359159
1.8844,-998.298922087205
1.8860666666666668,-998.2991409480102
1.88775,-998.2995460733304
1.8894166666666667,-998.3002445652617
1.8910833333333334,-998.3012690200942
1.8927500000000002,-998.3025635584735
1.8944166666666669,-998.3039791687876
1.8960833333333333,-998.3053202732957
1.89775,-998.3063726678055
1.8994166666666668,-998.3069733708663
1.9010833333333335,-998.3070292502209
1.9027500000000002,-998.306540305869
1.9044166666666669,-998.305608983294
1.9060833333333334,-998.3043982639464
1.90775,-998.3031176954057
1.9094166666666668,-998.3019535421869
1.9110833333333335,-998.301050159289
1.9127500000000002,-998.3004820525183
1.9144166666666667,-998.3002631917132
1.9160833333333334,-998.3003516673577
1.9177666666666668,-998.3006729736462
1.9194333333333333,-998.3011153518693
1.9211,-998.3015670433182
1.9227666666666667,-998.301911632671
1.9244333333333334,-998.302060644283
1.9261000000000001,-998.3019628554126
1.9277666666666669,-998.3016368925114
1.9294333333333333,-998.3011712312239
1.9311,-998.3006962567106
1.9327666666666667,-998.300379607035
1.9344333333333334,-998.3003609805835
1.9361000000000002,-998.3007335096136
1.9377666666666669,-998.3015065073508
1.9394333333333333,-998.3026101246022
1.9411,-998.3039000063687
1.9427666666666668,-998.3051852315223
1.9444333333333335,-998.306279535548
1.9461166666666667,-998.307024593608
1.9477833333333334,-998.307322616832
1.9494500000000001,-998.3071503221556
1.9511166666666668,-998.3065542757076
1.9527833333333335,-998.3056415795841
1.95445,-998.3045519321712
1.9561166666666667,-998.3034250318555
1.9577833333333334,-998.3023866071843
1.9594500000000001,-998.301539103641
1.9611166666666668,-998.3009290873543
1.9627833333333333,-998.3005565583243
1.96445,-998.3003749504221
1.9661166666666667,-998.3003144144548
1.9677833333333334,-998.3002818181646
1.9694500000000001,-998.300230595423
1.9711333333333334,-998.3001281499397
1.9728,-998.2999977647793
1.9744666666666668,-998.2998999759088
1.9761333333333335,-998.2999232589732
1.9778,-998.3001514330041
1.9794666666666667,-998.3006496905817
1.9811333333333334,-998.3014413147706
1.9828000000000001,-998.3024797394418
1.9844666666666668,-998.3036764889507
1.9861333333333335,-998.3048778950725
1.9878,-998.3059209763566
1.9894666666666667,-998.3066706910295
1.9911333333333334,-998.3070199369952
1.9928000000000001,-998.3069407745762
1.9944666666666668,-998.3064611434501
1.9961333333333335,-998.305678832487
1.9978,-998.3047242268476
1.9994666666666667,-998.3037416815309
2.001133333333333,-998.3028569250847
2.0028,-998.3021677463792
2.0044833333333334,-998.3017393379946
2.00615,-998.3015763565439
2.007816666666667,-998.3016555189629
2.0094833333333333,-998.3019162892839
2.01115,-998.3022701918624
2.0128166666666667,-998.302624094441
2.0144833333333336,-998.3028988346006
2.01615,-998.3030199065353
2.0178166666666666,-998.3029826536323
2.0194833333333335,-998.3028010457301
2.02115,-998.302544932022
2.022816666666667,-998.3023027881525
2.0244833333333334,-998.3021770596049
2.02615,-998.302246908798
2.027816666666667,-998.3025682150864
2.0294833333333333,-998.3031270086315
2.0311666666666666,-998.3038860365301
2.0328166666666667,-998.3047568231377
2.0345,-998.3056508928098
2.036166666666667,-998.3064751132887
2.0378333333333334,-998.3071316957041
2.0395000000000003,-998.3075461342501
2.041166666666667,-998.3076718627976
2.0428333333333333,-998.3074809416697
2.0445,-998.3070106237694
2.0461666666666667,-998.3063074752253
2.0478333333333336,-998.305455315069
2.0495,-998.3045472755583
2.0511666666666666,-998.3036858021765
2.0528333333333335,-998.3029454007293
2.0545166666666668,-998.3023912637972
2.056166666666667,-998.3020466744443
2.0578333333333334,-998.3018790363808
2.0595,-998.3018231570263
2.0611833333333336,-998.3017952173491
2.0628333333333333,-998.3017113983174
2.0645166666666666,-998.3015251338023
2.0661833333333335,-998.3012364238041
2.06785,-998.30090580429
2.069516666666667,-998.3006357207431
2.0711833333333334,-998.3005519017114
2.0728500000000003,-998.3007754191294
2.074516666666667,-998.3013714655774
2.0761833333333333,-998.3023446976683
2.07785,-998.3036206095962
2.0795166666666667,-998.3050548463618
2.0811833333333336,-998.3064611434501
2.08285,-998.3076672061848
2.0845166666666666,-998.3085240229539
2.0861833333333335,-998.3089570879512
2.08785,-998.3089570879512
2.089516666666667,-998.3085799023083
2.0912,-998.3079326331186
2.0928666666666667,-998.307136352317
2.0945333333333336,-998.3063074752253
2.0962,-998.3055437907137
2.0978666666666665,-998.3049104913626
2.0995333333333335,-998.3044308602365
2.1012,-998.304114210561
2.102866666666667,-998.303927946046
2.1045333333333334,-998.3038208439498
2.1062000000000003,-998.3037323683052
2.1078666666666668,-998.3035973265319
2.1095333333333333,-998.3033877789525
2.1112,-998.3031037255671
2.1128666666666667,-998.3027824192786
2.1145333333333336,-998.3025030225061
2.1162,-998.3023726373457
2.1178666666666666,-998.3024890526675
2.1195333333333335,-998.3029360875036
2.1212166666666668,-998.3037230550794
2.1228833333333332,-998.3047940760407
2.12455,-998.3060327350656
2.1262166666666666,-998.3072667374776
2.1278833333333336,-998.3083098187616
2.12955,-998.3090083106929
2.131216666666667,-998.3092457979495
2.1328833333333335,-998.3090083106929
2.13455,-998.3083377584388
2.136216666666667,-998.307359869735
2.1378833333333334,-998.3062422826449
2.1395500000000003,-998.3051526352322
2.1412166666666668,-998.3042306258828
2.1428833333333333,-998.3035740434674
2.14455,-998.3032015144374
2.1462166666666667,-998.3030850991155
2.1478833333333336,-998.3031409784701
2.14955,-998.3032620504048
2.1512333333333333,-998.3033458694366
2.1529000000000003,-998.3033179297593
2.1545666666666667,-998.3031316652443
2.1562333333333332,-998.3028010457301
2.1579,-998.3023772939586
2.1595666666666666,-998.3019628554126
2.1612333333333336,-998.3016834586401
2.1629,-998.3016555189629
2.164566666666667,-998.3019581987998
2.1662333333333335,-998.3026334076667
2.1679,-998.3036345794349
2.169566666666667,-998.3048685818468
2.1712333333333333,-998.3061910599033
2.1729000000000003,-998.3074390321539
2.1745666666666668,-998.3084774568251
2.1762333333333332,-998.3091945752078
2.177916666666667,-998.3095438211735
2.1795666666666667,-998.3095065682705
2.18125,-998.3091200694018
2.182916666666667,-998.3084541737607
2.1845833333333333,-998.3076066702174
2.1862500000000002,-998.3066939740938
2.1879166666666667,-998.3058231874862
2.1895833333333337,-998.3050734728133
2.19125,-998.3044960528167
2.1929166666666666,-998.3041048973353
2.1945833333333336,-998.3038720666915
2.19625,-998.3037649645953
2.197916666666667,-998.3037277116923
2.1995833333333334,-998.3037090852408
2.20125,-998.3036718323378
2.202916666666667,-998.3036112963705
2.2045833333333333,-998.3035414471773
2.2062500000000003,-998.3035181641129
2.2079333333333335,-998.3036112963705
2.2095833333333332,-998.3038953497559
2.211266666666667,-998.304412233785
2.2129333333333334,-998.3051712616837
2.2146,-998.3061025842587
2.216266666666667,-998.3071084126398
2.2179333333333333,-998.3080537050535
2.2196000000000002,-998.308817389565
2.2212666666666667,-998.309301677304
2.2229333333333336,-998.3094413756902
2.2246,-998.3092364847238
2.2262666666666666,-998.3087102874688
2.2279333333333335,-998.3079372897315
2.2296,-998.307024593608
2.231266666666667,-998.3060653313557
2.2329333333333334,-998.3051712616837
2.2346,-998.3044215470107
2.236266666666667,-998.3038674100786
2.23795,-998.3035461037902
2.2396000000000003,-998.3034483149198
2.2412833333333335,-998.3035367905644
2.24295,-998.3037463381438
2.244616666666667,-998.3039931386262
2.2462833333333334,-998.3041794031412
2.24795,-998.3042352824957
2.249616666666667,-998.3041281803996
2.2512833333333333,-998.303890693143
2.2529500000000002,-998.3036066397576
2.2546166666666667,-998.3033877789525
2.2562833333333336,-998.3033551826624
2.25795,-998.303588013306
2.2596166666666666,-998.3041188671739
2.2613000000000003,-998.3049104913626
2.26295,-998.3058557837763
2.2646333333333333,-998.3068197026415
2.2663,-998.307657892959
2.2679666666666667,-998.3082492827942
2.2696333333333336,-998.308519366341
2.2713,-998.3084495171478
2.2729666666666666,-998.3080630182792
2.2746333333333335,-998.3074390321539
2.2763,-998.3066660344166
2.277966666666667,-998.3058464705506
2.2796333333333334,-998.3050595029747
2.2813000000000003,-998.3043703242691
2.282966666666667,-998.3038208439498
2.2846333333333333,-998.3034296884683
2.2863,-998.3031922012117
2.2879666666666667,-998.3030990689541
2.2896333333333336,-998.3031223520186
2.2913,-998.303215484276
2.2929666666666666,-998.3033412128236
2.2946333333333335,-998.3034622847584
2.2963,-998.3035554170159
2.2979833333333333,-998.303629922822
2.29965,-998.3037090852408
2.3013166666666667,-998.3038301571755
2.3029833333333336,-998.3040443613678
2.30465,-998.3043936073335
2.3063166666666666,-998.304896521524
2.3079833333333335,-998.3055437907137
2.30965,-998.3062935053866
2.311316666666667,-998.3070758163497
2.3129833333333334,-998.3078022479582
2.3146500000000003,-998.3083843245676
2.316316666666667,-998.3087382271461
2.3179833333333333,-998.3088127329521
2.31965,-998.3085892155341
2.3213333333333335,-998.3080863013436
2.3229833333333336,-998.3073458998964
2.324666666666667,-998.3064425169986
2.3263166666666666,-998.3054599716819
2.3280000000000003,-998.3044913962038
2.3296666666666668,-998.3036159529834
2.3313333333333333,-998.3029034912134
2.333,-998.30239592041
2.3346666666666667,-998.3021025537988
2.3363333333333336,-998.3020047649285
2.338,-998.3020559876701
2.3396666666666666,-998.3022003426693
2.3413333333333335,-998.3023772939586
2.343,-998.3025495886349
2.344666666666667,-998.3027032568598
2.3463333333333334,-998.3028569250847
2.3480000000000003,-998.3030618160511
2.349666666666667,-998.303369152501
2.35135,-998.3038255005627
2.353,-998.3044308602365
2.3546833333333335,-998.305157291845
2.3563333333333336,-998.305939602808
2.358016666666667,-998.3066986307067
2.3596833333333334,-998.3073458998964
2.3613500000000003,-998.3078069045711
2.3630166666666668,-998.3080164521505
2.3646833333333332,-998.307955916183
2.36635,-998.3076299532818
2.3680166666666667,-998.307099099414
2.3696833333333336,-998.3064332037728
2.37135,-998.3057253986158
2.373016666666667,-998.3050548463618
2.3746833333333335,-998.3044913962038
2.37635,-998.3040816142709
2.378016666666667,-998.3038161873369
2.3796833333333334,-998.3036764889507
2.3813500000000003,-998.3035973265319
2.383016666666667,-998.3035274773387
2.3847,-998.3034110620168
2.38635,-998.3032201408889
2.3880333333333335,-998.3029593705679
2.3897,-998.3026660039568
2.391366666666667,-998.3024052336358
2.3930333333333333,-998.3022515654109
2.3947000000000003,-998.3022981315396
2.3963666666666668,-998.3026194378281
2.3980333333333332,-998.3032480805662
2.3997,-998.3041794031412
2.4013666666666666,-998.3053435563601
2.4030333333333336,-998.3066380947394
2.4047,-998.30791866328
2.406366666666667,-998.3090455635959
2.4080333333333335,-998.3098744406876
2.4097,-998.3102981924593
2.411366666666667,-998.3102702527821
2.4130333333333334,-998.3097906216559
2.4147166666666666,-998.3089244916611
2.4163833333333335,-998.3077836215067
2.41805,-998.3065170228045
2.419716666666667,-998.3052783637797
2.4213833333333334,-998.3042119994313
2.42305,-998.3034296884683
2.424716666666667,-998.3029779970194
2.4263833333333333,-998.3028476118589
2.4280500000000003,-998.302954713955
2.4297166666666667,-998.3031828879859
2.4313833333333332,-998.303406405404
2.43305,-998.303550760403
2.4347166666666666,-998.3035833566931
2.4363833333333336,-998.3035367905644
2.43805,-998.3034902244357
2.439716666666667,-998.3035461037902
2.4413833333333335,-998.3037929042725
2.44305,-998.3042818486244
2.4447333333333336,-998.305008280233
2.4464,-998.3059070065179
2.4480666666666666,-998.3068662687702
2.4497333333333335,-998.307774308281
2.4514,-998.3085147097281
2.453066666666667,-998.3089943408543
2.4547333333333334,-998.3091666355306
2.4564,-998.3090176239186
2.458066666666667,-998.3085705890826
2.4597333333333333,-998.3078767537642
2.4614000000000003,-998.3070059671564
2.4630666666666667,-998.3060280784526
2.4647333333333337,-998.3050315632973
2.4664,-998.3040909274966
2.4680666666666666,-998.3033039599206
2.4697333333333336,-998.3027498229885
2.4714,-998.3024750828289
2.473066666666667,-998.3024843960546
2.4747500000000002,-998.3027358531499
2.4764166666666667,-998.3031316652443
2.4780833333333336,-998.3035600736288
2.47975,-998.3039232894331
2.4814166666666666,-998.3041328370125
2.4830833333333335,-998.3041700899155
2.48475,-998.3040862708838
2.486416666666667,-998.3039791687876
2.4880833333333334,-998.3039791687876
2.48975,-998.3042166560442
2.491416666666667,-998.3047568231377
2.4930833333333333,-998.3055857002296
2.4947500000000002,-998.3066194682879
2.4964166666666667,-998.3077044590877
2.4980833333333337,-998.30866372134
2.49975,-998.3093575566585
2.5014166666666666,-998.3096928327855
2.5030833333333335,-998.3096322968181
2.504766666666667,-998.3092132016594
2.5064333333333333,-998.308519366341
2.5081,-998.3076718627976
2.5097666666666667,-998.30680107619
2.5114333333333336,-998.3060094520011
2.5131,-998.3053714960373
2.5147666666666666,-998.3049104913626
2.5164333333333335,-998.3046171247515
2.5181,-998.3044541433009
2.519766666666667,-998.3043516978177
2.5214333333333334,-998.3042539089472
2.5231000000000003,-998.3040955841095
2.524766666666667,-998.30385344024
2.5264333333333333,-998.3035461037902
2.5281000000000002,-998.3032247975018
2.5297666666666667,-998.3029826536323
2.53145,-998.3029174610521
2.5331,-998.3031316652443
2.5347833333333334,-998.3036811455636
2.5364500000000003,-998.3045612453969
2.538116666666667,-998.3057067721643
2.5397833333333333,-998.3069826840921
2.54145,-998.3082259997298
2.5431166666666667,-998.3092551111753
2.5447833333333336,-998.3099256634292
2.54645,-998.3101305543958
2.5481166666666666,-998.3098371877846
2.5497833333333335,-998.3090967863375
2.55145,-998.3080164521505
2.553116666666667,-998.3067498534483
2.5547833333333334,-998.3054646282948
2.5564500000000003,-998.3043051316888
2.5581333333333336,-998.3033924355653
2.5598,-998.3027870758915
2.561466666666667,-998.3024937092804
2.5631333333333335,-998.3024611129903
2.5648,-998.3026194378281
2.566466666666667,-998.3028662383105
2.5681333333333334,-998.3031176954057
2.5698000000000003,-998.3033179297593
2.571466666666667,-998.3034343450812
2.5731333333333333,-998.3034762545971
2.5748,-998.3034762545971
2.5764666666666667,-998.3034809112099
2.5781333333333336,-998.303550760403
2.5798,-998.3037416815309
2.5814666666666666,-998.3041002407224
2.5831333333333335,-998.3046404078159
2.5848,-998.3053528695858
2.586466666666667,-998.3061817466776
2.5881333333333334,-998.3070432200595
2.5898000000000003,-998.3078348442483
2.5914833333333336,-998.3084681435993
2.5931333333333333,-998.3088686123066
2.594816666666667,-998.3089803710157
2.5964833333333335,-998.3088034197264
2.59815,-998.3083750113418
2.599816666666667,-998.3077556818295
2.6014833333333334,-998.3070571898982
2.6031500000000003,-998.3063726678055
2.604816666666667,-998.3058092176476
2.6064833333333333,-998.3054227187789
2.60815,-998.3052457674896
2.6098166666666667,-998.3052597373282
2.6114833333333336,-998.3053947791017
2.61315,-998.3055531039395
2.614816666666667,-998.3056276097454
2.6164833333333335,-998.3055251642621
2.61815,-998.3052038579738
2.619816666666667,-998.3046916305575
2.6215,-998.304072301045
2.6231666666666666,-998.3034669413713
2.6248333333333336,-998.3030385329868
2.6265,-998.3029221176649
2.628166666666667,-998.3032061710503
2.6298333333333335,-998.3038953497559
2.6315,-998.3049244612013
2.633166666666667,-998.3061584636132
2.6348333333333334,-998.3074204057024
2.6365000000000003,-998.308556619244
2.6381666666666668,-998.3094320624645
2.6398333333333333,-998.3099675729452
2.6415,-998.3101352110086
2.6431666666666667,-998.3099489464937
2.64485,-998.3094506889161
2.6465,-998.3086916610173
2.6481833333333333,-998.3077556818295
2.6498333333333335,-998.3067172571582
2.6515166666666667,-998.3056648626484
2.6531833333333337,-998.3046869739446
2.65485,-998.3038674100786
2.6565166666666666,-998.3032480805662
2.6581833333333336,-998.3028476118589
2.65985,-998.3026520341182
2.661516666666667,-998.3026147812152
2.6631833333333335,-998.3026706605697
2.66485,-998.3027777626658
2.666516666666667,-998.3029314308907
2.6681833333333334,-998.3031409784701
2.6698500000000003,-998.3034390016941
2.6715166666666668,-998.3038767233044
2.6731833333333332,-998.3044820829781
2.67485,-998.3052737071669
2.6765166666666667,-998.3062096863548
2.6782,-998.3072201713487
2.67985,-998.3081934034396
2.6815333333333333,-998.3090129673058
2.6832000000000003,-998.3095671042379
2.6848666666666667,-998.3097906216559
2.6865333333333337,-998.3096555798825
2.6882,-998.3091992318207
2.6898666666666666,-998.3084914266637
2.6915333333333336,-998.3076392665075
2.6932,-998.3067405402226
2.694866666666667,-998.3058837234536
2.6965333333333334,-998.3051433220064
2.6982,-998.3045612453969
2.699866666666667,-998.304151463464
2.7015333333333333,-998.3039232894331
2.7032000000000003,-998.3038720666915
2.7048666666666668,-998.3039698555618
2.7065333333333337,-998.3041561200769
2.708216666666667,-998.3043610110434
2.7098666666666666,-998.3045007094296
2.7115500000000003,-998.3045146792682
2.713216666666667,-998.3043796374949
2.7148833333333333,-998.3041374936254
2.7165500000000002,-998.3038767233044
2.7182166666666667,-998.3037323683052
2.7198833333333337,-998.3038301571755
2.72155,-998.3042585655601
2.7232166666666666,-998.3050315632973
2.7248833333333335,-998.3061025842587
2.72655,-998.3073458998964
2.728216666666667,-998.3085985287598
2.7298833333333334,-998.3096788629468
2.73155,-998.3104285776199
2.733216666666667,-998.3107359140696
2.7348833333333333,-998.3105729326189
2.7365500000000003,-998.3099815427838
2.7382333333333335,-998.3090595334345
2.7398833333333337,-998.3079605727959
2.741566666666667,-998.3068290158673
2.7432333333333334,-998.3057812779703
2.7449000000000003,-998.3048872082983
2.746566666666667,-998.3041747465284
2.7482333333333333,-998.3036392360477
2.7499000000000002,-998.3032387673404
2.7515666666666667,-998.3029360875036
2.7532333333333336,-998.3026846304083
2.7549,-998.3024611129903
2.7565666666666666,-998.3022608786366
2.7582333333333335,-998.3021072104117
2.7599,-998.302060644283
2.761566666666667,-998.3021770596049
2.7632333333333334,-998.3025169923447
2.7649,-998.3031223520186
2.766566666666667,-998.3039931386262
2.76825,-998.3050874426519
2.7699166666666666,-998.3063074752253
2.7715833333333335,-998.3075181945728
2.77325,-998.3085705890826
2.774916666666667,-998.309338930207
2.7765833333333334,-998.3097347423014
2.7782500000000003,-998.3097254290757
2.779916666666667,-998.3093296169812
2.7815833333333333,-998.3086078419856
2.7832500000000002,-998.3076625495719
2.7849166666666667,-998.3065915286106
2.7865833333333336,-998.3055158510364
2.78825,-998.304523992494
2.7899166666666666,-998.3036904587893
2.7915833333333335,-998.3030618160511
2.79325,-998.3026706605697
2.794916666666667,-998.3025169923447
2.7965833333333334,-998.3025682150864
2.7982666666666667,-998.3027731060529
2.7999333333333336,-998.3030338763739
2.8016,-998.3032760202434
2.803266666666667,-998.3034296884683
2.8049333333333335,-998.3034715979842
2.8066,-998.3034343450812
2.808266666666667,-998.3033831223396
2.8099333333333334,-998.303406405404
2.8116000000000003,-998.3036019831447
2.813266666666667,-998.3040210783034
2.8149333333333333,-998.3046683474931
2.8166,-998.3054832547463
2.8182666666666667,-998.3063680111926
2.8199333333333336,-998.3071968882844
2.8216,-998.3078534706998
2.8232666666666666,-998.30825859602
2.8249333333333335,-998.3083517282774
2.8266,-998.3081328674723
2.8282833333333333,-998.3076392665075
2.82995,-998.3069454311891
2.8316166666666667,-998.3061398371617
2.8332833333333336,-998.3053202732957
2.83495,-998.3045752152357
2.836616666666667,-998.3039698555618
2.8382833333333335,-998.3035367905644
2.83995,-998.3032853334691
2.841616666666667,-998.3031875445988
2.8432833333333334,-998.3031875445988
2.8449500000000003,-998.3032015144374
2.846616666666667,-998.303145635083
2.8482833333333333,-998.3029733404065
2.84995,-998.3026753171825
2.8516166666666667,-998.3023121013782
2.8532833333333336,-998.301986138477
2.854966666666667,-998.3018138438006
2.8566333333333334,-998.3019162892839
2.8583000000000003,-998.3023726373457
2.8599666666666668,-998.3031922012117
2.8616333333333333,-998.3043191015274
2.8633,-998.3056182965197
2.8649666666666667,-998.3069174915119
2.8666333333333336,-998.3080397352148
2.8683,-998.3088220461779
2.869966666666667,-998.3091480090791
2.8716333333333335,-998.3089757144028
2.8733,-998.308333101826
2.874966666666667,-998.3073133036063
2.8766333333333334,-998.3060746445815
2.8783000000000003,-998.3047754495892
2.879966666666667,-998.3035693868545
2.8816333333333333,-998.3025682150864
2.8833,-998.3018278136392
2.8849833333333335,-998.3013714655774
2.8866333333333336,-998.3011898576754
2.888316666666667,-998.3012364238041
2.8899833333333333,-998.3014552846092
2.8916500000000003,-998.3017812475105
2.8933166666666668,-998.3021398067019
2.8949833333333337,-998.302470426216
2.89665,-998.3027405097628
2.8983166666666667,-998.3029407441164
2.8999833333333336,-998.3030990689541
2.90165,-998.3032573937919
2.903316666666667,-998.3034622847584
2.9049833333333335,-998.3037509947567
2.90665,-998.3041374936254
2.908316666666667,-998.3046078115258
2.9099833333333334,-998.3051107257163
2.9116500000000003,-998.3055950134553
2.9133166666666668,-998.3059908255497
2.915,-998.3062609090964
2.91665,-998.3063680111926
2.9183333333333334,-998.3063028186124
2.92,-998.3060699879686
2.921666666666667,-998.3056881457128
2.9233333333333333,-998.3051992013609
2.9250000000000003,-998.3046590342674
2.9266666666666667,-998.3041281803996
2.9283333333333337,-998.303667175725
2.93,-998.3033086165335
2.9316666666666666,-998.3030618160511
2.9333333333333336,-998.3029128044392
2.935,-998.3028243287945
2.936666666666667,-998.3027498229885
2.9383333333333335,-998.3026427208924
2.94,-998.3024564563774
2.941666666666667,-998.302172402992
2.9433333333333334,-998.301799873962
2.9450166666666666,-998.301385435416
2.9466833333333335,-998.3010035931603
2.94835,-998.3007614492908
2.950016666666667,-998.3007614492908
2.9516833333333334,-998.301087412192
2.95335,-998.3017579644461
2.955016666666667,-998.3027265399242
2.9566833333333333,-998.3038860365301
2.9583500000000003,-998.3050781294262
2.9600166666666667,-998.3061444937746
2.9616833333333337,-998.3069454311891
2.96335,-998.3073784961865
2.9650166666666666,-998.3073924660251
2.9666833333333336,-998.3069780274792
2.96835,-998.3061910599033
2.970016666666667,-998.3051246955549
2.9716833333333335,-998.3038953497559
2.97335,-998.3026380642796
2.9750333333333336,-998.3014785676736
2.9767,-998.3005053355827
2.9783666666666666,-998.2997882171999
2.9800333333333335,-998.2993598088153
2.9817,-998.2992107972034
2.983366666666667,-998.2993178992995
2.9850333333333334,-998.2996066092977
2.9867000000000004,-998.300007078005
2.988366666666667,-998.3004494562282
2.9900333333333333,-998.3008825212255
2.9917000000000002,-998.3012923031586
2.9933666666666667,-998.3016927718659
2.9950333333333337,-998.3021025537988
2.9967,-998.3025682150864
2.9983666666666666,-998.30310838218
3.0000333333333336,-998.3037370249181
3.001716666666667,-998.3044262036236
3.003366666666667,-998.3051386653935
3.00505,-998.3057905911961
3.0067166666666667,-998.3063121318381
3.0083833333333336,-998.3066241249007
3.01005,-998.3066800042552
3.0117166666666666,-998.3064751132887
3.0133833333333335,-998.3060187652269
3.01505,-998.3053668394244
3.016716666666667,-998.3045938416872
3.0183833333333334,-998.3037835910468
3.0200500000000003,-998.3030245631481
3.021716666666667,-998.30239592041
3.0233833333333333,-998.3019628554126
3.0250500000000002,-998.301762621059
3.0267166666666667,-998.3017952173491
3.0283833333333336,-998.3020140781542
3.03005,-998.3023400410555
3.0317333333333334,-998.3026613473439
3.0333833333333335,-998.3028662383105
3.035066666666667,-998.302884864762
3.0367333333333333,-998.3026753171825
3.0384,-998.3022701918624
3.0400666666666667,-998.3017579644461
3.0417333333333336,-998.3012597068684
3.0434,-998.3009197741286
3.045066666666667,-998.3008592381611
3.0467333333333335,-998.3011386349336
3.0484,-998.3017533078332
3.050066666666667,-998.3026427208924
3.0517333333333334,-998.3036811455636
3.0534000000000003,-998.3047242268476
3.055066666666667,-998.3056182965197
3.0567333333333333,-998.3062329694192
3.0584000000000002,-998.306498396353
3.0600666666666667,-998.3063866376441
3.06175,-998.305939602808
3.0634,-998.305231797651
3.0650833333333334,-998.3043656676563
3.0667500000000003,-998.3034343450812
3.068416666666667,-998.3025216489576
3.0700833333333333,-998.3016927718659
3.07175,-998.300980310096
3.0734166666666667,-998.3003889202607
3.0750833333333336,-998.299895319296
3.07675,-998.2994622542986
3.078416666666667,-998.2990571289785
3.0800833333333335,-998.2986706301098
3.08175,-998.298326040757
3.083416666666667,-998.2980838968875
3.0850833333333334,-998.2980140476944
3.0867500000000003,-998.2982049688222
3.088416666666667,-998.2987125396257
3.0900833333333333,-998.2995693563947
3.091766666666667,-998.3007381662264
3.0934333333333335,-998.3021398067019
3.0951,-998.3036252662091
3.096766666666667,-998.3050175934587
3.0984333333333334,-998.3061491503875
3.1001000000000003,-998.3068616121574
3.101766666666667,-998.3070571898982
3.1034333333333333,-998.306726570384
3.1051,-998.3059256329694
3.1067666666666667,-998.3047987326536
3.1084333333333336,-998.3035274773387
3.1101,-998.3022934749267
3.111766666666667,-998.3012690200942
3.1134333333333335,-998.3005705281629
3.1151,-998.3002445652617
3.116766666666667,-998.3002771615518
3.1184333333333334,-998.300603124453
3.1201000000000003,-998.3011153518693
3.1217833333333336,-998.3016788020273
3.12345,-998.3021677463792
3.125116666666667,-998.3024797394418
3.1267833333333335,-998.302544932022
3.12845,-998.302358667507
3.130116666666667,-998.3019581987998
3.1317833333333334,-998.3014320015449
3.1334500000000003,-998.300901147677
3.1351166666666668,-998.3004960223569
3.1367833333333337,-998.3003283842934
3.13845,-998.3004680826797
3.1401166666666667,-998.3009384005801
3.1417833333333336,-998.301688115253
3.14345,-998.302624094441
3.1451333333333333,-998.3036252662091
3.1467833333333335,-998.3045472755583
3.1484666666666667,-998.3052783637797
3.1501333333333337,-998.3057207420029
3.1518,-998.305832500712
3.1534666666666666,-998.3056136399068
3.1551333333333336,-998.3051060691034
3.1568,-998.3043842941078
3.158466666666667,-998.3035414471773
3.1601333333333335,-998.3026799737954
3.1618,-998.3018790363808
3.163466666666667,-998.3011945142882
3.1651333333333334,-998.3006543471946
3.1668000000000003,-998.3002492218745
3.1684666666666668,-998.2999418854248
3.1701333333333337,-998.2996857717167
3.1718,-998.29944828446
3.1734666666666667,-998.2992154538163
3.1751333333333336,-998.2990059062369
3.1768,-998.2988615512377
3.178466666666667,-998.2988522380119
3.1801333333333335,-998.2990571289785
3.1818166666666667,-998.2995414167175
3.1834833333333337,-998.3003330409063
3.18515,-998.3013994052548
3.1868166666666666,-998.3026380642796
3.1884833333333336,-998.303927946046
3.19015,-998.305120038942
3.191816666666667,-998.3060793011944
3.1934833333333335,-998.3066939740938
3.19515,-998.3069081782861
3.196816666666667,-998.3066986307067
3.1984833333333333,-998.306093271033
3.2001500000000003,-998.3051805749094
3.2018166666666668,-998.304072301045
3.2034833333333337,-998.3029174610521
3.20515,-998.3018604099293
3.2068166666666666,-998.3010175629989
3.2085000000000004,-998.3004680826797
3.21015,-998.3002445652617
3.2118333333333333,-998.3003144144548
3.2135000000000002,-998.3006077810659
3.2151666666666667,-998.3010222196118
3.2168333333333337,-998.3014180317062
3.2185,-998.3016927718659
3.2201666666666666,-998.3017765908976
3.2218333333333335,-998.3016648321886
3.2235,-998.3014320015449
3.225166666666667,-998.3011898576754
3.2268333333333334,-998.3010594725148
3.2285000000000004,-998.3011479481595
3.230166666666667,-998.3015204771895
3.2318333333333333,-998.302172402992
3.2335000000000003,-998.3030152499224
3.2351666666666667,-998.303927946046
3.2368333333333337,-998.3047428532991
3.238516666666667,-998.3053249299086
3.2401833333333334,-998.3055577605523
3.2418500000000003,-998.3054087489403
3.243516666666667,-998.3048918649112
3.2451833333333333,-998.3040909274966
3.2468500000000002,-998.3031363218572
3.2485166666666667,-998.3021584331534
3.2501833333333336,-998.3012876465457
3.25185,-998.3006217509045
3.2535166666666666,-998.3001933425201
3.2551833333333335,-998.300007078005
3.25685,-998.3000117346179
3.258516666666667,-998.3001328065526
3.2601833333333334,-998.3002725049389
3.2618500000000004,-998.300342354132
3.263516666666667,-998.3002725049389
3.2651833333333333,-998.3000396742951
3.2668500000000003,-998.2996531754264
3.2685333333333335,-998.2991968273648
3.2702,-998.2987730755931
3.271866666666667,-998.2985029920463
3.2735333333333334,-998.298516961885
3.2752000000000003,-998.298884834302
3.276866666666667,-998.299634548975
3.2785333333333333,-998.3007102265492
3.2802000000000002,-998.3020047649285
3.2818666666666667,-998.3033598392752
3.2835333333333336,-998.3046078115258
3.2852,-998.3055950134553
3.2868666666666666,-998.3061957165162
3.2885333333333335,-998.3063447281282
3.2902,-998.3060373916785
3.291866666666667,-998.3053295865215
3.2935333333333334,-998.3043144449146
3.2952000000000004,-998.3031223520186
3.296866666666667,-998.3018930062195
3.29855,-998.3007567926779
3.300216666666667,-998.29982081349
3.3018833333333335,-998.2991362913973
3.30355,-998.2987171962386
3.305216666666667,-998.2985402449493
3.3068833333333334,-998.2985402449493
3.3085500000000003,-998.2986333772068
3.310216666666667,-998.2987451359159
3.3118833333333333,-998.2988103284961
3.31355,-998.2988289549476
3.3152166666666667,-998.2988196417218
3.3168833333333336,-998.2988522380119
3.31855,-998.2990105628497
3.320216666666667,-998.2993691220411
3.3218833333333335,-998.2999791383278
3.32355,-998.300826641871
3.325216666666667,-998.3018510967036
3.3268833333333334,-998.3029593705679
3.3285666666666667,-998.3040210783034
3.3302333333333336,-998.3049104913626
3.3319,-998.3055251642621
3.333566666666667,-998.3057905911961
3.3352333333333335,-998.3056881457128
3.3369,-998.3052364542639
3.338566666666667,-998.3045100226553
3.3402333333333334,-998.3036159529834
3.3419000000000003,-998.3026799737954
3.343566666666667,-998.3018185004134
3.3452333333333333,-998.301124665095
3.3469,-998.3006496905817
3.3485666666666667,-998.3004122033251
3.3502333333333336,-998.3003749504221
3.3519,-998.3004773959054
3.353566666666667,-998.300640377356
3.3552333333333335,-998.3007707625165
3.3569,-998.3008033588067
3.3585833333333337,-998.3006916000977
3.36025,-998.3004354863896
3.3619166666666667,-998.3000769271981
3.3635833333333336,-998.2996997415553
3.36525,-998.2994110315569
3.366916666666667,-998.2993225559123
3.3685833333333335,-998.2995181336531
3.37025,-998.3000350176823
3.371916666666667,-998.3008359550968
3.3735833333333334,-998.3018324702521
3.3752500000000003,-998.3028895213748
3.376916666666667,-998.30385344024
3.3785833333333337,-998.3045984983
3.38025,-998.3050222500716
3.3819166666666667,-998.3050874426519
3.3835833333333336,-998.3047940760407
3.38525,-998.3042026862056
3.386916666666667,-998.3033970921782
3.3886000000000003,-998.3024797394418
3.3902666666666668,-998.3015297904152
3.3919333333333337,-998.3006170942916
3.3936,-998.2997928738127
3.3952666666666667,-998.29907575543
3.3969333333333336,-998.2984890222077
3.3986,-998.2980326741459
3.400266666666667,-998.2976973980188
3.4019333333333335,-998.297469223988
3.4036,-998.2973248689889
3.405266666666667,-998.2972643330215
3.4069333333333334,-998.2973015859245
3.4086000000000003,-998.2974599107622
3.410266666666667,-998.2977858736635
3.4119333333333337,-998.2983074143056
3.4136,-998.2990338459141
3.4152666666666667,-998.2999465420377
3.4169333333333336,-998.300980310096
3.418616666666667,-998.3020420178315
3.4202833333333333,-998.3030199065353
3.4219500000000003,-998.3037929042725
3.4236166666666668,-998.3042818486244
3.4252833333333337,-998.3044401734622
3.42695,-998.3042771920116
3.4286166666666666,-998.3038580968529
3.4302833333333336,-998.3032713636305
3.43195,-998.3026194378281
3.433616666666667,-998.3020047649285
3.4352833333333335,-998.3014739110607
3.43695,-998.3010548159019
3.438616666666667,-998.3007381662264
3.4402833333333334,-998.3005006789698
3.4419500000000003,-998.3003283842934
3.4436166666666668,-998.3002166255844
3.4453,-998.3001700594556
3.446966666666667,-998.3001747160686
3.4486333333333334,-998.3002352520359
3.4503000000000004,-998.3003237276805
3.451966666666667,-998.3004261731638
3.4536333333333333,-998.300528618647
3.4553000000000003,-998.300640377356
3.4569666666666667,-998.3007754191294
3.4586333333333337,-998.3009756534831
3.4603,-998.3012736767071
3.4619666666666666,-998.3016974284787
3.4636333333333336,-998.3022375955723
3.4653,-998.3028708949233
3.466966666666667,-998.3035367905644
3.4686333333333335,-998.3041654333026
3.4703000000000004,-998.3046869739446
3.471966666666667,-998.3050315632973
3.4736333333333334,-998.305157291845
3.4753000000000003,-998.3050548463618
3.4769833333333335,-998.3047242268476
3.47865,-998.3042026862056
3.480316666666667,-998.3035367905644
3.4819833333333334,-998.3027870758915
3.4836500000000004,-998.30202339138
3.485316666666667,-998.3013016163843
3.4869833333333333,-998.3006869434848
3.4886500000000003,-998.3002212821973
3.4903166666666667,-998.2999232589732
3.4919833333333337,-998.2997602775226
3.49365,-998.2996904283295
3.4953166666666666,-998.2996485188136
3.4969833333333336,-998.2995926394591
3.49865,-998.2995274468789
3.500316666666667,-998.2994808807501
3.5019833333333334,-998.2995274468789
3.5036500000000004,-998.2997556209098
3.5053333333333336,-998.3002538784874
3.507,-998.3010594725148
3.508666666666667,-998.3021630897663
3.5103333333333335,-998.3034809112099
3.512,-998.3048732384597
3.513666666666667,-998.3061770900647
3.5153333333333334,-998.3072248279616
3.5170000000000003,-998.3078767537642
3.518666666666667,-998.3080583616663
3.5203333333333333,-998.3077463686037
3.5220000000000002,-998.3070059671564
3.5236666666666667,-998.3059349461952
3.5253333333333337,-998.3046776607189
3.527,-998.3033877789525
3.5286666666666666,-998.3021910294435
3.5303333333333335,-998.3011945142882
3.532,-998.3004587694539
3.533666666666667,-998.3000117346179
3.53535,-998.2998534097801
3.5370166666666667,-998.2999465420377
3.5386833333333336,-998.3002166255844
3.54035,-998.30056587155
3.542016666666667,-998.3009151175157
3.5436833333333335,-998.3011991709011
3.54535,-998.3013994052548
3.547016666666667,-998.3015484168667
3.5486833333333334,-998.3017067417045
3.5503500000000003,-998.3019302591225
3.552016666666667,-998.3022701918624
3.5536833333333333,-998.3027498229885
3.5553500000000002,-998.3033458694366
3.5570166666666667,-998.3040024518519
3.5586833333333336,-998.3046543776545
3.56035,-998.3052271410381
3.562016666666667,-998.3056602060356
3.5636833333333335,-998.3059116631308
3.565366666666667,-998.3059628858724
3.5670333333333337,-998.3057999044219
3.5687,-998.3054460018433
3.5703666666666667,-998.304933774427
3.5720333333333336,-998.3043097883017
3.5737,-998.3036252662091
3.575366666666667,-998.3029360875036
3.5770333333333335,-998.3023027881525
3.5787,-998.301762621059
3.580366666666667,-998.3013621523517
3.5820333333333334,-998.3011060386435
3.5837000000000003,-998.3009616836445
3.585366666666667,-998.3008732079998
3.5870333333333333,-998.3007754191294
3.5887000000000002,-998.3006170942916
3.5903666666666667,-998.3003749504221
3.5920333333333336,-998.3000722705852
3.593716666666667,-998.299783560587
3.5953833333333334,-998.2996112659106
3.5970500000000003,-998.2996578320393
3.598716666666667,-998.3000163912308
3.6003833333333337,-998.3007288530007
3.60205,-998.301762621059
3.6037166666666667,-998.3030152499224
3.6053833333333336,-998.304337727979
3.60705,-998.3055531039395
3.608716666666667,-998.3065123661917
3.6103833333333335,-998.3071177258655
3.61205,-998.3073179602192
3.613716666666667,-998.3071316957041
3.6153833333333334,-998.3066101550621
3.6170500000000003,-998.3058464705506
3.618716666666667,-998.3049477442656
3.6203833333333333,-998.3040164216906
3.62205,-998.303145635083
3.6237333333333335,-998.3024145468615
3.6254,-998.3018510967036
3.627066666666667,-998.3014832242865
3.6287333333333334,-998.3012923031586
3.6304000000000003,-998.3012550502556
3.6320666666666668,-998.3013202428358
3.6337333333333337,-998.3014320015449
3.6354,-998.3015530734796
3.6370666666666667,-998.3016462057371
3.6387333333333336,-998.3017207115431
3.6404,-998.3018185004134
3.642066666666667,-998.3020001083156
3.6437333333333335,-998.3023353844426
3.6454,-998.3028708949233
3.647066666666667,-998.3036066397576
3.6487333333333334,-998.3044913962038
3.6504000000000003,-998.305418062166
3.652066666666667,-998.3062562524835
3.65375,-998.3068802386089
3.655416666666667,-998.3071875750586
3.6570833333333335,-998.307136352317
3.6587500000000004,-998.3067358836097
3.660416666666667,-998.3060606747429
3.6620833333333334,-998.3052224844253
3.6637500000000003,-998.3043470412048
3.6654166666666668,-998.3035554170159
3.6670833333333337,-998.3029267742778
3.66875,-998.302507679119
3.6704166666666667,-998.3022934749267
3.6720833333333336,-998.3022515654109
3.67375,-998.3023167579911
3.675416666666667,-998.3024145468615
3.6770833333333335,-998.3024657696031
3.67875,-998.3023866071843
3.680416666666667,-998.3021211802503
3.6821,-998.3016694888015
3.6837666666666666,-998.3010687857405
3.6854333333333336,-998.3004261731638
3.6871,-998.2998627230058
3.688766666666667,-998.299522790266
3.6904333333333335,-998.2995274468789
3.6921000000000004,-998.2999418854248
3.693766666666667,-998.3007614492908
3.6954333333333333,-998.301911632671
3.6971000000000003,-998.3032620504048
3.6987666666666668,-998.3046543776545
3.7004333333333337,-998.3059349461952
3.7021,-998.3069733708663
3.7037666666666667,-998.3076765194105
3.7054333333333336,-998.3080024823118
3.7071,-998.3079372897315
3.708766666666667,-998.3075181945728
3.7104333333333335,-998.3068197026415
3.7121166666666667,-998.3059256329694
3.7137833333333337,-998.3049430876528
3.71545,-998.3039745121747
3.7171166666666666,-998.3030990689541
3.7187833333333336,-998.3023819505714
3.72045,-998.3018371268649
3.722116666666667,-998.301464597835
3.7237833333333334,-998.3012177973526
3.7254500000000004,-998.3010548159019
3.727116666666667,-998.3009290873543
3.7287833333333333,-998.3008080154195
3.7304500000000003,-998.3006962567106
3.7321166666666667,-998.3006170942916
3.7337833333333337,-998.3006357207431
3.73545,-998.3008406117096
3.7371166666666666,-998.3013016163843
3.7388000000000003,-998.3020653008958
3.740466666666667,-998.3031037255671
3.7421333333333333,-998.304337727979
3.7438000000000002,-998.3056322663583
3.7454666666666667,-998.3068290158673
3.7471333333333336,-998.307774308281
3.7488,-998.3083517282774
3.750466666666667,-998.3084867700509
3.7521333333333335,-998.3081654637624
3.7538,-998.3074436887667
3.755466666666667,-998.3064145773213
3.7571333333333334,-998.3052178278124
3.7588000000000004,-998.3039838254005
3.760466666666667,-998.302842955246
3.7621333333333333,-998.3018976628324
3.7638000000000003,-998.301203827514
3.7654666666666667,-998.3007847323552
3.7671333333333337,-998.3006264075174
3.7688,-998.3006729736462
3.7704666666666666,-998.3008452683225
3.7721500000000003,-998.3010455026762
3.773816666666667,-998.3011991709011
3.7754833333333333,-998.3012643634813
3.7771500000000002,-998.301241080417
3.7788166666666667,-998.3011758878367
3.7804833333333336,-998.3011432915465
3.78215,-998.3012271105783
3.783816666666667,-998.3015111639637
3.7854833333333335,-998.3020280479928
3.78715,-998.3027777626658
3.788816666666667,-998.3036904587893
3.7904833333333334,-998.3046543776545
3.7921500000000004,-998.3055437907137
3.793816666666667,-998.3062283128063
3.7954833333333333,-998.306614811675
3.7971500000000002,-998.306652064578
3.7988166666666667,-998.306354041354
3.8005,-998.3057626515188
3.802166666666667,-998.3049663707171
3.8038333333333334,-998.3040536745935
3.8055000000000003,-998.3031130387928
3.807166666666667,-998.3022329389594
3.8088333333333337,-998.3014552846092
3.8105,-998.300826641871
3.8121666666666667,-998.3003516673577
3.8138333333333336,-998.300044330908
3.8155,-998.2998813494573
3.817166666666667,-998.2998440965544
3.8188333333333335,-998.299895319296
3.8205,-998.2999791383278
3.822166666666667,-998.3000629573595
3.8238333333333334,-998.300118836714
3.8255000000000003,-998.3001700594556
3.827166666666667,-998.3002631917132
3.82885,-998.3004867091312
3.830516666666667,-998.3009151175157
3.8321833333333335,-998.3016042962212
3.83385,-998.3025356187962
3.835516666666667,-998.3036532058863
3.8371833333333334,-998.3048359855567
3.8388500000000003,-998.305939602808
3.840516666666667,-998.3068197026415
3.8421833333333337,-998.3073552131222
3.84385,-998.307471628444
3.8455166666666667,-998.3071642919942
3.8471833333333336,-998.3064658000629
3.84885,-998.3054785981334
3.850516666666667,-998.3043144449146
3.8521833333333335,-998.3030990689541
3.85385,-998.3019535421869
3.855516666666667,-998.3009756534831
3.8571833333333334,-998.3002352520359
3.8588666666666667,-998.2997695907484
3.8605333333333336,-998.2995786696205
3.8622,-998.2996252357492
3.863866666666667,-998.2998487531672
3.8655333333333335,-998.3001654028427
3.8672,-998.3005053355827
3.868866666666667,-998.3008033588067
3.8705333333333334,-998.301050159289
3.8722000000000003,-998.3012503936427
3.873866666666667,-998.301464597835
3.8755333333333337,-998.3017486512204
3.8772,-998.302172402992
3.8788666666666667,-998.30276844944
3.8805333333333336,-998.3035228207258
3.8822,-998.3043656676563
3.883866666666667,-998.3051805749094
3.8855333333333335,-998.3058371573248
3.8872,-998.3062143429677
3.8888833333333337,-998.306237626032
3.89055,-998.3058883800664
3.8922166666666667,-998.3052131711995
3.8938833333333336,-998.3043144449146
3.89555,-998.3033179297593
3.897216666666667,-998.3023493542812
3.8988833333333335,-998.3015111639637
3.9005500000000004,-998.3008592381611
3.902216666666667,-998.300421516551
3.9038833333333334,-998.3001886859072
3.9055500000000003,-998.3001141801011
3.907216666666667,-998.3001467763912
3.9088833333333337,-998.3002166255844
3.91055,-998.3002492218745
3.9122166666666667,-998.3002119689716
3.9138833333333336,-998.300081583811
3.91555,-998.299895319296
3.917216666666667,-998.2996997415553
3.9189000000000003,-998.299560043169
3.9205666666666668,-998.2995460733304
3.9222333333333337,-998.299709054781
3.9239,-998.300081583811
3.9255666666666666,-998.3006636604205
3.9272333333333336,-998.3014226883191
3.9289,-998.3022981315396
3.930566666666667,-998.3032061710503
3.9322333333333335,-998.3040443613678
3.9339000000000004,-998.3047195702347
3.935566666666667,-998.3051526352322
3.9372333333333334,-998.3052923336184
3.9389000000000003,-998.3051293521678
3.9405666666666668,-998.3046823173318
3.9422333333333337,-998.3040164216906
3.9439,-998.3032108276632
3.9455666666666667,-998.3023726373457
3.9472500000000004,-998.3015810131568
3.948916666666667,-998.3009104609029
3.9505833333333333,-998.3003889202607
3.9522500000000003,-998.3000257044565
3.9539166666666667,-998.299783560587
3.9555833333333337,-998.2996112659106
3.95725,-998.2994575976858
3.9589166666666666,-998.2992853030094
3.9605833333333336,-998.2990850686557
3.96225,-998.2988708644634
3.963916666666667,-998.298698569787
3.9655833333333335,-998.298624063981
3.9672500000000004,-998.2987311660772
3.968916666666667,-998.2990664422042
3.9705833333333334,-998.2996531754264
3.9722500000000003,-998.3004541128411
3.9739166666666668,-998.3013994052548
3.9756,-998.3023819505714
3.977266666666667,-998.303289990082
3.9789333333333334,-998.3039931386262
3.9806000000000004,-998.3044029205593
3.982266666666667,-998.304449486688
3.9839333333333333,-998.3041281803996
3.9856000000000003,-998.3034715979842
3.9872666666666667,-998.3025635584735
3.9889333333333337,-998.3015111639637
3.9906,-998.300421516551
3.992266666666667,-998.2994203447827
3.9939333333333336,-998.2986054375295
3.9956,-998.2980606138232
3.997266666666667,-998.2978138133408
3.9989333333333335,-998.2978603794695
