min,µS/cm
0.0,-996.2699240987515
0.0016666666666667052,-996.2699939479446
0.0033333333333334103,-996.2695934792373
0.005016666666666669,-996.2681033631172
0.006683333333333374,-996.2650765647484
0.00835000000000008,-996.2606294994525
0.010016666666666563,-996.2556003575472
0.011683333333333268,-996.2513209303148
0.013349999999999973,-996.2491928582309
0.015016666666666678,-996.2502219696763
0.016683333333333383,-996.2547435407781
0.01835000000000009,-996.2623151933133
0.02001666666666657,-996.2718565930948
0.021683333333333277,-996.2819521298082
0.023349999999999982,-996.2911768799141
0.025016666666666687,-996.2984365393866
0.026683333333333392,-996.3031350617778
0.028350000000000097,-996.3052119111201
0.03001666666666658,-996.3050582428953
0.031683333333333286,-996.3033352961313
0.03334999999999999,-996.3007788156629
0.03503333333333325,-996.2980453839051
0.036699999999999955,-996.2955913489199
0.03836666666666666,-996.2936588545766
0.040033333333333365,-996.2922525574883
0.04170000000000007,-996.2912467291072
0.043366666666666775,-996.2904038821767
0.04503333333333326,-996.2893747707313
0.046699999999999964,-996.2872141023572
0.04836666666666667,-996.280280405786
0.050033333333333374,-996.2558611278682
0.05170000000000008,-996.1771271173736
0.05336666666666656,-995.9541265833909
0.05503333333333327,-995.3971118644798
0.05669999999999997,-994.1542106653351
0.05836666666666668,-991.6442218197716
0.06003333333333338,-987.0054903379666
0.06170000000000009,-979.0895697563373
0.06336666666666657,-966.5281283513308
0.06505000000000005,-947.8907338100908
0.06671666666666676,-921.9289854736668
0.06838333333333324,-887.8759485147316
0.07004999999999995,-845.7455694888465
0.07171666666666665,-796.5639283864591
0.07338333333333336,-742.4669902503803
0.07505000000000006,-686.6194124736913
0.07671666666666677,-632.9430782389562
0.07838333333333325,-585.6840780869518
0.08004999999999995,-548.8830295153349
0.08171666666666666,-525.8371869688095
0.08338333333333336,-518.6478004412016
0.08505000000000007,-527.9315591454188
0.08671666666666655,-552.7442649718115
0.08838333333333326,-590.7253551253701
0.09004999999999996,-638.4325356401655
0.09171666666666667,-691.8048675599531
0.09339999999999993,-746.6755624612214
0.09506666666666663,-799.2539418857796
0.09673333333333334,-846.5085182555525
0.09840000000000004,-886.4059536188869
0.10006666666666675,-917.9884991226664
0.10173333333333345,-941.2997499766293
0.10339999999999994,-957.1901946129232
0.10506666666666664,-967.0494547891661
0.10673333333333335,-972.5163555576077
0.10840000000000005,-975.2140152152693
0.11006666666666676,-976.5438041540532
0.11173333333333324,-977.5564591295814
0.11339999999999995,-978.9029932482648
0.11506666666666665,-980.8559068389497
0.11673333333333336,-983.3826129247353
0.11840000000000006,-986.2483390542903
0.12006666666666677,-989.1256927461949
0.12173333333333325,-991.6918310298081
0.12341666666666673,-993.6999208264518
0.12508333333333344,-995.0188272609463
0.12674999999999992,-995.6413744928508
0.12841666666666662,-995.6668834181814
0.13008333333333333,-995.2668384626819
0.13175000000000003,-994.64348563675
0.13341666666666674,-993.9904795000285
0.13508333333333344,-993.4622147090091
0.13674999999999993,-993.1557490458506
0.13841666666666663,-993.1060816129233
0.14008333333333334,-993.2930166801871
0.14175000000000004,-993.6561859183275
0.14341666666666675,-994.1139914999316
0.14508333333333323,-994.582423472117
0.14674999999999994,-994.9904731451489
0.14841666666666664,-995.2901867196384
0.15008333333333335,-995.4606606603883
0.15175000000000005,-995.506467761242
0.1534333333333333,-995.4519760773759
0.15510000000000002,-995.3332650453473
0.15676666666666672,-995.189608538146
0.15843333333333343,-995.0561127602384
0.16010000000000013,-994.9585287808247
0.16176666666666661,-994.9107472761118
0.16343333333333332,-994.914845095442
0.16510000000000002,-994.9631760804742
0.16676666666666673,-995.0417424529054
0.16843333333333343,-995.1339806407383
0.17009999999999992,-995.2242164850347
0.17176666666666662,-995.3002962261905
0.17343333333333333,-995.3550393671519
0.17510000000000003,-995.3865646363173
0.17676666666666674,-995.3976054654446
0.17843333333333322,-995.3941316322396
0.18009999999999993,-995.3837101326249
0.18176666666666663,-995.3738241434907
0.1834499999999999,-995.3705598578651
0.1851166666666666,-995.377768294596
0.1867833333333333,-995.3967859015785
0.18845,-995.4266394467218
0.1901166666666667,-995.4646420643966
0.19178333333333342,-995.5071709097862
0.19345000000000012,-995.550440156623
0.1951166666666666,-995.5911808626685
0.1967833333333333,-995.6270786913238
0.19845000000000002,-995.6569881158215
0.20011666666666672,-995.6808858530973
0.20178333333333343,-995.6996426897588
0.2034499999999999,-995.7146788927329
0.2051166666666666,-995.7276103066874
0.20678333333333332,-995.7398991080653
0.20845000000000002,-995.7526302876662
0.21011666666666673,-995.7663998919382
0.2118,-995.7812917399133
0.2134666666666667,-995.7969845253028
0.2151333333333334,-995.8129287677878
0.2168000000000001,-995.8285191076941
0.2184666666666666,-995.8432246911541
0.2201333333333333,-995.8566823023635
0.2218,-995.8687056768074
0.2234666666666667,-995.8792994710986
0.2251333333333334,-995.8885940703976
0.2268000000000001,-995.8968129921224
0.2284666666666666,-995.9042402896584
0.2301333333333333,-995.9111693296168
0.2318,-995.9178981352215
0.2334666666666667,-995.9246688503421
0.23513333333333342,-995.9316677394936
0.2367999999999999,-995.9389879349335
0.2384666666666666,-995.9466108102102
0.2401333333333333,-995.9544059801634
0.24181666666666657,-995.9621825236651
0.24348333333333327,-995.9697169232973
0.24514999999999998,-995.9767996314805
0.24681666666666668,-995.983272323377
0.2484833333333334,-995.9890418667295
0.2501500000000001,-995.9941175747635
0.2518166666666668,-995.9985972363495
0.2534833333333333,-996.0026671160025
0.25515,-996.0065600443662
0.2568166666666667,-996.0104995388587
0.2584833333333334,-996.0146578941562
0.2601500000000001,-996.0190909896135
0.2618166666666666,-996.0237801987788
0.2634833333333333,-996.0285997931047
0.26515,-996.0333914477534
0.2668166666666667,-996.0380014944999
0.2684833333333334,-996.0423135180223
0.27016666666666667,-996.0462949220307
0.27183333333333337,-996.0499922726536
0.2735000000000001,-996.0534987021487
0.27516666666666656,-996.0569119993862
0.27683333333333326,-996.0602973569465
0.27849999999999997,-996.0636827145069
0.2801666666666667,-996.0670494456157
0.2818333333333334,-996.070355640757
0.2835000000000001,-996.0735593904152
0.2851666666666668,-996.0766280983
0.2868333333333333,-996.0795291681213
0.2885,-996.0822532866533
0.2901666666666667,-996.0848051105089
0.2918333333333334,-996.0872032661397
0.2935000000000001,-996.0894524101584
0.2951666666666666,-996.0915851388553
0.2968333333333333,-996.0936293919076
0.2985,-996.0956084523796
0.30018333333333325,-996.0975642297872
0.30184999999999995,-996.099510693969
0.30351666666666666,-996.1014618147638
0.30518333333333336,-996.1034129355585
0.30685000000000007,-996.105373369579
0.30851666666666655,-996.1073663998895
0.3101833333333335,-996.1094059963289
0.31184999999999996,-996.1115014721228
0.31351666666666667,-996.1136062611423
0.31518333333333337,-996.1156691406461
0.3168500000000001,-996.117615604828
0.3185166666666668,-996.1193758044948
0.32018333333333326,-996.1209311131951
0.32184999999999997,-996.1222955007676
0.3235166666666667,-996.123510876728
0.3251833333333334,-996.1246331204309
0.3268500000000001,-996.1257181112309
0.32851666666666657,-996.1268031020307
0.33020000000000005,-996.1279113758951
0.33186666666666675,-996.1290569026625
0.33353333333333324,-996.1302396823327
0.33519999999999994,-996.131459714906
0.33686666666666665,-996.1327123437695
0.33853333333333335,-996.1339742858587
0.34020000000000006,-996.1352036316578
0.34186666666666676,-996.1363677848766
0.34353333333333347,-996.1374481190636
0.34519999999999995,-996.138477230509
0.34686666666666666,-996.139520311793
0.34853333333333336,-996.1406611819475
0.35020000000000007,-996.1419510637139
0.35186666666666677,-996.1433853004795
0.35353333333333326,-996.1449266393413
0.35519999999999996,-996.1464726348158
0.35686666666666667,-996.1479022149686
0.3585499999999999,-996.1491129343161
0.36021666666666663,-996.1500256304397
0.36188333333333333,-996.1506309901134
0.36355000000000004,-996.1509895493048
0.36521666666666674,-996.1511990968842
0.36688333333333323,-996.1513807047863
0.36855000000000016,-996.151618192043
0.37021666666666664,-996.1519767512343
0.37188333333333334,-996.1524610389733
0.37355000000000005,-996.1530570854214
0.37521666666666675,-996.1537136678369
0.37688333333333346,-996.1543609370265
0.37854999999999994,-996.1549290437973
0.38021666666666665,-996.155385391859
0.38188333333333335,-996.1557439510505
0.3835666666666666,-996.1560512875002
0.3852333333333333,-996.1563819070144
0.3869,-996.156805658786
0.3885666666666667,-996.1573551391053
0.39023333333333343,-996.1580210347464
0.3918999999999999,-996.158747466355
0.3935666666666666,-996.1594599281249
0.3952333333333333,-996.1600699444116
0.39690000000000003,-996.1605123226346
0.39856666666666674,-996.1607870627944
0.4002333333333332,-996.1609407310192
0.40190000000000015,-996.1610850860184
0.40356666666666663,-996.1613411997265
0.40523333333333333,-996.161806861014
0.40690000000000004,-996.162519322784
0.40856666666666674,-996.1634599585848
0.41023333333333345,-996.1645402927718
0.41189999999999993,-996.165653223249
0.41356666666666664,-996.1666637082429
0.41523333333333334,-996.1674693022703
0.41690000000000005,-996.1680234392024
0.4185833333333333,-996.1683307756522
0.42025,-996.1684471909741
0.4219166666666667,-996.1684565041999
0.4235833333333334,-996.1684332211355
0.4252499999999999,-996.168414594684
0.4269166666666666,-996.1684052814583
0.4285833333333333,-996.1684006248454
0.43025,-996.1683726851682
0.4319166666666667,-996.1683307756522
0.43358333333333343,-996.1682981793621
0.43525000000000014,-996.1683307756522
0.4369166666666666,-996.1685123835543
0.4385833333333333,-996.1689221654874
0.44025000000000003,-996.169611344193
0.44191666666666674,-996.1705752630581
0.44358333333333344,-996.1717301030511
0.4452499999999999,-996.1729547922373
0.4469333333333334,-996.1741003190047
0.4486000000000001,-996.1750456114183
0.4502666666666666,-996.1757161636724
0.4519333333333333,-996.1760793794766
0.4536,-996.1761911381857
0.4552666666666667,-996.1761352588311
0.4569333333333334,-996.1760328133479
0.4585999999999999,-996.1759955604449
0.4602666666666668,-996.1760747228637
0.4619333333333333,-996.1762842704431
0.4636,-996.1765822936671
0.4652666666666667,-996.1768989433427
0.4669333333333334,-996.1771690268895
0.4686000000000001,-996.1773366649529
0.4702666666666666,-996.1773599480173
0.4719333333333333,-996.1772528459212
0.4736,-996.1770432983418
0.4752666666666667,-996.1768058110852
0.47695,-996.1766102333444
0.4786166666666667,-996.1765171010869
0.4802833333333334,-996.1765450407642
0.4819500000000001,-996.1766940523762
0.4836166666666666,-996.1769222264071
0.4852833333333333,-996.1771783401152
0.48695,-996.1774158273719
0.4886166666666667,-996.1776114051125
0.4902833333333334,-996.1777604167246
0.49195,-996.177895458498
0.4936166666666667,-996.1780677531743
0.4952833333333333,-996.1783238668825
0.49695,-996.1786870826868
0.4986166666666667,-996.1791480873615
0.5002833333333333,-996.1796649713906
0.50195,-996.1801818554197
0.5036166666666667,-996.1806335468686
0.5053,-996.1809688229956
0.5069666666666667,-996.1811550875107
0.5086333333333334,-996.1811923404136
0.5103,-996.1811131779948
0.5119666666666667,-996.1809827928342
0.5136333333333334,-996.1808896605768
0.5153,-996.1808989738025
0.5169666666666667,-996.181071268479
0.5186333333333334,-996.181401887993
0.5203,-996.1818628926677
0.5219666666666667,-996.1823704634711
0.5236333333333334,-996.1828454379844
0.5253,-996.18319468395
0.5269666666666667,-996.1833716352393
0.5286333333333334,-996.1833762918521
0.5303,-996.1832645331432
0.5319666666666667,-996.183120178144
0.5336333333333334,-996.1830223892737
0.5353,-996.1830177326608
0.5369833333333334,-996.1831062083054
0.5386500000000001,-996.1832505633046
0.5403166666666667,-996.1833902616908
0.5419833333333334,-996.1834601108839
0.5436500000000001,-996.1834228579809
0.5453166666666667,-996.1832785029818
0.5469833333333334,-996.1830689554024
0.54865,-996.1828640644359
0.5503166666666667,-996.1827429925012
0.5519833333333334,-996.1827755887913
0.55365,-996.1829897929836
0.5553166666666667,-996.1833669786264
0.5569833333333334,-996.183865236204
0.55865,-996.1844054032975
0.5603166666666667,-996.1848896910366
0.5619833333333334,-996.1852296237765
0.56365,-996.1853693221627
0.5653333333333334,-996.1853134428083
0.5670000000000001,-996.1851318349061
0.5686666666666667,-996.1849455703912
0.5703333333333334,-996.184875721198
0.5720000000000001,-996.184987479907
0.5736666666666667,-996.185285503131
0.5753333333333334,-996.1856952850641
0.5770000000000001,-996.1861097236099
0.5786666666666667,-996.1864263732855
0.5803333333333334,-996.1865753848974
0.5820000000000001,-996.1865381319944
0.5836666666666667,-996.1863844637695
0.5853333333333334,-996.1862121690932
0.5870000000000001,-996.1861376632871
0.5886666666666667,-996.1862354521576
0.5903333333333334,-996.1865288187687
0.5920000000000001,-996.1869991366691
0.5936833333333333,-996.1875765566656
0.59535,-996.1881726031137
0.5970166666666666,-996.1887174268201
0.5986833333333333,-996.1891551484304
0.60035,-996.1894578282672
0.6020166666666666,-996.1896627192338
0.6036833333333333,-996.1898117308457
0.60535,-996.1899840255221
0.6070166666666666,-996.1902261693916
0.6086833333333334,-996.1905614455187
0.6103500000000001,-996.1909758840645
0.6120166666666667,-996.191408949062
0.6136833333333334,-996.1918094177693
0.6153500000000001,-996.1921027843804
0.6170166666666667,-996.1922424827666
0.6186833333333334,-996.1922052298636
0.6203500000000001,-996.1920189653487
0.6220166666666667,-996.1917581950275
0.6237,-996.1915067379323
0.6253666666666667,-996.191334443256
0.6270333333333333,-996.191255280837
0.6287,-996.1912506242242
0.6303666666666667,-996.1912599374499
0.6320333333333333,-996.1912366543855
0.6337,-996.1911528353538
0.6353666666666667,-996.191031763419
0.6370333333333333,-996.1909153480972
0.6387,-996.1908641253556
0.6403666666666668,-996.1909246613229
0.6420333333333333,-996.1911388655152
0.6437,-996.1915067379323
0.6453666666666666,-996.1919910256713
0.6470333333333333,-996.192563789055
0.6487,-996.1931784619545
0.6503666666666666,-996.1937931348541
0.6520333333333334,-996.1943798680763
0.6537166666666667,-996.1948874388797
0.6553833333333333,-996.195287907587
0.65705,-996.195548677908
0.6587166666666667,-996.1956837196815
0.6603833333333333,-996.1957302858102
0.66205,-996.195739599036
0.6637166666666667,-996.1957815085518
0.6653833333333333,-996.1958886106479
0.66705,-996.1960702185501
0.6687166666666667,-996.196298392581
0.6703833333333333,-996.196521909999
0.67205,-996.1966895480625
0.6737166666666667,-996.1967687104814
0.6753833333333333,-996.1967407708041
0.67705,-996.1966336687079
0.6787166666666667,-996.196484657096
0.6804,-996.1963309888711
0.6820666666666667,-996.1962099169364
0.6837333333333334,-996.1961586941947
0.6854,-996.1961959470977
0.6870666666666667,-996.1963449587097
0.6887333333333334,-996.1966010724178
0.6904,-996.1969177220934
0.6920666666666667,-996.1972250585432
0.6937333333333333,-996.1974439193483
0.6954,-996.1975184251543
0.6970666666666667,-996.1974252928968
0.6987333333333333,-996.1972110887045
0.7004,-996.1969363485449
0.7020666666666667,-996.1966755782239
0.7037333333333333,-996.1964986269346
0.7054,-996.1964241211286
0.7070666666666667,-996.1964427475801
0.7087333333333333,-996.1965172533861
0.7104,-996.1966010724178
0.7120833333333334,-996.1966848914496
0.71375,-996.1967733670942
0.7154166666666667,-996.1969037522548
0.7170833333333334,-996.1970993299955
0.71875,-996.1973740701551
0.7204166666666667,-996.1977279727337
0.7220833333333334,-996.1981424112796
0.72375,-996.1985987593413
0.7254166666666667,-996.1990597640159
0.7270833333333334,-996.1994742025619
0.72875,-996.1997955088502
0.7304166666666667,-996.1999771167524
0.7320833333333334,-996.2000097130425
0.73375,-996.1999305506237
0.7354166666666667,-996.199804822076
0.7370833333333334,-996.1997256596571
0.73875,-996.1997629125601
0.7404333333333334,-996.1999491770752
0.7421,-996.200251856912
0.7437666666666667,-996.200591789652
0.7454333333333334,-996.200852559973
0.7471,-996.2009410356176
0.7487666666666667,-996.2008199636829
0.7504333333333334,-996.2005265970716
0.7521,-996.2001587246546
0.7537666666666667,-996.1998234485275
0.7554333333333334,-996.1996278707868
0.7571,-996.1996092443353
0.7587666666666667,-996.1997535993344
0.7604333333333334,-996.2000003998168
0.7621,-996.2002751399764
0.7637666666666667,-996.200512627233
0.7654333333333334,-996.2006849219094
0.7671,-996.2008013372313
0.7687666666666667,-996.2009037827146
0.7704333333333334,-996.2010481377137
0.7721166666666667,-996.2012763117446
0.7737833333333334,-996.2016162444845
0.7754500000000001,-996.2020539660948
0.7771166666666667,-996.2025242839952
0.7787833333333334,-996.2029713188311
0.7804500000000001,-996.2033065949582
0.7821166666666667,-996.2034695764088
0.7837833333333334,-996.2034183536672
0.7854500000000001,-996.2031529267333
0.7871166666666667,-996.2027338315745
0.7887833333333334,-996.202268170287
0.79045,-996.2018677015798
0.7921166666666667,-996.2016162444845
0.7937833333333334,-996.2015324254527
0.79545,-996.2015883048073
0.7971166666666667,-996.2017047201291
0.7987833333333334,-996.2018025089995
0.8004666666666667,-996.2018257920639
0.8021333333333334,-996.2017699127093
0.8038000000000001,-996.2016534973875
0.8054666666666667,-996.2015370820656
0.8071333333333334,-996.2014765460982
0.8088000000000001,-996.2015137990012
0.8104666666666667,-996.2016581540004
0.8121333333333334,-996.2018816714184
0.8138000000000001,-996.202156411578
0.8154666666666667,-996.2024590914149
0.8171333333333334,-996.2027710844776
0.8188000000000001,-996.2030644510887
0.8204666666666667,-996.2033252214097
0.8221333333333334,-996.2035161425376
0.8238000000000001,-996.2036279012466
0.8254666666666667,-996.2036604975367
0.8271333333333334,-996.2036232446337
0.8288000000000001,-996.2035254557634
0.8304833333333334,-996.2033764441513
0.8321500000000001,-996.2031668965719
0.8338166666666668,-996.2028828431866
0.8354833333333334,-996.2025103141565
0.8371500000000001,-996.2020539660948
0.8388166666666667,-996.2015277688398
0.8404833333333334,-996.2009829451334
0.8421500000000001,-996.2004986573944
0.8438166666666667,-996.2001726944932
0.8454833333333334,-996.200107501913
0.8471500000000001,-996.2003449891696
0.8488166666666667,-996.2008804996502
0.8504833333333334,-996.2016395275489
0.8521500000000001,-996.2025289406081
0.8538166666666667,-996.2034369801187
0.8554833333333334,-996.2042658572105
0.8571500000000001,-996.204917783013
0.8588333333333333,-996.2053275649461
0.8605,-996.2054579501066
0.8621666666666667,-996.2053182517203
0.8638333333333333,-996.204959692529
0.8655,-996.2044660915641
0.8671666666666668,-996.2039166112448
0.8688333333333333,-996.2033764441513
0.8705,-996.2028688733479
0.8721666666666668,-996.202379928996
0.8738333333333334,-996.2018863280313
0.8755000000000001,-996.2013694440021
0.8771666666666668,-996.2008292769086
0.8788333333333334,-996.2003403325567
0.8805000000000001,-996.1999957432039
0.8821666666666667,-996.1999026109464
0.8838333333333334,-996.2001214717516
0.8855000000000001,-996.2006383557807
0.8871666666666667,-996.2013554741635
0.88885,-996.2021238152879
0.8905166666666667,-996.2027897109291
0.8921833333333333,-996.2032320891522
0.89385,-996.2033811007642
0.8955166666666667,-996.2032320891522
0.8971833333333333,-996.2028362770578
0.89885,-996.2023007665772
0.9005166666666667,-996.2017559428707
0.9021833333333333,-996.2013228778734
0.90385,-996.201076077391
0.9055166666666667,-996.201034167875
0.9071833333333333,-996.2011459265841
0.90885,-996.2013228778734
0.9105166666666668,-996.2014346365823
0.9121833333333333,-996.2013694440021
0.91385,-996.2010621075524
0.9155166666666668,-996.2005312536845
0.9171833333333334,-996.1998700146563
0.9188666666666667,-996.1992180888537
0.9205333333333334,-996.1987291445018
0.9222,-996.1984823440195
0.9238666666666667,-996.1984963138581
0.9255333333333334,-996.1987105180503
0.9272,-996.1990271677258
0.9288666666666667,-996.1993251909498
0.9305333333333333,-996.1995207686906
0.9322,-996.1995673348193
0.9338666666666667,-996.1994881724005
0.9355333333333333,-996.1993345041756
0.9372,-996.1991994624022
0.9388666666666667,-996.1991528962735
0.9405333333333333,-996.1992367153052
0.9422,-996.1994462628846
0.9438666666666667,-996.1997396294958
0.9455333333333333,-996.2000516225584
0.9472166666666667,-996.2003123928794
0.9488833333333334,-996.2004800309429
0.95055,-996.2005265970716
0.9522166666666667,-996.2004940007815
0.9538833333333334,-996.2004334648142
0.95555,-996.2004241515884
0.9572166666666667,-996.2005079706202
0.9588833333333334,-996.2006616388451
0.96055,-996.2008246202957
0.9622166666666667,-996.2008804996502
0.9638833333333334,-996.2007408012639
0.96555,-996.2003263627181
0.9672166666666667,-996.1996418406254
0.9688833333333334,-996.1987710540177
0.97055,-996.1978443880555
0.9722333333333334,-996.1970481072539
0.9738833333333334,-996.196521909999
0.9755666666666667,-996.1963542719354
0.9772333333333334,-996.1965358798376
0.9789,-996.1969875712865
0.9805666666666667,-996.1975696478959
0.9822333333333334,-996.1981563811182
0.9839,-996.1986406688573
0.9855666666666667,-996.1989573185327
0.9872333333333334,-996.1990783904674
0.9889,-996.1990131978872
0.9905666666666667,-996.1988129635336
0.9922333333333334,-996.1985242535353
0.9939,-996.198202947247
0.9955666666666667,-996.1978956107972
0.9972333333333334,-996.1976115574117
0.9989,-996.1973647569293
1.0005666666666666,-996.1971458961243
1.0022333333333333,-996.1969549749964
1.0039,-996.1967966501586
1.0055666666666667,-996.1966848914496
1.00725,-996.1966569517724
1.0089166666666667,-996.1967640538685
1.0105833333333334,-996.1970527638667
1.01225,-996.1975417082186
1.0139166666666668,-996.198202947247
1.0155833333333333,-996.1989619751456
1.01725,-996.1997116898185
1.0189166666666667,-996.2003403325567
1.0205833333333334,-996.2007640843283
1.02225,-996.2009363790047
1.0239166666666668,-996.2008572165859
1.0255833333333333,-996.2005591933618
1.02725,-996.2001214717516
1.0289166666666667,-996.1996278707868
1.0305833333333334,-996.1991622094993
1.0322500000000001,-996.1987989936949
1.0339166666666668,-996.1985568498254
1.0356,-996.1984544043422
1.0372666666666668,-996.1984497477293
1.0389333333333335,-996.198500970471
1.0406,-996.1985428799868
1.0422666666666667,-996.1985242535353
1.0439333333333334,-996.198426464665
1.0456,-996.1982867662787
1.0472666666666668,-996.1981889774083
1.0489333333333333,-996.1982215736984
1.0506,-996.1984404345036
1.0522666666666667,-996.1988409032108
1.0539333333333334,-996.19935778724
1.0556,-996.1998932977207
1.0572666666666668,-996.200331019331
1.0589333333333333,-996.2005778198134
1.0606,-996.2005871330391
1.0622666666666667,-996.2003589590082
1.0639333333333334,-996.1999631469138
1.0656166666666667,-996.1994928290134
1.0672833333333334,-996.1990551074031
1.06895,-996.1987198312761
1.0706166666666668,-996.1985056270838
1.0722833333333335,-996.1984031816006
1.07395,-996.1983659286976
1.0756166666666667,-996.1983286757945
1.0772833333333334,-996.1982308869242
1.07895,-996.1980399657963
1.0806166666666668,-996.1977559124109
1.0822833333333335,-996.1974578891869
1.08395,-996.1972436849946
1.0856166666666667,-996.1972204019303
1.0872833333333334,-996.197453232574
1.08895,-996.197942176926
1.0906166666666668,-996.1986220424058
1.0922833333333335,-996.1993810703044
1.0939666666666668,-996.2000795622357
1.0956333333333335,-996.2006011028777
1.0973,-996.200889812876
1.0989666666666666,-996.2009410356176
1.1006333333333334,-996.2008246202957
1.1023,-996.2006383557807
1.1039666666666668,-996.2004800309429
1.1056333333333335,-996.2004008685241
1.1073,-996.2004008685241
1.1089666666666667,-996.2004427780399
1.1106333333333334,-996.2004520912657
1.1123,-996.2003543023953
1.1139666666666668,-996.2001028453001
1.1156333333333335,-996.1996837501413
1.1173,-996.1991389264349
1.1189666666666667,-996.1985382233739
1.1206333333333334,-996.1979794298289
1.1223,-996.1975370516058
1.1239833333333333,-996.1972623114461
1.12565,-996.1971645225758
1.1273166666666667,-996.1972157453174
1.1289833333333334,-996.1973694135422
1.1306500000000002,-996.1975696478959
1.1323166666666666,-996.1977605690238
1.1339833333333333,-996.1979142372487
1.13565,-996.1980259959577
1.1373166666666668,-996.1981191282151
1.1389833333333335,-996.1982541699886
1.1406500000000002,-996.1984776874066
1.1423166666666666,-996.1988129635336
1.1439833333333334,-996.1992367153052
1.14565,-996.1996884067541
1.1473166666666668,-996.2000749056228
1.1489833333333335,-996.200331019331
1.15065,-996.2004008685241
1.1523166666666667,-996.200289109815
1.1540000000000001,-996.2000376527197
1.1556666666666666,-996.1997442861086
1.1573333333333333,-996.1995114554649
1.159,-996.1994183232074
1.1606666666666667,-996.1994881724005
1.1623333333333334,-996.1996884067541
1.1640000000000001,-996.1999445204623
1.1656666666666666,-996.2001680378803
1.1673333333333333,-996.200289109815
1.169,-996.2002658267506
1.1706666666666667,-996.2000935320743
1.1723333333333334,-996.1998001654631
1.1740000000000002,-996.1994416062718
1.1756666666666666,-996.1990830470803
1.1773333333333333,-996.1987896804692
1.179,-996.1985987593413
1.1806666666666668,-996.1985149403096
1.18235,-996.1985289101482
1.1840166666666667,-996.1985941027284
1.1856833333333334,-996.198649982083
1.1873500000000001,-996.1986406688573
1.1890166666666668,-996.1985056270838
1.1906833333333333,-996.1982215736984
1.19235,-996.1978164483783
1.1940166666666667,-996.1973461304779
1.1956833333333334,-996.1969037522548
1.1973500000000001,-996.1965451930633
1.1990166666666666,-996.1963170190324
1.2006833333333333,-996.1962052603235
1.20235,-996.1961680074205
1.2040166666666667,-996.1961633508075
1.2056833333333334,-996.1961354111303
1.2073500000000001,-996.1960609053243
1.2090166666666666,-996.1959305201639
1.2106833333333333,-996.1957582254875
1.2123666666666668,-996.195585930811
1.2140333333333333,-996.1954695154892
1.2157,-996.1954648588763
1.2173666666666667,-996.1956138704883
1.2190333333333334,-996.1959305201639
1.2207000000000001,-996.1963822116127
1.2223666666666668,-996.1968944390289
1.2240333333333333,-996.1973647569293
1.2257,-996.1976627801535
1.2273666666666667,-996.1977000330564
1.2290333333333334,-996.1974392627354
1.2307000000000001,-996.1969223787063
1.2323666666666668,-996.1962564830651
1.2340333333333333,-996.1955719609724
1.2357,-996.1949712579116
1.2373666666666667,-996.1945242230755
1.2390333333333334,-996.194244826303
1.2407166666666667,-996.1940911580781
1.2423833333333334,-996.1940026824335
1.24405,-996.1939188634017
1.2457166666666668,-996.1938024480799
1.2473833333333333,-996.1936580930807
1.24905,-996.193537021146
1.2507166666666667,-996.193499768243
1.2523833333333334,-996.1935975571133
1.25405,-996.1938397009828
1.2557166666666668,-996.194202916787
1.2573833333333333,-996.194617355333
1.25905,-996.1949945409759
1.2607166666666667,-996.1952459980712
1.2623833333333334,-996.1953018774257
1.2640500000000001,-996.1951435525879
1.2657166666666668,-996.1948129330738
1.2674,-996.1944078077536
1.2690666666666668,-996.1940632184009
1.2707333333333335,-996.1939142067888
1.2724,-996.1940352787236
1.2740666666666667,-996.1944078077536
1.2757333333333334,-996.1949433182342
1.2774,-996.195478828715
1.2790666666666668,-996.1958560143578
1.2807333333333335,-996.1959305201639
1.2824,-996.1956650932299
1.2840666666666667,-996.195101643072
1.2857333333333334,-996.194393837915
1.2874,-996.1937232856609
1.2890666666666668,-996.1932622809863
1.2907333333333333,-996.1931086127614
1.2924,-996.1932809074378
1.2940666666666667,-996.1937232856609
1.2957333333333334,-996.194319332109
1.2974,-996.1949479748472
1.2990666666666668,-996.195478828715
1.30075,-996.195809448229
1.3024166666666668,-996.1959025804865
1.3040833333333335,-996.1957582254875
1.30575,-996.1954602022635
1.3074166666666667,-996.1951062996849
1.3090833333333334,-996.1947803367837
1.31075,-996.1945335363013
1.3124166666666668,-996.1943705548506
1.3140833333333335,-996.1942494829159
1.31575,-996.1941004713038
1.3174166666666667,-996.1938583274343
1.3190833333333334,-996.1934764851785
1.32075,-996.1929596011494
1.3224166666666668,-996.1923682113143
1.3240833333333335,-996.191781478092
1.32575,-996.1912878771273
1.3274166666666667,-996.1909153480972
1.3291000000000002,-996.1906778608405
1.3307666666666667,-996.1905381624542
1.3324333333333334,-996.1904683132611
1.3341,-996.1904496868096
1.3357666666666668,-996.1904869397126
1.3374333333333335,-996.190589385196
1.3391,-996.1907756497109
1.3407666666666667,-996.1910550464835
1.3424333333333334,-996.1914462019649
1.3441,-996.191930489704
1.3457666666666668,-996.1924939398618
1.3474333333333335,-996.1930899863099
1.3491,-996.1936860327579
1.3507666666666667,-996.1942215432387
1.3524333333333334,-996.1946452950102
1.3541,-996.1948874388797
1.3557666666666668,-996.194915378557
1.3574333333333335,-996.1947151442034
1.3591166666666668,-996.1943472717862
1.3607833333333335,-996.1939095501759
1.3624500000000002,-996.1935044248559
1.3641166666666666,-996.193234341309
1.3657833333333333,-996.1931505222773
1.36745,-996.1932483111477
1.3691166666666668,-996.1934811417914
1.3707833333333335,-996.1937745084026
1.3724500000000002,-996.1940306221107
1.3741166666666667,-996.1941703204969
1.3757833333333334,-996.1941470374326
1.37745,-996.1939607729175
1.3791166666666668,-996.1936674063064
1.3807833333333335,-996.1933181603408
1.38245,-996.1929875408266
1.3841166666666667,-996.1927267705056
1.3857833333333334,-996.1925870721194
1.38745,-996.1925777588937
1.3891333333333333,-996.1926895176026
1.3908,-996.1928850953434
1.3924666666666667,-996.1930899863099
1.3941333333333334,-996.193238997922
1.3958000000000002,-996.1933088471151
1.3974666666666666,-996.193313503728
1.3991333333333333,-996.1932995338893
1.4008,-996.1933321301794
1.4024666666666668,-996.1934532021141
1.4041333333333335,-996.1936627496935
1.4058000000000002,-996.1939188634017
1.4074666666666666,-996.1941656638841
1.4091333333333333,-996.1943333019476
1.4108,-996.1943752114635
1.4124666666666668,-996.194282079206
1.4141333333333335,-996.194095814691
1.4158000000000002,-996.1938862671116
1.4174666666666667,-996.1937279422739
1.4191500000000001,-996.193681376145
1.4208166666666668,-996.193760538564
1.4224833333333333,-996.1939561163047
1.42415,-996.1942261998515
1.4258166666666667,-996.1945288796884
1.4274833333333334,-996.1948129330738
1.4291500000000001,-996.1950411071047
1.4308166666666666,-996.1951808054908
1.4324833333333333,-996.1952320282326
1.43415,-996.1952273716197
1.4358166666666667,-996.1951947753296
1.4374833333333334,-996.1951808054908
1.4391500000000002,-996.1951994319425
1.4408166666666666,-996.1952646245227
1.4424833333333333,-996.1953437869415
1.44415,-996.1954089795217
1.4458166666666667,-996.1954089795217
1.4475,-996.1953111906514
1.4491666666666667,-996.195101643072
1.4508333333333334,-996.1948269029124
1.4525000000000001,-996.1945568193656
1.4541666666666668,-996.1943752114635
1.4558333333333333,-996.1943519283991
1.4575,-996.1945195664626
1.4591666666666667,-996.1948501859767
1.4608333333333334,-996.1952692811356
1.4625000000000001,-996.1956976895201
1.4641666666666668,-996.1960562487114
1.4658333333333333,-996.1963030491938
1.4675,-996.1964334343544
1.4691666666666667,-996.1964660306445
1.4708333333333334,-996.196447404193
1.4725000000000001,-996.1964194645158
1.4741666666666668,-996.1964101512899
1.47585,-996.1964380909673
1.4775166666666668,-996.196484657096
1.4791833333333333,-996.1965312232247
1.48085,-996.1965312232247
1.4825166666666667,-996.1964380909673
1.4841833333333334,-996.196223886775
1.4858500000000001,-996.1958886106479
1.4875166666666668,-996.1954881419407
1.4891833333333333,-996.1951062996849
1.49085,-996.1948362161381
1.4925166666666667,-996.1947151442034
1.4941833333333334,-996.194729114042
1.4958500000000001,-996.194803619848
1.4975166666666668,-996.194840872751
1.4991833333333333,-996.1947477404935
1.50085,-996.1944962833983
1.5025166666666667,-996.1941051279167
1.5041833333333334,-996.193644123242
1.5058500000000001,-996.1932203714704
1.5075333333333334,-996.192936318085
1.5092,-996.1928524990533
1.5108666666666668,-996.1929921974395
1.5125333333333335,-996.1933181603408
1.5142,-996.193760538564
1.5158666666666667,-996.194244826303
1.5175333333333334,-996.1947011743647
1.5192,-996.1950550769433
1.5208666666666668,-996.1952692811356
1.5225333333333335,-996.1953205038772
1.5242,-996.1952227150068
1.5258666666666667,-996.1950224806532
1.5275333333333334,-996.1947710235579
1.5292000000000001,-996.1945242230755
1.5308666666666668,-996.1943146754961
1.5325333333333333,-996.1941563506583
1.5342,-996.1940399353365
1.5358833333333335,-996.1939468030789
1.53755,-996.1938629840472
1.5392166666666667,-996.1937884782412
1.5408833333333334,-996.1937325988868
1.54255,-996.1937325988868
1.5442166666666668,-996.19383504437
1.5458833333333335,-996.1940725316266
1.54755,-996.1944497172694
1.5492166666666667,-996.1949293483956
1.5508833333333334,-996.1954648588763
1.55255,-996.1959957127441
1.5542166666666668,-996.1964613740316
1.5558833333333335,-996.1968152766101
1.55755,-996.1970108543509
1.5592166666666667,-996.1970201675766
1.5608833333333334,-996.196819933223
1.56255,-996.1964380909673
1.5642333333333334,-996.1959351767767
1.5659,-996.1953670700059
1.5675666666666668,-996.1948082764609
1.5692333333333335,-996.1942960490446
1.5709000000000002,-996.1938583274343
1.5725666666666667,-996.1934904550172
1.5742333333333334,-996.1931551788902
1.5759,-996.1928338726018
1.5775666666666668,-996.1925125663134
1.5792333333333335,-996.1922005732507
1.5809,-996.1919537727683
1.5825666666666667,-996.191818730995
1.5842333333333334,-996.1918420140594
1.5859,-996.1920236219615
1.5875666666666668,-996.1923309584113
1.5892333333333335,-996.192712800667
1.5909,-996.1931039561485
1.5925666666666667,-996.1934532021141
1.5942500000000002,-996.1937093158223
1.5959166666666667,-996.1938536708215
1.5975833333333334,-996.193872297273
1.59925,-996.1937884782412
1.6009166666666668,-996.1936394666292
1.6025833333333335,-996.1934625153399
1.6042500000000002,-996.1933041905022
1.6059166666666667,-996.193197088406
1.6075833333333334,-996.1931505222773
1.60925,-996.193159835503
1.6109166666666668,-996.1931784619545
1.6125833333333335,-996.1931738053416
1.6142500000000002,-996.1931086127614
1.6159166666666667,-996.1929968540525
1.6175833333333334,-996.1929083784078
1.61925,-996.192936318085
1.6209166666666668,-996.1931738053416
1.6225833333333335,-996.1936394666292
1.6242666666666667,-996.1942960490446
1.6259333333333335,-996.1950411071047
1.6276000000000002,-996.1957256291973
1.6292666666666666,-996.1962145735492
1.6309333333333333,-996.1964148079029
1.6326,-996.1962937359681
1.6342666666666668,-996.1958979238736
1.6359333333333335,-996.1953484435544
1.6376000000000002,-996.1947896500094
1.6392666666666666,-996.1943426151734
1.6409333333333334,-996.1940771882395
1.6426,-996.1939887125949
1.6442666666666668,-996.1940259654979
1.6459333333333335,-996.1940818448523
1.6476000000000002,-996.1940678750137
1.6492666666666667,-996.1939002369502
1.6509333333333334,-996.1935463343717
1.6526,-996.1930247937297
1.6542833333333333,-996.1924194340559
1.65595,-996.1918280442208
1.6576166666666667,-996.1913530697075
1.6592833333333334,-996.1910597030964
1.6609500000000001,-996.1909432877744
1.6626166666666669,-996.1909712274517
1.6642833333333333,-996.191073672935
1.66595,-996.1911761184182
1.6676166666666667,-996.1912319977727
1.6692833333333335,-996.1912133713212
1.6709500000000002,-996.1911435221281
1.6726166666666666,-996.1910690163221
1.6742833333333333,-996.1910410766449
1.67595,-996.191110925838
1.6776166666666668,-996.1912832205143
1.6792833333333335,-996.1915346776096
1.6809500000000002,-996.1918233876079
1.6826333333333334,-996.1920888145418
1.6843000000000001,-996.1922750790568
1.6859666666666668,-996.1923356150241
1.6876333333333333,-996.1922378261537
1.6893,-996.1919910256713
1.6909666666666667,-996.1916278098671
1.6926333333333334,-996.1912226845469
1.6943000000000001,-996.190850155517
1.6959666666666668,-996.1905707587445
1.6976333333333333,-996.1904077772938
1.6993,-996.1903518979393
1.7009666666666667,-996.1903844942294
1.7026333333333334,-996.1904450301968
1.7043000000000001,-996.1904915963255
1.7059666666666669,-996.1904915963255
1.7076333333333333,-996.1904450301968
1.7093,-996.1903751810037
1.7109666666666667,-996.1903472413264
1.71265,-996.1904170905195
1.7143166666666667,-996.1906080116474
1.7159833333333334,-996.1909153480972
1.7176500000000001,-996.1912739072885
1.7193166666666668,-996.1916045268027
1.7209833333333333,-996.1918280442208
1.72265,-996.1918978934139
1.7243166666666667,-996.1918001045435
1.7259833333333334,-996.1915812437384
1.7276500000000001,-996.1913065035787
1.7293166666666668,-996.1910597030964
1.7309833333333333,-996.1909060348714
1.73265,-996.1908734385813
1.7343166666666667,-996.1909479443873
1.7359833333333334,-996.191073672935
1.7376500000000001,-996.1911854316439
1.7393166666666668,-996.1912087147083
1.7409833333333333,-996.1911016126122
1.7426666666666668,-996.1908454989041
1.7443333333333335,-996.190472969874
1.746,-996.1900585313281
1.7476666666666667,-996.1897185985882
1.7493333333333334,-996.1895463039118
1.7510000000000001,-996.1896021832664
1.7526666666666668,-996.1898722668132
1.7543333333333335,-996.1902820487461
1.756,-996.1907104571306
1.7576666666666667,-996.1910364200319
1.7593333333333334,-996.1911528353538
1.7610000000000001,-996.1909991671289
1.7626666666666668,-996.1905800719702
1.7643333333333333,-996.1899467726191
1.766,-996.1892156843977
1.7676666666666667,-996.1884985660149
1.7693333333333334,-996.1879025195669
1.7710166666666667,-996.1875113640854
1.7726833333333334,-996.1873623524733
1.77435,-996.1874601413438
1.7760166666666668,-996.1877767910192
1.7776833333333335,-996.1882471089197
1.77935,-996.1887872760132
1.7810166666666667,-996.189313473268
1.7826833333333334,-996.1897744779427
1.78435,-996.1901563201985
1.7860166666666668,-996.190472969874
1.7876833333333335,-996.1907430534208
1.78935,-996.1909991671289
1.7910166666666667,-996.1912413109984
1.7926833333333334,-996.1914741416422
1.7943500000000001,-996.1916743759958
1.7960166666666668,-996.1918094177693
1.7976833333333335,-996.1918606405109
1.79935,-996.1918327008336
1.8010333333333335,-996.1917535384147
1.8027000000000002,-996.1916930024473
1.8043666666666667,-996.1916976590602
1.8060333333333334,-996.1918047611564
1.8077,-996.1919956822842
1.8093666666666668,-996.1922191997022
1.8110333333333335,-996.1923868377658
1.8127,-996.1924334038945
1.8143666666666667,-996.1922983621212
1.8160333333333334,-996.1919863690584
1.8177,-996.1915486474483
1.8193666666666668,-996.191073672935
1.8210333333333335,-996.1906871740663
1.8227,-996.1904869397126
1.8243666666666667,-996.1905381624542
1.8260333333333334,-996.1908315290655
1.8277,-996.1913158168045
1.8293833333333334,-996.191893236801
1.83105,-996.1924566869588
1.8327166666666668,-996.1929130350206
1.8343833333333335,-996.1931877751803
1.8360500000000002,-996.1932576243735
1.8377166666666667,-996.1931365524387
1.8393833333333334,-996.1929037217949
1.84105,-996.1926522646996
1.8427166666666668,-996.1924706567975
1.8443833333333335,-996.192414777443
1.8460500000000002,-996.1924846266361
1.8477333333333334,-996.1926615779254
1.8494000000000002,-996.1928804387305
1.8510666666666669,-996.1930760164713
1.8527333333333333,-996.1932017450189
1.8544,-996.1932529677606
1.8560666666666668,-996.1932436545349
1.8577333333333335,-996.1932436545349
1.8594000000000002,-996.1932995338893
1.8610666666666666,-996.1934392322755
1.8627333333333334,-996.1936348100163
1.8644,-996.1938257311442
1.8660666666666668,-996.1939468030789
1.8677333333333335,-996.1939328332403
1.8694000000000002,-996.1937558819511
1.8710666666666667,-996.193420605824
1.8727333333333334,-996.1929782276009
1.8744,-996.1924939398618
1.8760666666666668,-996.1920701880903
1.8777333333333335,-996.1918001045435
1.8794000000000002,-996.191739568576
1.8810666666666667,-996.1919072066396
1.8827333333333334,-996.192265765831
1.8844,-996.1927221138927
1.8860666666666668,-996.1931644921159
1.8877333333333335,-996.1934764851785
1.8894166666666667,-996.1935696174361
1.8910833333333334,-996.1934112925983
1.8927500000000002,-996.1930247937297
1.8944166666666669,-996.1924939398618
1.8960833333333333,-996.1919398029297
1.89775,-996.1914601718036
1.8994166666666668,-996.1911248956766
1.9010833333333335,-996.1909432877744
1.9027500000000002,-996.1908920650328
1.9044166666666669,-996.1909246613229
1.9060833333333334,-996.1909898539031
1.90775,-996.1910364200319
1.9094166666666668,-996.1910271068061
1.9110833333333335,-996.1909386311615
1.9127500000000002,-996.1907756497109
1.9144166666666667,-996.1905614455187
1.9160833333333334,-996.1903146450363
1.9177666666666668,-996.1900818143926
1.9194333333333333,-996.1898908932646
1.9211,-996.1897558514912
1.9227666666666667,-996.1896720324595
1.9244333333333334,-996.1896021832664
1.9261000000000001,-996.1894811113316
1.9277666666666669,-996.1892622505264
1.9294333333333333,-996.1889223177866
1.9311,-996.1884892527892
1.9327666666666667,-996.1880375613403
1.9344333333333334,-996.1876464058588
1.9361000000000002,-996.1873716656991
1.9377666666666669,-996.1872133408614
1.9394500000000001,-996.1871434916683
1.9411166666666668,-996.1871015821523
1.9427833333333335,-996.1870270763463
1.94445,-996.1868966911859
1.9461166666666667,-996.1867150832837
1.9477833333333334,-996.186519505543
1.9494500000000001,-996.1863844637695
1.9511166666666668,-996.1863798071566
1.9527833333333335,-996.1865567584459
1.95445,-996.186929287476
1.9561166666666667,-996.1874554847309
1.9577833333333334,-996.1880608444046
1.9594500000000001,-996.1886382644012
1.9611166666666668,-996.1890806426243
1.9627833333333333,-996.1892948468166
1.96445,-996.1892343108492
1.9661166666666667,-996.1889223177866
1.9677833333333334,-996.1884333734347
1.9694500000000001,-996.1878978629541
1.9711166666666669,-996.1874415148923
1.9727833333333333,-996.1871434916683
1.97445,-996.187003793282
1.9761166666666667,-996.186966540379
1.9778,-996.1869106610245
1.9794666666666667,-996.1867243965095
1.9811333333333334,-996.1863192711893
1.9828000000000001,-996.1856859718383
1.9844666666666668,-996.1848896910366
1.9861333333333335,-996.1840608139448
1.9878,-996.183343695562
1.9894666666666667,-996.1828454379844
1.9911333333333334,-996.1826219205664
1.9928000000000001,-996.1826591734693
1.9944666666666668,-996.1828920041131
1.9961333333333335,-996.1832412500788
1.9978,-996.1836137791088
1.9994666666666667,-996.1839304287843
2.001133333333333,-996.1841353197508
2.0028,-996.1841958557181
2.0044833333333334,-996.184126006525
2.0061333333333335,-996.1839769949131
2.007816666666667,-996.1838326399139
2.0094833333333333,-996.183758134108
2.01115,-996.1838093568496
2.0128166666666667,-996.183981651526
2.0144833333333336,-996.1842144821698
2.01615,-996.1844147165233
2.0178166666666666,-996.1844799091036
2.0194833333333335,-996.1843355541045
2.02115,-996.1839769949131
2.022816666666667,-996.1834601108839
2.0244833333333334,-996.1828640644359
2.02615,-996.1822866444394
2.027816666666667,-996.1818070133132
2.0294833333333333,-996.1814531107347
2.0311500000000002,-996.1812389065424
2.0328166666666667,-996.1811597441235
2.0344833333333336,-996.1812016536394
2.036166666666667,-996.1813460086386
2.0378333333333334,-996.1815741826695
2.0395000000000003,-996.1818628926677
2.041166666666667,-996.1821935121818
2.0428333333333333,-996.1825427581475
2.0445,-996.1828873475002
2.0461666666666667,-996.1832039971757
2.0478333333333336,-996.1834647674967
2.0495,-996.1836463753989
2.0511666666666666,-996.1837348510436
2.0528333333333335,-996.183720881205
2.0545,-996.1835951526573
2.056166666666667,-996.1833623220135
2.0578333333333334,-996.1830363591123
2.0595,-996.1826591734693
2.061166666666667,-996.1822866444394
2.0628333333333333,-996.1819699947638
2.0645166666666666,-996.1817464773458
2.0661833333333335,-996.1816114355724
2.06785,-996.1815369297665
2.069516666666667,-996.1814624239604
2.0711833333333334,-996.1813413520257
2.0728500000000003,-996.1811271478334
2.074516666666667,-996.1808058415451
2.0761833333333333,-996.1804007162249
2.07785,-996.1799676512275
2.0795166666666667,-996.1795811523589
2.0811833333333336,-996.179311068812
2.08285,-996.1792086233288
2.0845166666666666,-996.1792877857476
2.0861833333333335,-996.1795113031657
2.08785,-996.1798232962284
2.089516666666667,-996.180135289291
2.0911833333333334,-996.1803541500962
2.0928500000000003,-996.180396059612
2.094516666666667,-996.180209795097
2.0962,-996.1798279528413
2.0978666666666665,-996.1793250386507
2.0995333333333335,-996.1788407509117
2.1012,-996.1784868483331
2.102866666666667,-996.1783378367211
2.1045333333333334,-996.1783844028499
2.1062000000000003,-996.1785753239777
2.1078666666666668,-996.1788081546215
2.1095333333333333,-996.1789897625237
2.1112,-996.179050298491
2.1128666666666667,-996.1789711360722
2.1145333333333336,-996.1787941847829
2.1162,-996.1785986070422
2.1178666666666666,-996.1784821917203
2.1195333333333335,-996.1785194446232
2.1212,-996.1787476186541
2.122866666666667,-996.1791434307486
2.12455,-996.179651001552
2.1262166666666666,-996.1801865120326
2.1278833333333336,-996.1806382034815
2.12955,-996.1809082870283
2.131216666666667,-996.1808943171897
2.1328833333333335,-996.1805683542884
2.13455,-996.179949024776
2.136216666666667,-996.1791341175228
2.1378833333333334,-996.1782540176894
2.1395500000000003,-996.177448423662
2.1412166666666668,-996.1768011544723
2.1428833333333333,-996.1763587762491
2.14455,-996.1760933493152
2.1462166666666667,-996.1759489943162
2.1478833333333336,-996.1758605186715
2.14955,-996.1757906694784
2.1512166666666666,-996.1757580731883
2.1529000000000003,-996.1758139525427
2.1545666666666667,-996.1760235001221
2.1562333333333332,-996.176405342378
2.1579,-996.1769361962457
2.1595666666666666,-996.1775322426937
2.1612333333333336,-996.1780770664001
2.1629,-996.1784728784945
2.164566666666667,-996.1786451731709
2.1662333333333335,-996.1785706673649
2.1679,-996.1782866139795
2.169566666666667,-996.1778628622079
2.1712333333333333,-996.1774065141461
2.1729000000000003,-996.1770107020517
2.1745666666666668,-996.1767452751178
2.1762333333333332,-996.1766521428603
2.1779,-996.1767219920534
2.1795666666666667,-996.1769129131814
2.1812333333333336,-996.1771457438251
2.182916666666667,-996.1773413215658
2.1845833333333333,-996.1774297972105
2.1862500000000002,-996.1774018575333
2.1879166666666667,-996.1772994120499
2.1895833333333337,-996.177224906244
2.19125,-996.1772947554371
2.1929166666666666,-996.177592778661
2.1945833333333336,-996.1781376023675
2.19625,-996.1788593773632
2.197916666666667,-996.179651001552
2.1995833333333334,-996.1803634633219
2.20125,-996.1808896605768
2.202916666666667,-996.1811550875107
2.2045833333333333,-996.1811504308978
2.2062500000000003,-996.1809222568669
2.2079166666666667,-996.1805543844498
2.2095833333333332,-996.1801539157425
2.21125,-996.1798046697768
2.2129333333333334,-996.1795671825203
2.2146,-996.1794554238112
2.216266666666667,-996.1794600804241
2.2179333333333333,-996.17953458623
2.2196000000000002,-996.1796184052619
2.2212666666666667,-996.1796556581648
2.2229333333333336,-996.179613748649
2.2246,-996.179497333327
2.2262666666666666,-996.1793390084894
2.2279333333333335,-996.1791946534902
2.2296,-996.1791154910713
2.231266666666667,-996.1791248042971
2.2329333333333334,-996.1792225931674
2.2346,-996.1793716047795
2.236266666666667,-996.1795252730043
2.2379333333333333,-996.1796416883262
2.2396000000000003,-996.1796929110678
2.2412666666666667,-996.1796789412292
2.24295,-996.1796323751005
2.244616666666667,-996.1796044354232
2.2462833333333334,-996.1796277184876
2.24795,-996.179725507358
2.249616666666667,-996.17987451897
2.2512833333333333,-996.1800468136463
2.2529500000000002,-996.1802051384841
2.2546166666666667,-996.1803308670318
2.2562833333333336,-996.1804100294506
2.25795,-996.1804379691279
2.2596166666666666,-996.1804053728378
2.2612833333333335,-996.1803168971932
2.26295,-996.180172542194
2.264616666666667,-996.1799909342918
2.2662833333333334,-996.1797860433253
2.26795,-996.1795811523589
2.269616666666667,-996.1793855746181
2.2713,-996.1792179365546
2.2729666666666666,-996.1790828947812
2.2746333333333335,-996.1789897625237
2.2763,-996.1789525096207
2.277966666666667,-996.178975792685
2.2796333333333334,-996.1790782381684
2.2813000000000003,-996.1792924423605
2.282966666666667,-996.1796323751005
2.2846333333333333,-996.180098036388
2.2863,-996.180656829933
2.2879666666666667,-996.1812575329939
2.2896333333333336,-996.1818302963776
2.2913,-996.182300614278
2.2929666666666666,-996.1825939808891
2.2946333333333335,-996.1826591734693
2.2963,-996.1824589391157
2.297966666666667,-996.1820025910539
2.2996333333333334,-996.1813599784772
2.3013166666666667,-996.18061957703
2.3029833333333336,-996.179911771873
2.30465,-996.179352978328
2.3063166666666666,-996.1790177022009
2.3079833333333335,-996.1789431963949
2.30965,-996.179092208007
2.311316666666667,-996.1793855746181
2.3129833333333334,-996.1797068809065
2.3146500000000003,-996.1799629946146
2.316316666666667,-996.1800840665494
2.3179833333333333,-996.1800747533237
2.31965,-996.1799769644532
2.3213166666666667,-996.1798791755829
2.3229833333333336,-996.1798465792928
2.32465,-996.1799210850987
2.3263166666666666,-996.1800840665494
2.3279833333333335,-996.1802889575158
2.32965,-996.1804565955794
2.3313333333333333,-996.1805217881596
2.333,-996.1804379691279
2.3346666666666667,-996.1801911686455
2.3363333333333336,-996.1798232962284
2.338,-996.1793855746181
2.3396666666666666,-996.178938539782
2.3413333333333335,-996.1785101313975
2.343,-996.1781050060774
2.344666666666667,-996.177709193983
2.3463333333333334,-996.1772994120499
2.3480000000000003,-996.176847720601
2.349666666666667,-996.1763587762491
2.3513333333333333,-996.17584189222
2.353,-996.1753529478681
2.3546666666666667,-996.1749664489995
2.3563333333333336,-996.174761558033
2.358,-996.1748127807746
2.3596833333333334,-996.1751434002887
2.3613500000000003,-996.1757394467368
2.3630166666666668,-996.1765077878612
2.3646833333333332,-996.1773413215658
2.36635,-996.1780956928516
2.3680166666666667,-996.1786451731709
2.3696833333333336,-996.1789106001048
2.37135,-996.1788780038147
2.373016666666667,-996.1786032636551
2.3746833333333335,-996.178193481722
2.37635,-996.1777697299503
2.378016666666667,-996.1774297972105
2.3796833333333334,-996.177224906244
2.3813500000000003,-996.1771690268895
2.383016666666667,-996.1772342194697
2.3846833333333333,-996.1773925443075
2.38635,-996.1775881220482
2.3880333333333335,-996.1777697299503
2.3897,-996.1779140849495
2.391366666666667,-996.1780118738199
2.3930333333333333,-996.1780724097872
2.3947000000000003,-996.178118975916
2.3963666666666668,-996.1781795118834
2.3980333333333332,-996.1782633309151
2.3997,-996.1783611197856
2.4013666666666666,-996.178454252043
2.4030333333333336,-996.1785147880104
2.4047,-996.1785194446232
2.406366666666667,-996.1784589086559
2.4080333333333335,-996.1783657763984
2.4097,-996.1782912705924
2.411366666666667,-996.178305240431
2.4130333333333334,-996.178454252043
2.4147000000000003,-996.1787429620413
2.4163666666666668,-996.1791201476842
2.41805,-996.1795019899399
2.419716666666667,-996.1798000131639
2.4213833333333334,-996.1799303983245
2.42305,-996.1798419226799
2.424716666666667,-996.1795392428429
2.4263833333333333,-996.1790642683296
2.4280500000000003,-996.1785101313975
2.4297166666666667,-996.1779792775297
2.4313833333333332,-996.1775788088224
2.43305,-996.1773646046302
2.4347166666666666,-996.1773599480173
2.4363833333333336,-996.1775415559194
2.43805,-996.177858205595
2.439716666666667,-996.1782353912379
2.4413833333333335,-996.1785986070422
2.44305,-996.1788640339761
2.4447333333333336,-996.1789804492979
2.4464,-996.1789152567177
2.4480666666666666,-996.1786917392997
2.4497333333333335,-996.1783611197856
2.4514,-996.1779932473684
2.453066666666667,-996.1776533146285
2.4547333333333334,-996.1773832310818
2.4564,-996.177187653341
2.458066666666667,-996.1770432983418
2.4597333333333333,-996.1768989433427
2.4614000000000003,-996.1767080222148
2.4630666666666667,-996.176442595281
2.4647333333333337,-996.1761212889925
2.4664,-996.1757813562526
2.4680666666666666,-996.1754926462544
2.4697333333333336,-996.1752924119007
2.4714,-996.1751992796433
2.473066666666667,-996.1751992796433
2.4747333333333335,-996.1752318759334
2.4764,-996.1752411891591
2.4780833333333336,-996.1751806531918
2.47975,-996.1750083585154
2.4814166666666666,-996.1747336183557
2.4830833333333335,-996.1743890290029
2.48475,-996.1740304698116
2.486416666666667,-996.1737324465876
2.4880833333333334,-996.1735508386854
2.48975,-996.1735368688468
2.491416666666667,-996.1736998502973
2.4930833333333333,-996.1739885602957
2.4947500000000002,-996.1743284930355
2.4964166666666667,-996.1745985765823
2.4980833333333337,-996.1746963654527
2.49975,-996.1745566670664
2.5014166666666666,-996.1741934512621
2.5030833333333335,-996.1736532841686
2.504766666666667,-996.1730339546563
2.5064333333333333,-996.1724099685309
2.5081,-996.1718278919216
2.5097666666666667,-996.1713110078924
2.5114333333333336,-996.1708593164435
2.5131,-996.170468160962
2.5147666666666666,-996.1701468546736
2.5164333333333335,-996.1698907409655
2.5181,-996.1697277595148
2.519766666666667,-996.1696905066118
2.5214333333333334,-996.1698069219337
2.5231000000000003,-996.1701096017706
2.524766666666667,-996.1705845762839
2.5264333333333333,-996.1711899359576
2.5281000000000002,-996.1718418617602
2.5297666666666667,-996.1724611912725
2.5314333333333336,-996.1729594488502
2.5331,-996.1732574720743
2.5347666666666666,-996.173304038203
2.5364500000000003,-996.173080520785
2.538116666666667,-996.1726241727232
2.5397833333333333,-996.1720234696623
2.54145,-996.1713948269241
2.5431166666666667,-996.1708686296693
2.5447833333333336,-996.1705333535423
2.54645,-996.1704076249946
2.5481166666666666,-996.1704541911233
2.5497833333333335,-996.1705845762839
2.55145,-996.1707009916057
2.553116666666667,-996.1707382445087
2.5547833333333334,-996.1706683953156
2.5564500000000003,-996.1705286969293
2.558116666666667,-996.1703983117688
2.5597833333333333,-996.1703517456401
2.5614500000000002,-996.1704495345105
2.5631166666666667,-996.1706963349928
2.5647833333333336,-996.1710595507972
2.566466666666667,-996.1714833025687
2.5681333333333334,-996.171883771276
2.5698000000000003,-996.1721911077258
2.571466666666667,-996.1723401193378
2.5731333333333333,-996.1722842399834
2.5748,-996.1720188130495
2.5764666666666667,-996.1715717782134
2.5781333333333336,-996.1710129846683
2.5798,-996.1704122816075
2.5814666666666666,-996.1698441748367
2.5831333333333335,-996.1693645437106
2.5848,-996.1689966712934
2.586466666666667,-996.1687405575852
2.5881333333333334,-996.1685729195217
2.5898000000000003,-996.1684658174256
2.591466666666667,-996.1684052814583
2.5931333333333333,-996.1683866550068
2.594816666666667,-996.1684425343612
2.5964833333333335,-996.1685822327476
2.59815,-996.1688290332299
2.599816666666667,-996.169159652744
2.6014833333333334,-996.1695368383869
2.6031500000000003,-996.1699140240298
2.604816666666667,-996.1702539567697
2.6064833333333333,-996.1705380101552
2.60815,-996.1707475577344
2.6098166666666667,-996.1708919127336
2.6114833333333336,-996.1709990148297
2.61315,-996.1711061169259
2.614816666666667,-996.171250471925
2.6164833333333335,-996.1714646761172
2.61815,-996.1717487295026
2.619816666666667,-996.172074692404
2.6214833333333334,-996.172405311918
2.6231500000000003,-996.1726800520777
2.6248333333333336,-996.1728383769155
2.6265,-996.1728244070769
2.628166666666667,-996.1725915764331
2.6298333333333335,-996.1721491982099
2.6315,-996.1715531517619
2.633166666666667,-996.1708919127336
2.6348333333333334,-996.1702632699954
2.6365000000000003,-996.1697231029019
2.6381666666666668,-996.1692993511302
2.6398333333333333,-996.1689780448419
2.6415,-996.1687312443595
2.6431666666666667,-996.1685449798445
2.6448333333333336,-996.1684052814583
2.6465,-996.1683261190393
2.648166666666667,-996.1683307756522
2.6498333333333335,-996.1684378777484
2.6515,-996.1686567385535
2.6531833333333337,-996.1689780448419
2.65485,-996.1693738569363
2.6565166666666666,-996.1698115785466
2.6581833333333336,-996.1702493001568
2.65985,-996.170654425477
2.661516666666667,-996.1709850449911
2.6631833333333335,-996.1712085624091
2.66485,-996.1712877248281
2.666516666666667,-996.1712178756349
2.6681833333333334,-996.1710083280554
2.6698500000000003,-996.1707242746701
2.6715166666666668,-996.1704215948332
2.6731833333333332,-996.1701515112865
2.67485,-996.1699466203199
2.6765166666666667,-996.1697836388693
2.6781833333333336,-996.1696299706445
2.67985,-996.1694297362908
2.681516666666667,-996.1691503395183
2.6832000000000003,-996.1687964369397
2.6848666666666667,-996.1684099380711
2.6865333333333337,-996.1680886317827
2.6882,-996.1679070238806
2.6898666666666666,-996.1679442767836
2.6915333333333336,-996.1682097037175
2.6932,-996.1686707083921
2.694866666666667,-996.169271411453
2.6965333333333334,-996.1699326504813
2.6982,-996.170579919671
2.699866666666667,-996.171138713216
2.7015333333333333,-996.1715578083748
2.7032000000000003,-996.1717952956315
2.7048666666666668,-996.1718651448246
2.7065333333333337,-996.171813922083
2.7082,-996.1717114765996
2.7098666666666666,-996.1716276575679
2.7115333333333336,-996.1715997178907
2.713216666666667,-996.1716369707937
2.7148833333333333,-996.1717021633739
2.7165500000000002,-996.1717254464382
2.7182166666666667,-996.1716462840194
2.7198833333333337,-996.1714134533756
2.72155,-996.1710502375714
2.7232166666666666,-996.170617172574
2.7248833333333335,-996.170239986931
2.72655,-996.1700211261259
2.728216666666667,-996.1700257827388
2.7298833333333334,-996.1702586133825
2.73155,-996.1706637387027
2.733216666666667,-996.1711480264418
2.7348833333333333,-996.1716043745035
2.7365500000000003,-996.1719349940176
2.7382166666666667,-996.172074692404
2.7398833333333337,-996.172000186598
2.741566666666667,-996.1717207898254
2.7432333333333334,-996.1712877248281
2.7449000000000003,-996.1707615275731
2.746566666666667,-996.1702167038667
2.7482333333333333,-996.1696905066118
2.7499000000000002,-996.1692201887114
2.7515666666666667,-996.1688197200041
2.7532333333333336,-996.1684704740385
2.7549,-996.1681631375887
2.7565666666666666,-996.1678977106549
2.7582333333333335,-996.1676835064626
2.7599,-996.1675624345278
2.761566666666667,-996.1675717477535
2.7632333333333334,-996.1677347292042
2.7649,-996.1680234392024
2.7665833333333336,-996.1683726851682
2.7682333333333333,-996.1686939914565
2.7699000000000003,-996.1689081956488
2.7715833333333335,-996.1689594183904
2.77325,-996.1688430030686
2.774916666666667,-996.1685775761346
2.7765833333333334,-996.1682423000076
2.7782500000000003,-996.1679209937192
2.779916666666667,-996.1677161027527
2.7815833333333333,-996.1677021329141
2.7832500000000002,-996.1679116804935
2.7849166666666667,-996.1683261190393
2.7865833333333336,-996.1688895691973
2.78825,-996.1695088987096
2.7899166666666666,-996.1700816620934
2.7915833333333335,-996.1704961006392
2.79325,-996.1706590820899
2.794916666666667,-996.1705100704778
2.7965833333333334,-996.1700676922547
2.7982500000000003,-996.1694111098393
2.7999333333333336,-996.1686660517793
2.8016,-996.1679722164608
2.803266666666667,-996.1674413625931
2.8049333333333335,-996.1671293695305
2.8066,-996.1670176108214
2.808266666666667,-996.1670502071115
2.8099333333333334,-996.1671386827562
2.8116000000000003,-996.1671945621107
2.813266666666667,-996.1671759356592
2.8149333333333333,-996.1670641769501
2.8166,-996.1668965388867
2.8182666666666667,-996.1667102743717
2.8199333333333336,-996.1665519495339
2.8216,-996.1664588172764
2.8232666666666666,-996.166435534212
2.8249333333333335,-996.1664867569536
2.8266,-996.1666031722755
2.828266666666667,-996.1667568405004
2.8299333333333334,-996.1669058521124
2.8316166666666667,-996.1670176108214
2.8332833333333336,-996.1670641769501
2.83495,-996.1670502071115
2.836616666666667,-996.1670176108214
2.8382833333333335,-996.1670036409828
2.83995,-996.1670455504986
2.841616666666667,-996.1671293695305
2.8432833333333334,-996.1672178451751
2.8449500000000003,-996.167255098078
2.846616666666667,-996.1671759356592
2.8482833333333333,-996.1669477616283
2.84995,-996.1665798892111
2.8516166666666667,-996.1661468242138
2.8532833333333336,-996.1657603253451
2.85495,-996.1655321513142
2.8566166666666666,-996.1655368079271
2.8582833333333335,-996.1657789517966
2.8599666666666668,-996.1662073601811
2.8616333333333333,-996.1667289008232
2.8633,-996.1672364716266
2.8649666666666667,-996.1676229704952
2.8666333333333336,-996.167813891623
2.8683,-996.16777663872
2.869966666666667,-996.1675251816248
2.8716333333333335,-996.1671247129176
2.8733,-996.1666637082429
2.874966666666667,-996.1662352998584
2.8766333333333334,-996.1659046803443
2.8783000000000003,-996.1657137592164
2.879966666666667,-996.1656439100232
2.8816333333333333,-996.1656578798619
2.8833,-996.165690476152
2.8849666666666667,-996.165690476152
2.8866333333333336,-996.1656392534103
2.888316666666667,-996.1655694042172
2.8899833333333333,-996.1655740608301
2.8916500000000003,-996.1657696385709
2.8933166666666668,-996.166249269697
2.8949833333333337,-996.16703158066
2.89665,-996.1680467222668
2.8983166666666667,-996.169159652744
2.8999833333333336,-996.1702073906409
2.90165,-996.1710176412812
2.903316666666667,-996.1714879591816
2.9049833333333335,-996.1715717782134
2.90665,-996.1713110078924
2.908316666666667,-996.170803437089
2.9099833333333334,-996.1701794509637
2.9116500000000003,-996.1695554648384
2.9133166666666668,-996.1690246109706
2.9149833333333333,-996.1686194856505
2.91665,-996.1683354322652
2.9183333333333334,-996.1681258846858
2.92,-996.1679256503321
2.921666666666667,-996.1676881630755
2.9233333333333333,-996.1673715134
2.9250000000000003,-996.1669989843699
2.9266666666666667,-996.1666171421141
2.9283333333333337,-996.1663004924386
2.93,-996.1661095713107
2.9316666666666666,-996.166063005182
2.9333333333333336,-996.1661375109879
2.935,-996.1663004924386
2.936666666666667,-996.1664821003408
2.9383333333333335,-996.1666404251786
2.94,-996.1667428706618
2.941666666666667,-996.1667894367905
2.9433333333333334,-996.1667987500163
2.9450000000000003,-996.1668173764677
2.9466666666666668,-996.1668918822738
2.94835,-996.1670362372729
2.950016666666667,-996.1672457848523
2.9516833333333334,-996.1674693022703
2.95335,-996.1676602233982
2.955016666666667,-996.16777663872
2.9566833333333333,-996.1677999217844
2.9583500000000003,-996.1677393858171
2.9600166666666667,-996.1676183138824
2.9616833333333337,-996.1674879287218
2.96335,-996.167408766303
2.9650166666666666,-996.1674413625931
2.9666833333333336,-996.1676276271081
2.96835,-996.167967559848
2.970016666666667,-996.1684099380711
2.9716833333333335,-996.1688849125844
2.97335,-996.1692946945174
2.975016666666667,-996.1695554648384
2.9766833333333333,-996.169611344193
2.9783666666666666,-996.1694530193552
2.9800333333333335,-996.1691270564539
2.9817,-996.1687219311337
2.983366666666667,-996.168340088878
2.9850333333333334,-996.1680700053312
2.9867000000000004,-996.1679629032351
2.988366666666667,-996.1680327524282
2.9900333333333333,-996.1682376433947
2.9917000000000002,-996.1685170401672
2.9933666666666667,-996.1688010935526
2.9950333333333337,-996.1690246109706
2.9967,-996.169159652744
2.9983666666666666,-996.1692015622599
