min,µS/cm
0.0,-995.796681845466
0.0016666666666667052,-995.7959880101475
0.0033333333333334103,-995.7947819474128
0.004999999999999893,-995.7925979959743
0.006666666666666599,-995.789217295027
0.008333333333333304,-995.7850030603748
0.010000000000000009,-995.780895927819
0.011666666666666714,-995.7781205865452
0.01333333333333342,-995.7777713405796
0.014999999999999902,-995.7804861458859
0.016683333333333383,-995.7862324061739
0.018333333333333313,-995.7943581956413
0.020000000000000018,-995.8037412705849
0.021683333333333277,-995.813101062464
0.023349999999999982,-995.8212827312859
0.025016666666666687,-995.8274993094743
0.026683333333333392,-995.8314434605797
0.028350000000000097,-995.8332222866981
0.03001666666666658,-995.8332548829882
0.031683333333333286,-995.8320860731565
0.03334999999999999,-995.8302606809094
0.035016666666666696,-995.8282257410829
0.0366833333333334,-995.8262699636753
0.038350000000000106,-995.8245237338471
0.04001666666666659,-995.8229870515983
0.04170000000000007,-995.8215341883812
0.043366666666666775,-995.8196575733924
0.04503333333333326,-995.815042870033
0.046699999999999964,-995.7986702191637
0.04836666666666667,-995.7420038970848
0.050033333333333374,-995.5700212137634
0.05170000000000008,-995.1146882935961
0.05336666666666656,-994.0486685345176
0.05503333333333327,-991.809522263617
0.05669999999999997,-987.5367865839679
0.05836666666666668,-980.0545549858615
0.06003333333333338,-967.933345105468
0.06170000000000009,-949.6537926372391
0.06336666666666657,-923.8697266782958
0.06503333333333328,-889.7373270661278
0.06669999999999998,-847.2475320320798
0.06836666666666669,-797.4832741531931
0.07003333333333339,-742.7264287801116
0.0717000000000001,-686.3630426518447
0.07336666666666658,-632.5758251513242
0.07503333333333329,-585.8591387913838
0.07669999999999999,-550.433076243118
0.0783666666666667,-529.6583103619787
0.08004999999999995,-525.5565794769473
0.08171666666666666,-538.5218982298495
0.08338333333333336,-567.271304580975
0.08505000000000007,-609.0386587237188
0.08671666666666655,-659.9715261999385
0.08838333333333326,-715.6576731780813
0.09004999999999996,-771.690542237689
0.09171666666666667,-824.1837196164689
0.09338333333333337,-870.1616436569773
0.09505000000000008,-907.7815576027061
0.09671666666666678,-936.3740966359032
0.09838333333333327,-956.3197945041209
0.10004999999999997,-968.8039547618497
0.10171666666666668,-975.5051652786811
0.10338333333333338,-978.2756543617116
0.10505000000000009,-978.8616844354484
0.10671666666666657,-978.6974550125643
0.10838333333333328,-978.7879935366977
0.11006666666666676,-979.6809269952033
0.11173333333333324,-981.513327444677
0.11339999999999995,-984.1108559556822
0.11506666666666665,-987.1123735732922
0.11673333333333336,-990.094640753276
0.11840000000000006,-992.6766487735681
0.12006666666666677,-994.5908472848082
0.12173333333333325,-995.7165881040117
0.12339999999999995,-996.0784302074827
0.12506666666666666,-995.8174270558252
0.12673333333333336,-995.1463113516319
0.12840000000000007,-994.3001395996195
0.13006666666666677,-993.4922032959257
0.13173333333333326,-992.8820799071724
0.13339999999999996,-992.5591670873384
0.13508333333333344,-992.5415976869601
0.13673333333333337,-992.7877089906426
0.13840000000000008,-993.215642400652
0.14008333333333334,-993.7260118283918
0.14175000000000004,-994.223119222663
0.14341666666666675,-994.6312294316624
0.14508333333333323,-994.9041441990547
0.14674999999999994,-995.027684138635
0.14841666666666664,-995.0160379498341
0.15008333333333335,-994.9038927419595
0.15175000000000005,-994.7364735392558
0.15341666666666676,-994.5596945446729
0.15508333333333346,-994.4121404524949
0.15674999999999994,-994.319827758856
0.15841666666666665,-994.2942024182036
0.16008333333333336,-994.3330478828088
0.16175000000000006,-994.4235491540393
0.16341666666666677,-994.5466001492676
0.16508333333333325,-994.6813485560386
0.16674999999999995,-994.8090980736581
0.16843333333333343,-994.9161023809183
0.17009999999999992,-994.994873644316
0.17176666666666662,-995.0442011445035
0.17343333333333333,-995.0680569722634
0.17510000000000003,-995.0738311722287
0.17676666666666674,-995.0703247427336
0.17843333333333322,-995.0658963038893
0.18009999999999993,-995.0670604571081
0.18176666666666663,-995.0776961609151
0.18343333333333334,-995.0988977193362
0.18510000000000004,-995.1293566241532
0.18676666666666675,-995.1660786732873
0.18843333333333345,-995.2052780404712
0.19009999999999994,-995.2432247787915
0.19176666666666664,-995.2769200295568
0.19343333333333335,-995.3045011476169
0.19510000000000005,-995.3253674299109
0.19676666666666676,-995.3400497303065
0.19845000000000002,-995.3499124363763
0.20011666666666672,-995.3567576573029
0.20178333333333343,-995.362429411785
0.2034499999999999,-995.3684830085227
0.2051166666666666,-995.3759615288004
0.20678333333333332,-995.3853352905182
0.20845000000000002,-995.3965204746446
0.21011666666666673,-995.409046763279
0.21178333333333343,-995.4222156644902
0.21344999999999992,-995.435286776831
0.21511666666666662,-995.4476174877246
0.21678333333333333,-995.4587467924965
0.21845000000000003,-995.4684418605028
0.22011666666666674,-995.4766980351307
0.22178333333333344,-995.4836969242821
0.22344999999999993,-995.4897551776328
0.22511666666666663,-995.4952592940514
0.22678333333333334,-995.5006050856321
0.2284666666666666,-995.5061185152764
0.2301333333333333,-995.5120091305636
0.2318,-995.5183281542353
0.2334666666666667,-995.5250057370984
0.23513333333333342,-995.5318835543152
0.2367999999999999,-995.5387613715319
0.2384666666666666,-995.5454436110078
0.2401333333333333,-995.5517626346796
0.24180000000000001,-995.5575927139994
0.24346666666666672,-995.5628826262257
0.24513333333333343,-995.5676509978099
0.24680000000000013,-995.5719863043968
0.2484666666666666,-995.5760282443724
0.2501333333333333,-995.5799211727361
0.2518,-995.5837954746484
0.2534833333333333,-995.5877116860764
0.25515,-995.5916651504075
0.2568166666666667,-995.5955860184486
0.2584833333333334,-995.5993718447161
0.2601500000000001,-995.6029294969528
0.2618166666666666,-995.6062124090298
0.2634833333333333,-995.6092298941729
0.26515,-995.6120471449625
0.2668166666666667,-995.6147340105915
0.2684833333333334,-995.6173696534789
0.2701499999999999,-995.6200146095921
0.2718166666666668,-995.6227107884469
0.2734833333333333,-995.6254954429462
0.27515,-995.6283639164774
0.2768166666666667,-995.6313068958145
0.2784833333333334,-995.634273158216
0.2801500000000001,-995.6372021677146
0.2818166666666666,-995.6400287317299
0.2834833333333333,-995.6427062841332
0.28515,-995.64521154186
0.2868333333333333,-995.6475212218461
0.2885,-995.6496353240915
0.2901666666666667,-995.6515491919832
0.2918333333333334,-995.6532581689085
0.2935000000000001,-995.6547482850285
0.2951666666666666,-995.656033510182
0.2968333333333333,-995.6571650671108
0.2985,-995.6582407446849
0.3001666666666667,-995.6593816148394
0.3018333333333334,-995.6606901230573
0.3034999999999999,-995.6621988656289
0.3051666666666668,-995.6638659330382
0.3068333333333333,-995.6655981930278
0.3085,-995.6672512905985
0.3101666666666667,-995.6687227802671
0.3118333333333334,-995.6699334996147
0.3135000000000001,-995.6709020750927
0.31518333333333337,-995.6717030125072
0.3168500000000001,-995.672457383793
0.3185166666666668,-995.6733048873364
0.32018333333333326,-995.6743433120075
0.32184999999999997,-995.6756145673224
0.3235166666666667,-995.6770953702168
0.3251833333333334,-995.6787019016588
0.3268500000000001,-995.6802898066492
0.32851666666666657,-995.681714730189
0.3301833333333333,-995.6828462871177
0.33185,-995.6836285980808
0.3335166666666667,-995.6840896027554
0.3351833333333334,-995.6843410598507
0.3368500000000001,-995.6845273243657
0.3385166666666668,-995.684778781461
0.3401833333333333,-995.6851652803296
0.34185,-995.6857007908103
0.3435166666666667,-995.6863294335484
0.3451833333333334,-995.6869767027381
0.34686666666666666,-995.6875820624118
0.34853333333333336,-995.6881222295054
0.35020000000000007,-995.6886204870831
0.35186666666666677,-995.6891234012736
0.35353333333333326,-995.6896915080443
0.35519999999999996,-995.6903527470727
0.35686666666666667,-995.6911024617456
0.35853333333333337,-995.6919220256116
0.3602000000000001,-995.692764872542
0.36186666666666656,-995.6935890930209
0.3635333333333335,-995.6943434643067
0.36519999999999997,-995.6949907334964
0.3668666666666667,-995.6955122741384
0.3685333333333334,-995.6959360259101
0.3702000000000001,-995.6963225247787
0.3718666666666668,-995.6967323067117
0.3735333333333333,-995.6972165944508
0.37521666666666675,-995.6977893578344
0.37688333333333346,-995.6984226571855
0.37854999999999994,-995.6990606131493
0.38021666666666665,-995.6996287199202
0.38188333333333335,-995.7000710981432
0.38355000000000006,-995.7003737779802
0.38521666666666676,-995.7005646991081
0.38688333333333325,-995.7007183673329
0.38854999999999995,-995.7009279149123
0.39021666666666666,-995.7012585344264
0.39188333333333336,-995.7017381655526
0.39355000000000007,-995.7023481818393
0.39521666666666655,-995.7030420171577
0.3968833333333335,-995.7037731053791
0.39854999999999996,-995.704485567149
0.40021666666666667,-995.7051468061773
0.40188333333333337,-995.7057288827867
0.40356666666666663,-995.7062364535901
0.40523333333333333,-995.7066741752004
0.40690000000000004,-995.707060674069
0.40856666666666674,-995.707400606809
0.41023333333333345,-995.707698630033
0.41189999999999993,-995.7079268040638
0.41356666666666664,-995.7080571892243
0.41523333333333334,-995.7080339061599
0.41690000000000005,-995.7078290151934
0.41856666666666675,-995.7074518295506
0.42023333333333324,-995.7069628851987
0.42189999999999994,-995.7064785974596
0.42356666666666665,-995.7061293514939
0.42523333333333335,-995.7060362192365
0.42690000000000006,-995.706241110203
0.42856666666666676,-995.7067300545549
0.43023333333333347,-995.7074238898733
0.43189999999999995,-995.7082248272878
0.43358333333333343,-995.7090257647023
0.43525000000000014,-995.7097521963109
0.4369166666666666,-995.7103668692105
0.4385833333333333,-995.7108651267881
0.44025000000000003,-995.7112749087211
0.44191666666666674,-995.7116194980739
0.44358333333333344,-995.7119314911365
0.4452499999999999,-995.7122341709734
0.44691666666666663,-995.7125228809716
0.44858333333333333,-995.7127929645185
0.45025000000000004,-995.7130118253235
0.45191666666666674,-995.7131328972583
0.4535833333333332,-995.7131328972583
0.45525000000000015,-995.7130257951623
0.45691666666666664,-995.7128581570987
0.45858333333333334,-995.7127184587124
0.46025000000000005,-995.7126905190352
0.46191666666666675,-995.71281159097
0.4636,-995.7130677046781
0.4652666666666667,-995.7134122940308
0.4669333333333334,-995.7137615399965
0.4686000000000001,-995.714040936769
0.4702666666666666,-995.714227201284
0.4719333333333333,-995.7143343033802
0.4736,-995.7144181224119
0.4752666666666667,-995.7145485075724
0.47693333333333343,-995.714790651442
0.4785999999999999,-995.7151492106333
0.4802666666666666,-995.7156055586951
0.4819333333333333,-995.7161177861113
0.48360000000000003,-995.7166253569147
0.48526666666666673,-995.7170863615894
0.4869333333333332,-995.7174588906195
0.48860000000000015,-995.7177289741662
0.49026666666666663,-995.7179059254555
0.49193333333333333,-995.7180269973902
0.4936166666666667,-995.7181340994863
0.4952833333333333,-995.7182691412597
0.49695,-995.7184228094847
0.4986166666666667,-995.7185718210966
0.5002833333333333,-995.7186556401284
0.50195,-995.718632357064
0.5036166666666667,-995.7184600623876
0.5052833333333333,-995.718148069325
0.50695,-995.7177429440048
0.5086166666666667,-995.7173378186847
0.5102833333333333,-995.7170537652993
0.51195,-995.7169978859448
0.5136166666666667,-995.71721674675
0.5152833333333333,-995.7177150043276
0.51695,-995.7184228094847
0.5186166666666667,-995.7192470299635
0.5202833333333333,-995.7200759070553
0.5219666666666667,-995.7208163085024
0.5236333333333334,-995.721393728499
0.5253,-995.7217709141419
0.5269666666666667,-995.721952522044
0.5286333333333334,-995.721952522044
0.5303,-995.7218174802707
0.5319666666666667,-995.721584649627
0.5336333333333334,-995.7213099094672
0.5353,-995.7210258560818
0.5369666666666667,-995.7207650857608
0.5386333333333334,-995.7205508815686
0.5403,-995.7203925567309
0.5419666666666667,-995.7202994244733
0.5436333333333334,-995.7203040810862
0.5453,-995.7204530926982
0.5469833333333334,-995.7207837122123
0.54865,-995.7213238793059
0.5503166666666667,-995.722068937366
0.5519833333333334,-995.7229816334894
0.55365,-995.7239828052576
0.5553166666666667,-995.7249700071872
0.5569833333333334,-995.7258175107305
0.55865,-995.72643218363
0.5603166666666667,-995.7267674597571
0.5619833333333334,-995.726841965563
0.56365,-995.726734863467
0.5653166666666667,-995.7265579121777
0.5669833333333334,-995.7264135571785
0.56865,-995.7263809608884
0.5703166666666667,-995.7264694365331
0.5719833333333334,-995.7266603576609
0.57365,-995.7268838750789
0.5753166666666667,-995.7270747962068
0.5769833333333334,-995.7271772416901
0.57865,-995.7272005247545
0.5803166666666667,-995.7272005247545
0.5820000000000001,-995.7272750305605
0.5836666666666667,-995.7275125178171
0.5853333333333334,-995.7279595526531
0.5870000000000001,-995.7286161350685
0.5886666666666667,-995.7293984460316
0.5903333333333334,-995.7301900702204
0.5920000000000001,-995.7308466526358
0.5936666666666667,-995.7312424647301
0.5953333333333334,-995.7313309403748
0.597,-995.7311260494083
0.5986666666666667,-995.7307116108624
0.6003333333333334,-995.7301947268332
0.602,-995.7296871560299
0.6036666666666667,-995.7292866873225
0.6053333333333334,-995.7290305736144
0.607,-995.7289281281312
0.6086666666666667,-995.7289467545827
0.6103500000000001,-995.7290352302273
0.6120166666666667,-995.7291423323235
0.6136833333333334,-995.7292494344196
0.6153500000000001,-995.7293472232899
0.6170166666666667,-995.7294776084505
0.6186833333333334,-995.7296685295784
0.6203500000000001,-995.7299479263509
0.6220166666666667,-995.7303111421551
0.6236833333333334,-995.7307116108624
0.6253500000000001,-995.7310794832795
0.6270166666666667,-995.7313355969877
0.6286833333333334,-995.7314194160194
0.6303500000000001,-995.7313123139232
0.6320166666666667,-995.7310701700537
0.6336833333333334,-995.7307721468297
0.6353500000000001,-995.7305253463473
0.6370166666666667,-995.7303856479612
0.6386833333333334,-995.7303763347354
0.6403666666666668,-995.73046481038
0.6420333333333333,-995.730576569089
0.6437,-995.7306557315079
0.6453666666666666,-995.7306603881208
0.6470333333333333,-995.7305998521534
0.6487,-995.7305160331216
0.6503666666666666,-995.7304927500572
0.6520333333333334,-995.7305951955406
0.6537000000000001,-995.7308745923131
0.6553666666666667,-995.731326283762
0.6570333333333334,-995.7319037037585
0.6587000000000001,-995.7325370031094
0.6603666666666667,-995.7331330495575
0.6620333333333334,-995.7335940542322
0.6637000000000001,-995.7338687943918
0.6653666666666667,-995.7339246737463
0.6670333333333334,-995.7338175716502
0.6687166666666667,-995.7336313071352
0.6703833333333333,-995.7334729822974
0.67205,-995.7334264161686
0.6737166666666667,-995.7335055785875
0.6753833333333333,-995.7336871864896
0.67705,-995.7338874208433
0.6787166666666667,-995.734013149391
0.6803833333333333,-995.7339898663265
0.68205,-995.7337803187472
0.6837166666666668,-995.73341244633
0.6853833333333333,-995.7329560982682
0.68705,-995.7325183766579
0.6887166666666668,-995.7321784439181
0.6903833333333333,-995.7319828661773
0.69205,-995.7319363000486
0.6937166666666666,-995.7319828661773
0.6953833333333334,-995.7320573719834
0.6970500000000001,-995.7320806550478
0.6987333333333333,-995.7320014926288
0.7004,-995.7318152281139
0.7020666666666667,-995.7315730842444
0.7037333333333333,-995.731363536665
0.7054,-995.7312657477945
0.7070666666666667,-995.7313355969877
0.7087333333333333,-995.7315684276315
0.7104,-995.7319037037585
0.7120666666666667,-995.7322482931112
0.7137333333333333,-995.7325090634322
0.7154,-995.7326208221413
0.7170666666666667,-995.7325835692383
0.7187333333333333,-995.732443870852
0.7204,-995.7323088290786
0.7220666666666667,-995.7322855460142
0.7237333333333333,-995.7324252444005
0.7254,-995.7327232676245
0.7270666666666667,-995.7330911400417
0.72875,-995.7334077897171
0.7304166666666667,-995.7335568013292
0.7320833333333334,-995.7334636690716
0.73375,-995.7331237363318
0.7354166666666667,-995.732592882464
0.7370833333333334,-995.7319875227902
0.73875,-995.7314566689224
0.7404166666666667,-995.7311213927954
0.7420833333333333,-995.7310701700537
0.74375,-995.731321627149
0.7454166666666667,-995.7318105715009
0.7470833333333333,-995.7324252444005
0.74875,-995.7330119776227
0.7504166666666667,-995.7334357293944
0.7520833333333333,-995.7336080240708
0.75375,-995.7335102352004
0.7554166666666667,-995.7332028987506
0.7571,-995.7328024300434
0.7587666666666667,-995.7324299010133
0.7604333333333334,-995.7321644740795
0.7621,-995.7320434021447
0.7637666666666667,-995.7320434021447
0.7654333333333334,-995.7321132513379
0.7671,-995.7321877571438
0.7687666666666667,-995.7322156968211
0.7704333333333334,-995.7321691306923
0.7721,-995.7320620285963
0.7737666666666667,-995.7319316434357
0.7754333333333334,-995.7318198847267
0.7771,-995.731731409082
0.7787666666666667,-995.7316522466632
0.7804333333333334,-995.7315684276315
0.7821,-995.7314520123095
0.7837666666666667,-995.7313030006975
0.7854333333333333,-995.7311260494083
0.7871166666666667,-995.7309304716675
0.7887833333333334,-995.7307348939268
0.79045,-995.7305719124761
0.7921166666666667,-995.73046481038
0.7937833333333334,-995.7304229008641
0.79545,-995.7304415273156
0.7971166666666667,-995.7304880934444
0.7987833333333334,-995.7305253463473
0.80045,-995.7305067198959
0.8021166666666667,-995.7304089310255
0.8037833333333334,-995.7302273231234
0.80545,-995.7300084623182
0.8071166666666667,-995.7298035713517
0.8087833333333334,-995.7296918126427
0.81045,-995.7296964692556
0.8121166666666667,-995.7298082279646
0.8137833333333334,-995.7299758660281
0.8154666666666667,-995.730129534253
0.8171333333333334,-995.7302133532847
0.8188000000000001,-995.7302086966719
0.8204666666666667,-995.7301155644144
0.8221333333333334,-995.7299618961895
0.8238000000000001,-995.7297989147388
0.8254666666666667,-995.7296778428041
0.8271333333333334,-995.7296685295784
0.8288000000000001,-995.7298082279646
0.8304666666666667,-995.7301341908659
0.8321333333333334,-995.7306324484435
0.8338,-995.7312704044074
0.8354666666666667,-995.7319735529516
0.8371333333333334,-995.7326534184314
0.8388,-995.7331982421377
0.8404666666666667,-995.7335335182648
0.8421500000000001,-995.7336126806837
0.8438166666666667,-995.7334450426201
0.8454833333333334,-995.7330818268159
0.8471500000000001,-995.7325882258511
0.8488166666666667,-995.7320387455318
0.8504833333333334,-995.7315032350512
0.8521500000000001,-995.731023603925
0.8538166666666667,-995.7306231352178
0.8554833333333334,-995.7303111421551
0.8571500000000001,-995.7300783115113
0.8588166666666667,-995.7299199866736
0.8604833333333334,-995.7298361676418
0.8621500000000001,-995.7298501374804
0.8638166666666667,-995.7299851792538
0.8654833333333334,-995.7302692326392
0.8671500000000001,-995.7307162674753
0.8688166666666667,-995.7312983440846
0.8704833333333334,-995.7319549265001
0.8721500000000001,-995.7326021956898
0.8738166666666667,-995.7331330495575
0.8755000000000001,-995.7334636690716
0.8771666666666668,-995.7335474881035
0.8788333333333334,-995.7333984764914
0.8805000000000001,-995.7330957966545
0.8821666666666667,-995.7327279242373
0.8838333333333334,-995.7323833348846
0.8855000000000001,-995.7321272211765
0.8871666666666667,-995.7319735529516
0.8888333333333334,-995.7319083603713
0.8905000000000001,-995.7318897339198
0.8921666666666667,-995.7318711074684
0.8938333333333334,-995.7318291979525
0.8955000000000001,-995.7317733185979
0.8971666666666667,-995.7317220958563
0.8988333333333334,-995.7317174392434
0.9005000000000001,-995.7317919450494
0.9021666666666667,-995.7319595831129
0.90385,-995.7322343232726
0.9055166666666667,-995.7326021956898
0.9071833333333333,-995.7330352606872
0.90885,-995.7334822955231
0.9105166666666668,-995.7338874208433
0.9121833333333333,-995.7341994139059
0.91385,-995.7344089614853
0.9155166666666668,-995.7345440032587
0.9171833333333334,-995.7346650751934
0.9188500000000001,-995.734832713257
0.9205166666666668,-995.7350655439008
0.9221833333333334,-995.735354253899
0.9238500000000001,-995.7356569337359
0.9255166666666668,-995.7359083908311
0.9271833333333334,-995.7360760288947
0.9288500000000001,-995.7361645045393
0.9305166666666667,-995.7362250405067
0.9321833333333334,-995.7363507690543
0.9338666666666667,-995.736620852601
0.9355333333333333,-995.7370772006628
0.9372,-995.7377105000139
0.9388666666666667,-995.7384509014611
0.9405333333333333,-995.7392192425855
0.9422,-995.7399270477425
0.9438666666666667,-995.7404904979004
0.9455333333333333,-995.7408583703176
0.9472,-995.7410120385424
0.9488666666666667,-995.7409934120909
0.9505333333333333,-995.7408863099948
0.9522,-995.7407885211244
0.9538666666666668,-995.7407838645115
0.9555333333333333,-995.7409002798335
0.9572,-995.7411144840257
0.9588666666666668,-995.7413519712824
0.9605333333333334,-995.7415242659587
0.9622,-995.7415428924102
0.9638833333333334,-995.7413752543467
0.96555,-995.741063261284
0.9672166666666667,-995.7406953888669
0.9688833333333334,-995.7403787391914
0.97055,-995.7402017879022
0.9722166666666667,-995.7401878180635
0.9738833333333334,-995.7403042333854
0.97555,-995.7404718714489
0.9772166666666667,-995.7405929433836
0.9788833333333333,-995.7405743169321
0.98055,-995.7403647693528
0.9822166666666667,-995.739982927097
0.9838833333333333,-995.7394939827451
0.98555,-995.7390236648447
0.9872166666666667,-995.7386930453306
0.9888833333333333,-995.7385952564601
0.99055,-995.7387535812979
0.9922333333333334,-995.7391307669408
0.9939,-995.7396197112927
0.9955666666666667,-995.7400807159673
0.9972333333333334,-995.7403694259657
0.9989,-995.7403927090301
1.0005666666666666,-995.7401459085477
1.0022333333333333,-995.7397081869374
1.0039,-995.7392145859726
1.0055666666666667,-995.7388048040395
1.0072333333333334,-995.7385440337185
1.0089000000000001,-995.7384369316225
1.0105666666666666,-995.7383996787194
1.0122333333333333,-995.7383484559778
1.0139,-995.7382041009787
1.0155666666666667,-995.7379340174319
1.0172333333333334,-995.7375754582405
1.0189000000000001,-995.7372168990491
1.0205666666666666,-995.7369375022765
1.02225,-995.7368024605032
1.0239166666666668,-995.7368164303418
1.0255833333333333,-995.7369514721153
1.02725,-995.7371377366302
1.0289166666666667,-995.7373146879195
1.0305833333333334,-995.7374357598543
1.0322500000000001,-995.7374776693702
1.0339166666666668,-995.7374590429187
1.0355833333333333,-995.7374264466284
1.03725,-995.7374357598543
1.0389166666666667,-995.737556831789
1.0405833333333334,-995.7378082888843
1.0422500000000001,-995.7381761613015
1.0439166666666668,-995.7385905998473
1.0455833333333333,-995.7389631288773
1.04725,-995.7391959595211
1.0489166666666667,-995.739237869037
1.0506,-995.7390888574249
1.0522666666666667,-995.7388048040395
1.0539333333333334,-995.7385067808156
1.0556,-995.7383112030748
1.0572666666666668,-995.738301889849
1.0589333333333333,-995.7384974675898
1.0606,-995.7388560267811
1.0622666666666667,-995.7392890917786
1.0639333333333334,-995.7396895604859
1.0656,-995.7399782704841
1.0672666666666668,-995.7400853725802
1.0689333333333333,-995.7399968969356
1.0706,-995.739722156776
1.0722666666666667,-995.7393170314558
1.0739333333333334,-995.7388420569425
1.0756000000000001,-995.7383624258164
1.0772666666666668,-995.7379153909803
1.0789333333333333,-995.7375056090474
1.0806,-995.7371191101787
1.0822833333333335,-995.7367232980844
1.08395,-995.7363042029256
1.0856166666666667,-995.7358851077668
1.0872833333333334,-995.7355172353497
1.08895,-995.7352844047059
1.0906166666666668,-995.735279748093
1.0922833333333335,-995.7355358618012
1.09395,-995.7360294627659
1.0956166666666667,-995.7366767319555
1.0972833333333334,-995.7373659106611
1.09895,-995.7379945533993
1.1006166666666668,-995.7384974675898
1.1022833333333333,-995.7388420569425
1.10395,-995.7390190082318
1.1056166666666667,-995.7390469479091
1.1072833333333334,-995.7389538156516
1.10895,-995.7387628945237
1.1106333333333334,-995.7385021242027
1.1123,-995.7382041009787
1.1139666666666668,-995.737892107916
1.1156333333333335,-995.7376080545306
1.1173,-995.7373798804997
1.1189666666666667,-995.737221555662
1.1206333333333334,-995.7371191101787
1.1223,-995.7370632308242
1.1239666666666668,-995.737035291147
1.1256333333333335,-995.7370306345341
1.1273,-995.7370306345341
1.1289666666666667,-995.7370306345341
1.1306333333333334,-995.7370120080826
1.1323,-995.7369654419539
1.1339666666666668,-995.7368676530834
1.1356333333333335,-995.7367139848586
1.1373166666666668,-995.7365090938921
1.1389833333333335,-995.7362576367968
1.1406500000000002,-995.7360154929273
1.1423166666666666,-995.7358245717994
1.1439833333333334,-995.7357407527677
1.14565,-995.7357919755093
1.1473166666666668,-995.7359828966372
1.1489833333333335,-995.7362809198612
1.15065,-995.7366487922783
1.1523166666666667,-995.7370259779212
1.1539833333333334,-995.7373565974353
1.15565,-995.7375801148534
1.1573166666666668,-995.7376825603367
1.1589833333333335,-995.7376639338851
1.16065,-995.7375661450147
1.1623166666666667,-995.7374590429187
1.1639833333333334,-995.7373938503383
1.16565,-995.7374311032414
1.1673166666666668,-995.7375894280791
1.169,-995.737854855013
1.1706666666666667,-995.7381901311401
1.1723333333333334,-995.7385300638799
1.1740000000000002,-995.7388141172653
1.1756666666666666,-995.7390096950061
1.1773333333333333,-995.7391121404893
1.179,-995.7391493933924
1.1806666666666668,-995.7391587066181
1.1823333333333335,-995.7391540500053
1.1840000000000002,-995.7391493933924
1.1856666666666666,-995.7391261103279
1.1873333333333334,-995.7390748875863
1.189,-995.7389957251675
1.1906666666666668,-995.7388886230713
1.1923333333333335,-995.7387582379108
1.194,-995.7386231961374
1.1956666666666667,-995.7384974675898
1.1973333333333334,-995.7384043353323
1.1990166666666666,-995.7383577692035
1.2006833333333333,-995.7383531125906
1.20235,-995.7383903654936
1.2040166666666667,-995.738455558074
1.2056833333333334,-995.7385347204928
1.2073500000000001,-995.7386185395245
1.2090166666666666,-995.7386977019435
1.2106833333333333,-995.7387815209752
1.21235,-995.7388979362971
1.2140166666666667,-995.739084200812
1.2156833333333334,-995.7393635975845
1.2173500000000002,-995.7397361266146
1.2190166666666666,-995.740169191612
1.2206833333333333,-995.7406022566095
1.22235,-995.7409747856394
1.2240166666666668,-995.7412122728961
1.2256833333333335,-995.7412681522505
1.2273500000000002,-995.7411377670901
1.2290333333333334,-995.7408583703176
1.2307000000000001,-995.7405091243519
1.2323666666666668,-995.7401878180635
1.2340333333333333,-995.7399736138713
1.2357,-995.7399130779039
1.2373666666666667,-995.7400294932257
1.2390333333333334,-995.7402995767725
1.2407000000000001,-995.7406721058026
1.2423666666666666,-995.7410725745098
1.2440333333333333,-995.7414264770883
1.2457,-995.7416872474093
1.2473666666666667,-995.74185022886
1.2490333333333334,-995.7419666441818
1.2507000000000001,-995.7420970293424
1.2523666666666666,-995.7423019203088
1.2540333333333333,-995.7426185699844
1.2557,-995.7430376651431
1.2573833333333333,-995.7435033264306
1.25905,-995.7439410480409
1.2607166666666667,-995.7442856373938
1.2623833333333334,-995.7444858717473
1.2640500000000001,-995.7445557209405
1.2657166666666668,-995.7445417511019
1.2673833333333333,-995.7445138114247
1.26905,-995.7445184680375
1.2707166666666667,-995.7445929738435
1.2723833333333334,-995.7447326722297
1.2740500000000001,-995.7449003102932
1.2757166666666668,-995.7450632917439
1.2773833333333333,-995.7451657372271
1.27905,-995.7451843636786
1.2807166666666667,-995.7451424541628
1.2823833333333334,-995.7450865748083
1.2840500000000001,-995.7451005446469
1.2857333333333334,-995.7452588694847
1.2874,-995.745617428676
1.2890666666666668,-995.7461948486725
1.2907333333333333,-995.7469538765713
1.2924,-995.7478060367274
1.2940666666666667,-995.7486349138192
1.2957333333333334,-995.7493054660732
1.2974,-995.7497105913934
1.2990666666666668,-995.7498223501024
1.3007333333333333,-995.7496779951033
1.3024,-995.7493753152663
1.3040666666666667,-995.7490074428492
1.3057333333333334,-995.7486442270449
1.3074000000000001,-995.7483275773694
1.3090666666666668,-995.7480248975326
1.3107333333333333,-995.7477082478571
1.3124,-995.7473217489884
1.3140666666666667,-995.7468654009266
1.3157333333333334,-995.7463764565747
1.3174166666666667,-995.7459154519
1.3190833333333334,-995.7455708625473
1.32075,-995.7453985678709
1.3224166666666668,-995.7454218509353
1.3240833333333335,-995.7456220852889
1.32575,-995.7459480481901
1.3274166666666667,-995.7463159206073
1.3290833333333334,-995.7466186004442
1.33075,-995.7467676120563
1.3324166666666668,-995.7467163893147
1.3340833333333333,-995.7464742454451
1.33575,-995.7461249994794
1.3374166666666667,-995.7457757535138
1.3390833333333334,-995.7455382662572
1.34075,-995.7454730736769
1.3424166666666668,-995.7455568927087
1.3440833333333333,-995.7457059043206
1.3457666666666668,-995.7457943799653
1.3474333333333335,-995.7457059043206
1.3491,-995.7453845980323
1.3507666666666667,-995.7448444309388
1.3524333333333334,-995.744164565459
1.3541,-995.7434753867534
1.3557666666666668,-995.742893310144
1.3574333333333335,-995.7424788715981
1.3591,-995.7422506975672
1.3607666666666667,-995.7421668785355
1.3624333333333334,-995.7421761917612
1.3641,-995.7422087880514
1.3657666666666668,-995.7422041314385
1.3674333333333335,-995.742148252084
1.3691,-995.7420411499878
1.3707666666666667,-995.7419154214402
1.3724333333333334,-995.7418222891828
1.3741,-995.7417850362797
1.3757833333333334,-995.7417990061183
1.37745,-995.7418316024085
1.3791166666666668,-995.7418176325698
1.3807833333333335,-995.7416965606351
1.38245,-995.741440446927
1.3841166666666667,-995.7410539480583
1.3857833333333334,-995.7406022566095
1.38745,-995.7401831614507
1.3891166666666668,-995.7399177345168
1.3907833333333335,-995.7398665117751
1.39245,-995.7400434630644
1.3941166666666667,-995.7403880524172
1.3957833333333334,-995.7407885211244
1.39745,-995.7411284538643
1.3991166666666668,-995.7413286882179
1.4007833333333335,-995.7413566278952
1.40245,-995.7412402125733
1.4041333333333335,-995.7410586046711
1.4058000000000002,-995.7409282195107
1.4074666666666666,-995.7409421893493
1.4091333333333333,-995.7411657067673
1.4108,-995.7416034283776
1.4124666666666668,-995.7422181012771
1.4141333333333335,-995.7429259064342
1.4158000000000002,-995.7436150851397
1.4174666666666667,-995.7441925051362
1.4191333333333334,-995.7445790040049
1.4208,-995.7447373288426
1.4224666666666668,-995.744686106101
1.4241333333333335,-995.7444858717473
1.4258000000000002,-995.744201818362
1.4274666666666667,-995.7438805120736
1.4291500000000001,-995.7435452359466
1.4308166666666666,-995.7431959899809
1.4324833333333333,-995.742823460951
1.43415,-995.7424369620823
1.4358166666666667,-995.7420690896652
1.4374833333333334,-995.7417803796668
1.4391500000000002,-995.7416406812806
1.4408166666666666,-995.7417198436995
1.4424833333333333,-995.7420458066007
1.44415,-995.7426139133715
1.4458166666666667,-995.7433636280444
1.4474833333333335,-995.7442297580392
1.4491500000000002,-995.7451284843241
1.4508166666666666,-995.7459899577061
1.4524833333333333,-995.7467303591533
1.45415,-995.747298465924
1.4558166666666668,-995.7476523685025
1.4574833333333335,-995.7477920668888
1.4591500000000002,-995.7477594705987
1.4608166666666667,-995.7476058023738
1.4624833333333334,-995.7473962547944
1.4641666666666668,-995.7471727373763
1.4658333333333333,-995.7469492199584
1.4675,-995.7467257025404
1.4691666666666667,-995.7465068417353
1.4708333333333334,-995.7462879809301
1.4725000000000001,-995.7460830899636
1.4741666666666668,-995.7459201085129
1.4758333333333333,-995.7458316328683
1.4775,-995.7458502593198
1.4791666666666667,-995.7459713312545
1.4808333333333334,-995.7461715656082
1.4825000000000002,-995.7464043962519
1.4841666666666666,-995.7466372268957
1.4858333333333333,-995.7468560877008
1.4875,-995.7470423522159
1.4891666666666667,-995.7472006770537
1.4908333333333335,-995.7473264056013
1.4925166666666667,-995.7474335076973
1.4941833333333334,-995.7475312965678
1.4958500000000001,-995.747633742051
1.4975166666666668,-995.7477641272116
1.4991833333333333,-995.7479224520492
1.50085,-995.74811802979
1.5025166666666667,-995.748341547208
1.5041833333333334,-995.7485836910776
1.5058500000000001,-995.7488025518827
1.5075166666666668,-995.7489748465591
1.5091833333333333,-995.7490866052681
1.51085,-995.7491471412355
1.5125166666666667,-995.7491843941385
1.5141833333333334,-995.7492263036544
1.5158500000000001,-995.7492914962346
1.5175166666666668,-995.7493846284921
1.5191833333333333,-995.749501043814
1.52085,-995.7496547120389
1.5225333333333335,-995.7498456331667
1.5242,-995.7500738071976
1.5258666666666667,-995.7503485473572
1.5275333333333334,-995.7506419139685
1.5292000000000001,-995.7509399371925
1.5308666666666668,-995.7512053641263
1.5325333333333333,-995.7514242249315
1.5342,-995.751587206382
1.5358666666666667,-995.7516849952525
1.5375333333333334,-995.7517362179941
1.5392000000000001,-995.7517269047684
1.5408666666666668,-995.7516384291238
1.5425333333333333,-995.7514568212216
1.5442,-995.751182081062
1.5458666666666667,-995.7508794012251
1.5475333333333334,-995.7506419139685
1.5492000000000001,-995.7505767213881
1.5508833333333334,-995.7507629859032
1.55255,-995.7512286471907
1.5542166666666668,-995.7519364523478
1.5558833333333335,-995.7528025823425
1.55755,-995.7537013086275
1.5592166666666667,-995.7545162158806
1.5608833333333334,-995.7551634850703
1.56255,-995.7556105199063
1.5642166666666668,-995.7558899166788
1.5658833333333335,-995.7560482415166
1.56755,-995.756146030387
1.5692166666666667,-995.7562298494188
1.5708833333333334,-995.7563090118376
1.5725500000000001,-995.7563928308693
1.5742166666666668,-995.756444053611
1.5758833333333333,-995.7564300837723
1.57755,-995.7563043552248
1.5792166666666667,-995.756071524581
1.5809,-995.7557595315184
1.5825666666666667,-995.7554475384557
1.5842333333333334,-995.7552147078119
1.5859,-995.7551262321673
1.5875666666666668,-995.7551914247475
1.5892333333333335,-995.7553497495853
1.5909,-995.7554941045845
1.5925666666666667,-995.7554941045845
1.5942333333333334,-995.7552612739407
1.5959,-995.7547583597501
1.5975666666666668,-995.7540505545932
1.5992333333333335,-995.7532635870172
1.6009,-995.752565095086
1.6025666666666667,-995.7520994337984
1.6042333333333334,-995.751964392025
1.6059,-995.7521832528302
1.6075666666666668,-995.7526954802464
1.6092333333333335,-995.7534032854035
1.6109166666666668,-995.7541576566892
1.6125833333333335,-995.7548142391047
1.6142500000000002,-995.7552659305536
1.6159166666666667,-995.7554615082943
1.6175833333333334,-995.755433568617
1.61925,-995.755247304102
1.6209166666666668,-995.7549958470067
1.6225833333333335,-995.7547443899115
1.62425,-995.7545162158806
1.6259166666666667,-995.7542926984627
1.6275833333333334,-995.7540319281417
1.62925,-995.7536966520146
1.6309166666666668,-995.7532868700815
1.6325833333333335,-995.7528677749228
1.63425,-995.7525464686344
1.6359166666666667,-995.7524393665383
1.6375833333333334,-995.7526396008919
1.6392666666666666,-995.7531518283082
1.6409333333333334,-995.753906199594
1.6426,-995.7547723295888
1.6442666666666668,-995.7555918934548
1.6459333333333335,-995.7562345060317
1.6476000000000002,-995.7566256615131
1.6492666666666667,-995.7567560466737
1.6509333333333334,-995.7566861974805
1.6526,-995.756518559417
1.6542666666666668,-995.7563648911921
1.6559333333333335,-995.7563183250634
1.6576000000000002,-995.7564161139337
1.6592666666666667,-995.7566349747389
1.6609333333333334,-995.7568957450599
1.6626,-995.7570820095749
1.6642666666666668,-995.7570913228006
1.6659333333333335,-995.7568678053826
1.6676,-995.7564347403852
1.6692833333333335,-995.7558806034531
1.6709500000000002,-995.7553730326497
1.6726166666666666,-995.7550610395871
1.6742833333333333,-995.7550517263613
1.67595,-995.7553637194239
1.6776166666666668,-995.7559178563561
1.6792833333333335,-995.7565837519973
1.6809500000000002,-995.7572030815097
1.6826166666666666,-995.7576501163456
1.6842833333333334,-995.7578643205379
1.68595,-995.7578643205379
1.6876166666666668,-995.7577199655389
1.6892833333333335,-995.757529044411
1.6909500000000002,-995.7573940026375
1.6926166666666667,-995.7573800327989
1.6942833333333334,-995.7575011047337
1.69595,-995.7577432486032
1.6976166666666668,-995.758050585053
1.6993,-995.758348608277
1.7009666666666667,-995.758572125695
1.7026333333333334,-995.7587025108555
1.7043000000000001,-995.7587677034358
1.7059666666666669,-995.758832896016
1.7076333333333333,-995.7589772510152
1.7093,-995.7592519911748
1.7109666666666667,-995.7596384900434
1.7126333333333335,-995.7600901814923
1.7143000000000002,-995.7605185898768
1.7159666666666666,-995.7608259263266
1.7176333333333333,-995.7609609681
1.7193,-995.7608911189069
1.7209666666666668,-995.7606676014889
1.7226333333333335,-995.7603462952004
1.7243000000000002,-995.7600156756863
1.7259833333333334,-995.7597223090752
1.7276500000000001,-995.7594801652057
1.7293166666666668,-995.7592752742391
1.7309833333333333,-995.7590703832726
1.73265,-995.7588422092417
1.7343166666666667,-995.7585628124692
1.7359833333333334,-995.7582647892452
1.7376500000000001,-995.7579900490856
1.7393166666666668,-995.7578177544092
1.7409833333333333,-995.7578224110221
1.74265,-995.7580412718272
1.7443166666666667,-995.7584463971474
1.7459833333333334,-995.7589679377894
1.7476500000000001,-995.7594941350443
1.7493166666666669,-995.7598992603645
1.7509833333333333,-995.7601041513309
1.75265,-995.7600668984279
1.7543166666666667,-995.7598247545584
1.7559833333333335,-995.7594848218185
1.7576666666666667,-995.7591821419817
1.7593333333333334,-995.759056413434
1.7610000000000001,-995.7591728287559
1.7626666666666668,-995.7595313879473
1.7643333333333333,-995.7600529285893
1.766,-995.7606117221343
1.7676666666666667,-995.7610866966476
1.7693333333333334,-995.7613614368073
1.7710000000000001,-995.761370750033
1.7726666666666668,-995.7611146363249
1.7743333333333333,-995.760662944876
1.776,-995.7601134645566
1.7776666666666667,-995.759577954076
1.7793333333333334,-995.7591495456915
1.7810000000000001,-995.7588980885962
1.7826666666666668,-995.7588561790803
1.7843333333333333,-995.7590005340795
1.786,-995.7592845874649
1.7876833333333335,-995.7596384900434
1.78935,-995.7600156756863
1.7910166666666667,-995.7603975179421
1.7926833333333334,-995.7608072998751
1.7943500000000001,-995.7612776177755
1.7960166666666668,-995.7618457245463
1.7976833333333335,-995.7625162768003
1.79935,-995.7632473650217
1.8010166666666667,-995.7639784532431
1.8026833333333334,-995.7646210658199
1.8043500000000001,-995.765105353559
1.8060166666666668,-995.7653847503315
1.8076833333333335,-995.7654592561374
1.80935,-995.7653568106542
1.8110166666666667,-995.765142606462
1.8126833333333334,-995.7648771795281
1.8143500000000001,-995.7645977827556
1.8160166666666668,-995.7643463256603
1.8177,-995.7641228082423
1.8193666666666668,-995.7639365437273
1.8210333333333335,-995.7637828755023
1.8227,-995.7636571469548
1.8243666666666667,-995.7635453882457
1.8260333333333334,-995.7634708824397
1.8277,-995.7634382861496
1.8293666666666668,-995.7634662258268
1.8310333333333335,-995.7635686713102
1.8327,-995.7637363093736
1.8343666666666667,-995.7639551701787
1.8360333333333334,-995.7641973140483
1.8377000000000001,-995.7644394579178
1.8393666666666668,-995.76465366211
1.8410333333333335,-995.7648306133993
1.8427,-995.7649703117855
1.8443666666666667,-995.7650820704946
1.8460500000000002,-995.7651891725907
1.8477166666666667,-995.7653009312997
1.8493833333333334,-995.7654080333958
1.85105,-995.7654825392018
1.8527166666666668,-995.7654871958147
1.8543833333333335,-995.7653894069443
1.8560500000000002,-995.7651658895263
1.8577166666666667,-995.7648306133993
1.8593833333333334,-995.7644208314663
1.86105,-995.7640110495332
1.8627166666666668,-995.763685086632
1.8643833333333335,-995.7635314184071
1.86605,-995.7636152374389
1.8677166666666667,-995.7639505135659
1.8693833333333334,-995.7645093071109
1.87105,-995.7652077990422
1.8727166666666668,-995.7659435438765
1.8744,-995.7665814998404
1.8760666666666668,-995.7670192214507
1.8777333333333335,-995.7672008293528
1.8794000000000002,-995.7671449499983
1.8810666666666667,-995.7669121193545
1.8827333333333334,-995.7666001262919
1.8844,-995.7662927898422
1.8860666666666668,-995.7660506459727
1.8877333333333335,-995.7658830079091
1.8894000000000002,-995.7657665925873
1.8910666666666667,-995.7656688037168
1.8927333333333334,-995.7655477317821
1.8944,-995.7653894069443
1.8960666666666668,-995.7652077990422
1.8977333333333335,-995.7650401609787
1.8994000000000002,-995.764951685334
1.9010666666666667,-995.7649935948499
1.9027333333333334,-995.7651984858164
1.9044166666666669,-995.7655663582336
1.9060833333333334,-995.7660785856499
1.90775,-995.766669975485
1.9094166666666668,-995.7672799917717
1.9110833333333335,-995.7678341287038
1.9127500000000002,-995.7682951333785
1.9144166666666667,-995.768649035957
1.9160833333333334,-995.7689377459553
1.91775,-995.769212486115
1.9194166666666668,-995.7695244791776
1.9210833333333335,-995.7698970082075
1.9227500000000002,-995.7703207599792
1.9244166666666667,-995.7707351985251
1.9260833333333334,-995.7710611614264
1.92775,-995.7712055164255
1.9294166666666668,-995.7711216973938
1.9310833333333335,-995.770814360944
1.9327500000000002,-995.7703580128822
1.9344333333333334,-995.7698737251432
1.9361000000000002,-995.769473256436
1.9377666666666669,-995.7692404257922
1.9394333333333333,-995.7691938596635
1.9411,-995.7693056183724
1.9427666666666668,-995.7695105093389
1.9444333333333335,-995.7697293701441
1.9461000000000002,-995.7698923515946
1.9477666666666669,-995.7699622007879
1.9494333333333334,-995.7699249478849
1.9511,-995.7697992193372
1.9527666666666668,-995.7696315812736
1.9544333333333335,-995.7694453167587
1.9561000000000002,-995.7692683654694
1.9577666666666667,-995.7690867575673
1.9594333333333334,-995.7688818666007
1.9611,-995.7686164396669
1.9627666666666668,-995.7682578804755
1.96445,-995.7678061890266
1.9661166666666667,-995.7672986182232
1.9677833333333334,-995.7668003606456
1.9694500000000001,-995.7663905787125
1.9711166666666669,-995.7661065253271
1.9727833333333333,-995.7659482004893
1.97445,-995.7658690380705
1.9761166666666667,-995.7658085021031
1.9777833333333334,-995.7657060566198
1.9794500000000002,-995.7655337619435
1.9811166666666669,-995.7653149011384
1.9827833333333333,-995.7650960403332
1.98445,-995.7649703117855
1.9861166666666668,-995.7650261911401
1.9877833333333335,-995.7653474974285
1.9894500000000002,-995.7659668269408
1.9911166666666669,-995.76685624
1.9928000000000001,-995.7679226043484
1.9944666666666668,-995.7690448480514
1.9961333333333335,-995.7700693028839
1.9978,-995.770851613847
1.9994666666666667,-995.7713126185216
2.001133333333333,-995.7714197206178
2.0028,-995.7712287994899
2.0044666666666666,-995.7708376440083
2.0061333333333335,-995.7703580128822
2.0078,-995.7698830383689
2.009466666666667,-995.7694592865973
2.0111333333333334,-995.7690727877286
2.0128,-995.7686909454729
2.014466666666667,-995.7682718503141
2.0161333333333333,-995.7677968758009
2.0178000000000003,-995.7672893049975
2.0194833333333335,-995.7668283003228
2.02115,-995.7665116506473
2.022816666666667,-995.7664278316155
2.0244833333333334,-995.7666234093563
2.02615,-995.7670844140309
2.027816666666667,-995.7677456530593
2.0294833333333333,-995.7685093375708
2.0311500000000002,-995.7692590522437
2.0328166666666667,-995.7698830383689
2.0344833333333336,-995.770292820302
2.03615,-995.7704464885269
2.0378166666666666,-995.7703486996564
2.0394833333333335,-995.7700693028839
2.04115,-995.769696773854
2.042816666666667,-995.7693289014368
2.0444833333333334,-995.7690495046643
2.04615,-995.7688958364394
2.047816666666667,-995.7688632401492
2.0494833333333333,-995.7689051496651
2.0511500000000003,-995.7689703422454
2.0528333333333335,-995.769021564987
2.0545,-995.7690448480514
2.056166666666667,-995.7690495046643
2.0578333333333334,-995.7690681311158
2.0595,-995.7691007274059
2.061166666666667,-995.7691472935346
2.0628333333333333,-995.7691938596635
2.0645000000000002,-995.7692404257922
2.0661666666666667,-995.7692916485338
2.0678333333333336,-995.769356841114
2.0695,-995.7694546299845
2.0711666666666666,-995.7695896717578
2.0728333333333335,-995.7697759362728
2.0745,-995.7700273933681
2.076166666666667,-995.7703440430436
2.0778333333333334,-995.7706979456221
2.0795,-995.7710565048135
2.0811833333333336,-995.7713591846504
2.08285,-995.7715501057783
2.0845166666666666,-995.771559419004
2.0861833333333335,-995.7713684978762
2.08785,-995.7709819990075
2.089516666666667,-995.7704651149784
2.0911833333333334,-995.7699249478849
2.0928500000000003,-995.7694639432102
2.094516666666667,-995.7691705765991
2.0961833333333333,-995.7690681311158
2.09785,-995.7691379803089
2.0995166666666667,-995.7693242448239
2.1011833333333336,-995.7695524188548
2.10285,-995.76977127966
2.1045166666666666,-995.769957544175
2.1061833333333335,-995.7701251822384
2.10785,-995.7703207599792
2.109516666666667,-995.7705815303002
2.1112,-995.7709447461045
2.1128666666666667,-995.7714057507792
2.1145333333333336,-995.7719459178727
2.1162,-995.7725373077078
2.1178666666666666,-995.7731193843173
2.1195333333333335,-995.7736409249593
2.1212,-995.7740320804407
2.122866666666667,-995.7742602544716
2.1245333333333334,-995.7742975073747
2.1262000000000003,-995.7741810920528
2.127866666666667,-995.773948261409
2.1295333333333333,-995.7736642080237
2.1312,-995.7733615281868
2.1328666666666667,-995.773054191737
2.1345333333333336,-995.7727235722228
2.1362,-995.7723417299671
2.1378666666666666,-995.7718760686796
2.1395500000000003,-995.7713405581989
2.1412166666666668,-995.7707957344925
2.1428833333333333,-995.7703347298178
2.14455,-995.7700599896582
2.1462166666666667,-995.7700227367552
2.1478833333333336,-995.7702369409475
2.14955,-995.7706374096548
2.1512166666666666,-995.7711356672324
2.1528833333333335,-995.7716339248101
2.15455,-995.772043706743
2.156216666666667,-995.7723091336769
2.1578833333333334,-995.7724115791602
2.1595500000000003,-995.7723556998058
2.161216666666667,-995.7721880617422
2.1628833333333333,-995.7719878273886
2.16455,-995.7718248459379
2.1662166666666667,-995.7717410269062
2.1678833333333336,-995.7717689665834
2.169566666666667,-995.7718946951311
2.1712333333333333,-995.7720949294846
2.1729000000000003,-995.7723184469027
2.1745666666666668,-995.7725326510949
2.1762333333333332,-995.7727142589971
2.1779,-995.7728818970606
2.1795666666666667,-995.7730681615756
2.1812333333333336,-995.7733056488322
2.1829,-995.7736176418949
2.184566666666667,-995.7739808576991
2.1862333333333335,-995.7743533867292
2.1879,-995.7746840062433
2.189566666666667,-995.7749354633386
2.1912333333333334,-995.7750751617249
2.1929000000000003,-995.7751031014021
2.1945666666666668,-995.775033252209
2.1962333333333333,-995.774884240597
2.1979,-995.7746933194691
2.1995833333333334,-995.7744744586639
2.20125,-995.774246284633
2.202916666666667,-995.7739994841506
2.2045833333333333,-995.7737200873781
2.2062500000000003,-995.7733801546383
2.2079166666666667,-995.7729470896409
2.2095833333333332,-995.7724255489989
2.21125,-995.7718527856152
2.2129166666666666,-995.7713126185216
2.2145833333333336,-995.7709074932015
2.21625,-995.770739855138
2.217916666666667,-995.7708562704598
2.2195833333333335,-995.7712567391671
2.22125,-995.7718667554539
2.222916666666667,-995.7725745606108
2.2245833333333334,-995.7732590827035
2.2262500000000003,-995.7738132196357
2.2279333333333335,-995.7741578089884
2.2296,-995.7743021639876
2.231266666666667,-995.7742975073747
2.2329333333333334,-995.7742509412459
2.2346,-995.7742509412459
2.236266666666667,-995.7743766697936
2.2379333333333333,-995.774660723179
2.2396000000000003,-995.7750891315635
2.2412666666666667,-995.7756153288184
2.2429333333333332,-995.7761554959119
2.2446,-995.7766211571994
2.2462666666666666,-995.776933150262
2.2479333333333336,-995.7770728486483
2.2496,-995.7770775052612
2.251266666666667,-995.7770216259067
2.2529333333333335,-995.7769843730038
2.2546,-995.7770262825196
2.256266666666667,-995.7771473544543
2.25795,-995.777310335905
2.2596166666666666,-995.7774453776783
2.2612833333333335,-995.7774779739685
2.26295,-995.7773801850981
2.264616666666667,-995.7771566676801
2.2662833333333334,-995.7768772709076
2.26795,-995.776635127038
2.269616666666667,-995.7765000852647
2.2712833333333333,-995.7765187117162
2.2729500000000002,-995.7766956630054
2.2746166666666667,-995.7769983428424
2.2762833333333337,-995.7773522454208
2.27795,-995.777682864935
2.2796166666666666,-995.7779017257401
2.2812833333333336,-995.7779482918688
2.28295,-995.7778085934826
2.284616666666667,-995.7775385099359
2.2862833333333334,-995.777235830099
2.2879666666666667,-995.7770076560681
2.2896333333333336,-995.7769424634878
2.2913,-995.7770542221969
2.2929666666666666,-995.777310335905
2.2946333333333335,-995.7776130157418
2.2963,-995.7778551596114
2.297966666666667,-995.7779715749333
2.2996333333333334,-995.7779296654173
2.3013,-995.7777806538054
2.302966666666667,-995.7776130157418
2.3046333333333333,-995.7775245400973
2.3063000000000002,-995.7775897326775
2.3079666666666667,-995.7778272199341
2.3096333333333336,-995.7781904357383
2.3113,-995.7785955610585
2.3129666666666666,-995.7789587768629
2.3146500000000003,-995.7791869508937
2.316316666666667,-995.7792474868611
2.3179833333333333,-995.7791450413778
2.31965,-995.7789308371855
2.3213166666666667,-995.7786793800902
2.3229833333333336,-995.7784744891238
2.32465,-995.7783580738019
2.3263166666666666,-995.7783441039633
2.3279833333333335,-995.7784046399306
2.32965,-995.7784977721882
2.331316666666667,-995.7785536515427
2.3329833333333334,-995.7785443383169
2.33465,-995.7784558626723
2.336316666666667,-995.7783254775118
2.3379833333333333,-995.7782276886414
2.3396500000000002,-995.7782276886414
2.3413166666666667,-995.7783767002534
2.3429833333333336,-995.7786793800902
2.34465,-995.7791077884748
2.3463333333333334,-995.7795920762138
2.3480000000000003,-995.7800670507271
2.349666666666667,-995.7804582062087
2.3513333333333333,-995.7807143199168
2.353,-995.7808307352386
2.3546666666666667,-995.7808260786258
2.3563333333333336,-995.780742259594
2.358,-995.7806118744335
2.3596666666666666,-995.7804349231443
2.3613333333333335,-995.7802020925005
2.363,-995.7798854428249
2.364666666666667,-995.7794849741177
2.3663333333333334,-995.7790053429916
2.3680000000000003,-995.7785024288011
2.369666666666667,-995.778055393965
2.3713333333333333,-995.777757370741
2.373,-995.7777014913864
2.3746833333333335,-995.7779343220302
2.37635,-995.7784325796079
2.378016666666667,-995.779098475249
2.3796833333333334,-995.7797876539546
2.3813500000000003,-995.7803511041125
2.383016666666667,-995.7806724104009
2.3846833333333333,-995.7806817236267
2.38635,-995.7803837004026
2.3880166666666667,-995.779848189922
2.3896833333333336,-995.7791869508937
2.39135,-995.7785117420268
2.3930166666666666,-995.7779110389658
2.3946833333333335,-995.7774360644526
2.39635,-995.7771007883256
2.398016666666667,-995.7768772709076
2.3996833333333334,-995.7767375725214
2.4013500000000003,-995.7766490968767
2.403016666666667,-995.7765885609093
2.4046833333333333,-995.7765559646192
2.406366666666667,-995.7765792476836
2.4080333333333335,-995.7766956630054
2.4097,-995.7769284936492
2.411366666666667,-995.7772963660664
2.4130333333333334,-995.7777713405796
2.4147000000000003,-995.7783068510603
2.4163666666666668,-995.7788190784765
2.4180333333333333,-995.7792381736353
2.4197,-995.7795036005692
2.4213666666666667,-995.7796013894396
2.4230333333333336,-995.7795687931495
2.4247,-995.7794989439564
2.426366666666667,-995.7794803175049
2.4280333333333335,-995.7795687931495
2.4297,-995.7797550576645
2.431366666666667,-995.7799878883083
2.4330333333333334,-995.7801741528233
2.4347166666666666,-995.7802393454035
2.4363833333333336,-995.7801462131459
2.43805,-995.7798947560507
2.439716666666667,-995.7795408534722
2.4413833333333335,-995.7791636678293
2.44305,-995.7788609879924
2.444716666666667,-995.7787073197676
2.4463833333333334,-995.7787259462191
2.4480500000000003,-995.7788982408954
2.4497166666666668,-995.7791636678293
2.4513833333333332,-995.779438407989
2.45305,-995.7796432989554
2.4547166666666667,-995.7797224613744
2.4563833333333336,-995.7796432989554
2.45805,-995.7794197815375
2.459716666666667,-995.7791217583134
2.4613833333333335,-995.7788330483152
2.4630666666666667,-995.7786374705744
2.4647333333333337,-995.7785955610585
2.4664,-995.7787073197676
2.4680666666666666,-995.7789308371855
2.4697333333333336,-995.7791962641195
2.4714,-995.7794058116988
2.473066666666667,-995.7794710042791
2.4747333333333335,-995.7793452757314
2.4764,-995.7790193128302
2.478066666666667,-995.778539681704
2.4797333333333333,-995.7779715749333
2.4814000000000003,-995.777384841711
2.4830666666666668,-995.7768446746175
2.4847333333333332,-995.7763976397814
2.4864,-995.7760623636544
2.4880666666666666,-995.7758574726879
2.4897333333333336,-995.7757689970433
2.4914,-995.7757689970433
2.4930833333333333,-995.7758341896235
2.4947500000000002,-995.7759412917196
2.4964166666666667,-995.7760856467188
2.4980833333333337,-995.7762905376853
2.49975,-995.7765606212321
2.5014166666666666,-995.7769052105848
2.5030833333333335,-995.7773056792921
2.50475,-995.7777154612252
2.506416666666667,-995.7780647071908
2.5080833333333334,-995.7782882246088
2.50975,-995.778353417189
2.511416666666667,-995.7782649415444
2.5130833333333333,-995.7780786770294
2.5147500000000003,-995.7778551596114
2.5164166666666667,-995.7776549252577
2.5180833333333337,-995.7775105702586
2.51975,-995.7774127813882
2.5214166666666666,-995.7773382755822
2.5231000000000003,-995.7772591131634
2.524766666666667,-995.7771659809058
2.5264333333333333,-995.7770542221969
2.5281000000000002,-995.7769657465522
2.5297666666666667,-995.7769564333264
2.5314333333333336,-995.7770728486483
2.5331,-995.7773662152595
2.5347666666666666,-995.7778365331599
2.5364333333333335,-995.7784558626723
2.5381,-995.7791403847649
2.539766666666667,-995.7797829973417
2.5414333333333334,-995.7802626284679
2.5431,-995.7804675194344
2.544766666666667,-995.7803371342739
2.5464333333333333,-995.7798947560507
2.5481000000000003,-995.7792381736353
2.5497666666666667,-995.7785070854139
2.5514333333333337,-995.777831876547
2.553116666666667,-995.777310335905
2.5547833333333334,-995.7769750597779
2.5564500000000003,-995.7768074217145
2.558116666666667,-995.7767375725214
2.5597833333333333,-995.7766956630054
2.5614500000000002,-995.7766397836509
2.5631166666666667,-995.7765606212321
2.5647833333333336,-995.7765000852647
2.56645,-995.776528024942
2.5681166666666666,-995.7767049762311
2.5697833333333335,-995.7770588788097
2.57145,-995.7775850760646
2.573116666666667,-995.77824165848
2.5747833333333334,-995.77895412025
2.57645,-995.7796432989554
2.578116666666667,-995.780220718952
2.5797833333333333,-995.7806165310463
2.5814666666666666,-995.7808074521743
2.5831333333333335,-995.7807981389485
2.5848,-995.7806491273366
2.586466666666667,-995.7804209533057
2.5881333333333334,-995.7801741528233
2.5898000000000003,-995.7799413221795
2.591466666666667,-995.779736431213
2.5931333333333333,-995.7795361968593
2.5948,-995.7793219926671
2.5964666666666667,-995.7790938186362
2.5981333333333336,-995.7788935842825
2.5998,-995.7787864821864
2.6014666666666666,-995.7788516747667
2.6031333333333335,-995.7791310715392
2.6048,-995.7796293291168
2.606466666666667,-995.7802905681451
2.60815,-995.7810356262052
2.6098166666666667,-995.7817713710394
2.6114833333333336,-995.7824139836163
2.61315,-995.7828982713553
2.614816666666667,-995.783205607805
2.6164833333333335,-995.78335927603
2.61815,-995.7834058421587
2.619816666666667,-995.783429125223
2.6214833333333334,-995.7835082876419
2.6231500000000003,-995.7836898955441
2.624816666666667,-995.7839832621552
2.6264833333333333,-995.7843325081209
2.62815,-995.7846491577964
2.6298166666666667,-995.7848261090857
2.6314833333333336,-995.7847795429568
2.63315,-995.7844861763457
2.6348166666666666,-995.7839925753809
2.6364833333333335,-995.7834058421587
2.63815,-995.782833078775
2.6398333333333333,-995.7823720741004
2.6415,-995.7820600810377
2.6431666666666667,-995.7818877863614
2.6448333333333336,-995.7818179371682
2.6465,-995.7818132805553
2.648166666666667,-995.7818365636197
2.6498333333333335,-995.781859846684
2.6515,-995.7818970995871
2.653166666666667,-995.7819716053931
2.6548333333333334,-995.7821066471665
2.6565000000000003,-995.7823301645844
2.658166666666667,-995.78264681426
2.6598333333333333,-995.78301934329
2.6615,-995.7834011855458
2.6631666666666667,-995.7837038653827
2.6648333333333336,-995.7838342505432
2.6665,-995.7837224918342
2.6681666666666666,-995.7833546194171
2.6698500000000003,-995.7827865126462
2.6715166666666668,-995.7821345868438
2.6731833333333332,-995.7815478536214
2.67485,-995.7811427283013
2.6765166666666667,-995.7809750902378
2.6781833333333336,-995.7810216563665
2.67985,-995.781193951043
2.681516666666667,-995.7813848721709
2.6831833333333335,-995.7814919742669
2.68485,-995.7814686912026
2.686516666666667,-995.7813196795905
2.6881833333333334,-995.7811194452369
2.6898500000000003,-995.7809518071734
2.691516666666667,-995.780895927819
2.6931833333333333,-995.7809937166893
2.69485,-995.7812591436232
2.6965166666666667,-995.7816642689434
2.6981833333333336,-995.7821485566824
2.699866666666667,-995.7826328444214
2.7015333333333333,-995.7830333131286
2.7032000000000003,-995.7832661437724
2.7048666666666668,-995.7832894268367
2.7065333333333337,-995.7831031623218
2.7082,-995.7827399465175
2.7098666666666666,-995.7822696286171
2.7115333333333336,-995.7817620578137
2.7132,-995.7812498303974
2.714866666666667,-995.7807469162069
2.7165333333333335,-995.780220718952
2.7182,-995.7796386423425
2.719866666666667,-995.7790006863787
2.7215333333333334,-995.7783627304148
2.7232000000000003,-995.7778365331599
2.7248666666666668,-995.777533853323
2.7265333333333333,-995.7775431665488
2.728216666666667,-995.7778644728371
2.7298833333333334,-995.7784418928336
2.73155,-995.7791636678293
2.733216666666667,-995.7798947560507
2.7348833333333333,-995.7805140855631
2.7365500000000003,-995.7809424939477
2.7382166666666667,-995.7811473849142
2.7398833333333337,-995.7811520415271
2.74155,-995.7810123431408
2.7432166666666666,-995.7808167654
2.7448833333333336,-995.7806211876592
2.74655,-995.7804861458859
2.748216666666667,-995.7804116400799
2.7498833333333335,-995.7803837004026
2.75155,-995.7803650739511
2.753216666666667,-995.7803091945966
2.7548833333333334,-995.7801974358877
2.7565500000000003,-995.7800530808885
2.7582333333333335,-995.779922695728
2.7599,-995.7798761295992
2.761566666666667,-995.7799552920181
2.7632333333333334,-995.7801648395975
2.7649,-995.7804582062087
2.766566666666667,-995.7807608860455
2.7682333333333333,-995.781003029915
2.7699000000000003,-995.7811241018497
2.7715666666666667,-995.7811054753982
2.7732333333333337,-995.7809750902378
2.7749,-995.7807841691099
2.7765666666666666,-995.7806118744335
2.7782333333333336,-995.7805140855631
2.7799,-995.7805280554018
2.781566666666667,-995.7806584405623
2.7832333333333334,-995.7808679881416
2.7849,-995.7811101320111
2.786566666666667,-995.7813103663648
2.78825,-995.7813895287837
2.7899166666666666,-995.781301053139
2.7915833333333335,-995.7810449394309
2.79325,-995.7806724104009
2.794916666666667,-995.7802859115322
2.7965833333333334,-995.7799692618568
2.7982500000000003,-995.7797876539546
2.799916666666667,-995.7797550576645
2.8015833333333333,-995.7798155936318
2.8032500000000002,-995.7799180391152
2.8049166666666667,-995.7799925449211
2.8065833333333337,-995.7800111713726
2.80825,-995.7799878883083
2.8099166666666666,-995.7799785750825
2.8115833333333335,-995.7800391110499
2.81325,-995.7802160623392
2.814916666666667,-995.7805280554018
2.8166,-995.7809424939477
2.8182666666666667,-995.7814034986224
2.8199333333333336,-995.7818458768454
2.8216,-995.7821951228111
2.8232666666666666,-995.7823907005519
2.8249333333333335,-995.7823907005519
2.8266,-995.7822184058755
2.828266666666667,-995.7819343524901
2.8299333333333334,-995.7816502991047
2.8316000000000003,-995.7814826610412
2.833266666666667,-995.7815152573313
2.8349333333333333,-995.7817853408781
2.8366000000000002,-995.7822696286171
2.8382666666666667,-995.782870331678
2.8399333333333336,-995.7834710347389
2.8416,-995.7839460092522
2.8432666666666666,-995.7842067795732
2.8449333333333335,-995.7842300626376
2.846616666666667,-995.7840437981225
2.8482833333333333,-995.783727148447
2.84995,-995.7833685892557
2.8516166666666667,-995.7830333131286
2.8532833333333336,-995.782758572969
2.85495,-995.7825583386153
2.8566166666666666,-995.7824093270034
2.8582833333333335,-995.78227428523
2.85995,-995.7821299302309
2.861616666666667,-995.7819483223287
2.8632833333333334,-995.7817341181365
2.8649500000000003,-995.7815152573313
2.866616666666667,-995.7813196795905
2.8682833333333333,-995.7811753245915
2.8699500000000002,-995.7811101320111
2.8716166666666667,-995.781114788624
2.8732833333333336,-995.7811799812043
2.874966666666667,-995.781263800236
2.8766333333333334,-995.7813429626549
2.8783000000000003,-995.7813848721709
2.879966666666667,-995.7814221250738
2.8816333333333333,-995.7815012874927
2.8833,-995.7816875520077
2.8849666666666667,-995.7820367979733
2.8866333333333336,-995.7825490253896
2.8883,-995.7831869813535
2.889966666666667,-995.7838901298977
2.8916333333333335,-995.7845653387647
2.8933166666666668,-995.7851334455354
2.8949833333333337,-995.7855385708556
2.89665,-995.7857574316606
2.8983166666666667,-995.7858086544023
2.8999833333333336,-995.7857294919834
2.90165,-995.7855711671457
2.903316666666667,-995.7853849026307
2.9049833333333335,-995.7851939815027
2.90665,-995.7850263434392
2.908316666666667,-995.784886645053
2.9099833333333334,-995.7847795429568
2.9116500000000003,-995.7846910673122
2.9133166666666668,-995.784625874732
2.9149833333333333,-995.784588621829
2.91665,-995.7846119048934
2.9183166666666667,-995.7847236636023
2.9199833333333336,-995.784961150859
2.92165,-995.785333679889
2.923316666666667,-995.7858086544023
2.9249833333333335,-995.7863162252057
2.92665,-995.7867632600418
2.928316666666667,-995.7870566266529
2.9299833333333334,-995.7871171626202
2.9316500000000003,-995.7869308981052
2.933316666666667,-995.7865397426237
2.935,-995.7860182019817
2.936666666666667,-995.7854687216624
2.9383333333333335,-995.7849751206976
2.94,-995.7845979350548
2.941666666666667,-995.7843697610239
2.9433333333333334,-995.7842673155405
2.9450000000000003,-995.7842626589277
2.9466666666666668,-995.7842952552178
2.9483333333333337,-995.784327851508
2.95,-995.7843511345724
2.9516666666666667,-995.7843930440882
2.9533333333333336,-995.7845141160229
2.955,-995.7847748863439
2.956666666666667,-995.7852032947285
2.9583333333333335,-995.7857760581122
2.96,-995.7864326405276
2.961666666666667,-995.7870799097172
2.96335,-995.7876061069721
2.9650166666666666,-995.787946039712
2.9666833333333336,-995.7880531418082
2.96835,-995.7879600095506
2.970016666666667,-995.7877178656811
2.9716833333333335,-995.7874058726185
2.97335,-995.787089222943
2.975016666666667,-995.7867818864933
2.9766833333333333,-995.7864698934305
2.9783500000000003,-995.7861206474649
2.9800166666666668,-995.7857015523061
2.9816833333333337,-995.7851939815027
2.98335,-995.7846212181191
2.9850333333333334,-995.7840298282839
2.9867000000000004,-995.7834896611904
2.988366666666667,-995.7830612528059
2.9900333333333333,-995.7828004824848
2.9917000000000002,-995.7827120068403
2.9933666666666667,-995.7827818560334
2.9950333333333337,-995.7829681205484
2.9967,-995.7832009511922
2.9983666666666666,-995.7834058421587
