min,µS/cm
0.0,-998.0356651349159
0.001683333333333259,-998.0353158889503
0.003349999999999964,-998.0341983018602
0.005016666666666669,-998.0318560255839
0.006683333333333374,-998.0279770670589
0.00835000000000008,-998.022673184994
0.010016666666666563,-998.016661497772
0.011683333333333268,-998.0110968453861
0.013349999999999973,-998.0072458265383
0.015016666666666678,-998.0060956431581
0.016683333333333383,-998.0080886734687
0.01835000000000009,-998.0130153698907
0.02001666666666657,-998.0201167045254
0.021683333333333277,-998.0282471506057
0.023349999999999982,-998.0361633924936
0.025016666666666687,-998.042752499712
0.026683333333333392,-998.0471995650079
0.028350000000000097,-998.0491320593511
0.03001666666666658,-998.0486012054834
0.03170000000000006,-998.0460493816278
0.03336666666666677,-998.0422169892314
0.03503333333333325,-998.0379701582892
0.036699999999999955,-998.0341936452473
0.03836666666666666,-998.0315952552629
0.040033333333333365,-998.0306266797849
0.04170000000000007,-998.0313950209094
0.043366666666666775,-998.0336814178311
0.04503333333333326,-998.0369782997467
0.046699999999999964,-998.0406477106924
0.04836666666666667,-998.0440097851883
0.050033333333333374,-998.0465057296894
0.05170000000000008,-998.0477630151659
0.05336666666666656,-998.0476698829083
0.05505000000000004,-998.046338091626
0.05669999999999997,-998.0440749777687
0.05838333333333323,-998.0413042931078
0.06003333333333338,-998.0384591026411
0.06171666666666664,-998.0359305618498
0.06338333333333335,-998.0339515013778
0.06505000000000005,-998.0324660418706
0.06671666666666676,-998.0306173665591
0.06838333333333324,-998.0255370019123
0.07004999999999995,-998.0094949705571
0.07171666666666665,-997.9642792595384
0.07338333333333336,-997.8513377708622
0.07505000000000006,-997.5965605106189
0.07671666666666677,-997.0694552162054
0.07838333333333325,-996.0580016467991
0.08004999999999995,-994.2428958575441
0.08171666666666666,-991.1769865970952
0.08338333333333336,-986.2774754810508
0.08505000000000007,-978.8379869325263
0.08671666666666678,-968.0663472824108
0.08838333333333326,-953.1503594262294
0.09004999999999996,-933.3495613808509
0.09173333333333344,-908.1050105896336
0.09339999999999993,-877.1543581397991
0.09506666666666663,-840.6355655010024
0.09673333333333334,-799.1618713360102
0.09840000000000004,-753.8522504055185
0.10006666666666675,-706.3059279258856
0.10173333333333323,-658.5168096509375
0.10339999999999994,-612.7326612420067
0.10506666666666664,-571.2727739341896
0.10673333333333335,-536.3251783588553
0.10840000000000005,-509.7481564198379
0.11006666666666676,-492.9011224270338
0.11173333333333324,-486.52600519663
0.11339999999999995,-490.6935666178789
0.11506666666666665,-504.82001644783657
0.11673333333333336,-527.7493365703846
0.11841666666666661,-557.8874100734887
0.12006666666666677,-593.367838577073
0.12175000000000002,-632.2268539258404
0.12341666666666673,-672.5662623870029
0.12508333333333344,-712.6881232078598
0.12674999999999992,-751.1904932331249
0.12841666666666662,-787.020307400739
0.13008333333333333,-819.4848246963159
0.13175000000000003,-848.2279073671568
0.13341666666666674,-873.1802789835167
0.13508333333333322,-894.4942526959321
0.13674999999999993,-912.4732580559669
0.13841666666666663,-927.504967398711
0.14008333333333334,-940.0044432561865
0.14175000000000004,-950.3705617740613
0.14341666666666675,-958.9577051619802
0.14508333333333345,-966.0623366786457
0.14674999999999994,-971.9230332281082
0.14843333333333342,-976.729584381324
0.15008333333333335,-980.6361752472055
0.1517666666666666,-983.773917417868
0.1534333333333333,-986.2602320435738
0.15510000000000002,-988.2042282206027
0.15676666666666672,-989.7084305946289
0.15843333333333343,-990.8677688757273
0.1600999999999999,-991.7671470864523
0.16176666666666661,-992.4788125755632
0.16343333333333332,-993.0604095538428
0.16510000000000002,-993.5544016741004
0.16676666666666673,-993.9889148781025
0.16843333333333343,-994.379888751721
0.17009999999999992,-994.7341033233023
0.17176666666666662,-995.0524806021957
0.17343333333333333,-995.3332510755087
0.17510000000000003,-995.5744682790593
0.17676666666666674,-995.7757131176887
0.17845,-995.938894802676
0.18009999999999993,-996.0682648215761
0.1817833333333334,-996.1698767711268
0.1834500000000001,-996.2506922875767
0.1851166666666666,-996.3176124712069
0.1867833333333333,-996.3766629790779
0.18845,-996.4323793521302
0.1901166666666667,-996.4875881543791
0.19178333333333342,-996.5434442258177
0.1934499999999999,-996.599756645318
0.1951166666666666,-996.655449735306
0.1967833333333333,-996.7090566627257
0.19845000000000002,-996.7591618172635
0.20011666666666672,-996.8047034911833
0.20178333333333343,-996.8451601438435
0.20345000000000013,-996.8805736847597
0.2051166666666666,-996.9114889376384
0.20678333333333332,-996.9388092853775
0.2084666666666668,-996.9636010923253
0.21013333333333328,-996.9869167529916
0.2118,-997.00963636721
0.2134666666666667,-997.0323885777185
0.2151333333333334,-997.0554667511282
0.2168000000000001,-997.0788895138907
0.2184666666666666,-997.1024566316523
0.2201333333333333,-997.1258374848989
0.2218,-997.1486828276649
0.2234666666666667,-997.1707272330162
0.2251333333333334,-997.1917984062768
0.2267999999999999,-997.2118544379305
0.2284666666666666,-997.2309418941061
0.2301333333333333,-997.2491818467385
0.2318,-997.266700024375
0.2334666666666667,-997.2835942158865
0.23513333333333342,-997.2999528969173
0.23680000000000012,-997.3158086637575
0.23848333333333338,-997.3311941126973
0.24015000000000009,-997.3461139003496
0.2418166666666668,-997.36057733994
0.24348333333333327,-997.3745890880816
0.24514999999999998,-997.3881584580001
0.24681666666666668,-997.4013087327598
0.2484833333333334,-997.4140771652637
0.2501500000000001,-997.426533604705
0.2518166666666666,-997.4387525568897
0.2534833333333333,-997.4507852445593
0.25515,-997.4626502941654
0.2568166666666667,-997.4743057961922
0.2584833333333334,-997.4856725882206
0.2601499999999999,-997.4966249417032
0.2618166666666668,-997.5070557545438
0.2634833333333333,-997.5168905209363
0.26516666666666655,-997.5261059578164
0.2668333333333335,-997.5347626011514
0.26849999999999996,-997.5429628964248
0.27016666666666667,-997.5508511986354
0.27183333333333337,-997.5585858326212
0.2735000000000001,-997.5663018401556
0.2751666666666668,-997.5740970101086
0.27683333333333326,-997.5820225652224
0.27849999999999997,-997.5900738488837
0.2801666666666667,-997.5981716986737
0.2818333333333334,-997.6062043558835
0.2835000000000001,-997.6140181522882
0.28516666666666657,-997.6214827027272
0.2868333333333333,-997.6285141881688
0.2885,-997.6350846689357
0.2901666666666667,-997.6412081148667
0.2918333333333334,-997.6469357487033
0.2935000000000001,-997.6523327630257
0.2951666666666668,-997.6574457239627
0.2968333333333333,-997.6623118844174
0.29851666666666676,-997.6669684972926
0.30018333333333347,-997.6714714419429
0.30184999999999995,-997.6758998807873
0.30351666666666666,-997.6803655725347
0.30518333333333336,-997.6849663060555
0.30685000000000007,-997.689757960704
0.3085166666666668,-997.6947405364806
0.31018333333333326,-997.6998209011274
0.31184999999999996,-997.7048500430327
0.31351666666666667,-997.7096510109071
0.31518333333333337,-997.7140468534614
0.3168500000000001,-997.7179211553736
0.31851666666666656,-997.7212413203536
0.3201833333333335,-997.7240539145303
0.32184999999999997,-997.7264939796769
0.3235166666666667,-997.7287431236956
0.32519999999999993,-997.7310202073916
0.3268500000000001,-997.7335161518927
0.32853333333333334,-997.7363892820367
0.33020000000000005,-997.7397001337911
0.33186666666666675,-997.7434067976398
0.33353333333333346,-997.7473742318094
0.33519999999999994,-997.7513928887208
0.33686666666666665,-997.7552532207944
0.33853333333333335,-997.7587782767409
0.34020000000000006,-997.7618656110773
0.34186666666666676,-997.7645105671903
0.34353333333333325,-997.7667736810478
0.34519999999999995,-997.7687667113584
0.34686666666666666,-997.7705827903796
0.34853333333333336,-997.7723010805306
0.35020000000000007,-997.7739588347142
0.35186666666666655,-997.7755886492206
0.3535333333333335,-997.7772277769527
0.35521666666666674,-997.778932097265
0.3568833333333332,-997.7807668027378
0.35855000000000015,-997.7827970859514
0.36021666666666663,-997.7850695130346
0.36188333333333333,-997.7875794273743
0.36355000000000004,-997.790280262842
0.36521666666666674,-997.7930695739542
0.36688333333333345,-997.7958076623249
0.36854999999999993,-997.7983362031162
0.37021666666666664,-997.8005248111675
0.37188333333333334,-997.8022710409957
0.37355000000000005,-997.803528326472
0.37521666666666675,-997.8043246072738
0.37688333333333324,-997.8047530156582
0.37854999999999994,-997.8049765330762
0.38021666666666665,-997.8052000504942
0.38188333333333335,-997.8056377721045
0.38355000000000006,-997.8064526793577
0.3852333333333333,-997.8077239346726
0.3869,-997.8094235983721
0.3885666666666667,-997.8114212852956
0.39023333333333343,-997.8135167610894
0.39190000000000014,-997.8154958215614
0.3935666666666666,-997.8171861720351
0.3952333333333333,-997.8184760538015
0.39690000000000003,-997.8193608102479
0.39856666666666674,-997.8199102905671
0.40023333333333344,-997.82025487992
0.4018999999999999,-997.8205342766925
0.40356666666666663,-997.820883522658
0.40523333333333333,-997.8213864368486
0.40690000000000004,-997.8220988986185
0.40856666666666674,-997.8230348778064
0.4102333333333332,-997.8241617781223
0.41190000000000015,-997.8254097503728
0.41356666666666664,-997.8266949755264
0.4152499999999999,-997.8279289779383
0.4169166666666668,-997.8290325951898
0.4185833333333333,-997.829954604539
0.42025,-997.8306717229218
0.4219166666666667,-997.8312118900154
0.4235833333333334,-997.8316123587226
0.42525000000000013,-997.8319196951725
0.4269166666666666,-997.8321804654935
0.4285833333333333,-997.8324179527501
0.43025,-997.8326740664583
0.4319166666666667,-997.8329953727466
0.43358333333333343,-997.8334517208084
0.4352499999999999,-997.8341362429011
0.4369166666666666,-997.8351281014435
0.4385833333333333,-997.8364598927258
0.44025000000000003,-997.8381036770708
0.44191666666666674,-997.8399523523822
0.4435833333333332,-997.8418382805967
0.4452666666666667,-997.843579853812
0.4469333333333334,-997.8449954641261
0.4485999999999999,-997.845968696217
0.4502666666666668,-997.8464669537947
0.4519333333333333,-997.8465461162135
0.4536,-997.8463412252471
0.4552666666666667,-997.8460525152487
0.4569333333333334,-997.8458895337982
0.4586000000000001,-997.8460478586359
0.4602666666666666,-997.8466671881483
0.4619333333333333,-997.8478034016899
0.4636,-997.8494145897447
0.4652666666666667,-997.8513657105394
0.4669333333333334,-997.8534611863333
0.4685999999999999,-997.8555007827727
0.4702666666666666,-997.8573261750198
0.4719500000000001,-997.8588442308171
0.4736,-997.8600270104874
0.4752833333333333,-997.8609164235465
0.47695,-997.8615823191877
0.4786166666666667,-997.8620852333783
0.4802833333333334,-997.8624810454727
0.4819500000000001,-997.8628116649868
0.4836166666666668,-997.8631050315979
0.4852833333333333,-997.8634263378864
0.48695,-997.8638547462708
0.4886166666666667,-997.8644880456219
0.4902833333333334,-997.8654053983583
0.4919500000000001,-997.8666207743188
0.4936166666666666,-997.8680922639874
0.4952833333333333,-997.8697220784936
0.49695,-997.871351893
0.4986166666666667,-997.8728466657329
0.5002833333333334,-997.8740806681449
0.5019666666666667,-997.8749980208813
0.5036333333333334,-997.8755940673293
0.5053000000000001,-997.875943313295
0.5069666666666666,-997.8761435476487
0.5086333333333335,-997.8763391253893
0.5103,-997.8766604316778
0.5119666666666667,-997.8772238818357
0.5136333333333334,-997.8781039816691
0.5152999999999999,-997.8793286708553
0.5169666666666668,-997.8808467266526
0.5186333333333333,-997.8825603601907
0.5203,-997.8843438429219
0.5219666666666667,-997.88605747646
0.5236333333333334,-997.8875941587089
0.5253000000000001,-997.8888980103139
0.5269666666666666,-997.8899597180495
0.5286333333333335,-997.8908118782057
0.5303,-997.891510370137
0.5319833333333333,-997.8920924467463
0.5336333333333334,-997.8925953609369
0.5353166666666667,-997.8930284259343
0.5369833333333334,-997.89341026819
0.5386500000000001,-997.8937874538329
0.5403166666666666,-997.8942158622175
0.5419833333333335,-997.8947839689882
0.54365,-997.8955523101126
0.5453166666666667,-997.8965395120422
0.5469833333333334,-997.8977129784868
0.5486499999999999,-997.8989749205759
0.5503166666666668,-997.9002089229879
0.5519833333333333,-997.9012939137879
0.55365,-997.902146073944
0.5553166666666667,-997.9027234939406
0.5569833333333334,-997.9030448002289
0.5586666666666666,-997.9031658721636
0.5603166666666666,-997.9031751853894
0.562,-997.9031798420023
0.5636666666666668,-997.9032962573242
0.5653333333333332,-997.9036548165155
0.5670000000000002,-997.9043626216726
0.5686666666666667,-997.9054895219884
0.5703333333333334,-997.9070168910115
0.5720000000000001,-997.908865566323
0.5736666666666665,-997.9108725664722
0.5753333333333335,-997.9128423137184
0.577,-997.9145838869338
0.5786666666666667,-997.9159529311191
0.5803333333333334,-997.9168702838555
0.5820000000000001,-997.917335945143
0.5836666666666668,-997.9174337340135
0.5853333333333333,-997.9172893790143
0.5870000000000002,-997.9170472351448
0.5886666666666667,-997.9168656272426
0.5903333333333334,-997.9168842536942
0.5920166666666669,-997.9172148732083
0.5936833333333333,-997.9179226783654
0.59535,-997.9190030125524
0.5970166666666668,-997.920399996415
0.5986833333333332,-997.9219739315668
0.6003500000000002,-997.9235571799444
0.6020166666666666,-997.9249774468714
0.6036833333333333,-997.9260950339614
0.60535,-997.9268307787956
0.6070166666666665,-997.9271846813742
0.6086833333333335,-997.9272033078257
0.61035,-997.9269937602463
0.6120166666666667,-997.9266631407322
0.6136833333333334,-997.926332521218
0.6153500000000001,-997.9261229736386
0.6170166666666668,-997.926150913316
0.6187,-997.9265141291202
0.6203500000000002,-997.9272871268574
0.6220333333333334,-997.9284885329793
0.6236999999999999,-997.9300578115183
0.6253666666666668,-997.9318692339267
0.6270333333333333,-997.9337365356897
0.6287,-997.9354501692278
0.6303666666666667,-997.9368192134131
0.6320333333333332,-997.9377272529238
0.6337000000000002,-997.9381370348568
0.6353666666666666,-997.9381090951795
0.6370333333333333,-997.9377784756654
0.6387,-997.9373128143778
0.6403666666666668,-997.9368750927675
0.6420333333333335,-997.9366143224465
0.6436999999999999,-997.9366422621238
0.6453666666666666,-997.937010134541
0.6470333333333333,-997.9377225963109
0.6487166666666666,-997.9387191114662
0.6503666666666668,-997.9399065477494
0.65205,-997.9411684898386
0.6537166666666667,-997.9424024922505
0.6553833333333334,-997.9435107661149
0.6570499999999999,-997.9444420886898
0.6587166666666668,-997.9451685202984
0.6603833333333333,-997.9456760911017
0.66205,-997.9459741143258
0.6637166666666667,-997.9460765598091
0.6653833333333332,-997.9459834275516
0.6670500000000001,-997.9457366270692
0.6687166666666666,-997.9453966943292
0.6703833333333333,-997.9450847012666
0.67205,-997.9449589727191
0.6737166666666667,-997.9451638636855
0.6753833333333334,-997.9457878498108
0.6770499999999999,-997.946826274482
0.6787333333333334,-997.9481813488287
0.6803833333333333,-997.9496668083359
0.6820666666666666,-997.9510637921985
0.6837333333333335,-997.9521534396113
0.6854,-997.9527820823495
0.6870666666666667,-997.9529031542842
0.6887333333333334,-997.9525632215443
0.6903999999999999,-997.9518880126774
0.6920666666666668,-997.9510544789728
0.6937333333333333,-997.950258198171
0.6954,-997.9496714649488
0.6970666666666667,-997.9494293210793
0.6987333333333332,-997.9496109289814
0.7004000000000001,-997.9502302584938
0.7020666666666666,-997.9512174604233
0.7037333333333333,-997.9524468062224
0.7054,-997.9537506578275
0.7070666666666667,-997.9549706904008
0.70875,-997.9559811753948
0.7104166666666667,-997.9567076070033
0.7120833333333334,-997.9571220455491
0.7137500000000001,-997.9572524307097
0.7154166666666666,-997.9571406720006
0.7170833333333335,-997.9568426487766
0.71875,-997.9564235536179
0.7204166666666667,-997.9559672055561
0.7220833333333334,-997.9555574236231
0.7237499999999999,-997.955301309915
0.7254166666666668,-997.9552919966892
0.7270833333333333,-997.9555853633003
0.72875,-997.9561814097484
0.7304166666666667,-997.9570196000659
0.7320833333333334,-997.9579788623182
0.7337500000000001,-997.9589241547319
0.7354166666666666,-997.9597250921464
0.7370833333333335,-997.96029785553
0.7387666666666668,-997.9605958787541
0.7404333333333333,-997.9606191618185
0.7421,-997.9604189274648
0.7437666666666667,-997.9600510550476
0.7454333333333334,-997.959590050373
0.7471000000000001,-997.9591150758598
0.7487666666666666,-997.9587146071525
0.7504333333333335,-997.9584957463474
0.7521,-997.9585516257018
0.7537666666666667,-997.9589520944091
0.7554333333333334,-997.9597064656949
0.7570999999999999,-997.9607635168176
0.7587666666666668,-997.962016145681
0.7604333333333333,-997.9633106840604
0.7621,-997.9644934637307
0.7637666666666667,-997.9654294429185
0.7654333333333334,-997.9660348025924
0.7671000000000001,-997.9662909163005
0.7687833333333334,-997.9662490067847
0.7704500000000001,-997.965974266625
0.7721166666666668,-997.9655737979177
0.7737833333333333,-997.9651593593718
0.7754500000000002,-997.9648427096963
0.7771166666666667,-997.9647356076002
0.7787833333333334,-997.9649218721152
0.7804500000000001,-997.9654294429185
0.7821166666666666,-997.966235036946
0.7837833333333335,-997.9672548351657
0.78545,-997.9683724222557
0.7871166666666667,-997.9694434432171
0.7887833333333334,-997.9703561393407
0.7904499999999999,-997.9710220349817
0.7921166666666668,-997.971385250786
0.7937833333333333,-997.9714411301405
0.7954666666666665,-997.9712269259483
0.7971166666666667,-997.970789204338
0.7988,-997.9702071277286
0.8004666666666667,-997.9695784849904
0.8021333333333334,-997.9690383178969
0.8038000000000001,-997.9687263248343
0.8054666666666668,-997.9687635777373
0.8071333333333333,-997.9692292390248
0.8088000000000002,-997.9701139954711
0.8104666666666667,-997.9713200582058
0.8121333333333334,-997.9726704759396
0.8138000000000001,-997.9739510444803
0.8154666666666666,-997.9749708426999
0.8171333333333335,-997.9755855155995
0.8188,-997.9757391838244
0.8204666666666667,-997.9754830701163
0.8221333333333334,-997.9749242765712
0.8238000000000001,-997.974221128027
0.8254833333333333,-997.9735366059344
0.8271333333333333,-997.9730104086794
0.8288166666666668,-997.9727403251327
0.8304833333333335,-997.9727775780357
0.83215,-997.9731128541628
0.8338166666666669,-997.9736809609335
0.8354833333333334,-997.9743794528648
0.8371500000000001,-997.9750919146347
0.8388166666666668,-997.9757112441472
0.8404833333333332,-997.9761489657574
0.8421500000000002,-997.9763585133368
0.8438166666666667,-997.9763305736595
0.8454833333333334,-997.97608842979
0.8471500000000001,-997.9756879610827
0.8488166666666666,-997.9751850468922
0.8504833333333335,-997.9746448797987
0.8521666666666667,-997.974146622221
0.8538333333333332,-997.9737647799653
0.8555000000000001,-997.973587828676
0.8571666666666666,-997.9737089006107
0.8588333333333333,-997.9741792185112
0.8605,-997.9750127522159
0.8621666666666667,-997.9761443091445
0.8638333333333335,-997.9774528173625
0.8654999999999999,-997.9787659821933
0.8671666666666669,-997.9799068523478
0.8688333333333333,-997.9807264162138
0.8705,-997.9811361981468
0.8721666666666668,-997.9811175716953
0.8738333333333332,-997.980717102988
0.8755000000000002,-997.9800418941211
0.8771666666666667,-997.979226986868
0.8788333333333334,-997.9784213928406
0.8805000000000001,-997.9777741236509
0.8821666666666665,-997.977392281395
0.8838333333333335,-997.9773550284921
0.8855166666666667,-997.9776577083289
0.8871833333333332,-997.978253754777
0.8888500000000001,-997.9790314091272
0.8905166666666666,-997.9798509729932
0.8921833333333333,-997.9805774046017
0.89385,-997.981094288631
0.8955166666666667,-997.9813224626618
0.8971833333333334,-997.9812479568558
0.8988499999999999,-997.9809080241159
0.9005166666666669,-997.9803771702482
0.9021833333333333,-997.9797764671872
0.90385,-997.9792316434808
0.9055166666666667,-997.9788684276765
0.9071833333333332,-997.9787659821933
0.9088500000000002,-997.9789801863856
0.9105166666666666,-997.9795110402533
0.9121833333333333,-997.9803119776678
0.91385,-997.9812805531459
0.9155333333333333,-997.9822677550754
0.9172,-997.9831292284574
0.9188666666666667,-997.983739244744
0.9205333333333334,-997.9840326113552
0.9222000000000001,-997.9840046716779
0.9238666666666666,-997.9837159616796
0.9255333333333335,-997.9832642702307
0.9272,-997.9827520428145
0.9288666666666667,-997.982249128624
0.9305333333333334,-997.9818207202395
0.9321999999999999,-997.9814947573382
0.9338666666666668,-997.9813084928231
0.9355333333333333,-997.9812991795974
0.9372,-997.9815040705639
0.9388666666666667,-997.9819417921742
0.9405333333333332,-997.9825890613639
0.9422166666666667,-997.9833806855527
0.9438666666666666,-997.9842281890959
0.9455499999999999,-997.9850198132848
0.9472166666666668,-997.9856484560229
0.9488833333333333,-997.9860302982787
0.95055,-997.9861234305362
0.9522166666666667,-997.9859278527954
0.9538833333333334,-997.9854854745723
0.9555500000000001,-997.98489874135
0.9572166666666666,-997.9842840684505
0.9588833333333335,-997.9837951240986
0.96055,-997.9835669500677
0.9622166666666667,-997.9836926786153
0.9638833333333334,-997.9841862795801
0.9655499999999999,-997.984973247156
0.9672166666666668,-997.9859185395696
0.9688833333333333,-997.9868452055318
0.97055,-997.987585606979
0.9722333333333335,-997.9880186719764
0.9738833333333334,-997.9881024910081
0.9755666666666667,-997.9878650037515
0.9772333333333334,-997.9873760593996
0.9788999999999999,-997.9867474166615
0.9805666666666668,-997.9860861776332
0.9822333333333333,-997.9854854745723
0.9839,-997.9850011868333
0.9855666666666667,-997.9846798805448
0.9872333333333334,-997.9845588086101
0.9889000000000001,-997.984675223932
0.9905666666666666,-997.9850384397363
0.9922333333333334,-997.9856391427971
0.9939,-997.9864354235988
0.9955666666666667,-997.9873341498837
0.9972333333333334,-997.9882189063301
0.9989,-997.9889732776159
1.0005666666666666,-997.9894855050321
1.00225,-997.9896903959987
1.0039,-997.9895739806767
1.0055833333333333,-997.9891688553566
1.00725,-997.9885448692313
1.0089166666666667,-997.9878184376228
1.0105833333333334,-997.9871152890786
1.01225,-997.9865844352108
1.0139166666666668,-997.9863516045671
1.0155833333333333,-997.9865006161791
1.01725,-997.9870594097241
1.0189166666666667,-997.9879534793962
1.0205833333333334,-997.989043126809
1.02225,-997.9901467440604
1.0239166666666668,-997.9910780666354
1.0255833333333333,-997.9916880829221
1.02725,-997.9918929738886
1.0289166666666667,-997.9916973961479
1.0305833333333334,-997.9911525724415
1.0322666666666667,-997.9903749180913
1.0339333333333334,-997.9894715351935
1.0356,-997.9885681522957
1.0372666666666668,-997.987771871494
1.0389333333333335,-997.9871851382718
1.0406,-997.9868917716606
1.0422666666666667,-997.9869616208538
1.0439333333333334,-997.9874133123026
1.0456,-997.9882049364915
1.0472666666666668,-997.9892573310012
1.0489333333333333,-997.9904214842201
1.0506,-997.9915437279229
1.0522666666666667,-997.992475050498
1.0539333333333334,-997.9930943800105
1.0556,-997.9933458371057
1.0572666666666668,-997.9932107953323
1.0589333333333333,-997.992735820819
1.0606,-997.9919861061461
1.0622833333333335,-997.9910640967968
1.06395,-997.9901001779316
1.0656166666666667,-997.9892433611626
1.0672833333333334,-997.9886426581016
1.06895,-997.9884191406837
1.0706166666666668,-997.988628688263
1.0722833333333335,-997.9892247347111
1.07395,-997.9901048345445
1.0756166666666667,-997.9910873798611
1.0772833333333334,-997.9919954193718
1.07895,-997.9926659716259
1.0806166666666668,-997.9929872779143
1.0822833333333335,-997.9929127721083
1.08395,-997.992475050498
1.0856166666666667,-997.9917532755023
1.0872833333333334,-997.9908778322819
1.0889666666666666,-997.9900070456741
1.0906166666666668,-997.9893085537428
1.0923,-997.9889313681
1.0939666666666668,-997.9889639643901
1.0956333333333335,-997.9894296256776
1.0973,-997.9902631593823
1.0989666666666666,-997.9913341803436
1.1006333333333334,-997.9924703938851
1.1023,-997.9935041619434
1.1039666666666668,-997.9942957861323
1.1056333333333335,-997.9947707606456
1.1073,-997.9949197722575
1.1089666666666667,-997.9947707606456
1.1106333333333334,-997.9944028882284
1.1123,-997.9938860041992
1.1139666666666668,-997.993299270977
1.1156333333333335,-997.9927125377546
1.1173,-997.9921909971126
1.1189666666666667,-997.9918277813084
1.1206333333333334,-997.991692739535
1.1223166666666666,-997.9918184680826
1.1239833333333333,-997.9921956537255
1.12565,-997.9927591038834
1.1273166666666667,-997.9934156862988
1.1289833333333334,-997.9940257025855
1.1306500000000002,-997.9944634241957
1.1323166666666666,-997.9946170924206
1.1339833333333333,-997.9944354845185
1.13565,-997.9939372269408
1.1373166666666668,-997.9932014821065
1.1389833333333335,-997.992363291789
1.1406500000000002,-997.991576324213
1.1423333333333334,-997.9910128740552
1.1439833333333334,-997.9908033264758
1.1456666666666666,-997.9910315005067
1.1473333333333333,-997.9916973961479
1.149,-997.9927265075933
1.1506666666666667,-997.9939558533923
1.1523333333333334,-997.9951945124171
1.1540000000000001,-997.9962562201528
1.1556666666666666,-997.9969873083742
1.1573333333333333,-997.9973179278883
1.159,-997.9972434220823
1.1606666666666667,-997.9968382967621
1.1623333333333334,-997.996204997411
1.1640000000000001,-997.9954552827381
1.1656666666666666,-997.9946962548395
1.1673333333333333,-997.9939837930696
1.169,-997.9933691201701
1.1706666666666667,-997.9929081154954
1.1723333333333334,-997.9926473451744
1.1740000000000002,-997.9926333753358
1.1756666666666666,-997.9929081154954
1.1773333333333333,-997.9934622524275
1.1790166666666668,-997.9942259369391
1.1806833333333333,-997.9950920669339
1.18235,-997.9959162874128
1.1840166666666667,-997.9965402735381
1.1856833333333334,-997.9968569232136
1.1873500000000001,-997.9967917306334
1.1890166666666668,-997.9963540090231
1.1906833333333333,-997.9956182641888
1.19235,-997.9946962548395
1.1940166666666667,-997.9937276793614
1.1956833333333334,-997.9928708625924
1.1973500000000001,-997.9922608463057
1.1990166666666666,-997.9920140458233
1.2006833333333333,-997.9921956537255
1.20235,-997.9927870435606
1.2040166666666667,-997.9937137095228
1.2056833333333334,-997.9948173267743
1.2073500000000001,-997.9959209440257
1.2090333333333334,-997.9968382967621
1.2107,-997.9974343432101
1.2123666666666668,-997.9976345775638
1.2140333333333333,-997.9974529696617
1.2157,-997.9969640253098
1.2173666666666667,-997.9962701899914
1.2190333333333334,-997.9955065054799
1.2207000000000001,-997.9947987003228
1.2223666666666668,-997.9942585332292
1.2240333333333333,-997.9939791364567
1.2257,-997.9940163893597
1.2273666666666667,-997.9943889183897
1.2290333333333334,-997.9950548140309
1.2307000000000001,-997.9959209440257
1.2323666666666668,-997.9968662364394
1.2340333333333333,-997.9977370230471
1.2357,-997.9984168885269
1.2373666666666667,-997.9988080440083
1.23905,-997.9988778932014
1.2407166666666667,-997.9986357493319
1.2423833333333334,-997.9981374917543
1.24405,-997.9974715961132
1.2457166666666668,-997.9967172248274
1.2473833333333333,-997.9959721667674
1.24905,-997.9953248975777
1.2507166666666667,-997.9948871759674
1.2523833333333334,-997.9947614474198
1.25405,-997.9950035912893
1.2557166666666668,-997.9956182641888
1.2573833333333333,-997.9965216470866
1.25905,-997.9975740415964
1.2607166666666667,-997.9986078096547
1.2623833333333334,-997.9994506565852
1.2640500000000001,-997.9999721972272
1.2657166666666668,-998.0001258654521
1.2673833333333333,-997.9999163178727
1.2690666666666668,-997.9994227169079
1.2707333333333335,-997.9987428514281
1.2724,-997.998002449981
1.2740666666666667,-997.9973086146625
1.2757333333333334,-997.9967777607948
1.2774,-997.9964843941837
1.2790666666666668,-997.996470424345
1.2807333333333335,-997.9967265380532
1.2824,-997.9971968559536
1.2840666666666667,-997.9977929024016
1.2857333333333334,-997.9983982620753
1.2874,-997.9989384291689
1.2890666666666668,-997.999343554489
1.2907333333333333,-997.99960432481
1.2924,-997.9997253967448
1.2940666666666667,-997.999753336422
1.2957333333333334,-997.999716083519
1.2974,-997.9996322644872
1.2990833333333334,-997.9994972227139
1.30075,-997.9993156148117
1.3024166666666668,-997.9991153804581
1.3040833333333335,-997.9989570556204
1.30575,-997.998933772556
1.3074166666666667,-997.9991246936838
1.3090833333333334,-997.9995577586812
1.31075,-998.0002003712581
1.3124166666666668,-998.0009547425439
1.3140833333333335,-998.0016811741524
1.31575,-998.0022213412459
1.3174166666666667,-998.0024541718897
1.3190833333333334,-998.0023005036647
1.32075,-998.001769649797
1.3224166666666668,-998.0009593991567
1.3240833333333335,-998.0000187633559
1.32575,-997.9991340069096
1.3274333333333335,-997.9985007075586
1.3291000000000002,-997.9982539070762
1.3307666666666667,-997.9984727678814
1.3324333333333334,-997.9991246936838
1.3341,-998.0001072390005
1.3357666666666668,-998.0012527657678
1.3374333333333335,-998.0023610396322
1.3391,-998.0032783923685
1.3407666666666667,-998.0038884086553
1.3424333333333334,-998.0041538355891
1.3441,-998.0041026128475
1.3457666666666668,-998.0038045896235
1.3474333333333335,-998.0033528981746
1.3491,-998.0028267009197
1.3507666666666667,-998.0022818772132
1.3524333333333334,-998.0017603365712
1.3541,-998.0012807054451
1.3557666666666668,-998.000875580125
1.3574333333333335,-998.0005915267395
1.3591166666666668,-998.000465798192
1.3607833333333335,-998.0005263341593
1.3624500000000002,-998.0007591648031
1.3641166666666666,-998.0011177239945
1.3657833333333333,-998.0015228493146
1.36745,-998.0018907217318
1.3691166666666668,-998.0021421788271
1.3707833333333335,-998.002216684633
1.3724500000000002,-998.0020862994726
1.3741166666666667,-998.0017370535069
1.3757833333333334,-998.001173603349
1.37745,-998.0004378585147
1.3791166666666668,-997.99960432481
1.3807833333333335,-997.998784760944
1.38245,-997.9981281785285
1.3841166666666667,-997.9977789325629
1.3857833333333334,-997.9978301553045
1.3874666666666666,-997.998300473205
1.3891333333333333,-997.999120037071
1.3908,-998.0001398352907
1.3924666666666667,-998.0011549768975
1.3941333333333334,-998.0019745407635
1.3958000000000002,-998.0024588285025
1.3974666666666666,-998.0025379909214
1.3991333333333333,-998.0022353110845
1.4008,-998.0016346080237
1.4024666666666668,-998.0008662668993
1.4041333333333335,-998.000051359646
1.4058000000000002,-997.9993109581989
1.4074666666666666,-997.9987568212667
1.4091333333333333,-997.9984774244942
1.4108,-997.9985379604616
1.4124666666666668,-997.9989477423946
1.4141333333333335,-997.9996369211002
1.4158000000000002,-998.0004890812563
1.4174833333333334,-998.0013365847996
1.4191500000000001,-998.002030420118
1.4208166666666668,-998.0024448586639
1.4224833333333333,-998.002514707857
1.42415,-998.0022399676974
1.4258166666666667,-998.001657891088
1.4274833333333334,-998.0008616102864
1.4291500000000001,-997.9999535707757
1.4308166666666666,-997.9990362180392
1.4324833333333333,-997.9982306240119
1.43415,-997.9976532040153
1.4358166666666667,-997.9974064035329
1.4374833333333334,-997.9975647283707
1.4391500000000002,-997.9981561182058
1.4408166666666666,-997.9991246936838
1.4424833333333333,-998.0003400696443
1.4441666666666668,-998.001620638185
1.4458333333333333,-998.0027615083394
1.4475,-998.0035903854313
1.4491666666666667,-998.0039815409127
1.4508333333333334,-998.0039070351067
1.4525000000000001,-998.0034087775291
1.4541666666666668,-998.002593870276
1.4558333333333333,-998.0016113249593
1.4575,-998.0006194664169
1.4591666666666667,-997.9997766194864
1.4608333333333334,-997.9992085127157
1.4625000000000001,-997.999008278362
1.4641666666666668,-997.9992038561028
1.4658333333333333,-997.999753336422
1.4675,-998.0005542738365
1.4691666666666667,-998.0014623133472
1.4708333333333334,-998.0023284433421
1.4725000000000001,-998.0030176220475
1.4741666666666668,-998.003450687045
1.47585,-998.0035903854313
1.4775166666666668,-998.0034460304321
1.4791833333333333,-998.0030595315635
1.48085,-998.0025007380184
1.4825166666666667,-998.0018255291515
1.4841833333333334,-998.0010990975429
1.4858500000000001,-998.0004006056117
1.4875166666666668,-997.999827842228
1.4891833333333333,-997.9994972227139
1.49085,-997.9995158491654
1.4925166666666667,-997.9999396009371
1.4941833333333334,-998.0007545081902
1.4958500000000001,-998.0018348423773
1.4975166666666668,-998.002998995596
1.4991833333333333,-998.0040327636544
1.50085,-998.0047359121985
1.5025166666666667,-998.004978056068
1.5041833333333334,-998.0047312555856
1.5058666666666667,-998.0040560467188
1.5075333333333334,-998.0030828146279
1.5092,-998.0020164502794
1.5108666666666668,-998.0010478748013
1.5125333333333335,-998.0003633527086
1.5142,-998.0000979257748
1.5158666666666667,-998.000312129967
1.5175333333333334,-998.0009640557696
1.5192,-998.0019466010863
1.5208666666666668,-998.003078158015
1.5225333333333335,-998.004158492202
1.5242,-998.0050153089711
1.5258666666666667,-998.0055275363874
1.5275333333333334,-998.0056579215478
1.5292000000000001,-998.0054297475169
1.5308666666666668,-998.0049128634878
1.5325333333333333,-998.0042097149436
1.5342166666666668,-998.0034087775291
1.5358833333333335,-998.0025985268888
1.53755,-998.0018534688288
1.5392166666666667,-998.0012387959292
1.5408833333333334,-998.0008383272219
1.54255,-998.0007172552872
1.5442166666666668,-998.0009221462537
1.5458833333333335,-998.0014483435086
1.54755,-998.0022213412459
1.5492166666666667,-998.003115410918
1.5508833333333334,-998.0039675710741
1.55255,-998.0046148402638
1.5542166666666668,-998.0049314899393
1.5558833333333335,-998.0048569841333
1.55755,-998.0043866662329
1.5592166666666667,-998.0035950420441
1.5608833333333334,-998.002593870276
1.56255,-998.0015321625403
1.5642333333333334,-998.0005496172237
1.5659,-997.999790589325
1.5675666666666668,-997.999380807392
1.5692333333333335,-997.9993901206178
1.5709000000000002,-997.999827842228
1.5725666666666667,-998.0006380928684
1.5742333333333334,-998.0016998006039
1.5759,-998.0028499839841
1.5775666666666668,-998.0039023784939
1.5792333333333335,-998.0047079725213
1.5809,-998.0051456941316
1.5825666666666667,-998.0051829470345
1.5842333333333334,-998.0048476709076
1.5859,-998.004232998008
1.5875666666666668,-998.0034646568836
1.5892333333333335,-998.0026823459206
1.5909,-998.0020117936665
1.5925666666666667,-998.0015647588305
1.5942500000000002,-998.0014064339928
1.5959166666666667,-998.0015647588305
1.5975833333333334,-998.0020024804408
1.59925,-998.0026264665661
1.6009166666666668,-998.0033063320459
1.6025833333333335,-998.0039210049454
1.6042500000000002,-998.004344756717
1.6059166666666667,-998.0045123947805
1.6075833333333334,-998.0043913228458
1.60925,-998.0039955107513
1.6109166666666668,-998.0033715246261
1.6125833333333335,-998.0025845570502
1.6142500000000002,-998.001695143991
1.6159166666666667,-998.000796417706
1.6175833333333334,-997.99997685384
1.61925,-997.9993482111018
1.6209166666666668,-997.9990362180392
1.6226,-997.9991293502967
1.6242666666666667,-997.9996788306161
1.6259333333333335,-998.0006427494812
1.6276000000000002,-998.0019000349575
1.6292666666666666,-998.0032737357557
1.6309333333333333,-998.0045589609093
1.6326,-998.0055647892904
1.6342666666666668,-998.0061608357383
1.6359333333333335,-998.0062958775118
1.6376000000000002,-998.0060025109007
1.6392666666666666,-998.0053692115496
1.6409333333333334,-998.0045217080063
1.6426,-998.0036090118828
1.6442666666666668,-998.002775478178
1.6459333333333335,-998.0021468354399
1.6476000000000002,-998.0017975894742
1.6492666666666667,-998.0017556799584
1.6509333333333334,-998.001993167215
1.6526166666666668,-998.0024355454382
1.6542833333333333,-998.0029570860802
1.65595,-998.003450687045
1.6576166666666667,-998.0038139028493
1.6592833333333334,-998.0039861975256
1.6609500000000001,-998.0039536012355
1.6626166666666669,-998.0037393970432
1.6642833333333333,-998.0033854944647
1.66595,-998.0029384596287
1.6676166666666667,-998.0024541718897
1.6692833333333335,-998.0019745407635
1.6709500000000002,-998.0015507889918
1.6726166666666666,-998.001248109155
1.6742833333333333,-998.001136350446
1.67595,-998.0012760488322
1.6776166666666668,-998.0016765175395
1.6792833333333335,-998.0023191301162
1.6809666666666667,-998.0031200675309
1.6826333333333334,-998.0039675710741
1.6843000000000001,-998.0047359121985
1.6859666666666668,-998.0053226454208
1.6876333333333333,-998.005653264935
1.6893,-998.0057044876766
1.6909666666666667,-998.0054995967101
1.6926333333333334,-998.0050898147771
1.6943000000000001,-998.0045496476836
1.6959666666666668,-998.0039815409127
1.6976333333333333,-998.0034693134965
1.6993,-998.003115410918
1.7009666666666667,-998.0029757125317
1.7026333333333334,-998.0031060976922
1.7043000000000001,-998.0034786267222
1.7059666666666669,-998.004046733493
1.7076333333333333,-998.0047033159084
1.7093,-998.0053319586466
1.7109666666666667,-998.0058209029985
1.71265,-998.0060863299324
1.7143166666666667,-998.0061049563839
1.7159833333333334,-998.0058814389658
1.7176500000000001,-998.0054576871942
1.7193166666666668,-998.0049128634878
1.7209833333333333,-998.0043214736527
1.72265,-998.0037673367204
1.7243166666666667,-998.0033482415618
1.7259833333333334,-998.003152663821
1.7276500000000001,-998.0032364828527
1.7293166666666668,-998.0036090118828
1.7309833333333333,-998.004232998008
1.73265,-998.0050059957454
1.7343166666666667,-998.005802276547
1.7359833333333334,-998.0064914552526
1.7376500000000001,-998.00695711654
1.7393333333333334,-998.0071200979907
1.741,-998.0069710863787
1.7426666666666668,-998.006547334607
1.7443333333333335,-998.0059326617074
1.746,-998.0052248565504
1.7476666666666667,-998.0045263646192
1.7493333333333334,-998.0039489446226
1.7510000000000001,-998.003599698657
1.7526666666666668,-998.0035484759154
1.7543333333333335,-998.0038418425265
1.756,-998.0044472022003
1.7576666666666667,-998.0052760792921
1.7593333333333334,-998.0061841188027
1.7610000000000001,-998.0070176525074
1.7626666666666668,-998.0076369820198
1.7643333333333333,-998.0079582883083
1.766,-998.0079536316954
1.7676666666666667,-998.0076556084713
1.76935,-998.0071200979907
1.7710166666666667,-998.0064448891237
1.7726833333333334,-998.0057138009023
1.77435,-998.0050153089711
1.7760166666666668,-998.0044378889745
1.7776833333333335,-998.0040560467188
1.77935,-998.0039442880097
1.7810166666666667,-998.0041305525248
1.7826833333333334,-998.0046008704252
1.78435,-998.0052947057436
1.7860166666666668,-998.0060909865452
1.7876833333333335,-998.0068546710568
1.78935,-998.0074460608919
1.7910166666666667,-998.0077766804061
1.7926833333333334,-998.0078139333091
1.7943500000000001,-998.0075811026653
1.7960166666666668,-998.0071526942808
1.7976833333333335,-998.0066171838001
1.7993666666666668,-998.006063046868
1.8010333333333335,-998.0055647892904
1.8027000000000002,-998.0051969168732
1.8043666666666667,-998.0050292788097
1.8060333333333334,-998.0051177544543
1.8077,-998.0054949400973
1.8093666666666668,-998.0061468658997
1.8110333333333335,-998.0070036826688
1.8127,-998.0079582883083
1.8143666666666667,-998.0088663278189
1.8160333333333334,-998.0095927594274
1.8177,-998.0100351376506
1.8193666666666668,-998.0101189566823
1.8210333333333335,-998.0098349032969
1.8227,-998.0092155737846
1.8243666666666667,-998.0083447871768
1.8260333333333334,-998.0073436154087
1.8277,-998.0063471002534
1.8293833333333334,-998.0055228797745
1.83105,-998.0050106523582
1.8327166666666668,-998.0049175201007
1.8343833333333335,-998.0052667660664
1.8360500000000002,-998.0060071675135
1.8377166666666667,-998.0069943694431
1.8393833333333334,-998.0080467639528
1.84105,-998.0089780865279
1.8427166666666668,-998.0096346689432
1.8443833333333335,-998.0099373487802
1.8460500000000002,-998.009867499587
1.8477166666666667,-998.0094810007184
1.8493833333333334,-998.0088663278189
1.85105,-998.0081259263717
1.8527166666666668,-998.0073575852473
1.8543833333333335,-998.0066404668645
1.8560500000000002,-998.0060677034809
1.8577166666666667,-998.0057091442894
1.8594000000000002,-998.0056299818706
1.8610666666666666,-998.0058581559015
1.8627333333333334,-998.0063936663821
1.8644,-998.0071759773451
1.8660666666666668,-998.0081072999202
1.8677333333333335,-998.0090619055596
1.8694000000000002,-998.0098954392644
1.8710666666666667,-998.0104961423252
1.8727333333333334,-998.0107708824848
1.8744,-998.0106777502274
1.8760666666666668,-998.0102120889399
1.8777333333333335,-998.0094297779768
1.8794000000000002,-998.0084332628215
1.8810666666666667,-998.007366898473
1.8827333333333334,-998.0064076362207
1.8844,-998.0057417405797
1.8860666666666668,-998.005504253323
1.88775,-998.0057463971925
1.8894166666666667,-998.0064309192851
1.8910833333333334,-998.0074320910533
1.8927500000000002,-998.008563647982
1.8944166666666669,-998.0096300123304
1.8960833333333333,-998.0104449195836
1.89775,-998.0108919544197
1.8994166666666668,-998.0109292073226
1.9010833333333335,-998.0105753047441
1.9027500000000002,-998.0099187223287
1.9044166666666669,-998.0090758753983
1.9060833333333334,-998.008191118952
1.90775,-998.007404151376
1.9094166666666668,-998.0068360446053
1.9110833333333335,-998.0065752742843
1.9127500000000002,-998.0066730631546
1.9144166666666667,-998.0071107847649
1.9161000000000001,-998.0077999634705
1.9177666666666668,-998.0086195273365
1.9194333333333333,-998.0094297779768
1.9211,-998.0101003302308
1.9227666666666667,-998.0105473650668
1.9244333333333334,-998.0107243163561
1.9261000000000001,-998.0106451539373
1.9277666666666669,-998.0103564439389
1.9294333333333333,-998.0099140657159
1.9311,-998.0093878684609
1.9327666666666667,-998.0088477013674
1.9344333333333334,-998.0083680702412
1.9361000000000002,-998.0080281375014
1.9377666666666669,-998.007888439115
1.9394333333333333,-998.008004854437
1.9411,-998.0083680702412
1.9427666666666668,-998.0089361770121
1.9444333333333335,-998.0096113858789
1.9461000000000002,-998.010281938133
1.9477833333333334,-998.0108127920007
1.9494500000000001,-998.011101501999
1.9511166666666668,-998.0110735623217
1.9527833333333335,-998.0107010332918
1.95445,-998.0100165111991
1.9561166666666667,-998.0091084716884
1.9577833333333334,-998.0081072999202
1.9594500000000001,-998.0071666641194
1.9611166666666668,-998.0064635155752
1.9627833333333333,-998.0061515225126
1.96445,-998.0063145039633
1.9661166666666667,-998.0069664297658
1.9677833333333334,-998.008004854437
1.9694500000000001,-998.0092528266875
1.9711166666666669,-998.0104868290995
1.9727833333333333,-998.0114973140934
1.97445,-998.0121259568316
1.9761333333333335,-998.012293594895
1.9778,-998.0120281679611
1.9794666666666667,-998.0114274649003
1.9811333333333334,-998.0106311840987
1.9828000000000001,-998.0097790239424
1.9844666666666668,-998.0089873997537
1.9861333333333335,-998.0083541004026
1.9878,-998.0079489750825
1.9894666666666667,-998.0078279031477
1.9911333333333334,-998.0080327941142
1.9928000000000001,-998.008563647982
1.9944666666666668,-998.0093738986222
1.9961333333333335,-998.0103564439389
1.9978,-998.0113715855458
1.9994666666666667,-998.0122749684435
2.001133333333333,-998.0129455206976
2.0028,-998.0132901100503
2.0044666666666666,-998.0132761402117
2.00615,-998.0129129244075
2.007816666666667,-998.012256341992
2.0094833333333333,-998.0113948686102
2.01115,-998.0104588894222
2.0128166666666667,-998.0095974160403
2.0144833333333336,-998.0089687733022
2.01615,-998.0087080029812
2.0178166666666666,-998.0088849542703
2.0194833333333335,-998.0094903139442
2.02115,-998.0104123232935
2.022816666666667,-998.0114926574805
2.0244833333333334,-998.0125264255388
2.02615,-998.0133459894049
2.027816666666667,-998.0138163073053
2.0294833333333333,-998.0138954697242
2.0311500000000002,-998.0136160729517
2.0328333333333335,-998.0130759058582
2.0345,-998.0124193234427
2.036166666666667,-998.0117767108659
2.0378333333333334,-998.0112644834496
2.0395000000000003,-998.0109664602256
2.041166666666667,-998.0109245507098
2.0428333333333333,-998.0111480681278
2.0445,-998.0116137294153
2.0461666666666667,-998.0122703118307
2.0478333333333336,-998.0130479661808
2.0495,-998.0138582168212
2.0511666666666666,-998.014612588107
2.0528333333333335,-998.0152179477807
2.0545,-998.0156137598751
2.056166666666667,-998.0157488016486
2.0578333333333334,-998.0156044466494
2.0595,-998.0152086345549
2.061166666666667,-998.0146032748812
2.0628333333333333,-998.0138721866598
2.0645166666666666,-998.0131085021483
2.0661833333333335,-998.0124426065071
2.06785,-998.011995571671
2.069516666666667,-998.0118698431235
2.0711833333333334,-998.0121073303801
2.0728500000000003,-998.0126847503766
2.074516666666667,-998.0134996576297
2.0761833333333333,-998.0143797574632
2.07785,-998.0151574118133
2.0795166666666667,-998.0156742958425
2.0811833333333336,-998.015841933906
2.08285,-998.0156603260039
2.0845166666666666,-998.0151993213292
2.0861833333333335,-998.0145799918168
2.08785,-998.0139466924658
2.089516666666667,-998.0134204952109
2.0911833333333334,-998.0131085021483
2.0928500000000003,-998.0130665926324
2.0945333333333336,-998.0133227063405
2.0962,-998.013862873434
2.0978666666666665,-998.0146312145584
2.0995333333333335,-998.0155392540692
2.1012,-998.016475233257
2.102866666666667,-998.0173087669617
2.1045333333333334,-998.0179280964741
2.1062000000000003,-998.0182633726012
2.1078666666666668,-998.0182866556655
2.1095333333333333,-998.0180165721188
2.1112,-998.0175136579282
2.1128666666666667,-998.0168477622871
2.1145333333333336,-998.0160933910013
2.1162,-998.0153250498769
2.1178666666666666,-998.0146358711713
2.1195333333333335,-998.014123643755
2.1212,-998.0138861564984
2.1228833333333332,-998.0140072284331
2.12455,-998.0145101426236
2.1262166666666666,-998.0153529895541
2.1278833333333336,-998.0164100406768
2.12955,-998.0174950314768
2.131216666666667,-998.0184263540517
2.1328833333333335,-998.0190363703384
2.13455,-998.0192133216277
2.136216666666667,-998.0189572079196
2.1378833333333334,-998.0183192519556
2.1395500000000003,-998.0174391521222
2.1412166666666668,-998.016475233257
2.1428833333333333,-998.015618416488
2.14455,-998.0150363398786
2.1462166666666667,-998.0148593885893
2.1478833333333336,-998.0151620684262
2.14955,-998.0159350661635
2.1512166666666666,-998.0170712797051
2.1529000000000003,-998.0183937577616
2.1545666666666667,-998.0196929527539
2.1562333333333332,-998.0207639737151
2.1579,-998.0214671222593
2.1595666666666666,-998.0217511756447
2.1612333333333336,-998.0216533867743
2.1629,-998.0212715445185
2.164566666666667,-998.0207220641993
2.1662333333333335,-998.0201120479126
2.1679,-998.0195066882388
2.169566666666667,-998.0189385814681
2.1712333333333333,-998.0184356672776
2.1729000000000003,-998.0180351985703
2.1745666666666668,-998.0177790848621
2.1762333333333332,-998.0177278621205
2.1779,-998.0179141266354
2.1795666666666667,-998.01834253502
2.1812333333333336,-998.0189618645325
2.182916666666667,-998.0196743263024
2.1845833333333333,-998.0203495351692
2.1862500000000002,-998.020843136134
2.1879166666666667,-998.0210387138748
2.1895833333333337,-998.0208757324242
2.19125,-998.0203495351692
2.1929166666666666,-998.0195346279161
2.1945833333333336,-998.0185753656638
2.19625,-998.0176533563144
2.197916666666667,-998.0169641776089
2.1995833333333334,-998.0166754676106
2.20125,-998.0168943284158
2.202916666666667,-998.0176254166372
2.2045833333333333,-998.0187849132432
2.2062500000000003,-998.0201818971058
2.2079166666666667,-998.0215788809683
2.2095833333333332,-998.0227430341871
2.211266666666667,-998.0234834356343
2.2129333333333334,-998.0237209228909
2.2146,-998.0234601525699
2.216266666666667,-998.0228175399931
2.2179333333333333,-998.0219374401597
2.2196000000000002,-998.0209968043589
2.2212666666666667,-998.020130674364
2.2229333333333336,-998.0194368390457
2.2246,-998.018980490984
2.2262666666666666,-998.0187942264689
2.2279333333333335,-998.0188873587264
2.2296,-998.019241261305
2.231266666666667,-998.01980005485
2.2329333333333334,-998.0204892335555
2.2346,-998.0212016953254
2.236266666666667,-998.0218256814507
2.2379333333333333,-998.0222540898352
2.2396000000000003,-998.0224031014473
2.2412833333333335,-998.0222354633837
2.24295,-998.0217558322576
2.244616666666667,-998.0210154308104
2.2462833333333334,-998.0200841082353
2.24795,-998.0190736232414
2.249616666666667,-998.0181097043762
2.2512833333333333,-998.0173460198647
2.2529500000000002,-998.016922268093
2.2546166666666667,-998.0169362379316
2.2562833333333336,-998.0174344955093
2.25795,-998.0183658180844
2.2596166666666666,-998.0195811940448
2.2612833333333335,-998.0208897022628
2.26295,-998.0220631687073
2.264616666666667,-998.0229199854764
2.2662833333333334,-998.0233390806352
2.26795,-998.0233018277321
2.2696333333333336,-998.0228780759605
2.2713,-998.0221982104807
2.2729666666666666,-998.0214205561306
2.2746333333333335,-998.0206987811349
2.2763,-998.0201539574285
2.277966666666667,-998.0198838738817
2.2796333333333334,-998.0199397532363
2.2813000000000003,-998.0203355653306
2.282966666666667,-998.021029400649
2.2846333333333333,-998.0219234703211
2.2863,-998.0228780759605
2.2879666666666667,-998.023753519181
2.2896333333333336,-998.0244147582093
2.2913,-998.0247733174007
2.2929666666666666,-998.0247919438523
2.2946333333333335,-998.0244892640153
2.2963,-998.0239165006317
2.297966666666667,-998.0231481595073
2.29965,-998.022263403061
2.3013166666666667,-998.0213413937116
2.3029833333333336,-998.0204799203298
2.30465,-998.0197907416242
2.3063166666666666,-998.0193995861426
2.3079833333333335,-998.0194135559814
2.30965,-998.0198559342044
2.311316666666667,-998.020694124522
2.3129833333333334,-998.0218023983863
2.3146500000000003,-998.0229898346695
2.3163333333333336,-998.0240608556309
2.318,-998.024838509981
2.319666666666667,-998.0251970691723
2.3213333333333335,-998.0250806538505
2.323,-998.0245265169183
2.324666666666667,-998.0236277906334
2.3263333333333334,-998.0225427998334
2.3280000000000003,-998.0214531524207
2.3296666666666668,-998.0205730525872
2.3313333333333333,-998.0200654817838
2.333,-998.0200561685581
2.3346666666666667,-998.0205637393615
2.3363333333333336,-998.021513688388
2.338,-998.0227383775742
2.3396666666666666,-998.0240329159535
2.3413333333333335,-998.0251830993337
2.343,-998.0260166330385
2.344666666666667,-998.0264450414229
2.3463333333333334,-998.0264590112615
2.3480000000000003,-998.0261097652959
2.349666666666667,-998.0254997490092
2.3513333333333333,-998.0247407211106
2.353,-998.0239165006317
2.3546666666666667,-998.0231015933786
2.3563333333333336,-998.0223518787056
2.358016666666667,-998.0217465190318
2.3596833333333334,-998.0213739900018
2.3613500000000003,-998.0213181106473
2.3630166666666668,-998.0216207904842
2.3646833333333332,-998.022263403061
2.36635,-998.023157472733
2.3680166666666667,-998.0241586445012
2.3696833333333336,-998.0250946236891
2.37135,-998.0257838023947
2.373016666666667,-998.0261097652959
2.3746833333333335,-998.0260212896513
2.37635,-998.0255463151381
2.378016666666667,-998.0247872872394
2.3796833333333334,-998.0239025307931
2.3813500000000003,-998.0230550272497
2.383016666666667,-998.022412414673
2.3846833333333333,-998.0221097348361
2.38635,-998.0222075237065
2.3880333333333335,-998.0227011246712
2.3897,-998.02349274886
2.391366666666667,-998.0244240714351
2.3930333333333333,-998.02532279772
2.3947000000000003,-998.0260166330385
2.3963666666666668,-998.026403131907
2.3980333333333332,-998.02644038481
2.3997,-998.0261842711019
2.4013666666666666,-998.0257279230401
2.4030333333333336,-998.0252017257852
2.4047,-998.0247034682076
2.406366666666667,-998.0243123127261
2.4080500000000002,-998.0240701688566
2.4097166666666667,-998.0239816932119
2.4113833333333337,-998.0240515424051
2.41305,-998.0242564333715
2.4147166666666666,-998.0245684264343
2.4163833333333335,-998.0249456120771
2.41805,-998.0253367675587
2.419716666666667,-998.0256860135243
2.4213833333333334,-998.0259281573938
2.42305,-998.0260073198127
2.424716666666667,-998.0258862478779
2.4263833333333333,-998.0255649415896
2.4280500000000003,-998.0250759972376
2.4297166666666667,-998.0244706375638
2.4313833333333332,-998.0238373382128
2.43305,-998.0232506049905
2.4347166666666666,-998.0228082267673
2.4363833333333336,-998.0225893659623
2.43805,-998.0226778416069
2.439716666666667,-998.0231062499914
2.4413833333333335,-998.0238606212772
2.44305,-998.0248664496582
2.444716666666667,-998.025993349974
2.4463833333333334,-998.0270876539997
2.4480666666666666,-998.0279817236718
2.4497333333333335,-998.0285638002812
2.4514,-998.0287640346348
2.453066666666667,-998.0285824267327
2.4547333333333334,-998.0280795125421
2.4564,-998.0273623941594
2.458066666666667,-998.0265521435191
2.4597333333333333,-998.025774489169
2.4614000000000003,-998.0251318765921
2.4630666666666667,-998.0247174380462
2.4647333333333337,-998.0245823962729
2.4664,-998.0247360644977
2.4680666666666666,-998.0251505030436
2.4697333333333336,-998.0257465494916
2.4714,-998.0264217583585
2.473066666666667,-998.0270550577096
2.4747333333333335,-998.0275486586744
2.4764166666666667,-998.0278373686726
2.4780833333333336,-998.0278885914142
2.47975,-998.0277256099637
2.4814166666666666,-998.0273856772237
2.4830833333333335,-998.0269200159362
2.48475,-998.0263705356169
2.486416666666667,-998.0257884590076
2.4880833333333334,-998.0252389786882
2.48975,-998.0248059136909
2.491416666666667,-998.02457773966
2.4930833333333333,-998.0246382756274
2.4947500000000002,-998.0250247744959
2.4964166666666667,-998.0257279230401
2.4980833333333337,-998.0266685588409
2.49975,-998.0277116401251
2.5014166666666666,-998.0286988420546
2.5030833333333335,-998.0294718397919
2.504766666666667,-998.0299002481763
2.5064333333333333,-998.0299281878537
2.5081,-998.0295510022107
2.5097666666666667,-998.0288571668923
2.5114333333333336,-998.0279630972203
2.5131,-998.027041087871
2.5147666666666666,-998.0262774033595
2.5164333333333335,-998.0258303685234
2.5181,-998.0258070854591
2.519766666666667,-998.0262261806178
2.5214333333333334,-998.0270178048066
2.5231000000000003,-998.0280189765748
2.524766666666667,-998.0290341181816
2.5264333333333333,-998.0298676518862
2.5281000000000002,-998.0303845359153
2.5297666666666667,-998.0305288909145
2.5314333333333336,-998.0303193433351
2.5331,-998.0298536820476
2.5347833333333334,-998.0292390091481
2.5364500000000003,-998.0285917399584
2.538116666666667,-998.0279956935104
2.5397833333333333,-998.0275160623843
2.54145,-998.0271900994829
2.5431166666666667,-998.0270550577096
2.5447833333333336,-998.0271388767413
2.54645,-998.0274462131911
2.5481166666666666,-998.0279770670589
2.5497833333333335,-998.028680215603
2.55145,-998.0294811530176
2.553116666666667,-998.0302774338193
2.5547833333333334,-998.0309759257506
2.5564500000000003,-998.0314695267153
2.558116666666667,-998.0316977007462
2.5597833333333333,-998.0316185383274
2.5614500000000002,-998.0312460092973
2.5631166666666667,-998.0306266797849
2.5648,-998.0298443688218
2.566466666666667,-998.0290248049558
2.5681333333333334,-998.0283169997988
2.5698000000000003,-998.0278746215756
2.571466666666667,-998.0278001157697
2.5731333333333333,-998.0281400485095
2.5748,-998.0288338838279
2.5764666666666667,-998.0297419233386
2.5781333333333336,-998.0306732459137
2.5798,-998.0314276171995
2.5814666666666666,-998.0318467123582
2.5831333333333335,-998.0318467123582
2.5848,-998.0314322738124
2.586466666666667,-998.0306732459137
2.5881333333333334,-998.0297000138228
2.5898000000000003,-998.0286522759258
2.591466666666667,-998.0276930136735
2.5931333333333333,-998.0269572688392
2.594816666666667,-998.0265614567448
2.5964833333333335,-998.0265847398092
2.59815,-998.0270317746453
2.599816666666667,-998.0278466818984
2.6014833333333334,-998.0289130462468
2.6031500000000003,-998.030063229627
2.604816666666667,-998.0311249373625
2.6064833333333333,-998.0319538144544
2.60815,-998.0324334455805
2.6098166666666667,-998.032526577838
2.6114833333333336,-998.0322564942912
2.61315,-998.0317116705849
2.614816666666667,-998.0309898955892
2.6164833333333335,-998.0302075846262
2.61815,-998.0294764964048
2.619816666666667,-998.0288897631824
2.6215,-998.0285265473782
2.6231666666666666,-998.0284520415722
2.6248333333333336,-998.028680215603
2.6265,-998.0291877864065
2.628166666666667,-998.0298955915634
2.6298333333333335,-998.0306872157523
2.6315,-998.0314276171995
2.633166666666667,-998.0320003805831
2.6348333333333334,-998.03230306042
2.6365000000000003,-998.0322937471942
2.6381666666666668,-998.0319817541316
2.6398333333333333,-998.0314183039737
2.6415,-998.0306918723652
2.6431666666666667,-998.0299095614022
2.6448333333333336,-998.029206412858
2.6465,-998.0287034986675
2.648166666666667,-998.028498607701
2.6498333333333335,-998.0286476193129
2.6515,-998.0291225938262
2.6531833333333337,-998.0298164291446
2.65485,-998.030584770269
2.6565166666666666,-998.0312506659102
2.6581833333333336,-998.0316790742947
2.65985,-998.0317861763908
2.661516666666667,-998.0315859420372
2.6631833333333335,-998.0311435638141
2.66485,-998.030584770269
2.666516666666667,-998.0300306333369
2.6681833333333334,-998.029578941888
2.6698500000000003,-998.0292948885026
2.6715166666666668,-998.0291924430194
2.6731833333333332,-998.0292762620511
2.67485,-998.0295370323721
2.6765166666666667,-998.0299654407567
2.6781833333333336,-998.030547517366
2.67985,-998.0312413526844
2.681516666666667,-998.0320003805831
2.6832000000000003,-998.0327361254174
2.6848666666666667,-998.0333647681556
2.6865333333333337,-998.0338071463786
2.6882,-998.034016693958
2.6898666666666666,-998.0339654712164
2.6915333333333336,-998.033686074444
2.6932,-998.0332204131564
2.694866666666667,-998.032638336547
2.6965333333333334,-998.0320236636475
2.6982,-998.0314602134896
2.699866666666667,-998.0310504315565
2.7015333333333333,-998.0308641670415
2.7032000000000003,-998.0309572992991
2.7048666666666668,-998.0313018886518
2.7065333333333337,-998.0318280859067
2.7082,-998.0323961926775
2.7098666666666666,-998.0328758238037
2.7115500000000003,-998.0331598771891
2.713216666666667,-998.0331924734792
2.7148833333333333,-998.0329829258998
2.7165500000000002,-998.0325871138053
2.7182166666666667,-998.0320795430019
2.7198833333333337,-998.031553345747
2.72155,-998.0310597447823
2.7232166666666666,-998.0306546194622
2.7248833333333335,-998.0303752226896
2.72655,-998.0302774338193
2.728216666666667,-998.0303891925282
2.7298833333333334,-998.0307430951068
2.73155,-998.0313251717162
2.733216666666667,-998.0320935128406
2.7348833333333333,-998.0329549862225
2.7365500000000003,-998.03379317654
2.7382166666666667,-998.0344730420198
2.7398833333333337,-998.0348874805658
2.741566666666667,-998.0349666429846
2.7432333333333334,-998.0347012160507
2.7449000000000003,-998.0341470791186
2.746566666666667,-998.0334066776715
2.7482333333333333,-998.0326010836441
2.7499000000000002,-998.0318560255839
2.7515666666666667,-998.0312832622003
2.7532333333333336,-998.0309805823634
2.7549,-998.0310038654278
2.7565666666666666,-998.0313437981677
2.7582333333333335,-998.0319491578415
2.7599,-998.0327035291273
2.761566666666667,-998.0334625570259
2.7632333333333334,-998.034095856377
2.7649,-998.0345102949228
2.766566666666667,-998.0346499933091
2.7682333333333333,-998.0345102949228
2.7699000000000003,-998.0341237960542
2.7715833333333335,-998.0335417194448
2.77325,-998.0328385709007
2.774916666666667,-998.0320981694534
2.7765833333333334,-998.0314136473609
2.7782500000000003,-998.0309014199446
2.779916666666667,-998.0306685893008
2.7815833333333333,-998.0307756913969
2.7832500000000002,-998.0312460092973
2.7849166666666667,-998.032005037196
2.7865833333333336,-998.0329223899324
2.78825,-998.033835086056
2.7899166666666666,-998.034580144116
2.7915833333333335,-998.0350364921778
2.79325,-998.0351482508868
2.794916666666667,-998.0349387033074
2.7965833333333334,-998.0344870118585
2.7982500000000003,-998.0339049352491
2.7999333333333336,-998.0332902623495
2.8016,-998.0327174989659
2.803266666666667,-998.0322425244526
2.8049333333333335,-998.0318979350999
2.8066,-998.0317396102621
2.808266666666667,-998.0318234292938
2.8099333333333334,-998.0321633620338
2.8116000000000003,-998.0327547518689
2.813266666666667,-998.0335184363804
2.8149333333333333,-998.0343240304079
2.8166,-998.0350318355648
2.8182666666666667,-998.0355021534652
2.8199333333333336,-998.0356278820129
2.8216,-998.0353764249177
2.8232666666666666,-998.0347710652438
2.8249333333333335,-998.0339049352491
2.8266,-998.0329130767067
2.8282833333333333,-998.0319491578415
2.82995,-998.03118547333
2.8316166666666667,-998.030771034784
2.8332833333333336,-998.030808287687
2.83495,-998.031329828329
2.836616666666667,-998.0322611509041
2.8382833333333335,-998.033457900413
2.83995,-998.0347058726636
2.841616666666667,-998.0357955200765
2.8432833333333334,-998.0365405781365
2.8449500000000003,-998.0368479145862
2.846616666666667,-998.0367221860386
2.8482833333333333,-998.0362425549124
2.84995,-998.0355487195941
2.8516166666666667,-998.0347803784696
2.8532833333333336,-998.0340632600869
2.85495,-998.0334625570259
2.8566166666666666,-998.033010865577
2.8583000000000003,-998.0327314688045
2.8599666666666668,-998.0326336799342
2.8616333333333333,-998.0327407820303
2.8633,-998.0330574317057
2.8649666666666667,-998.033569659122
2.8666333333333336,-998.0342215849246
2.8683,-998.0349293900816
2.869966666666667,-998.03559062911
2.8716333333333335,-998.0361028565262
2.8733,-998.0363775966858
2.874966666666667,-998.0363543136215
2.8766333333333334,-998.0360143808816
2.8783000000000003,-998.0353950513692
2.879966666666667,-998.0345661742774
2.8816333333333333,-998.0336534781538
2.8833,-998.0327966613847
2.8849666666666667,-998.032154048808
2.8866333333333336,-998.0318467123582
2.888316666666667,-998.0319258747771
2.8899833333333333,-998.0323635963874
2.8916500000000003,-998.0330341486414
2.8933166666666668,-998.03379317654
2.8949833333333337,-998.0344730420198
2.89665,-998.0349480165331
2.8983166666666667,-998.0351575641125
2.8999833333333336,-998.0350923715323
2.90165,-998.0347943483083
2.903316666666667,-998.0343426568594
2.9049833333333335,-998.0338304294431
2.90665,-998.0333461417041
2.908316666666667,-998.0329642994483
2.9099833333333334,-998.0327407820303
2.9116666666666666,-998.0327174989659
2.9133333333333336,-998.0329084200938
2.915,-998.0333182020267
2.916666666666667,-998.033909591862
2.9183333333333334,-998.0346313668576
2.92,-998.0353950513692
2.921666666666667,-998.0361168263648
2.9233333333333333,-998.0366989029742
2.9250000000000003,-998.0370900584558
2.9266666666666667,-998.0372483832936
2.9283333333333337,-998.0371645642617
2.93,-998.0368432579734
2.9316666666666666,-998.0363217173314
2.9333333333333336,-998.0356418518516
2.935,-998.0348967937915
2.936666666666667,-998.0341843320216
2.9383333333333335,-998.033648821541
2.94,-998.0334020210586
2.941666666666667,-998.033532406219
2.9433333333333334,-998.0340306637967
2.9450000000000003,-998.0348176313727
2.9466833333333335,-998.0357396407219
2.94835,-998.0365871442652
2.950016666666667,-998.0371692208746
2.9516833333333334,-998.0373322023253
2.95335,-998.0370015828112
2.955016666666667,-998.0361959887837
2.9566833333333333,-998.0350178657262
2.9583500000000003,-998.0336441649281
2.9600166666666667,-998.0322844339685
2.9616833333333337,-998.0311575336527
2.96335,-998.0304590417214
2.9650166666666666,-998.0303100301094
2.9666833333333336,-998.0307570649454
2.96835,-998.0317209838106
2.970016666666667,-998.0330388052543
2.9716833333333335,-998.0344916684713
2.97335,-998.0358327729795
2.975016666666667,-998.0368758542635
2.9767,-998.0375091536146
2.9783666666666666,-998.0377093879681
2.9800333333333335,-998.0375510631304
2.9817,-998.0371412811974
2.983366666666667,-998.0366197405554
2.9850333333333334,-998.0360935433005
2.9867000000000004,-998.0356278820129
2.988366666666667,-998.0352600095957
2.9900333333333333,-998.0350085525005
2.9917000000000002,-998.0348874805658
2.9933666666666667,-998.034915420243
2.9950333333333337,-998.0350970281452
2.9967,-998.0354136778207
2.9983666666666666,-998.035814146528
3.0000333333333336,-998.0362332416867
3.0017,-998.0365871442652
3.003366666666667,-998.0367966918446
3.00505,-998.0367873786189
3.0067166666666667,-998.0365172950721
3.0083833333333336,-998.0359864412043
3.01005,-998.0352367265314
3.0117166666666666,-998.0343659399238
3.0133833333333335,-998.0335044665418
3.01505,-998.0328106312234
3.016716666666667,-998.0324381021934
3.0183833333333334,-998.032489324935
3.0200500000000003,-998.0329829258998
3.021716666666667,-998.0338490558946
3.0233833333333333,-998.0349200768559
3.0250500000000002,-998.0360004110429
3.0267166666666667,-998.036894480715
3.0283833333333336,-998.0374765573245
3.03005,-998.0376907615166
3.0317166666666666,-998.0375696895819
3.0333833333333335,-998.0372018171647
3.035066666666667,-998.0366895897484
3.0367333333333333,-998.0361168263648
3.0384,-998.0355300931426
3.0400666666666667,-998.034952673146
3.0417333333333336,-998.0344031928267
3.0434,-998.0339189050877
3.045066666666667,-998.0335510326705
3.0467333333333335,-998.0333694247685
3.0484,-998.0334253041229
3.050066666666667,-998.0337233273469
3.0517333333333334,-998.0342262415375
3.0534000000000003,-998.0348455710499
3.055066666666667,-998.0354649005623
3.0567333333333333,-998.0359631581399
3.0584000000000002,-998.0362425549124
3.0600666666666667,-998.0362425549124
3.0617333333333336,-998.035958501527
3.0634,-998.0354229910464
3.0650833333333334,-998.0347151858894
3.0667500000000003,-998.0339608146036
3.068416666666667,-998.0333042321881
3.0700833333333333,-998.0328897936423
3.07175,-998.0328199444491
3.0734166666666667,-998.0331412507376
3.0750833333333336,-998.0337978331529
3.07675,-998.0346872462121
3.078416666666667,-998.0356418518516
3.0800833333333335,-998.0365033252335
3.08175,-998.0371226547459
3.083416666666667,-998.0374113647441
3.0850833333333334,-998.0373508287768
3.0867500000000003,-998.0369782997467
3.088416666666667,-998.0363915665245
3.0900833333333333,-998.0357023878189
3.09175,-998.035027178952
3.0934333333333335,-998.0344637287941
3.0951,-998.0341051696028
3.096766666666667,-998.034016693958
3.0984333333333334,-998.0342169283117
3.1001000000000003,-998.034691902825
3.101766666666667,-998.0353764249177
3.1034333333333333,-998.0361587358807
3.1051,-998.0368991373279
3.1067666666666667,-998.0374719007115
3.1084333333333336,-998.0377792371613
3.1101,-998.0377792371613
3.111766666666667,-998.0374765573245
3.1134333333333335,-998.0369224203922
3.1151,-998.0362053020094
3.116766666666667,-998.0353950513692
3.1184333333333334,-998.0345754875032
3.1201000000000003,-998.0338211162174
3.121766666666667,-998.0332110999307
3.12345,-998.0328199444491
3.125116666666667,-998.0327221555788
3.1267833333333335,-998.0329503296097
3.12845,-998.0334904967032
3.130116666666667,-998.0342634944404
3.1317833333333334,-998.035138937661
3.1334500000000003,-998.0359445316884
3.1351166666666668,-998.0365126384593
3.1367833333333337,-998.0367221860386
3.13845,-998.0365126384593
3.1401166666666667,-998.0359259052369
3.1417833333333336,-998.0350644318551
3.14345,-998.034095856377
3.145116666666667,-998.033197130092
3.1467833333333335,-998.0325172646122
3.14845,-998.0321726752595
3.150116666666667,-998.0322192413882
3.1517833333333334,-998.0326336799342
3.1534666666666666,-998.0333182020267
3.1551333333333336,-998.0341377658929
3.1568,-998.0349247334688
3.158466666666667,-998.0355440629812
3.1601333333333335,-998.0359026221726
3.1618,-998.0359771279785
3.163466666666667,-998.0357955200765
3.1651333333333334,-998.0354183344335
3.1668000000000003,-998.0349200768559
3.1684666666666668,-998.0343519700851
3.1701333333333337,-998.0337605802499
3.1718,-998.0331598771891
3.1734666666666667,-998.0325824571925
3.1751333333333336,-998.0320841996148
3.1768,-998.031744266875
3.178466666666667,-998.0316464780046
3.1801333333333335,-998.0318467123582
3.1818166666666667,-998.0323542831617
3.1834833333333337,-998.0331133110603
3.18515,-998.0340073807323
3.1868166666666666,-998.0348688541143
3.1884833333333336,-998.0355161233039
3.19015,-998.035814146528
3.191816666666667,-998.0356744481417
3.1934833333333335,-998.0351156545967
3.19515,-998.0342169283117
3.196816666666667,-998.0331412507376
3.1984833333333333,-998.0320702297762
3.2001500000000003,-998.0311994431686
3.2018166666666668,-998.0306825591394
3.2034833333333337,-998.030622023172
3.20515,-998.031031805105
3.2068166666666666,-998.0318467123582
3.2084833333333336,-998.0329317031582
3.210166666666667,-998.0341284526671
3.2118333333333333,-998.0352600095957
3.2135000000000002,-998.0361913321708
3.2151666666666667,-998.0368292881348
3.2168333333333337,-998.0371459378102
3.2185,-998.0371505944231
3.2201666666666666,-998.0369037939407
3.2218333333333335,-998.0364614157176
3.2235,-998.0359072787854
3.225166666666667,-998.0353345154018
3.2268333333333334,-998.034840914437
3.2285000000000004,-998.0345335779872
3.230166666666667,-998.0344870118585
3.2318333333333333,-998.0347431255666
3.2335000000000003,-998.0352646662086
3.2351666666666667,-998.0359538449142
3.2368333333333337,-998.036670963297
3.2385,-998.0372530399064
3.2401666666666666,-998.0375603763562
3.2418500000000003,-998.0375044970017
3.243516666666667,-998.0370481489399
3.2451833333333333,-998.0362378982995
3.2468500000000002,-998.0351668773383
3.2485166666666667,-998.0339840976679
3.2501833333333336,-998.0328478841265
3.25185,-998.0319351880029
3.2535166666666666,-998.0313857076836
3.2551833333333335,-998.031292575426
3.25685,-998.0316744176819
3.258516666666667,-998.0324800117093
3.2601833333333334,-998.0335789723479
3.2618500000000004,-998.0347896916953
3.263516666666667,-998.0359165920112
3.2651833333333333,-998.0367734087803
3.2668500000000003,-998.0372390700678
3.2685166666666667,-998.0372437266807
3.2701833333333337,-998.0368106616833
3.271866666666667,-998.0360330073331
3.2735333333333334,-998.0350458054036
3.2752000000000003,-998.0340027241194
3.276866666666667,-998.0330527750929
3.2785333333333333,-998.0323216868715
3.2802000000000002,-998.0319072483256
3.2818666666666667,-998.0318560255839
3.2835333333333336,-998.032154048808
3.2852,-998.0327268121916
3.2868666666666666,-998.0334485871873
3.2885333333333335,-998.0341657055701
3.2902,-998.0347198425022
3.291866666666667,-998.0350038958876
3.2935333333333334,-998.0349573297589
3.2952000000000004,-998.0345941139547
3.296866666666667,-998.0339887542808
3.2985333333333333,-998.0332530094465
3.300216666666667,-998.0324939815479
3.3018833333333335,-998.0318187726809
3.30355,-998.0312972320389
3.305216666666667,-998.0309712691377
3.3068833333333334,-998.030887450106
3.3085500000000003,-998.0310644013952
3.310216666666667,-998.0315254060698
3.3118833333333333,-998.0322378678397
3.31355,-998.0331179676732
3.3152166666666667,-998.0340446336353
3.3168833333333336,-998.0348595408885
3.31855,-998.0354136778207
3.320216666666667,-998.0355999423357
3.3218833333333335,-998.0353764249177
3.32355,-998.0347617520181
3.325216666666667,-998.0338583691204
3.3268833333333334,-998.0328106312234
3.3285666666666667,-998.0317954896166
3.3302333333333336,-998.0309945522021
3.3319,-998.030547517366
3.333566666666667,-998.0305382041403
3.3352333333333335,-998.030961955912
3.3369,-998.0317396102621
3.338566666666667,-998.0327035291273
3.3402333333333334,-998.0336721046053
3.3419000000000003,-998.0344544155683
3.343566666666667,-998.0349247334688
3.3452333333333333,-998.0350178657262
3.3469,-998.0347617520181
3.3485666666666667,-998.0342402113761
3.3502333333333336,-998.0335650025091
3.3519,-998.0328618539651
3.353566666666667,-998.0321866450981
3.3552333333333335,-998.0315812854243
3.3569,-998.0310457749437
3.3585833333333337,-998.0306033967205
3.36025,-998.0302914036579
3.3619166666666667,-998.0301703317232
3.3635833333333336,-998.0303007168836
3.36525,-998.0307198120424
3.366916666666667,-998.0314136473609
3.3685833333333335,-998.0323216868715
3.37025,-998.0333228586396
3.371916666666667,-998.0342821208919
3.3735833333333334,-998.0350411487907
3.3752500000000003,-998.0354788704009
3.376916666666667,-998.0355254365297
3.3785833333333337,-998.0351715339511
3.38025,-998.034468385407
3.3819166666666667,-998.0335277496062
3.3835833333333336,-998.0325079513865
3.38525,-998.03159059865
3.386916666666667,-998.0309479860733
3.3886000000000003,-998.0307058422038
3.3902666666666668,-998.0309014199446
3.3919333333333337,-998.0314788399411
3.3936,-998.0322984038071
3.3952666666666667,-998.033197130092
3.3969333333333336,-998.0340073807323
3.3986,-998.0345987705675
3.400266666666667,-998.0349014504044
3.4019333333333335,-998.0349014504044
3.4036,-998.0346220536319
3.405266666666667,-998.0341144828285
3.4069333333333334,-998.0334346173487
3.4086000000000003,-998.0326709328372
3.410266666666667,-998.0319119049385
3.4119333333333337,-998.0312786055874
3.4136,-998.0308641670415
3.4152666666666667,-998.030733781881
3.4169333333333336,-998.0309060765575
3.418616666666667,-998.0313251717162
3.4202833333333333,-998.0319119049385
3.4219500000000003,-998.0325405476766
3.4236166666666668,-998.033090027996
3.4252833333333337,-998.033457900413
3.42695,-998.0335650025091
3.4286166666666666,-998.0333927078328
3.4302833333333336,-998.0329596428354
3.43195,-998.0323216868715
3.433616666666667,-998.0315673155857
3.4352833333333335,-998.0307896612355
3.43695,-998.03010048253
3.438616666666667,-998.0296208514038
3.4402833333333334,-998.0294532133404
3.4419500000000003,-998.0296674175327
3.4436166666666668,-998.0302727772064
3.4452833333333337,-998.0312134130072
3.446966666666667,-998.0323682530003
3.4486333333333334,-998.0335650025091
3.4503000000000004,-998.0346267102448
3.451966666666667,-998.0353903947563
3.4536333333333333,-998.0357256708833
3.4553000000000003,-998.0355766592713
3.4569666666666667,-998.0349619863717
3.4586333333333337,-998.0339561579907
3.4603,-998.032712842353
3.4619666666666666,-998.0314136473609
3.4636333333333336,-998.0302634639806
3.4653,-998.0294485567275
3.466966666666667,-998.0290993107618
3.4686333333333335,-998.0292483223739
3.4703000000000004,-998.0298117725317
3.471966666666667,-998.0306127099462
3.4736333333333334,-998.0314322738124
3.475316666666667,-998.0320609165504
3.4769833333333335,-998.0323682530003
3.47865,-998.03230306042
3.480316666666667,-998.0319072483256
3.4819833333333334,-998.0312879188132
3.4836500000000004,-998.0305708004304
3.485316666666667,-998.0298862783377
3.4869833333333333,-998.0293367980184
3.4886500000000003,-998.0289922086657
3.4903166666666667,-998.0288804499567
3.4919833333333337,-998.0290248049558
3.49365,-998.0294019905987
3.4953166666666666,-998.0299840672081
3.4969833333333336,-998.0307011855909
3.49865,-998.0314602134896
3.500316666666667,-998.0321633620338
3.5019833333333334,-998.0326988725144
3.5036666666666667,-998.0329782692869
3.5053333333333336,-998.0329596428354
3.507,-998.0326336799342
3.508666666666667,-998.032042290099
3.5103333333333335,-998.0312553225231
3.512,-998.0303659094639
3.513666666666667,-998.0294718397919
3.5153333333333334,-998.0286848722159
3.5170000000000003,-998.0281167654451
3.518666666666667,-998.027860651737
3.5203333333333333,-998.0279724104461
3.5220000000000002,-998.0284241018949
3.5236666666666667,-998.0291319070519
3.5253333333333337,-998.0299607841438
3.527,-998.0307524083325
3.5286666666666666,-998.0313810510708
3.5303333333333335,-998.0317535801007
3.532,-998.0318373991324
3.533666666666667,-998.0316557912304
3.53535,-998.0312599791359
3.5370166666666667,-998.0307244686553
3.5386833333333336,-998.0301144523686
3.54035,-998.029504436082
3.542016666666667,-998.0289642689885
3.5436833333333335,-998.0285870833455
3.54535,-998.0284380717335
3.547016666666667,-998.028568456894
3.5486833333333334,-998.0289782388271
3.5503500000000003,-998.029616194791
3.552016666666667,-998.0303798793025
3.5536833333333333,-998.0311389072012
3.5553500000000002,-998.0317535801007
3.5570166666666667,-998.0321074826793
3.5586833333333336,-998.0321400789694
3.56035,-998.0318467123582
3.562016666666667,-998.0312879188132
3.5636833333333335,-998.0305521739789
3.565366666666667,-998.0297465799515
3.5670333333333337,-998.0289689256014
3.5687,-998.0283263130245
3.5703666666666667,-998.0278932480271
3.5720333333333336,-998.0277302665766
3.5737,-998.0278513385113
3.575366666666667,-998.0282331807671
3.5770333333333335,-998.0288059441507
3.5787,-998.0294625265661
3.580366666666667,-998.0300911693042
3.5820333333333334,-998.0305801136561
3.5837000000000003,-998.0308595104286
3.585366666666667,-998.0308781368801
3.5870333333333333,-998.0306453062365
3.5887000000000002,-998.0301889581747
3.5903666666666667,-998.0295696286622
3.5920333333333336,-998.0288711367309
3.5937,-998.028200584477
3.5953833333333334,-998.027674387222
3.5970500000000003,-998.0274043036752
3.598716666666667,-998.0274834660942
3.6003833333333337,-998.027935157543
3.60205,-998.0287081552804
3.6037166666666667,-998.0296720741455
3.6053833333333336,-998.0306453062365
3.60705,-998.0314509002638
3.608716666666667,-998.03193053139
3.6103833333333335,-998.0320283202603
3.61205,-998.0317582367136
3.613716666666667,-998.0312040997815
3.6153833333333334,-998.0304869813987
3.6170500000000003,-998.0297232968871
3.618716666666667,-998.0289922086657
3.6203833333333333,-998.0283589093146
3.62205,-998.0278653083499
3.6237333333333335,-998.0275486586744
3.6254,-998.0274508698039
3.627066666666667,-998.0275905681902
3.6287333333333334,-998.0279630972203
3.6304000000000003,-998.0285218907653
3.6320666666666668,-998.0291877864065
3.6337333333333337,-998.0298536820476
3.6354,-998.0303891925282
3.6370666666666667,-998.0306825591394
3.6387333333333336,-998.0306546194622
3.6404,-998.0302681205935
3.642066666666667,-998.0295556588236
3.6437333333333335,-998.0286010531842
3.6454,-998.0275346888358
3.647066666666667,-998.026519547229
3.6487333333333334,-998.0257232664272
3.6504000000000003,-998.0252808882042
3.652066666666667,-998.0252715749784
3.65375,-998.0256906701371
3.655416666666667,-998.0264496980358
3.6570833333333335,-998.0273856772237
3.6587500000000004,-998.0282937167344
3.660416666666667,-998.0289968652786
3.6620833333333334,-998.0293507678571
3.6637500000000003,-998.0293135149541
3.6654166666666668,-998.0289270160854
3.6670833333333337,-998.028307686573
3.66875,-998.0275952248031
3.6704166666666667,-998.0269060460976
3.6720833333333336,-998.0263286261011
3.67375,-998.025918844168
3.675416666666667,-998.0257139532015
3.6770833333333335,-998.0257465494916
3.67875,-998.0260445727157
3.680416666666667,-998.0266126794864
3.6821,-998.0274089602881
3.6837666666666666,-998.0283542527018
3.6854333333333336,-998.0293228281798
3.6871,-998.0301889581747
3.688766666666667,-998.0308315707514
3.6904333333333335,-998.0311575336527
3.6921000000000004,-998.0311156241368
3.693766666666667,-998.0307058422038
3.6954333333333333,-998.0299607841438
3.6971000000000003,-998.028945642537
3.6987666666666668,-998.0277768327053
3.7004333333333337,-998.0265847398092
3.7021,-998.0255276886866
3.7037666666666667,-998.024759347562
3.7054333333333336,-998.0243775053063
3.7071,-998.0244054449836
3.708766666666667,-998.0247872872394
3.7104333333333335,-998.0253879903003
3.7121166666666667,-998.0260445727157
3.7137833333333337,-998.0266126794864
3.71545,-998.0269758952907
3.7171166666666666,-998.0270923106126
3.7187833333333336,-998.0269712386778
3.72045,-998.0266732154538
3.722116666666667,-998.026258776908
3.7237833333333334,-998.0257884590076
3.7254500000000004,-998.02532279772
3.727116666666667,-998.0249176723999
3.7287833333333333,-998.0246429322402
3.7304500000000003,-998.0245684264343
3.7321166666666667,-998.0247453777234
3.7337833333333337,-998.0251784427209
3.73545,-998.0258257119106
3.7371166666666666,-998.0265987096478
3.7387833333333336,-998.0273717073851
3.74045,-998.0280282898005
3.7421333333333333,-998.0284520415722
3.7438000000000002,-998.0285731135069
3.7454666666666667,-998.0283542527018
3.7471333333333336,-998.0278094289954
3.7488,-998.0269805519036
3.750466666666667,-998.025956097071
3.7521333333333335,-998.0248478232068
3.7538,-998.0237954286969
3.755466666666667,-998.0229525817665
3.7571333333333334,-998.0224543241889
3.7588000000000004,-998.0223891316086
3.760466666666667,-998.0227663172515
3.7621333333333333,-998.0235067186986
3.7638000000000003,-998.0244566677252
3.7654666666666667,-998.0254066167518
3.7671333333333337,-998.0261656446504
3.7688,-998.0265847398092
3.7704833333333334,-998.0265847398092
3.7721500000000003,-998.0261703012633
3.773816666666667,-998.0254252432032
3.7754833333333333,-998.0244752941767
3.7771500000000002,-998.02349274886
3.7788166666666667,-998.0226312754781
3.7804833333333336,-998.0220398856429
3.78215,-998.0218163682249
3.783816666666667,-998.0219886629013
3.7854833333333335,-998.0225195167691
3.78715,-998.023306484345
3.788816666666667,-998.0242098672428
3.7904833333333334,-998.0250853104634
3.7921500000000004,-998.0257977722333
3.793816666666667,-998.0262680901337
3.7954833333333333,-998.0264543546486
3.797166666666667,-998.0263705356169
3.7988333333333335,-998.0260631991672
3.8005,-998.0256021944925
3.802166666666667,-998.0250434009475
3.8038333333333334,-998.0244520111123
3.8055000000000003,-998.0238652778901
3.807166666666667,-998.0233483938609
3.8088333333333337,-998.0229525817665
3.8105,-998.0227337209614
3.8121666666666667,-998.0227383775742
3.8138333333333336,-998.0229665516051
3.8155,-998.0233856467639
3.817166666666667,-998.0239118440188
3.8188333333333335,-998.0244240714351
3.8205,-998.0247966004652
3.822166666666667,-998.0248990459484
3.8238333333333334,-998.0246569020788
3.8255000000000003,-998.0240515424051
3.827166666666667,-998.02312021983
3.82885,-998.0219886629013
3.830516666666667,-998.0208012266181
3.8321833333333335,-998.0197581453341
3.83385,-998.0190410269513
3.835516666666667,-998.0187942264689
3.8371833333333334,-998.0190829364672
3.8388500000000003,-998.0198512775916
3.840516666666667,-998.0209502382302
3.8421833333333337,-998.0221656141906
3.84385,-998.0232645748291
3.8455166666666667,-998.0240794820824
3.8471833333333336,-998.0245032338539
3.84885,-998.0245265169183
3.850516666666667,-998.0242052106299
3.8521833333333335,-998.0236464170849
3.85385,-998.0229525817665
3.855516666666667,-998.0222121803193
3.8571833333333334,-998.0214950619365
3.8588500000000003,-998.0208571059726
3.8605333333333336,-998.020358848395
3.8622,-998.0200515119452
3.863866666666667,-998.019986319365
3.8655333333333335,-998.0201865537186
3.8672,-998.020619618716
3.868866666666667,-998.021215665164
3.8705333333333334,-998.021853621128
3.8722000000000003,-998.0223984448344
3.873866666666667,-998.0227290643485
3.8755333333333337,-998.0227663172515
3.8772,-998.022486920479
3.8788666666666667,-998.021928126934
3.8805333333333336,-998.0211597858096
3.8822,-998.0203029690405
3.883866666666667,-998.0194927184002
3.8855333333333335,-998.018864075662
3.8872,-998.018528799535
3.8888833333333337,-998.0185613958251
3.89055,-998.0189525513067
3.8922166666666667,-998.0196184469478
3.8938833333333336,-998.0204240409753
3.89555,-998.0211923820997
3.897216666666667,-998.0217651454833
3.8988833333333335,-998.0220259158043
3.9005500000000004,-998.0219374401597
3.902216666666667,-998.0215462846782
3.9038833333333334,-998.0209455816173
3.9055500000000003,-998.0202750293632
3.907216666666667,-998.0196417300122
3.9088833333333337,-998.0191295025959
3.91055,-998.0187942264689
3.9122166666666667,-998.0186591846955
3.9138833333333336,-998.0187476603402
3.91555,-998.0190596534028
3.9172333333333333,-998.0195625675933
3.9189000000000003,-998.0201865537186
3.9205666666666668,-998.0208291662954
3.9222333333333337,-998.021369333389
3.9239,-998.021704609516
3.9255666666666666,-998.0217791153219
3.9272333333333336,-998.0215788809683
3.9289,-998.021145815971
3.930566666666667,-998.0205497695229
3.9322333333333335,-998.0198652474302
3.9339000000000004,-998.0191574422731
3.935566666666667,-998.0184636069548
3.9372333333333334,-998.0178442774424
3.9389000000000003,-998.0173506764776
3.9405666666666668,-998.0170573098665
3.9422333333333337,-998.0170293701892
3.9439,-998.0173041103488
3.9455666666666667,-998.0178675605067
3.9472500000000004,-998.0186452148569
3.948916666666667,-998.0194973750131
3.9505833333333333,-998.0202796859761
3.9522500000000003,-998.0208384795211
3.9539166666666667,-998.0210619969391
3.9555833333333337,-998.0209083287143
3.95725,-998.0204007579109
3.9589166666666666,-998.0196184469478
3.9605833333333336,-998.0186871243728
3.96225,-998.0177558017978
3.963916666666667,-998.0169781474476
3.9655833333333335,-998.0164798898699
3.9672500000000004,-998.016326221645
3.968916666666667,-998.0165264559987
3.9705833333333334,-998.0170060871249
3.9722500000000003,-998.0176533563144
3.9739166666666668,-998.0183285651814
3.9755833333333337,-998.0189152984036
3.977266666666667,-998.0193297369495
3.9789333333333334,-998.019539284529
3.9806000000000004,-998.0195625675933
3.982266666666667,-998.0194321824329
3.9839333333333333,-998.0191900385634
3.9856000000000003,-998.0188501058234
3.9872666666666667,-998.0184077276002
3.9889333333333337,-998.017858247281
3.9906,-998.0172202913171
3.992266666666667,-998.0165637089017
3.9939333333333336,-998.0160142285824
3.9956,-998.015692922294
3.997266666666667,-998.0157115487455
3.9989333333333335,-998.0160980476142
